Year,Win.Score,Lose.Score,Total.Score
1871,2,0,2
1871,20,18,38
1871,4,12,16
1871,14,12,26
1871,9,5,14
1871,18,10,28
1871,8,12,20
1871,5,14,19
1871,6,12,18
1871,29,14,43
1871,4,14,18
1871,15,12,27
1871,3,14,17
1871,9,7,16
1871,8,11,19
1871,9,13,22
1871,6,15,21
1871,5,14,19
1871,17,13,30
1871,4,4,8
1871,11,10,21
1871,25,10,35
1871,7,16,23
1871,20,15,35
1871,6,5,11
1871,25,11,36
1871,11,10,21
1871,7,3,10
1871,16,14,30
1871,8,11,19
1871,5,15,20
1871,8,5,13
1871,11,10,21
1871,15,11,26
1871,20,11,31
1871,3,13,16
1871,8,7,15
1871,4,12,16
1871,7,10,17
1871,9,3,12
1871,4,11,15
1871,6,10,16
1871,6,3,9
1871,8,6,14
1871,21,0,21
1871,2,10,12
1871,4,12,16
1871,8,18,26
1871,5,3,8
1871,8,20,28
1871,3,16,19
1871,13,0,13
1871,49,33,82
1871,5,4,9
1871,8,13,21
1871,3,20,23
1871,37,16,53
1871,17,13,30
1871,9,22,31
1871,7,3,10
1871,6,5,11
1871,7,1,8
1871,32,12,44
1871,7,15,22
1871,21,12,33
1871,16,13,29
1871,9,30,39
1871,8,12,20
1871,9,7,16
1871,9,11,20
1871,9,16,25
1871,7,11,18
1871,7,26,33
1871,18,10,28
1871,8,13,21
1871,9,12,21
1871,3,3,6
1871,6,17,23
1871,6,10,16
1871,5,18,23
1871,4,15,19
1871,5,10,15
1871,4,0,4
1871,13,12,25
1871,5,10,15
1871,13,10,23
1871,7,23,30
1871,5,12,17
1871,7,4,11
1871,12,10,22
1871,3,15,18
1871,12,11,23
1871,6,5,11
1871,15,11,26
1871,3,11,14
1871,5,2,7
1871,7,18,25
1871,6,4,10
1871,6,4,10
1871,17,12,29
1871,6,3,9
1871,31,10,41
1871,9,8,17
1871,7,18,25
1871,9,4,13
1871,6,3,9
1871,5,15,20
1871,8,11,19
1871,5,4,9
1871,17,14,31
1871,7,5,12
1871,20,17,37
1871,8,16,24
1871,9,7,16
1871,6,11,17
1871,2,12,14
1871,9,7,16
1871,7,16,23
1871,8,10,18
1871,15,13,28
1871,13,10,23
1871,3,12,15
1871,15,13,28
1871,7,21,28
1871,5,11,16
1871,19,12,31
1871,4,1,5
1872,16,0,16
1872,21,1,22
1872,8,14,22
1872,5,25,30
1872,7,11,18
1872,13,11,24
1872,10,0,10
1872,5,22,27
1872,27,10,37
1872,12,0,12
1872,3,26,29
1872,34,19,53
1872,8,1,9
1872,5,4,9
1872,8,2,10
1872,3,16,19
1872,9,11,20
1872,7,10,17
1872,17,1,18
1872,5,22,27
1872,17,11,28
1872,3,23,26
1872,9,2,11
1872,8,21,29
1872,20,0,20
1872,2,18,20
1872,8,1,9
1872,4,2,6
1872,5,25,30
1872,13,10,23
1872,5,1,6
1872,2,16,18
1872,21,12,33
1872,18,10,28
1872,15,13,28
1872,6,24,30
1872,4,2,6
1872,7,31,38
1872,7,4,11
1872,7,16,23
1872,6,15,21
1872,8,16,24
1872,15,13,28
1872,5,10,15
1872,6,13,19
1872,4,12,16
1872,7,11,18
1872,28,23,51
1872,5,2,7
1872,27,11,38
1872,7,10,17
1872,4,13,17
1872,7,4,11
1872,3,2,5
1872,6,4,10
1872,2,13,15
1872,19,12,31
1872,7,0,7
1872,8,2,10
1872,2,15,17
1872,19,0,19
1872,3,2,5
1872,4,12,16
1872,4,13,17
1872,7,17,24
1872,3,24,27
1872,4,11,15
1872,11,1,12
1872,6,4,10
1872,3,14,17
1872,6,5,11
1872,6,20,26
1872,5,11,16
1872,4,24,28
1872,2,13,15
1872,6,26,32
1872,9,3,12
1872,9,8,17
1872,6,36,42
1872,6,2,8
1872,9,1,10
1872,17,10,27
1872,8,27,35
1872,17,0,17
1872,9,8,17
1872,11,10,21
1872,6,16,22
1872,25,12,37
1872,20,1,21
1872,3,16,19
1872,4,20,24
1872,3,10,13
1872,5,24,29
1872,17,10,27
1872,8,13,21
1872,7,5,12
1872,3,15,18
1872,8,0,8
1872,17,10,27
1872,6,11,17
1872,7,0,7
1872,9,26,35
1872,9,1,10
1872,17,12,29
1872,8,4,12
1872,5,4,9
1872,9,19,28
1872,3,26,29
1872,8,1,9
1872,4,17,21
1872,9,24,33
1872,3,14,17
1872,8,15,23
1872,8,10,18
1872,8,12,20
1872,10,1,11
1872,8,11,19
1872,9,3,12
1872,6,15,21
1872,9,12,21
1872,5,1,6
1872,4,2,6
1872,6,12,18
1872,7,18,25
1872,4,3,7
1872,7,12,19
1872,14,12,26
1872,5,11,16
1872,8,3,11
1872,4,15,19
1872,7,2,9
1872,8,12,20
1872,7,10,17
1872,8,15,23
1872,26,12,38
1872,11,1,12
1872,4,2,6
1872,5,5,10
1872,5,4,9
1872,18,11,29
1872,2,10,12
1872,4,16,20
1872,9,6,15
1872,6,18,24
1872,5,11,16
1872,8,3,11
1872,5,5,10
1872,8,7,15
1872,19,17,36
1872,2,1,3
1872,3,2,5
1872,18,1,19
1872,7,0,7
1872,6,4,10
1872,4,12,16
1872,20,1,21
1872,3,10,13
1872,4,13,17
1872,4,15,19
1872,11,10,21
1872,7,13,20
1872,14,13,27
1872,6,11,17
1872,9,5,14
1872,7,7,14
1872,6,3,9
1872,6,6,12
1872,8,3,11
1872,2,10,12
1872,8,10,18
1872,8,18,26
1872,7,3,10
1872,39,14,53
1872,10,0,10
1872,5,1,6
1872,6,3,9
1872,9,8,17
1872,7,7,14
1872,8,3,11
1872,4,3,7
1872,4,1,5
1872,5,2,7
1872,7,14,21
1873,3,24,27
1873,7,27,34
1873,7,1,8
1873,2,18,20
1873,3,11,14
1873,8,5,13
1873,4,11,15
1873,5,23,28
1873,12,10,22
1873,7,10,17
1873,6,1,7
1873,8,3,11
1873,6,5,11
1873,3,12,15
1873,4,16,20
1873,7,4,11
1873,5,4,9
1873,7,11,18
1873,5,26,31
1873,5,4,9
1873,6,2,8
1873,8,2,10
1873,8,12,20
1873,6,12,18
1873,11,10,21
1873,12,0,12
1873,13,11,24
1873,6,3,9
1873,8,2,10
1873,9,7,16
1873,7,11,18
1873,5,1,6
1873,4,3,7
1873,7,2,9
1873,2,11,13
1873,7,6,13
1873,9,4,13
1873,6,3,9
1873,6,4,10
1873,6,19,25
1873,9,16,25
1873,5,10,15
1873,3,12,15
1873,5,0,5
1873,6,5,11
1873,5,13,18
1873,9,12,21
1873,8,22,30
1873,17,11,28
1873,12,10,22
1873,4,14,18
1873,28,10,38
1873,6,14,20
1873,8,7,15
1873,3,22,25
1873,8,7,15
1873,9,5,14
1873,7,5,12
1873,4,11,15
1873,8,10,18
1873,8,11,19
1873,3,0,3
1873,9,16,25
1873,7,6,13
1873,4,16,20
1873,6,11,17
1873,4,13,17
1873,7,5,12
1873,2,10,12
1873,4,11,15
1873,9,7,16
1873,19,18,37
1873,2,18,20
1873,9,1,10
1873,5,17,22
1873,8,13,21
1873,6,23,29
1873,9,4,13
1873,20,0,20
1873,10,0,10
1873,35,1,36
1873,6,17,23
1873,27,17,44
1873,2,11,13
1873,5,1,6
1873,2,1,3
1873,3,13,16
1873,13,12,25
1873,2,11,13
1873,32,3,35
1873,6,10,16
1873,3,14,17
1873,2,13,15
1873,13,10,23
1873,7,16,23
1873,3,12,15
1873,18,17,35
1873,20,10,30
1873,9,5,14
1873,5,4,9
1873,7,14,21
1873,4,13,17
1873,21,13,34
1873,2,13,15
1873,23,1,24
1873,12,11,23
1873,9,12,21
1873,16,10,26
1873,11,10,21
1873,17,14,31
1873,7,4,11
1873,30,19,49
1873,6,1,7
1873,23,10,33
1873,8,16,24
1873,3,20,23
1873,5,4,9
1873,9,2,11
1873,2,12,14
1873,6,4,10
1873,7,2,9
1873,9,24,33
1873,8,11,19
1873,4,12,16
1873,14,0,14
1873,9,4,13
1873,6,5,11
1873,7,2,9
1873,6,10,16
1873,9,17,26
1873,9,7,16
1873,3,11,14
1873,7,6,13
1873,2,11,13
1873,5,3,8
1873,7,14,21
1873,9,0,9
1873,4,2,6
1873,6,17,23
1873,7,5,12
1873,8,25,33
1873,23,1,24
1873,2,14,16
1873,15,10,25
1873,6,5,11
1873,5,13,18
1873,4,10,14
1873,6,11,17
1873,9,9,18
1873,3,2,5
1873,7,2,9
1873,7,4,11
1873,6,11,17
1873,7,5,12
1873,11,10,21
1873,4,19,23
1873,4,2,6
1873,9,4,13
1873,5,14,19
1873,19,11,30
1873,5,11,16
1873,7,14,21
1873,6,10,16
1873,8,4,12
1873,4,15,19
1873,7,6,13
1873,6,10,16
1873,8,6,14
1873,14,13,27
1873,4,10,14
1873,7,18,25
1873,8,7,15
1873,5,4,9
1873,12,11,23
1873,9,17,26
1873,4,29,33
1873,6,25,31
1873,8,2,10
1873,7,0,7
1873,3,17,20
1873,6,13,19
1873,9,13,22
1873,32,13,45
1873,7,18,25
1873,4,12,16
1873,8,6,14
1873,9,13,22
1873,4,24,28
1873,6,17,23
1873,6,13,19
1873,18,13,31
1873,3,15,18
1873,4,4,8
1873,8,11,19
1873,9,8,17
1873,5,4,9
1873,6,10,16
1873,5,17,22
1873,12,1,13
1874,5,14,19
1874,13,0,13
1874,9,8,17
1874,7,10,17
1874,5,11,16
1874,3,12,15
1874,4,11,15
1874,8,24,32
1874,3,24,27
1874,9,10,19
1874,4,10,14
1874,8,5,13
1874,22,2,24
1874,7,1,8
1874,5,2,7
1874,14,0,14
1874,7,28,35
1874,8,5,13
1874,6,16,22
1874,7,12,19
1874,3,25,28
1874,5,17,22
1874,8,3,11
1874,4,0,4
1874,8,1,9
1874,20,14,34
1874,8,2,10
1874,7,2,9
1874,7,16,23
1874,3,2,5
1874,11,10,21
1874,7,18,25
1874,6,4,10
1874,9,7,16
1874,6,2,8
1874,9,3,12
1874,7,4,11
1874,4,12,16
1874,6,2,8
1874,9,5,14
1874,9,3,12
1874,8,0,8
1874,7,6,13
1874,4,3,7
1874,8,14,22
1874,2,0,2
1874,10,0,10
1874,3,10,13
1874,8,7,15
1874,3,17,20
1874,11,10,21
1874,7,5,12
1874,2,0,2
1874,8,1,9
1874,2,13,15
1874,9,2,11
1874,5,2,7
1874,8,1,9
1874,8,3,11
1874,4,12,16
1874,8,4,12
1874,4,15,19
1874,3,13,16
1874,6,12,18
1874,5,11,16
1874,17,12,29
1874,9,6,15
1874,14,11,25
1874,19,11,30
1874,4,15,19
1874,8,6,14
1874,4,11,15
1874,5,2,7
1874,8,12,20
1874,6,15,21
1874,38,1,39
1874,9,5,14
1874,6,11,17
1874,3,10,13
1874,15,1,16
1874,5,4,9
1874,14,10,24
1874,7,13,20
1874,7,14,21
1874,2,10,12
1874,6,18,24
1874,14,13,27
1874,13,12,25
1874,8,7,15
1874,6,29,35
1874,7,3,10
1874,16,15,31
1874,5,3,8
1874,8,2,10
1874,5,3,8
1874,7,13,20
1874,9,12,21
1874,3,2,5
1874,17,16,33
1874,6,12,18
1874,6,12,18
1874,2,14,16
1874,2,15,17
1874,5,2,7
1874,5,11,16
1874,9,1,10
1874,14,0,14
1874,6,5,11
1874,4,13,17
1874,17,12,29
1874,8,7,15
1874,7,6,13
1874,6,13,19
1874,6,2,8
1874,9,8,17
1874,3,10,13
1874,5,2,7
1874,6,4,10
1874,7,10,17
1874,3,1,4
1874,6,2,8
1874,8,10,18
1874,5,13,18
1874,8,4,12
1874,4,17,21
1874,7,3,10
1874,2,14,16
1874,5,1,6
1874,6,2,8
1874,5,4,9
1874,3,2,5
1874,6,3,9
1874,6,5,11
1874,23,10,33
1874,11,10,21
1874,24,16,40
1874,6,14,20
1874,4,3,7
1874,6,13,19
1874,6,2,8
1874,23,1,24
1874,4,3,7
1874,4,0,4
1874,7,5,12
1874,4,0,4
1874,14,0,14
1874,5,1,6
1874,7,3,10
1874,7,2,9
1874,21,15,36
1874,5,25,30
1874,7,3,10
1874,7,6,13
1874,6,2,8
1874,15,1,16
1874,9,11,20
1874,8,11,19
1874,7,5,12
1874,5,4,9
1874,6,5,11
1874,14,1,15
1874,10,0,10
1874,6,3,9
1874,7,12,19
1874,8,10,18
1874,7,14,21
1874,9,1,10
1874,9,8,17
1874,6,2,8
1874,7,6,13
1874,3,2,5
1874,9,8,17
1874,8,5,13
1874,4,2,6
1874,3,1,4
1874,9,1,10
1874,14,13,27
1874,5,11,16
1874,2,1,3
1874,6,1,7
1874,7,14,21
1874,7,15,22
1874,9,8,17
1874,9,4,13
1874,9,10,19
1874,29,0,29
1874,4,14,18
1874,4,1,5
1874,5,2,7
1874,6,15,21
1874,6,4,10
1874,7,4,11
1874,4,2,6
1874,17,1,18
1874,7,6,13
1874,3,0,3
1874,3,3,6
1874,9,13,22
1874,4,3,7
1874,15,13,28
1874,7,4,11
1874,4,2,6
1874,7,15,22
1874,4,18,22
1874,6,4,10
1874,2,15,17
1874,9,6,15
1874,12,11,23
1874,4,3,7
1874,6,4,10
1874,3,2,5
1874,5,1,6
1874,9,2,11
1874,5,2,7
1874,5,2,7
1874,5,0,5
1874,7,14,21
1874,8,6,14
1874,3,11,14
1874,5,11,16
1874,13,1,14
1874,8,11,19
1874,7,3,10
1874,3,15,18
1874,5,2,7
1874,6,11,17
1874,3,10,13
1874,7,10,17
1874,9,4,13
1874,9,5,14
1874,17,11,28
1874,4,11,15
1875,6,0,6
1875,3,14,17
1875,7,5,12
1875,6,3,9
1875,6,5,11
1875,3,2,5
1875,7,10,17
1875,8,2,10
1875,10,1,11
1875,5,14,19
1875,5,22,27
1875,4,3,7
1875,5,12,17
1875,4,2,6
1875,24,0,24
1875,4,13,17
1875,11,1,12
1875,5,11,16
1875,21,0,21
1875,2,14,16
1875,15,1,16
1875,9,15,24
1875,3,21,24
1875,8,0,8
1875,6,13,19
1875,6,3,9
1875,7,1,8
1875,8,20,28
1875,2,15,17
1875,10,0,10
1875,8,3,11
1875,2,10,12
1875,16,0,16
1875,6,1,7
1875,3,2,5
1875,2,11,13
1875,4,3,7
1875,4,1,5
1875,9,1,10
1875,13,0,13
1875,20,1,21
1875,5,0,5
1875,2,16,18
1875,2,1,3
1875,1,0,1
1875,4,23,27
1875,4,1,5
1875,6,16,22
1875,4,1,5
1875,6,10,16
1875,6,2,8
1875,4,2,6
1875,2,15,17
1875,13,1,14
1875,2,10,12
1875,2,1,3
1875,8,1,9
1875,5,14,19
1875,7,6,13
1875,8,4,12
1875,4,2,6
1875,5,0,5
1875,12,0,12
1875,7,10,17
1875,8,7,15
1875,2,10,12
1875,6,2,8
1875,5,10,15
1875,4,11,15
1875,2,13,15
1875,9,4,13
1875,6,11,17
1875,7,4,11
1875,10,1,11
1875,5,12,17
1875,8,6,14
1875,2,15,17
1875,1,0,1
1875,3,1,4
1875,6,2,8
1875,4,0,4
1875,4,10,14
1875,6,13,19
1875,6,5,11
1875,5,0,5
1875,2,16,18
1875,3,2,5
1875,8,5,13
1875,4,14,18
1875,7,6,13
1875,6,2,8
1875,15,0,15
1875,8,5,13
1875,3,3,6
1875,4,12,16
1875,7,3,10
1875,9,5,14
1875,8,3,11
1875,4,2,6
1875,6,0,6
1875,11,10,21
1875,3,1,4
1875,8,16,24
1875,9,2,11
1875,8,7,15
1875,2,11,13
1875,3,10,13
1875,8,0,8
1875,9,4,13
1875,2,18,20
1875,5,10,15
1875,5,13,18
1875,6,5,11
1875,2,14,16
1875,5,4,9
1875,14,0,14
1875,2,15,17
1875,2,0,2
1875,5,2,7
1875,23,0,23
1875,5,2,7
1875,5,17,22
1875,6,4,10
1875,6,16,22
1875,4,18,22
1875,12,0,12
1875,4,21,25
1875,7,24,31
1875,3,2,5
1875,2,10,12
1875,8,2,10
1875,4,11,15
1875,10,0,10
1875,1,0,1
1875,2,15,17
1875,4,3,7
1875,13,1,14
1875,5,4,9
1875,4,0,4
1875,6,4,10
1875,4,1,5
1875,6,11,17
1875,1,0,1
1875,2,11,13
1875,8,7,15
1875,2,0,2
1875,11,0,11
1875,8,2,10
1875,8,1,9
1875,15,1,16
1875,2,18,20
1875,7,1,8
1875,5,2,7
1875,12,1,13
1875,6,11,17
1875,4,3,7
1875,10,1,11
1875,9,0,9
1875,9,3,12
1875,3,0,3
1875,10,10,20
1875,4,1,5
1875,18,10,28
1875,8,1,9
1875,7,15,22
1875,2,14,16
1875,5,10,15
1875,3,1,4
1875,8,5,13
1875,2,1,3
1875,8,0,8
1875,5,12,17
1875,5,3,8
1875,7,0,7
1875,8,20,28
1875,2,13,15
1875,4,12,16
1875,9,1,10
1875,7,3,10
1875,6,2,8
1875,8,4,12
1875,9,2,11
1875,14,1,15
1875,5,2,7
1875,6,2,8
1875,6,2,8
1875,9,7,16
1875,2,1,3
1875,8,7,15
1875,8,0,8
1875,4,3,7
1875,5,1,6
1875,6,0,6
1875,5,14,19
1875,4,10,14
1875,7,2,9
1875,4,1,5
1875,7,5,12
1875,3,23,26
1875,3,12,15
1875,6,1,7
1875,6,16,22
1875,4,1,5
1875,16,13,29
1875,9,3,12
1875,4,3,7
1875,9,0,9
1875,9,2,11
1875,6,0,6
1875,6,5,11
1875,8,3,11
1875,4,3,7
1875,7,1,8
1875,4,11,15
1875,5,1,6
1875,4,2,6
1875,7,11,18
1875,7,3,10
1875,2,11,13
1875,4,0,4
1875,6,3,9
1875,9,7,16
1875,8,2,10
1875,7,1,8
1875,3,15,18
1875,3,2,5
1875,4,3,7
1875,1,1,2
1875,2,0,2
1875,13,0,13
1875,7,11,18
1875,3,1,4
1875,11,10,21
1875,4,2,6
1875,16,0,16
1875,7,0,7
1875,1,1,2
1875,8,1,9
1875,4,0,4
1875,3,17,20
1875,6,2,8
1875,5,2,7
1875,3,1,4
1875,8,4,12
1875,6,14,20
1875,3,2,5
1875,5,1,6
1875,2,1,3
1875,2,0,2
1875,7,3,10
1875,5,3,8
1875,13,11,24
1875,3,2,5
1875,3,2,5
1875,9,13,22
1875,2,14,16
1875,2,1,3
1875,8,2,10
1875,5,10,15
1875,5,0,5
1875,8,14,22
1875,9,12,21
1875,9,1,10
1875,3,11,14
1875,7,13,20
1875,8,8,16
1875,16,0,16
1875,4,13,17
1875,6,3,9
1875,8,2,10
1875,9,4,13
1875,3,15,18
1875,8,2,10
1875,8,5,13
1875,4,10,14
1875,5,4,9
1875,4,12,16
1875,6,13,19
1875,3,12,15
1875,6,0,6
1875,3,0,3
1875,1,1,2
1875,4,10,14
1875,3,10,13
1875,5,4,9
1875,4,14,18
1875,2,13,15
1875,3,14,17
1875,6,4,10
1875,9,13,22
1875,5,1,6
1875,5,0,5
1875,16,1,17
1875,6,15,21
1875,6,0,6
1875,7,10,17
1875,4,2,6
1875,5,5,10
1875,8,6,14
1875,3,2,5
1875,9,5,14
1875,9,13,22
1875,4,2,6
1875,3,2,5
1875,5,1,6
1875,14,0,14
1875,18,0,18
1875,19,10,29
1875,7,4,11
1875,8,7,15
1875,6,4,10
1875,8,1,9
1875,4,2,6
1875,7,20,27
1875,17,13,30
1875,3,15,18
1875,2,18,20
1875,8,7,15
1875,8,12,20
1875,10,10,20
1875,7,10,17
1875,6,2,8
1875,5,0,5
1875,3,11,14
1875,7,3,10
1875,1,1,2
1875,4,10,14
1875,3,13,16
1875,9,11,20
1875,7,18,25
1875,3,14,17
1875,4,11,15
1875,4,3,7
1875,8,3,11
1875,6,2,8
1875,9,6,15
1875,5,3,8
1875,2,17,19
1875,9,2,11
1875,6,17,23
1875,7,10,17
1875,9,3,12
1875,9,8,17
1875,5,5,10
1875,7,4,11
1876,6,5,11
1876,3,20,23
1876,2,1,3
1876,4,0,4
1876,7,6,13
1876,5,2,7
1876,10,0,10
1876,8,3,11
1876,3,2,5
1876,5,11,16
1876,6,2,8
1876,3,15,18
1876,9,15,24
1876,3,2,5
1876,11,0,11
1876,5,11,16
1876,3,2,5
1876,7,5,12
1876,4,3,7
1876,1,0,1
1876,3,12,15
1876,8,13,21
1876,6,3,9
1876,5,1,6
1876,7,4,11
1876,3,2,5
1876,5,0,5
1876,6,0,6
1876,9,5,14
1876,6,5,11
1876,3,0,3
1876,19,11,30
1876,4,2,6
1876,3,28,31
1876,11,0,11
1876,6,15,21
1876,4,3,7
1876,8,2,10
1876,11,1,12
1876,8,3,11
1876,9,3,12
1876,4,1,5
1876,2,12,14
1876,6,3,9
1876,3,1,4
1876,7,4,11
1876,8,0,8
1876,6,4,10
1876,3,12,15
1876,3,1,4
1876,4,0,4
1876,4,1,5
1876,2,0,2
1876,2,2,4
1876,8,16,24
1876,8,5,13
1876,8,1,9
1876,6,2,8
1876,9,0,9
1876,5,1,6
1876,6,0,6
1876,7,2,9
1876,7,3,10
1876,9,3,12
1876,8,2,10
1876,5,1,6
1876,17,0,17
1876,8,4,12
1876,7,2,9
1876,8,1,9
1876,16,11,27
1876,3,0,3
1876,8,4,12
1876,2,0,2
1876,7,0,7
1876,3,1,4
1876,6,3,9
1876,5,21,26
1876,8,7,15
1876,4,3,7
1876,6,0,6
1876,1,0,1
1876,4,14,18
1876,4,0,4
1876,5,1,6
1876,6,20,26
1876,5,20,25
1876,5,10,15
1876,6,1,7
1876,6,5,11
1876,6,11,17
1876,8,12,20
1876,1,0,1
1876,3,10,13
1876,23,15,38
1876,4,2,6
1876,7,14,21
1876,4,2,6
1876,5,5,10
1876,6,4,10
1876,8,5,13
1876,3,0,3
1876,5,0,5
1876,2,16,18
1876,8,7,15
1876,7,2,9
1876,8,3,11
1876,3,0,3
1876,14,13,27
1876,5,2,7
1876,5,3,8
1876,7,1,8
1876,3,19,22
1876,6,13,19
1876,8,6,14
1876,8,0,8
1876,18,10,28
1876,2,10,12
1876,3,0,3
1876,6,3,9
1876,4,1,5
1876,4,3,7
1876,6,2,8
1876,5,2,7
1876,7,1,8
1876,5,4,9
1876,9,3,12
1876,7,5,12
1876,5,5,10
1876,9,5,14
1876,8,5,13
1876,7,18,25
1876,8,2,10
1876,6,2,8
1876,2,0,2
1876,3,11,14
1876,6,13,19
1876,5,11,16
1876,3,0,3
1876,15,0,15
1876,8,6,14
1876,8,5,13
1876,2,0,2
1876,9,5,14
1876,5,1,6
1876,7,10,17
1876,18,0,18
1876,7,1,8
1876,9,1,10
1876,6,4,10
1876,7,30,37
1876,7,3,10
1876,5,1,6
1876,11,1,12
1876,3,23,26
1876,7,4,11
1876,6,18,24
1876,3,17,20
1876,4,2,6
1876,8,17,25
1876,9,2,11
1876,7,0,7
1876,3,19,22
1876,8,4,12
1876,7,15,22
1876,5,15,20
1876,8,3,11
1876,10,0,10
1876,6,13,19
1876,4,1,5
1876,4,2,6
1876,6,5,11
1876,2,1,3
1876,9,2,11
1876,3,13,16
1876,3,1,4
1876,3,0,3
1876,9,1,10
1876,6,0,6
1876,4,2,6
1876,9,7,16
1876,4,14,18
1876,5,0,5
1876,3,2,5
1876,15,11,26
1876,5,4,9
1876,5,17,22
1876,6,3,9
1876,5,13,18
1876,3,0,3
1876,5,4,9
1876,4,1,5
1876,4,13,17
1876,6,3,9
1876,9,17,26
1876,4,10,14
1876,7,6,13
1876,2,12,14
1876,8,0,8
1876,6,5,11
1876,7,6,13
1876,6,11,17
1876,8,6,14
1876,3,1,4
1876,4,15,19
1876,3,23,26
1876,3,2,5
1876,9,10,19
1876,4,17,21
1876,6,1,7
1876,9,0,9
1876,5,11,16
1876,7,3,10
1876,6,3,9
1876,4,3,7
1876,3,15,18
1876,6,3,9
1876,16,0,16
1876,5,20,25
1876,4,14,18
1876,8,4,12
1876,4,13,17
1876,2,15,17
1876,8,0,8
1876,5,2,7
1876,8,7,15
1876,7,4,11
1876,3,12,15
1876,9,5,14
1876,6,2,8
1876,9,4,13
1876,15,13,28
1876,9,3,12
1876,6,2,8
1876,2,1,3
1876,3,0,3
1876,7,2,9
1876,6,4,10
1876,9,6,15
1876,7,6,13
1876,12,10,22
1876,9,10,19
1876,7,6,13
1876,16,10,26
1876,5,3,8
1876,7,10,17
1876,3,0,3
1876,5,2,7
1876,6,5,11
1876,4,1,5
1876,5,3,8
1876,6,0,6
1876,3,2,5
1876,2,11,13
1876,7,4,11
1876,6,11,17
1876,11,0,11
1876,3,0,3
1876,5,0,5
1876,11,1,12
1877,1,1,2
1877,6,5,11
1877,3,2,5
1877,14,10,24
1877,9,15,24
1877,6,5,11
1877,9,18,27
1877,8,12,20
1877,6,24,30
1877,6,2,8
1877,1,0,1
1877,3,2,5
1877,5,0,5
1877,2,12,14
1877,7,1,8
1877,6,2,8
1877,9,5,14
1877,5,0,5
1877,6,4,10
1877,8,7,15
1877,4,2,6
1877,5,4,9
1877,6,2,8
1877,7,12,19
1877,7,4,11
1877,5,4,9
1877,6,11,17
1877,7,12,19
1877,3,1,4
1877,8,2,10
1877,2,10,12
1877,9,2,11
1877,6,18,24
1877,5,12,17
1877,6,1,7
1877,6,11,17
1877,1,0,1
1877,7,0,7
1877,2,13,15
1877,5,4,9
1877,2,11,13
1877,3,1,4
1877,7,0,7
1877,3,10,13
1877,7,6,13
1877,8,4,12
1877,5,3,8
1877,9,7,16
1877,3,2,5
1877,13,0,13
1877,13,1,14
1877,13,11,24
1877,6,0,6
1877,5,3,8
1877,5,4,9
1877,4,2,6
1877,11,0,11
1877,4,1,5
1877,3,1,4
1877,6,2,8
1877,9,7,16
1877,5,2,7
1877,6,3,9
1877,9,5,14
1877,2,12,14
1877,10,1,11
1877,7,6,13
1877,6,1,7
1877,5,10,15
1877,3,2,5
1877,4,14,18
1877,6,2,8
1877,9,14,23
1877,9,15,24
1877,8,6,14
1877,6,3,9
1877,7,4,11
1877,9,4,13
1877,3,10,13
1877,8,3,11
1877,3,2,5
1877,6,5,11
1877,3,13,16
1877,4,18,22
1877,2,10,12
1877,7,10,17
1877,13,11,24
1877,8,3,11
1877,7,5,12
1877,6,11,17
1877,3,1,4
1877,9,8,17
1877,7,4,11
1877,5,1,6
1877,7,1,8
1877,9,2,11
1877,3,2,5
1877,9,1,10
1877,7,0,7
1877,3,1,4
1877,15,1,16
1877,5,3,8
1877,9,15,24
1877,8,2,10
1877,7,2,9
1877,7,21,28
1877,4,1,5
1877,4,2,6
1877,5,3,8
1877,2,10,12
1877,9,13,22
1877,4,2,6
1877,7,4,11
1877,7,5,12
1877,6,3,9
1877,8,2,10
1877,13,10,23
1877,6,1,7
1877,6,12,18
1877,4,12,16
1877,4,3,7
1877,8,5,13
1877,5,1,6
1877,7,0,7
1877,7,0,7
1877,4,10,14
1877,1,1,2
1877,8,6,14
1877,4,3,7
1877,3,2,5
1877,8,12,20
1877,6,0,6
1877,5,1,6
1877,4,3,7
1877,7,13,20
1877,9,2,11
1877,6,3,9
1877,8,3,11
1877,14,0,14
1877,7,1,8
1877,7,1,8
1877,2,11,13
1877,1,0,1
1877,3,2,5
1877,1,0,1
1877,6,2,8
1877,6,15,21
1877,9,11,20
1877,3,0,3
1877,3,2,5
1877,8,1,9
1877,7,4,11
1877,5,2,7
1877,6,12,18
1877,7,2,9
1877,4,3,7
1877,5,13,18
1877,7,4,11
1877,7,1,8
1877,3,11,14
1877,9,11,20
1877,5,1,6
1877,7,4,11
1877,4,14,18
1877,9,6,15
1877,2,13,15
1877,9,8,17
1877,5,5,10
1877,3,2,5
1877,8,4,12
1877,11,10,21
1877,4,2,6
1877,3,10,13
1877,8,1,9
1877,13,1,14
1877,3,0,3
1877,4,0,4
1877,2,11,13
1877,4,0,4
1877,7,3,10
1878,6,4,10
1878,5,4,9
1878,1,0,1
1878,6,2,8
1878,8,6,14
1878,4,1,5
1878,4,1,5
1878,3,1,4
1878,4,3,7
1878,2,2,4
1878,3,2,5
1878,9,1,10
1878,2,1,3
1878,6,1,7
1878,5,11,16
1878,4,1,5
1878,1,0,1
1878,5,3,8
1878,8,5,13
1878,5,24,29
1878,8,13,21
1878,8,12,20
1878,6,2,8
1878,2,10,12
1878,3,1,4
1878,2,13,15
1878,6,5,11
1878,12,10,22
1878,7,3,10
1878,9,3,12
1878,17,10,27
1878,8,10,18
1878,7,10,17
1878,10,1,11
1878,3,11,14
1878,4,12,16
1878,4,1,5
1878,3,2,5
1878,6,5,11
1878,7,14,21
1878,3,2,5
1878,5,2,7
1878,9,3,12
1878,9,3,12
1878,2,1,3
1878,16,15,31
1878,4,11,15
1878,17,10,27
1878,3,0,3
1878,1,0,1
1878,1,0,1
1878,2,0,2
1878,2,0,2
1878,4,3,7
1878,7,4,11
1878,2,12,14
1878,3,11,14
1878,4,2,6
1878,7,5,12
1878,9,3,12
1878,5,0,5
1878,9,7,16
1878,7,4,11
1878,3,14,17
1878,7,2,9
1878,4,11,15
1878,5,1,6
1878,5,16,21
1878,7,3,10
1878,7,6,13
1878,9,5,14
1878,9,5,14
1878,2,10,12
1878,7,11,18
1878,7,7,14
1878,4,1,5
1878,7,15,22
1878,5,3,8
1878,3,2,5
1878,4,3,7
1878,4,16,20
1878,6,5,11
1878,4,3,7
1878,8,2,10
1878,4,12,16
1878,6,3,9
1878,2,13,15
1878,8,4,12
1878,6,3,9
1878,8,4,12
1878,4,12,16
1878,9,13,22
1878,8,14,22
1878,5,3,8
1878,4,2,6
1878,17,10,27
1878,6,5,11
1878,4,1,5
1878,3,0,3
1878,1,0,1
1878,4,0,4
1878,8,7,15
1878,4,11,15
1878,6,2,8
1878,6,4,10
1878,9,10,19
1878,15,10,25
1878,7,1,8
1878,4,1,5
1878,3,2,5
1878,4,3,7
1878,7,2,9
1878,3,0,3
1878,9,12,21
1878,3,13,16
1878,2,1,3
1878,9,10,19
1878,9,3,12
1878,3,2,5
1878,6,3,9
1878,3,2,5
1878,4,0,4
1878,5,0,5
1878,2,1,3
1878,8,8,16
1878,3,0,3
1878,6,12,18
1878,8,5,13
1878,2,1,3
1878,9,0,9
1878,6,5,11
1878,6,5,11
1878,5,3,8
1878,7,6,13
1878,7,10,17
1878,4,4,8
1878,8,3,11
1878,6,5,11
1878,3,2,5
1878,2,13,15
1878,3,17,20
1878,3,2,5
1878,5,2,7
1878,7,4,11
1878,4,3,7
1878,5,3,8
1878,5,1,6
1878,5,2,7
1878,4,0,4
1878,7,5,12
1878,11,1,12
1878,4,3,7
1878,7,3,10
1878,5,1,6
1878,5,2,7
1878,8,7,15
1878,2,0,2
1878,4,11,15
1878,5,2,7
1878,9,0,9
1878,6,2,8
1878,8,0,8
1878,3,0,3
1878,9,0,9
1878,8,3,11
1878,5,2,7
1878,4,1,5
1878,9,4,13
1878,6,1,7
1878,6,15,21
1878,9,1,10
1878,7,6,13
1878,2,0,2
1878,2,0,2
1878,9,2,11
1878,4,2,6
1878,6,2,8
1878,3,0,3
1878,9,6,15
1878,4,3,7
1878,4,1,5
1878,6,5,11
1878,4,3,7
1878,2,1,3
1879,5,0,5
1879,4,3,7
1879,4,15,19
1879,7,5,12
1879,7,4,11
1879,5,10,15
1879,7,6,13
1879,10,1,11
1879,6,4,10
1879,4,0,4
1879,13,12,25
1879,7,3,10
1879,8,5,13
1879,12,1,13
1879,7,2,9
1879,7,6,13
1879,3,2,5
1879,5,10,15
1879,3,1,4
1879,5,2,7
1879,16,10,26
1879,8,15,23
1879,7,3,10
1879,7,6,13
1879,7,1,8
1879,5,14,19
1879,3,12,15
1879,3,2,5
1879,7,2,9
1879,2,13,15
1879,1,0,1
1879,9,16,25
1879,3,1,4
1879,3,11,14
1879,7,4,11
1879,8,0,8
1879,9,5,14
1879,5,2,7
1879,5,11,16
1879,15,11,26
1879,4,3,7
1879,8,10,18
1879,9,10,19
1879,8,3,11
1879,6,2,8
1879,7,2,9
1879,17,1,18
1879,6,0,6
1879,9,2,11
1879,4,0,4
1879,6,20,26
1879,6,14,20
1879,8,0,8
1879,4,0,4
1879,4,2,6
1879,4,2,6
1879,4,2,6
1879,2,13,15
1879,8,7,15
1879,6,2,8
1879,6,5,11
1879,6,5,11
1879,10,1,11
1879,4,2,6
1879,7,4,11
1879,3,0,3
1879,4,1,5
1879,6,12,18
1879,9,3,12
1879,4,19,23
1879,9,0,9
1879,11,1,12
1879,6,1,7
1879,1,1,2
1879,7,5,12
1879,6,3,9
1879,1,0,1
1879,5,3,8
1879,3,13,16
1879,6,19,25
1879,3,2,5
1879,4,3,7
1879,10,0,10
1879,9,10,19
1879,9,6,15
1879,5,2,7
1879,3,2,5
1879,3,1,4
1879,6,0,6
1879,8,1,9
1879,4,3,7
1879,4,3,7
1879,8,3,11
1879,15,13,28
1879,5,3,8
1879,5,3,8
1879,6,0,6
1879,4,3,7
1879,4,1,5
1879,4,1,5
1879,3,0,3
1879,7,3,10
1879,9,2,11
1879,5,1,6
1879,3,2,5
1879,3,1,4
1879,2,1,3
1879,3,15,18
1879,5,10,15
1879,5,1,6
1879,2,1,3
1879,5,2,7
1879,7,5,12
1879,9,0,9
1879,8,4,12
1879,6,5,11
1879,9,8,17
1879,4,2,6
1879,4,0,4
1879,8,14,22
1879,4,3,7
1879,9,1,10
1879,7,4,11
1879,9,6,15
1879,6,14,20
1879,9,5,14
1879,5,2,7
1879,9,7,16
1879,2,1,3
1879,4,3,7
1879,6,1,7
1879,7,6,13
1879,6,2,8
1879,8,2,10
1879,2,11,13
1879,4,3,7
1879,5,4,9
1879,9,7,16
1879,3,2,5
1879,4,3,7
1879,7,5,12
1879,8,4,12
1879,4,3,7
1879,11,0,11
1879,8,7,15
1879,9,0,9
1879,5,3,8
1879,4,0,4
1879,10,1,11
1879,5,3,8
1879,5,12,17
1879,6,4,10
1879,8,6,14
1879,8,4,12
1879,4,3,7
1879,9,1,10
1879,8,2,10
1879,7,6,13
1879,3,1,4
1879,9,0,9
1879,10,0,10
1879,8,6,14
1879,4,13,17
1879,3,1,4
1879,7,4,11
1879,2,0,2
1879,6,3,9
1879,6,2,8
1879,8,11,19
1879,1,0,1
1879,7,5,12
1879,5,2,7
1879,2,1,3
1879,12,0,12
1879,4,13,17
1879,7,6,13
1879,7,5,12
1879,9,2,11
1879,8,0,8
1879,6,3,9
1879,5,3,8
1879,2,10,12
1879,3,19,22
1879,7,0,7
1879,9,5,14
1879,8,4,12
1879,9,0,9
1879,2,1,3
1879,8,2,10
1879,7,6,13
1879,9,3,12
1879,7,0,7
1879,5,1,6
1879,3,2,5
1879,6,5,11
1879,9,13,22
1879,6,5,11
1879,6,11,17
1879,6,3,9
1879,6,1,7
1879,2,0,2
1879,5,1,6
1879,3,2,5
1879,7,4,11
1879,2,0,2
1879,5,0,5
1879,2,1,3
1879,8,7,15
1879,3,11,14
1879,4,0,4
1879,5,4,9
1879,6,2,8
1879,9,10,19
1879,13,0,13
1879,2,0,2
1879,7,16,23
1879,2,11,13
1879,8,3,11
1879,9,3,12
1879,2,1,3
1879,2,12,14
1879,3,15,18
1879,8,1,9
1879,9,5,14
1879,3,13,16
1879,16,0,16
1879,10,1,11
1879,7,3,10
1879,6,0,6
1879,4,12,16
1879,15,1,16
1879,2,11,13
1879,6,1,7
1879,3,12,15
1879,5,1,6
1879,9,1,10
1879,3,10,13
1879,6,3,9
1879,4,0,4
1879,8,6,14
1879,6,4,10
1879,5,2,7
1879,6,1,7
1879,15,1,16
1879,7,6,13
1879,17,1,18
1879,11,1,12
1879,9,3,12
1879,7,4,11
1879,5,5,10
1879,4,2,6
1879,3,10,13
1879,6,2,8
1879,4,1,5
1879,4,2,6
1879,8,5,13
1879,8,1,9
1879,2,2,4
1879,5,4,9
1879,3,10,13
1879,6,2,8
1879,4,1,5
1879,9,3,12
1879,2,18,20
1879,6,1,7
1879,10,1,11
1879,5,11,16
1879,6,0,6
1879,5,13,18
1879,10,0,10
1879,7,4,11
1879,5,11,16
1879,4,0,4
1879,4,2,6
1879,5,0,5
1879,8,17,25
1879,3,2,5
1879,6,5,11
1879,9,4,13
1879,10,1,11
1879,4,1,5
1879,8,4,12
1879,8,2,10
1879,7,5,12
1879,2,1,3
1879,4,10,14
1879,5,3,8
1879,5,1,6
1879,4,2,6
1879,2,1,3
1879,4,3,7
1879,6,2,8
1879,5,4,9
1879,5,4,9
1879,7,10,17
1879,5,15,20
1879,6,6,12
1879,7,10,17
1879,6,4,10
1879,3,0,3
1879,7,12,19
1879,7,3,10
1879,7,10,17
1879,8,5,13
1879,2,1,3
1879,2,10,12
1879,4,15,19
1879,6,5,11
1879,3,1,4
1879,6,2,8
1879,7,6,13
1879,5,17,22
1879,6,12,18
1879,4,15,19
1879,5,3,8
1879,13,1,14
1879,5,1,6
1879,2,10,12
1879,9,6,15
1879,3,14,17
1880,7,4,11
1880,4,3,7
1880,8,0,8
1880,13,1,14
1880,4,3,7
1880,6,2,8
1880,4,2,6
1880,7,3,10
1880,3,22,25
1880,5,3,8
1880,1,0,1
1880,3,1,4
1880,1,0,1
1880,5,4,9
1880,7,20,27
1880,3,2,5
1880,5,2,7
1880,7,0,7
1880,8,10,18
1880,6,2,8
1880,15,1,16
1880,7,13,20
1880,5,0,5
1880,7,6,13
1880,6,0,6
1880,1,0,1
1880,6,5,11
1880,2,1,3
1880,6,3,9
1880,6,5,11
1880,6,3,9
1880,5,3,8
1880,6,4,10
1880,6,3,9
1880,19,10,29
1880,6,10,16
1880,6,5,11
1880,10,1,11
1880,5,5,10
1880,3,1,4
1880,1,0,1
1880,5,2,7
1880,4,17,21
1880,9,2,11
1880,8,5,13
1880,2,1,3
1880,2,15,17
1880,4,17,21
1880,8,1,9
1880,8,2,10
1880,6,5,11
1880,7,1,8
1880,7,14,21
1880,4,2,6
1880,6,2,8
1880,2,10,12
1880,11,0,11
1880,4,1,5
1880,5,2,7
1880,11,10,21
1880,3,0,3
1880,5,1,6
1880,8,2,10
1880,19,10,29
1880,5,4,9
1880,8,7,15
1880,13,0,13
1880,5,4,9
1880,8,5,13
1880,2,10,12
1880,4,0,4
1880,5,2,7
1880,1,1,2
1880,4,0,4
1880,6,1,7
1880,5,2,7
1880,6,3,9
1880,9,5,14
1880,3,1,4
1880,7,1,8
1880,6,4,10
1880,3,2,5
1880,4,3,7
1880,8,5,13
1880,3,19,22
1880,3,0,3
1880,8,5,13
1880,5,0,5
1880,5,10,15
1880,5,0,5
1880,4,11,15
1880,1,0,1
1880,5,0,5
1880,6,1,7
1880,2,16,18
1880,7,1,8
1880,2,11,13
1880,5,2,7
1880,9,5,14
1880,7,6,13
1880,2,13,15
1880,5,0,5
1880,7,14,21
1880,8,11,19
1880,7,6,13
1880,8,3,11
1880,6,18,24
1880,8,7,15
1880,9,4,13
1880,5,2,7
1880,5,10,15
1880,5,2,7
1880,7,6,13
1880,4,10,14
1880,4,1,5
1880,8,3,11
1880,7,6,13
1880,9,3,12
1880,5,4,9
1880,7,5,12
1880,4,3,7
1880,4,0,4
1880,6,0,6
1880,3,2,5
1880,4,1,5
1880,7,5,12
1880,7,2,9
1880,9,5,14
1880,6,5,11
1880,4,1,5
1880,4,0,4
1880,3,10,13
1880,6,4,10
1880,5,1,6
1880,8,7,15
1880,6,1,7
1880,4,4,8
1880,6,4,10
1880,1,0,1
1880,3,2,5
1880,5,4,9
1880,7,2,9
1880,7,3,10
1880,7,1,8
1880,8,1,9
1880,5,2,7
1880,2,10,12
1880,5,4,9
1880,5,2,7
1880,5,19,24
1880,2,1,3
1880,3,0,3
1880,2,0,2
1880,7,5,12
1880,7,10,17
1880,3,0,3
1880,6,4,10
1880,9,8,17
1880,5,3,8
1880,6,5,11
1880,4,1,5
1880,7,2,9
1880,4,0,4
1880,1,0,1
1880,6,2,8
1880,5,4,9
1880,4,0,4
1880,5,4,9
1880,4,11,15
1880,7,1,8
1880,9,12,21
1880,4,2,6
1880,6,3,9
1880,3,1,4
1880,4,1,5
1880,4,1,5
1880,6,2,8
1880,4,2,6
1880,5,0,5
1880,2,10,12
1880,3,1,4
1880,14,1,15
1880,3,2,5
1880,8,4,12
1880,4,3,7
1880,5,2,7
1880,6,2,8
1880,8,6,14
1880,3,1,4
1880,7,0,7
1880,8,4,12
1880,9,2,11
1880,3,2,5
1880,7,6,13
1880,7,2,9
1880,4,1,5
1880,6,5,11
1880,3,0,3
1880,2,1,3
1880,1,0,1
1880,4,3,7
1880,4,3,7
1880,6,0,6
1880,4,2,6
1880,4,0,4
1880,6,3,9
1880,9,0,9
1880,5,3,8
1880,2,1,3
1880,3,2,5
1880,5,1,6
1880,5,0,5
1880,9,3,12
1880,4,2,6
1880,3,2,5
1880,5,1,6
1880,6,4,10
1880,8,3,11
1880,2,11,13
1880,3,1,4
1880,16,1,17
1880,5,3,8
1880,6,2,8
1880,3,1,4
1880,8,2,10
1880,6,1,7
1880,6,14,20
1880,5,3,8
1880,4,2,6
1880,7,1,8
1880,3,2,5
1880,6,0,6
1880,5,2,7
1880,1,0,1
1880,5,2,7
1880,8,0,8
1880,2,11,13
1880,1,0,1
1880,5,3,8
1880,2,11,13
1880,2,1,3
1880,5,0,5
1880,11,1,12
1880,5,3,8
1880,3,3,6
1880,9,4,13
1880,4,3,7
1880,5,3,8
1880,3,2,5
1880,4,2,6
1880,6,0,6
1880,2,13,15
1880,7,4,11
1880,3,2,5
1880,2,1,3
1880,5,3,8
1880,7,5,12
1880,6,3,9
1880,8,10,18
1880,8,4,12
1880,7,1,8
1880,1,0,1
1880,5,1,6
1880,6,2,8
1880,6,5,11
1880,5,3,8
1880,4,3,7
1880,9,6,15
1880,1,0,1
1880,4,1,5
1880,5,2,7
1880,7,4,11
1880,5,4,9
1880,6,0,6
1880,6,3,9
1880,4,2,6
1880,8,5,13
1880,6,2,8
1880,7,0,7
1880,5,3,8
1880,1,0,1
1880,11,11,22
1880,8,5,13
1880,2,19,21
1880,4,1,5
1880,2,0,2
1880,6,4,10
1880,7,1,8
1880,7,6,13
1880,5,2,7
1880,2,11,13
1880,4,3,7
1880,5,4,9
1880,5,2,7
1880,5,4,9
1880,9,17,26
1880,7,10,17
1880,6,2,8
1880,13,1,14
1880,3,1,4
1880,4,1,5
1880,5,5,10
1880,8,3,11
1880,4,3,7
1880,8,3,11
1880,5,0,5
1880,7,1,8
1880,5,4,9
1880,4,11,15
1880,3,1,4
1880,2,17,19
1880,5,3,8
1880,8,1,9
1880,7,3,10
1880,12,0,12
1880,9,4,13
1880,8,6,14
1880,8,5,13
1880,2,1,3
1880,2,16,18
1880,8,3,11
1880,3,3,6
1880,3,1,4
1880,8,3,11
1880,7,2,9
1880,6,4,10
1880,5,3,8
1880,7,6,13
1880,5,3,8
1880,7,3,10
1880,6,5,11
1880,19,10,29
1880,8,2,10
1880,5,4,9
1880,4,3,7
1880,8,10,18
1880,2,0,2
1880,14,14,28
1880,8,1,9
1880,5,1,6
1881,8,5,13
1881,4,0,4
1881,3,1,4
1881,6,5,11
1881,4,2,6
1881,8,5,13
1881,7,1,8
1881,6,0,6
1881,4,2,6
1881,5,10,15
1881,4,3,7
1881,4,0,4
1881,8,1,9
1881,4,2,6
1881,3,2,5
1881,3,2,5
1881,7,2,9
1881,6,1,7
1881,4,1,5
1881,4,0,4
1881,8,4,12
1881,3,2,5
1881,4,0,4
1881,5,10,15
1881,6,4,10
1881,6,0,6
1881,1,0,1
1881,3,11,14
1881,6,5,11
1881,5,3,8
1881,5,0,5
1881,6,5,11
1881,8,3,11
1881,4,10,14
1881,8,4,12
1881,4,3,7
1881,6,5,11
1881,2,12,14
1881,7,1,8
1881,3,2,5
1881,4,0,4
1881,6,5,11
1881,3,10,13
1881,3,2,5
1881,7,2,9
1881,5,11,16
1881,7,0,7
1881,5,4,9
1881,7,4,11
1881,5,4,9
1881,9,6,15
1881,4,2,6
1881,5,3,8
1881,16,0,16
1881,5,2,7
1881,3,2,5
1881,6,4,10
1881,5,0,5
1881,8,2,10
1881,6,11,17
1881,7,1,8
1881,9,0,9
1881,6,3,9
1881,5,12,17
1881,5,3,8
1881,4,2,6
1881,3,2,5
1881,2,11,13
1881,5,4,9
1881,11,1,12
1881,8,4,12
1881,3,2,5
1881,4,3,7
1881,8,4,12
1881,7,1,8
1881,7,5,12
1881,5,4,9
1881,3,10,13
1881,6,1,7
1881,8,7,15
1881,2,0,2
1881,6,1,7
1881,6,3,9
1881,6,1,7
1881,4,0,4
1881,2,0,2
1881,3,2,5
1881,3,1,4
1881,13,1,14
1881,3,0,3
1881,1,0,1
1881,6,2,8
1881,1,0,1
1881,7,6,13
1881,2,0,2
1881,5,12,17
1881,3,2,5
1881,9,10,19
1881,9,10,19
1881,7,1,8
1881,13,1,14
1881,7,3,10
1881,4,3,7
1881,8,4,12
1881,3,1,4
1881,4,15,19
1881,6,3,9
1881,5,0,5
1881,2,0,2
1881,5,2,7
1881,5,1,6
1881,3,10,13
1881,5,0,5
1881,2,1,3
1881,6,2,8
1881,8,2,10
1881,8,7,15
1881,7,5,12
1881,4,2,6
1881,8,0,8
1881,4,3,7
1881,9,8,17
1881,9,4,13
1881,8,12,20
1881,6,2,8
1881,19,12,31
1881,9,10,19
1881,8,0,8
1881,5,1,6
1881,16,10,26
1881,8,0,8
1881,5,3,8
1881,5,10,15
1881,7,4,11
1881,4,2,6
1881,6,1,7
1881,7,3,10
1881,7,4,11
1881,5,10,15
1881,4,0,4
1881,7,5,12
1881,8,3,11
1881,12,0,12
1881,13,12,25
1881,9,3,12
1881,8,11,19
1881,7,3,10
1881,13,11,24
1881,8,4,12
1881,5,12,17
1881,5,4,9
1881,6,2,8
1881,7,3,10
1881,5,15,20
1881,5,0,5
1881,4,2,6
1881,3,12,15
1881,3,0,3
1881,6,12,18
1881,3,1,4
1881,7,5,12
1881,6,4,10
1881,3,2,5
1881,8,3,11
1881,3,2,5
1881,9,10,19
1881,8,5,13
1881,1,0,1
1881,4,11,15
1881,3,1,4
1881,8,7,15
1881,5,2,7
1881,6,3,9
1881,7,11,18
1881,8,3,11
1881,5,0,5
1881,4,2,6
1881,6,4,10
1881,6,4,10
1881,5,4,9
1881,4,3,7
1881,7,3,10
1881,1,0,1
1881,3,2,5
1881,5,3,8
1881,9,4,13
1881,4,11,15
1881,9,6,15
1881,4,3,7
1881,2,11,13
1881,4,15,19
1881,5,0,5
1881,3,10,13
1881,6,3,9
1881,9,3,12
1881,9,6,15
1881,4,0,4
1881,7,6,13
1881,7,6,13
1881,3,2,5
1881,2,11,13
1881,13,11,24
1881,2,1,3
1881,9,5,14
1881,5,0,5
1881,4,0,4
1881,6,5,11
1881,2,0,2
1881,8,3,11
1881,7,2,9
1881,3,0,3
1881,3,10,13
1881,7,3,10
1881,7,3,10
1881,5,3,8
1881,5,4,9
1881,7,6,13
1881,9,5,14
1881,8,4,12
1881,6,12,18
1881,17,0,17
1881,8,7,15
1881,2,0,2
1881,8,6,14
1881,1,0,1
1881,9,13,22
1881,5,2,7
1881,5,12,17
1881,9,13,22
1881,8,5,13
1881,7,2,9
1881,1,0,1
1881,5,1,6
1881,6,5,11
1881,6,4,10
1881,7,6,13
1881,3,0,3
1881,8,8,16
1881,3,10,13
1881,9,4,13
1881,9,6,15
1881,6,1,7
1881,8,6,14
1881,8,6,14
1881,2,0,2
1881,8,4,12
1881,2,12,14
1881,7,5,12
1881,5,3,8
1881,5,4,9
1881,9,1,10
1881,3,1,4
1881,6,3,9
1881,12,0,12
1881,5,4,9
1881,7,5,12
1881,8,12,20
1881,3,10,13
1881,9,2,11
1881,8,5,13
1881,3,10,13
1881,7,12,19
1881,6,12,18
1881,6,14,20
1881,4,1,5
1881,4,3,7
1881,5,3,8
1881,3,2,5
1881,4,2,6
1881,11,1,12
1881,6,3,9
1881,9,2,11
1881,8,14,22
1881,6,3,9
1881,5,3,8
1881,5,2,7
1881,5,14,19
1881,10,1,11
1881,5,3,8
1881,7,0,7
1881,5,12,17
1881,4,1,5
1881,6,4,10
1881,7,4,11
1881,11,1,12
1881,8,0,8
1881,8,7,15
1881,3,1,4
1881,6,5,11
1881,7,3,10
1881,8,10,18
1881,4,3,7
1881,4,1,5
1881,8,0,8
1881,2,1,3
1881,8,12,20
1881,6,6,12
1881,7,6,13
1881,4,0,4
1881,7,10,17
1881,6,4,10
1881,3,1,4
1881,7,2,9
1881,7,5,12
1881,8,1,9
1881,5,17,22
1881,6,5,11
1881,9,4,13
1881,8,5,13
1881,4,10,14
1881,4,11,15
1881,2,1,3
1881,4,3,7
1881,8,4,12
1881,3,2,5
1881,6,12,18
1881,5,2,7
1881,12,10,22
1881,8,3,11
1881,8,1,9
1881,3,2,5
1881,6,0,6
1881,8,10,18
1881,6,11,17
1881,3,10,13
1881,7,3,10
1881,4,2,6
1881,7,6,13
1881,4,3,7
1881,9,3,12
1881,4,3,7
1881,4,12,16
1881,6,3,9
1881,10,1,11
1881,7,0,7
1881,4,11,15
1882,7,5,12
1882,6,5,11
1882,5,4,9
1882,9,3,12
1882,7,1,8
1882,9,10,19
1882,7,10,17
1882,17,1,18
1882,9,7,16
1882,11,10,21
1882,5,0,5
1882,4,17,21
1882,1,0,1
1882,7,3,10
1882,7,6,13
1882,3,1,4
1882,6,4,10
1882,19,10,29
1882,6,4,10
1882,5,14,19
1882,4,3,7
1882,4,1,5
1882,7,6,13
1882,2,1,3
1882,2,17,19
1882,8,1,9
1882,3,18,21
1882,6,5,11
1882,3,0,3
1882,2,1,3
1882,3,10,13
1882,14,13,27
1882,2,0,2
1882,9,0,9
1882,5,4,9
1882,4,2,6
1882,4,3,7
1882,8,4,12
1882,6,4,10
1882,9,5,14
1882,4,10,14
1882,5,1,6
1882,4,0,4
1882,11,1,12
1882,4,10,14
1882,8,1,9
1882,9,2,11
1882,5,1,6
1882,2,15,17
1882,9,4,13
1882,8,3,11
1882,5,3,8
1882,6,11,17
1882,7,10,17
1882,5,3,8
1882,4,0,4
1882,6,2,8
1882,9,3,12
1882,4,11,15
1882,7,4,11
1882,4,3,7
1882,9,4,13
1882,3,2,5
1882,9,8,17
1882,3,2,5
1882,7,6,13
1882,3,15,18
1882,9,3,12
1882,14,11,25
1882,9,3,12
1882,8,7,15
1882,7,10,17
1882,5,3,8
1882,3,2,5
1882,5,3,8
1882,3,14,17
1882,2,12,14
1882,7,3,10
1882,5,3,8
1882,8,12,20
1882,3,2,5
1882,4,3,7
1882,8,12,20
1882,1,0,1
1882,5,1,6
1882,5,16,21
1882,5,3,8
1882,20,1,21
1882,6,5,11
1882,8,0,8
1882,9,8,17
1882,8,4,12
1882,7,4,11
1882,7,3,10
1882,5,0,5
1882,9,5,14
1882,6,1,7
1882,9,10,19
1882,4,1,5
1882,6,4,10
1882,9,8,17
1882,3,2,5
1882,9,10,19
1882,7,15,22
1882,6,4,10
1882,12,0,12
1882,3,11,14
1882,5,10,15
1882,4,0,4
1882,8,10,18
1882,9,3,12
1882,5,4,9
1882,2,10,12
1882,2,1,3
1882,7,13,20
1882,10,1,11
1882,6,4,10
1882,5,2,7
1882,6,10,16
1882,3,0,3
1882,4,11,15
1882,3,13,16
1882,6,5,11
1882,7,1,8
1882,8,7,15
1882,4,4,8
1882,6,3,9
1882,3,10,13
1882,2,1,3
1882,7,3,10
1882,2,10,12
1882,7,6,13
1882,4,2,6
1882,9,0,9
1882,8,4,12
1882,7,15,22
1882,6,15,21
1882,1,0,1
1882,6,3,9
1882,4,2,6
1882,6,11,17
1882,10,0,10
1882,7,2,9
1882,6,3,9
1882,4,1,5
1882,5,4,9
1882,6,5,11
1882,4,1,5
1882,4,0,4
1882,4,14,18
1882,7,2,9
1882,7,4,11
1882,6,2,8
1882,5,0,5
1882,7,6,13
1882,9,3,12
1882,4,17,21
1882,2,10,12
1882,7,1,8
1882,4,10,14
1882,8,4,12
1882,9,13,22
1882,4,15,19
1882,7,5,12
1882,4,3,7
1882,5,12,17
1882,7,5,12
1882,2,1,3
1882,4,13,17
1882,2,11,13
1882,14,13,27
1882,8,2,10
1882,5,0,5
1882,4,2,6
1882,7,3,10
1882,6,3,9
1882,8,11,19
1882,4,3,7
1882,9,2,11
1882,5,0,5
1882,10,0,10
1882,8,1,9
1882,5,10,15
1882,8,4,12
1882,11,1,12
1882,6,2,8
1882,12,0,12
1882,5,1,6
1882,3,13,16
1882,5,3,8
1882,6,1,7
1882,3,12,15
1882,4,3,7
1882,9,11,20
1882,4,10,14
1882,3,13,16
1882,2,1,3
1882,8,6,14
1882,6,17,23
1882,8,7,15
1882,9,4,13
1882,5,2,7
1882,5,15,20
1882,4,1,5
1882,4,10,14
1882,8,5,13
1882,8,2,10
1882,7,2,9
1882,7,4,11
1882,4,21,25
1882,10,0,10
1882,7,5,12
1882,3,0,3
1882,6,3,9
1882,9,0,9
1882,8,4,12
1882,8,7,15
1882,8,13,21
1882,8,1,9
1882,2,0,2
1882,11,0,11
1882,6,4,10
1882,8,5,13
1882,4,11,15
1882,5,4,9
1882,8,6,14
1882,9,2,11
1882,6,2,8
1882,4,3,7
1882,11,1,12
1882,9,0,9
1882,5,4,9
1882,7,1,8
1882,4,3,7
1882,6,5,11
1882,5,3,8
1882,6,0,6
1882,5,11,16
1882,8,6,14
1882,2,1,3
1882,4,13,17
1882,3,13,16
1882,9,5,14
1882,8,18,26
1882,5,1,6
1882,9,5,14
1882,5,1,6
1882,4,1,5
1882,6,1,7
1882,2,1,3
1882,14,1,15
1882,7,1,8
1882,6,5,11
1882,7,4,11
1882,11,1,12
1882,2,1,3
1882,4,10,14
1882,10,1,11
1882,9,8,17
1882,21,17,38
1882,8,3,11
1882,6,1,7
1882,8,6,14
1882,3,0,3
1882,8,3,11
1882,8,4,12
1882,4,11,15
1882,11,0,11
1882,9,6,15
1882,8,4,12
1882,8,5,13
1882,6,1,7
1882,6,3,9
1882,3,2,5
1882,4,1,5
1882,2,1,3
1882,7,2,9
1882,3,2,5
1882,6,1,7
1882,6,4,10
1882,1,0,1
1882,2,0,2
1882,5,1,6
1882,3,1,4
1882,5,3,8
1882,7,1,8
1882,6,0,6
1882,4,23,27
1882,5,4,9
1882,6,4,10
1882,5,4,9
1882,4,1,5
1882,5,1,6
1882,7,10,17
1882,10,1,11
1882,8,10,18
1882,8,4,12
1882,9,8,17
1882,9,7,16
1882,3,2,5
1882,5,3,8
1882,6,2,8
1882,8,11,19
1882,7,1,8
1882,4,3,7
1882,1,0,1
1882,6,12,18
1882,5,3,8
1882,5,17,22
1882,3,2,5
1882,8,4,12
1882,9,1,10
1882,6,1,7
1882,6,2,8
1882,8,3,11
1882,2,0,2
1882,8,3,11
1882,6,3,9
1882,3,0,3
1882,9,8,17
1882,6,10,16
1882,3,2,5
1882,4,35,39
1882,15,1,16
1882,6,10,16
1882,10,0,10
1882,7,2,9
1882,3,2,5
1882,7,5,12
1882,8,11,19
1882,5,10,15
1882,7,4,11
1882,6,5,11
1882,5,3,8
1882,3,2,5
1882,6,3,9
1882,9,6,15
1882,3,2,5
1882,7,4,11
1882,12,11,23
1882,3,11,14
1882,5,1,6
1882,5,3,8
1882,17,1,18
1882,6,12,18
1882,6,5,11
1882,5,1,6
1882,9,4,13
1882,4,10,14
1882,1,0,1
1882,3,2,5
1882,13,0,13
1882,8,3,11
1882,8,3,11
1882,3,2,5
1882,5,3,8
1882,7,3,10
1882,5,1,6
1882,4,2,6
1882,3,0,3
1882,8,7,15
1882,8,2,10
1882,5,2,7
1882,2,12,14
1882,13,1,14
1882,6,5,11
1882,2,1,3
1882,9,5,14
1882,6,3,9
1882,2,18,20
1882,9,5,14
1882,6,5,11
1882,5,2,7
1882,2,1,3
1882,4,3,7
1882,3,1,4
1882,8,5,13
1882,7,2,9
1882,4,1,5
1882,3,0,3
1882,13,0,13
1882,8,10,18
1882,5,10,15
1882,4,3,7
1882,5,4,9
1882,9,13,22
1882,1,0,1
1882,5,0,5
1882,4,3,7
1882,2,0,2
1882,8,7,15
1882,19,1,20
1882,7,4,11
1882,7,4,11
1882,14,1,15
1882,6,0,6
1882,10,1,11
1882,3,1,4
1882,3,1,4
1882,4,13,17
1882,4,1,5
1882,6,1,7
1882,3,2,5
1882,1,0,1
1882,6,5,11
1882,7,4,11
1882,13,10,23
1882,9,8,17
1882,8,4,12
1882,7,22,29
1882,4,1,5
1882,9,1,10
1882,6,4,10
1882,9,8,17
1882,6,14,20
1882,7,14,21
1882,3,1,4
1882,5,10,15
1882,7,4,11
1882,3,12,15
1882,9,2,11
1882,7,3,10
1882,14,1,15
1882,7,6,13
1882,9,1,10
1882,7,2,9
1882,3,2,5
1882,5,2,7
1882,3,10,13
1882,5,2,7
1882,5,14,19
1882,4,0,4
1882,5,1,6
1882,4,0,4
1882,7,2,9
1882,5,3,8
1882,2,1,3
1882,5,4,9
1882,9,3,12
1882,2,0,2
1882,6,4,10
1882,6,4,10
1882,4,1,5
1882,3,0,3
1882,3,0,3
1882,3,2,5
1882,3,1,4
1882,5,4,9
1882,4,3,7
1882,6,2,8
1882,2,1,3
1882,3,2,5
1882,4,1,5
1882,4,2,6
1882,5,4,9
1882,9,9,18
1882,3,2,5
1882,4,2,6
1882,6,5,11
1882,6,2,8
1882,7,1,8
1882,1,0,1
1882,4,3,7
1882,2,1,3
1882,7,2,9
1882,6,2,8
1882,4,11,15
1882,2,10,12
1882,3,10,13
1882,6,4,10
1882,5,2,7
1882,3,1,4
1882,10,0,10
1882,4,3,7
1882,6,0,6
1882,7,3,10
1882,7,14,21
1882,10,1,11
1882,7,5,12
1882,7,1,8
1882,2,0,2
1882,3,10,13
1882,4,1,5
1882,8,2,10
1882,2,13,15
1882,7,7,14
1882,24,1,25
1882,5,0,5
1882,3,0,3
1882,4,3,7
1882,9,1,10
1882,2,0,2
1882,9,4,13
1882,6,4,10
1882,8,6,14
1882,4,10,14
1882,8,5,13
1882,8,6,14
1882,5,2,7
1882,6,5,11
1882,6,2,8
1882,3,1,4
1882,8,2,10
1882,9,6,15
1882,6,2,8
1882,3,2,5
1882,2,12,14
1882,5,2,7
1882,13,1,14
1882,4,10,14
1882,6,10,16
1882,3,1,4
1882,5,1,6
1882,8,4,12
1882,6,1,7
1882,2,1,3
1882,6,3,9
1882,8,2,10
1882,6,5,11
1882,7,4,11
1882,5,3,8
1882,8,6,14
1882,5,13,18
1882,5,5,10
1882,7,3,10
1882,6,2,8
1882,8,10,18
1882,3,1,4
1882,5,0,5
1882,6,5,11
1882,9,3,12
1882,6,2,8
1882,6,4,10
1882,4,1,5
1882,7,3,10
1882,6,15,21
1882,5,4,9
1882,6,20,26
1882,15,1,16
1882,8,0,8
1882,4,1,5
1882,4,0,4
1882,3,13,16
1882,7,1,8
1882,3,14,17
1882,7,4,11
1882,8,6,14
1882,2,1,3
1882,8,4,12
1882,4,3,7
1882,8,6,14
1882,8,7,15
1882,1,0,1
1882,8,1,9
1882,6,3,9
1882,8,11,19
1882,5,3,8
1882,5,11,16
1882,4,2,6
1882,1,0,1
1882,4,1,5
1882,6,12,18
1882,9,0,9
1882,7,10,17
1882,6,3,9
1882,3,1,4
1882,6,5,11
1882,7,7,14
1882,6,3,9
1882,5,1,6
1882,2,1,3
1883,4,3,7
1883,7,4,11
1883,6,5,11
1883,6,5,11
1883,7,4,11
1883,7,5,12
1883,4,3,7
1883,4,0,4
1883,2,1,3
1883,3,0,3
1883,6,13,19
1883,12,1,13
1883,5,3,8
1883,3,2,5
1883,4,1,5
1883,8,1,9
1883,5,1,6
1883,3,1,4
1883,6,3,9
1883,3,2,5
1883,10,1,11
1883,9,10,19
1883,6,24,30
1883,3,11,14
1883,11,10,21
1883,8,4,12
1883,3,2,5
1883,6,4,10
1883,4,2,6
1883,3,1,4
1883,5,3,8
1883,9,1,10
1883,5,4,9
1883,8,1,9
1883,7,0,7
1883,4,3,7
1883,5,2,7
1883,2,14,16
1883,8,20,28
1883,8,5,13
1883,6,2,8
1883,8,5,13
1883,4,3,7
1883,7,10,17
1883,7,15,22
1883,7,17,24
1883,3,18,21
1883,5,2,7
1883,4,3,7
1883,2,1,3
1883,4,3,7
1883,4,12,16
1883,9,11,20
1883,2,1,3
1883,12,1,13
1883,7,4,11
1883,4,3,7
1883,7,6,13
1883,5,16,21
1883,6,1,7
1883,4,2,6
1883,7,6,13
1883,9,5,14
1883,4,0,4
1883,4,11,15
1883,6,3,9
1883,7,0,7
1883,4,3,7
1883,12,1,13
1883,5,4,9
1883,8,7,15
1883,2,1,3
1883,4,3,7
1883,9,5,14
1883,6,2,8
1883,8,7,15
1883,7,4,11
1883,9,4,13
1883,6,2,8
1883,6,2,8
1883,11,10,21
1883,8,7,15
1883,3,2,5
1883,4,10,14
1883,9,5,14
1883,9,13,22
1883,2,15,17
1883,11,1,12
1883,6,12,18
1883,2,13,15
1883,7,3,10
1883,6,13,19
1883,6,3,9
1883,6,11,17
1883,7,4,11
1883,4,1,5
1883,8,10,18
1883,7,5,12
1883,6,3,9
1883,2,1,3
1883,8,11,19
1883,4,0,4
1883,5,1,6
1883,9,0,9
1883,4,1,5
1883,4,3,7
1883,6,0,6
1883,9,1,10
1883,6,3,9
1883,9,19,28
1883,8,6,14
1883,6,4,10
1883,8,4,12
1883,4,16,20
1883,9,5,14
1883,1,0,1
1883,8,10,18
1883,5,1,6
1883,2,11,13
1883,5,4,9
1883,4,0,4
1883,6,15,21
1883,9,6,15
1883,4,3,7
1883,13,11,24
1883,8,3,11
1883,4,10,14
1883,7,5,12
1883,8,7,15
1883,6,0,6
1883,6,11,17
1883,4,2,6
1883,6,5,11
1883,3,2,5
1883,4,10,14
1883,3,11,14
1883,5,2,7
1883,2,1,3
1883,5,10,15
1883,9,5,14
1883,8,7,15
1883,3,1,4
1883,2,1,3
1883,5,2,7
1883,8,4,12
1883,1,0,1
1883,5,12,17
1883,8,5,13
1883,8,10,18
1883,8,15,23
1883,4,22,26
1883,4,2,6
1883,5,2,7
1883,4,2,6
1883,4,10,14
1883,4,1,5
1883,3,10,13
1883,8,7,15
1883,4,3,7
1883,5,3,8
1883,7,5,12
1883,7,13,20
1883,10,1,11
1883,7,3,10
1883,5,4,9
1883,2,1,3
1883,7,22,29
1883,7,6,13
1883,8,6,14
1883,5,2,7
1883,6,1,7
1883,9,10,19
1883,8,2,10
1883,2,0,2
1883,5,2,7
1883,7,4,11
1883,8,2,10
1883,3,10,13
1883,5,1,6
1883,8,12,20
1883,6,3,9
1883,14,1,15
1883,3,10,13
1883,5,2,7
1883,6,4,10
1883,6,10,16
1883,3,2,5
1883,6,1,7
1883,4,20,24
1883,3,12,15
1883,8,16,24
1883,3,1,4
1883,10,0,10
1883,9,8,17
1883,2,13,15
1883,4,11,15
1883,8,7,15
1883,7,5,12
1883,8,4,12
1883,2,10,12
1883,6,18,24
1883,11,10,21
1883,8,30,38
1883,8,7,15
1883,3,0,3
1883,15,1,16
1883,11,0,11
1883,3,1,4
1883,6,3,9
1883,7,4,11
1883,7,11,18
1883,9,7,16
1883,7,0,7
1883,6,2,8
1883,9,3,12
1883,9,20,29
1883,8,17,25
1883,4,0,4
1883,8,2,10
1883,4,3,7
1883,8,1,9
1883,6,5,11
1883,4,1,5
1883,3,10,13
1883,8,12,20
1883,4,1,5
1883,5,0,5
1883,6,5,11
1883,6,5,11
1883,2,0,2
1883,9,8,17
1883,23,10,33
1883,3,11,14
1883,8,3,11
1883,6,3,9
1883,4,22,26
1883,5,2,7
1883,8,11,19
1883,12,1,13
1883,5,2,7
1883,4,2,6
1883,3,12,15
1883,6,0,6
1883,7,5,12
1883,5,4,9
1883,6,0,6
1883,6,19,25
1883,2,11,13
1883,7,3,10
1883,8,7,15
1883,9,8,17
1883,5,2,7
1883,7,0,7
1883,2,15,17
1883,6,5,11
1883,5,2,7
1883,4,29,33
1883,7,4,11
1883,4,11,15
1883,11,1,12
1883,7,0,7
1883,4,2,6
1883,12,0,12
1883,5,4,9
1883,5,4,9
1883,5,14,19
1883,8,13,21
1883,2,1,3
1883,6,2,8
1883,10,0,10
1883,9,8,17
1883,8,10,18
1883,9,15,24
1883,7,2,9
1883,6,2,8
1883,3,0,3
1883,7,3,10
1883,7,2,9
1883,4,1,5
1883,4,12,16
1883,9,0,9
1883,2,1,3
1883,6,2,8
1883,2,0,2
1883,7,15,22
1883,8,2,10
1883,2,1,3
1883,6,1,7
1883,3,12,15
1883,4,2,6
1883,8,3,11
1883,7,2,9
1883,3,0,3
1883,7,2,9
1883,4,1,5
1883,4,0,4
1883,4,2,6
1883,6,2,8
1883,8,4,12
1883,8,18,26
1883,4,2,6
1883,5,4,9
1883,9,4,13
1883,3,1,4
1883,5,3,8
1883,4,2,6
1883,8,3,11
1883,7,6,13
1883,5,2,7
1883,3,2,5
1883,8,7,15
1883,8,5,13
1883,9,5,14
1883,6,3,9
1883,8,7,15
1883,8,6,14
1883,7,2,9
1883,14,0,14
1883,9,8,17
1883,6,1,7
1883,7,12,19
1883,8,6,14
1883,4,3,7
1883,5,15,20
1883,4,10,14
1883,7,6,13
1883,9,1,10
1883,7,31,38
1883,6,4,10
1883,12,1,13
1883,8,11,19
1883,4,0,4
1883,6,10,16
1883,5,1,6
1883,9,1,10
1883,3,0,3
1883,2,14,16
1883,8,7,15
1883,5,3,8
1883,9,2,11
1883,9,14,23
1883,7,10,17
1883,1,0,1
1883,9,11,20
1883,8,17,25
1883,8,2,10
1883,3,2,5
1883,8,1,9
1883,18,1,19
1883,3,2,5
1883,23,0,23
1883,3,2,5
1883,6,13,19
1883,4,1,5
1883,7,6,13
1883,3,0,3
1883,4,3,7
1883,4,3,7
1883,5,3,8
1883,4,15,19
1883,6,4,10
1883,5,2,7
1883,4,1,5
1883,6,1,7
1883,5,3,8
1883,8,11,19
1883,8,4,12
1883,14,13,27
1883,4,0,4
1883,4,11,15
1883,7,4,11
1883,3,1,4
1883,14,11,25
1883,5,1,6
1883,6,2,8
1883,9,3,12
1883,3,12,15
1883,6,2,8
1883,9,8,17
1883,4,1,5
1883,6,5,11
1883,9,10,19
1883,2,11,13
1883,9,1,10
1883,9,4,13
1883,6,3,9
1883,9,4,13
1883,10,1,11
1883,7,5,12
1883,3,1,4
1883,4,1,5
1883,4,2,6
1883,8,11,19
1883,3,2,5
1883,4,3,7
1883,9,2,11
1883,9,3,12
1883,5,2,7
1883,3,2,5
1883,8,7,15
1883,4,0,4
1883,4,1,5
1883,6,21,27
1883,9,13,22
1883,4,0,4
1883,4,2,6
1883,4,2,6
1883,5,4,9
1883,7,6,13
1883,5,4,9
1883,7,5,12
1883,9,16,25
1883,9,0,9
1883,10,1,11
1883,5,13,18
1883,2,10,12
1883,9,1,10
1883,5,3,8
1883,5,25,30
1883,9,10,19
1883,6,4,10
1883,5,4,9
1883,7,3,10
1883,8,3,11
1883,6,1,7
1883,7,13,20
1883,7,3,10
1883,9,5,14
1883,9,10,19
1883,7,4,11
1883,3,2,5
1883,2,0,2
1883,6,1,7
1883,7,5,12
1883,5,4,9
1883,4,2,6
1883,4,14,18
1883,3,2,5
1883,4,12,16
1883,5,1,6
1883,5,3,8
1883,7,6,13
1883,6,0,6
1883,9,0,9
1883,9,13,22
1883,2,11,13
1883,8,0,8
1883,8,1,9
1883,1,0,1
1883,6,2,8
1883,7,4,11
1883,8,11,19
1883,5,17,22
1883,5,2,7
1883,8,2,10
1883,2,0,2
1883,8,1,9
1883,5,4,9
1883,8,21,29
1883,3,2,5
1883,7,5,12
1883,6,2,8
1883,9,2,11
1883,8,3,11
1883,4,2,6
1883,8,4,12
1883,2,11,13
1883,9,0,9
1883,7,2,9
1883,4,17,21
1883,6,5,11
1883,8,2,10
1883,4,17,21
1883,8,1,9
1883,6,5,11
1883,8,4,12
1883,3,1,4
1883,9,4,13
1883,7,6,13
1883,7,1,8
1883,16,12,28
1883,3,1,4
1883,5,0,5
1883,3,10,13
1883,2,10,12
1883,7,1,8
1883,5,3,8
1883,2,19,21
1883,9,2,11
1883,5,1,6
1883,4,1,5
1883,6,2,8
1883,3,2,5
1883,4,3,7
1883,4,3,7
1883,9,6,15
1883,16,11,27
1883,5,3,8
1883,7,3,10
1883,6,12,18
1883,1,0,1
1883,6,0,6
1883,7,6,13
1883,5,4,9
1883,9,5,14
1883,5,2,7
1883,7,3,10
1883,9,14,23
1883,5,1,6
1883,8,5,13
1883,6,3,9
1883,6,0,6
1883,16,1,17
1883,5,12,17
1883,4,1,5
1883,6,4,10
1883,2,10,12
1883,14,11,25
1883,8,1,9
1883,5,1,6
1883,5,4,9
1883,5,14,19
1883,5,4,9
1883,5,0,5
1883,6,3,9
1883,5,14,19
1883,7,3,10
1883,1,0,1
1883,4,2,6
1883,8,2,10
1883,4,14,18
1883,4,3,7
1883,5,4,9
1883,4,2,6
1883,6,2,8
1883,5,0,5
1883,7,5,12
1883,2,1,3
1883,5,2,7
1883,3,2,5
1883,6,4,10
1883,8,7,15
1883,8,14,22
1883,4,2,6
1883,3,17,20
1883,8,1,9
1883,5,2,7
1883,3,11,14
1883,19,17,36
1883,7,0,7
1883,5,0,5
1883,9,6,15
1883,4,3,7
1883,9,4,13
1883,8,4,12
1883,5,11,16
1883,5,2,7
1883,3,1,4
1883,5,1,6
1883,9,10,19
1883,6,4,10
1883,6,3,9
1883,5,4,9
1883,5,4,9
1883,11,1,12
1883,7,6,13
1883,9,11,20
1883,3,2,5
1883,8,5,13
1883,4,2,6
1883,2,12,14
1883,3,2,5
1883,5,19,24
1883,9,4,13
1883,7,1,8
1883,12,1,13
1883,3,0,3
1883,4,3,7
1883,9,1,10
1883,9,4,13
1883,8,2,10
1883,6,4,10
1883,1,0,1
1883,8,15,23
1883,6,5,11
1883,4,2,6
1883,9,11,20
1883,28,0,28
1883,7,10,17
1883,18,10,28
1883,8,2,10
1883,7,6,13
1883,10,1,11
1883,8,6,14
1883,8,2,10
1883,6,3,9
1883,6,10,16
1883,3,1,4
1883,6,5,11
1883,4,10,14
1883,4,1,5
1883,7,10,17
1883,8,12,20
1883,4,1,5
1883,8,8,16
1883,9,3,12
1883,8,5,13
1883,3,1,4
1883,4,15,19
1883,9,13,22
1883,3,2,5
1883,18,14,32
1883,3,1,4
1883,6,2,8
1883,5,2,7
1883,7,3,10
1883,7,4,11
1883,8,3,11
1883,8,13,21
1883,4,14,18
1883,14,1,15
1883,9,3,12
1883,8,10,18
1883,4,0,4
1883,7,0,7
1883,8,2,10
1883,7,1,8
1883,3,11,14
1883,6,10,16
1883,7,5,12
1883,9,1,10
1883,6,4,10
1883,5,3,8
1883,4,1,5
1883,8,7,15
1883,5,11,16
1883,4,14,18
1883,5,3,8
1883,4,2,6
1883,5,4,9
1883,6,3,9
1883,6,3,9
1883,2,0,2
1883,7,5,12
1883,7,21,28
1883,12,12,24
1883,6,4,10
1883,5,11,16
1883,7,0,7
1883,9,12,21
1883,4,12,16
1883,7,1,8
1883,7,5,12
1883,6,3,9
1883,4,3,7
1883,9,3,12
1883,4,21,25
1883,13,1,14
1883,8,2,10
1883,8,8,16
1883,11,1,12
1883,9,7,16
1883,6,1,7
1883,9,2,11
1883,14,1,15
1883,8,6,14
1883,5,4,9
1883,9,15,24
1883,7,2,9
1883,7,11,18
1883,6,26,32
1883,7,16,23
1883,4,3,7
1883,6,1,7
1883,4,12,16
1883,5,2,7
1883,9,11,20
1883,8,1,9
1883,13,1,14
1883,4,3,7
1883,8,12,20
1883,6,16,22
1883,3,10,13
1883,5,3,8
1883,2,10,12
1883,4,2,6
1883,6,12,18
1883,4,13,17
1883,4,15,19
1883,3,2,5
1883,7,2,9
1883,4,1,5
1883,7,0,7
1883,2,11,13
1883,7,5,12
1883,5,27,32
1883,3,0,3
1883,6,2,8
1883,3,1,4
1883,5,11,16
1883,8,2,10
1883,4,1,5
1883,1,0,1
1883,9,6,15
1883,3,0,3
1883,4,1,5
1883,5,3,8
1883,5,1,6
1883,2,1,3
1883,6,4,10
1883,7,3,10
1883,11,0,11
1883,8,16,24
1883,1,1,2
1883,6,5,11
1883,8,7,15
1883,6,12,18
1883,5,1,6
1883,6,3,9
1883,7,1,8
1883,2,1,3
1883,5,0,5
1883,5,11,16
1883,13,12,25
1883,9,1,10
1883,4,0,4
1883,5,1,6
1883,3,2,5
1883,3,2,5
1883,8,3,11
1883,3,12,15
1883,2,2,4
1883,8,14,22
1883,7,4,11
1883,3,2,5
1883,7,5,12
1883,3,2,5
1883,6,1,7
1883,2,10,12
1883,7,5,12
1883,10,1,11
1883,9,3,12
1883,6,3,9
1883,13,11,24
1883,4,18,22
1883,7,1,8
1883,2,0,2
1883,5,4,9
1883,5,3,8
1883,6,6,12
1883,11,1,12
1883,9,6,15
1883,5,13,18
1883,4,0,4
1883,9,2,11
1883,8,5,13
1883,11,10,21
1883,8,5,13
1883,3,2,5
1883,7,5,12
1883,3,0,3
1883,6,2,8
1883,7,5,12
1883,3,14,17
1883,3,20,23
1883,4,1,5
1883,6,4,10
1883,3,0,3
1883,6,3,9
1883,2,10,12
1883,5,3,8
1883,4,2,6
1883,6,2,8
1883,6,2,8
1883,7,6,13
1883,7,2,9
1883,6,1,7
1883,5,1,6
1883,6,4,10
1883,4,1,5
1883,7,2,9
1883,3,15,18
1883,7,4,11
1883,5,10,15
1883,6,3,9
1884,7,3,10
1884,7,2,9
1884,2,14,16
1884,9,2,11
1884,7,6,13
1884,8,10,18
1884,9,6,15
1884,8,5,13
1884,8,12,20
1884,7,2,9
1884,18,1,19
1884,6,11,17
1884,5,15,20
1884,4,3,7
1884,3,2,5
1884,2,11,13
1884,7,6,13
1884,8,14,22
1884,7,4,11
1884,9,3,12
1884,6,10,16
1884,4,3,7
1884,7,1,8
1884,8,5,13
1884,8,5,13
1884,8,1,9
1884,5,16,21
1884,5,0,5
1884,2,15,17
1884,8,15,23
1884,5,3,8
1884,5,3,8
1884,9,10,19
1884,5,1,6
1884,3,15,18
1884,2,13,15
1884,2,1,3
1884,9,2,11
1884,4,2,6
1884,12,0,12
1884,3,16,19
1884,8,3,11
1884,11,10,21
1884,7,3,10
1884,8,5,13
1884,4,3,7
1884,7,4,11
1884,6,13,19
1884,3,0,3
1884,5,2,7
1884,2,11,13
1884,8,1,9
1884,7,5,12
1884,5,14,19
1884,17,11,28
1884,2,11,13
1884,12,11,23
1884,5,4,9
1884,6,4,10
1884,5,4,9
1884,3,11,14
1884,9,8,17
1884,3,0,3
1884,9,8,17
1884,5,4,9
1884,6,11,17
1884,2,1,3
1884,4,0,4
1884,2,12,14
1884,8,3,11
1884,3,11,14
1884,9,3,12
1884,5,13,18
1884,5,2,7
1884,2,1,3
1884,3,1,4
1884,7,12,19
1884,5,2,7
1884,6,1,7
1884,5,12,17
1884,3,2,5
1884,5,3,8
1884,6,3,9
1884,7,0,7
1884,8,1,9
1884,16,0,16
1884,6,4,10
1884,11,10,21
1884,8,3,11
1884,7,10,17
1884,1,0,1
1884,8,4,12
1884,13,0,13
1884,8,1,9
1884,22,2,24
1884,6,2,8
1884,6,2,8
1884,9,1,10
1884,7,4,11
1884,8,2,10
1884,5,0,5
1884,5,4,9
1884,7,4,11
1884,3,1,4
1884,8,2,10
1884,3,2,5
1884,4,12,16
1884,7,2,9
1884,9,4,13
1884,3,2,5
1884,5,13,18
1884,11,1,12
1884,9,7,16
1884,8,1,9
1884,8,2,10
1884,4,11,15
1884,9,7,16
1884,9,1,10
1884,6,16,22
1884,3,12,15
1884,8,4,12
1884,3,11,14
1884,3,2,5
1884,3,2,5
1884,7,6,13
1884,8,1,9
1884,6,3,9
1884,6,11,17
1884,3,10,13
1884,7,0,7
1884,4,0,4
1884,3,13,16
1884,12,1,13
1884,5,0,5
1884,9,6,15
1884,4,3,7
1884,3,2,5
1884,5,3,8
1884,5,20,25
1884,4,13,17
1884,6,1,7
1884,4,1,5
1884,6,2,8
1884,4,2,6
1884,4,2,6
1884,8,2,10
1884,8,2,10
1884,11,10,21
1884,8,2,10
1884,4,0,4
1884,4,2,6
1884,7,5,12
1884,3,25,28
1884,7,5,12
1884,9,6,15
1884,8,12,20
1884,7,6,13
1884,7,4,11
1884,9,11,20
1884,8,3,11
1884,5,3,8
1884,3,2,5
1884,6,3,9
1884,7,1,8
1884,8,0,8
1884,5,25,30
1884,7,5,12
1884,6,20,26
1884,7,11,18
1884,4,3,7
1884,6,10,16
1884,4,2,6
1884,8,3,11
1884,6,2,8
1884,4,14,18
1884,6,3,9
1884,9,0,9
1884,4,1,5
1884,6,4,10
1884,7,11,18
1884,9,8,17
1884,4,3,7
1884,9,7,16
1884,8,1,9
1884,7,0,7
1884,3,13,16
1884,8,2,10
1884,4,1,5
1884,4,12,16
1884,12,0,12
1884,2,16,18
1884,5,2,7
1884,8,16,24
1884,6,12,18
1884,2,0,2
1884,8,5,13
1884,7,5,12
1884,5,1,6
1884,6,3,9
1884,6,11,17
1884,4,2,6
1884,8,17,25
1884,10,1,11
1884,4,3,7
1884,5,0,5
1884,4,2,6
1884,10,1,11
1884,2,0,2
1884,7,0,7
1884,7,6,13
1884,12,0,12
1884,2,1,3
1884,7,2,9
1884,3,12,15
1884,3,0,3
1884,4,1,5
1884,5,3,8
1884,3,13,16
1884,3,12,15
1884,2,1,3
1884,3,0,3
1884,3,1,4
1884,3,13,16
1884,4,1,5
1884,8,7,15
1884,5,3,8
1884,6,10,16
1884,3,0,3
1884,6,2,8
1884,9,10,19
1884,2,12,14
1884,7,1,8
1884,6,3,9
1884,8,1,9
1884,4,12,16
1884,4,16,20
1884,8,7,15
1884,2,1,3
1884,3,0,3
1884,5,0,5
1884,3,10,13
1884,8,7,15
1884,9,3,12
1884,9,4,13
1884,8,1,9
1884,9,10,19
1884,3,2,5
1884,8,4,12
1884,4,3,7
1884,3,2,5
1884,2,14,16
1884,6,22,28
1884,5,1,6
1884,5,19,24
1884,8,3,11
1884,10,1,11
1884,13,0,13
1884,8,1,9
1884,2,11,13
1884,4,0,4
1884,5,2,7
1884,8,7,15
1884,5,1,6
1884,6,3,9
1884,4,0,4
1884,3,11,14
1884,2,0,2
1884,4,10,14
1884,8,14,22
1884,4,10,14
1884,3,2,5
1884,6,14,20
1884,7,6,13
1884,8,8,16
1884,4,1,5
1884,2,1,3
1884,7,6,13
1884,8,2,10
1884,4,3,7
1884,8,4,12
1884,4,1,5
1884,6,4,10
1884,4,2,6
1884,5,0,5
1884,3,10,13
1884,13,0,13
1884,2,0,2
1884,2,1,3
1884,7,6,13
1884,5,15,20
1884,3,1,4
1884,8,0,8
1884,11,1,12
1884,9,3,12
1884,9,6,15
1884,8,10,18
1884,5,0,5
1884,8,13,21
1884,9,0,9
1884,2,10,12
1884,5,0,5
1884,5,11,16
1884,2,11,13
1884,5,1,6
1884,11,10,21
1884,2,12,14
1884,4,12,16
1884,7,1,8
1884,9,5,14
1884,7,3,10
1884,6,5,11
1884,4,2,6
1884,4,10,14
1884,7,2,9
1884,5,11,16
1884,9,12,21
1884,9,2,11
1884,8,6,14
1884,2,1,3
1884,17,1,18
1884,10,1,11
1884,6,5,11
1884,5,3,8
1884,15,12,27
1884,16,1,17
1884,8,4,12
1884,6,12,18
1884,3,13,16
1884,9,7,16
1884,8,15,23
1884,12,0,12
1884,4,3,7
1884,6,5,11
1884,5,3,8
1884,5,0,5
1884,6,0,6
1884,5,4,9
1884,5,10,15
1884,7,2,9
1884,8,7,15
1884,10,1,11
1884,9,2,11
1884,5,3,8
1884,9,3,12
1884,3,0,3
1884,8,3,11
1884,4,4,8
1884,11,0,11
1884,6,11,17
1884,4,3,7
1884,13,1,14
1884,3,2,5
1884,6,10,16
1884,7,13,20
1884,7,12,19
1884,3,2,5
1884,8,7,15
1884,8,0,8
1884,7,10,17
1884,6,3,9
1884,9,1,10
1884,5,4,9
1884,7,13,20
1884,2,19,21
1884,4,0,4
1884,6,11,17
1884,8,3,11
1884,4,1,5
1884,15,12,27
1884,2,10,12
1884,6,10,16
1884,5,12,17
1884,5,4,9
1884,5,2,7
1884,6,5,11
1884,9,8,17
1884,11,10,21
1884,12,0,12
1884,4,2,6
1884,3,1,4
1884,2,11,13
1884,5,11,16
1884,7,6,13
1884,1,1,2
1884,7,5,12
1884,5,0,5
1884,3,2,5
1884,2,1,3
1884,6,13,19
1884,6,0,6
1884,6,5,11
1884,6,10,16
1884,6,2,8
1884,12,1,13
1884,5,13,18
1884,4,10,14
1884,4,19,23
1884,5,1,6
1884,11,10,21
1884,13,10,23
1884,4,10,14
1884,5,3,8
1884,3,12,15
1884,7,5,12
1884,8,0,8
1884,8,12,20
1884,6,4,10
1884,2,0,2
1884,9,3,12
1884,6,1,7
1884,6,13,19
1884,8,6,14
1884,3,1,4
1884,2,0,2
1884,3,10,13
1884,8,7,15
1884,3,2,5
1884,6,16,22
1884,7,2,9
1884,5,5,10
1884,8,4,12
1884,7,6,13
1884,7,11,18
1884,7,3,10
1884,4,1,5
1884,3,0,3
1884,3,1,4
1884,6,0,6
1884,4,4,8
1884,3,2,5
1884,9,7,16
1884,1,0,1
1884,4,3,7
1884,3,11,14
1884,7,5,12
1884,3,2,5
1884,2,13,15
1884,8,12,20
1884,7,5,12
1884,6,5,11
1884,4,3,7
1884,7,12,19
1884,9,1,10
1884,4,0,4
1884,2,0,2
1884,16,11,27
1884,8,5,13
1884,3,10,13
1884,4,3,7
1884,7,5,12
1884,8,4,12
1884,9,4,13
1884,4,10,14
1884,16,13,29
1884,8,4,12
1884,7,12,19
1884,9,6,15
1884,5,3,8
1884,9,20,29
1884,5,1,6
1884,6,0,6
1884,6,1,7
1884,2,0,2
1884,4,1,5
1884,7,2,9
1884,9,14,23
1884,13,1,14
1884,7,3,10
1884,1,0,1
1884,8,7,15
1884,7,6,13
1884,6,4,10
1884,7,6,13
1884,7,2,9
1884,11,1,12
1884,5,12,17
1884,9,3,12
1884,9,1,10
1884,7,5,12
1884,8,10,18
1884,9,0,9
1884,7,6,13
1884,7,11,18
1884,3,16,19
1884,6,1,7
1884,9,13,22
1884,7,14,21
1884,2,11,13
1884,4,2,6
1884,7,5,12
1884,6,11,17
1884,15,0,15
1884,6,2,8
1884,4,0,4
1884,2,18,20
1884,5,13,18
1884,7,6,13
1884,3,12,15
1884,3,1,4
1884,6,2,8
1884,6,5,11
1884,7,1,8
1884,3,2,5
1884,7,3,10
1884,6,1,7
1884,6,3,9
1884,5,0,5
1884,6,2,8
1884,9,11,20
1884,7,4,11
1884,7,11,18
1884,14,12,26
1884,13,1,14
1884,5,0,5
1884,10,0,10
1884,6,17,23
1884,4,2,6
1884,5,4,9
1884,6,4,10
1884,7,1,8
1884,8,2,10
1884,4,2,6
1884,7,1,8
1884,2,10,12
1884,3,12,15
1884,6,10,16
1884,8,3,11
1884,5,12,17
1884,5,1,6
1884,4,3,7
1884,6,5,11
1884,6,5,11
1884,6,5,11
1884,5,10,15
1884,8,17,25
1884,7,6,13
1884,6,13,19
1884,6,2,8
1884,8,4,12
1884,12,0,12
1884,1,0,1
1884,9,5,14
1884,6,1,7
1884,15,1,16
1884,9,3,12
1884,4,3,7
1884,2,1,3
1884,14,1,15
1884,3,0,3
1884,9,2,11
1884,8,6,14
1884,4,2,6
1884,6,3,9
1884,4,0,4
1884,4,21,25
1884,3,1,4
1884,2,15,17
1884,7,2,9
1884,7,3,10
1884,8,7,15
1884,7,4,11
1884,4,0,4
1884,6,0,6
1884,6,4,10
1884,4,1,5
1884,4,12,16
1884,4,15,19
1884,7,16,23
1884,3,11,14
1884,6,4,10
1884,4,1,5
1884,9,1,10
1884,8,7,15
1884,12,1,13
1884,8,3,11
1884,4,3,7
1884,4,13,17
1884,5,10,15
1884,4,3,7
1884,8,7,15
1884,6,0,6
1884,3,1,4
1884,7,6,13
1884,12,10,22
1884,7,12,19
1884,5,3,8
1884,4,13,17
1884,4,3,7
1884,16,0,16
1884,2,1,3
1884,6,1,7
1884,8,3,11
1884,7,10,17
1884,6,11,17
1884,9,10,19
1884,5,4,9
1884,6,2,8
1884,2,11,13
1884,6,0,6
1884,4,3,7
1884,2,1,3
1884,14,0,14
1884,3,10,13
1884,4,3,7
1884,5,16,21
1884,5,12,17
1884,6,0,6
1884,13,1,14
1884,5,11,16
1884,5,3,8
1884,6,3,9
1884,4,1,5
1884,7,2,9
1884,9,10,19
1884,4,2,6
1884,7,0,7
1884,16,1,17
1884,7,2,9
1884,9,3,12
1884,7,2,9
1884,15,12,27
1884,8,7,15
1884,7,18,25
1884,15,13,28
1884,6,2,8
1884,7,12,19
1884,9,2,11
1884,12,10,22
1884,6,2,8
1884,3,22,25
1884,3,1,4
1884,3,22,25
1884,4,2,6
1884,3,1,4
1884,2,1,3
1884,4,3,7
1884,4,3,7
1884,4,15,19
1884,3,1,4
1884,5,4,9
1884,8,2,10
1884,4,12,16
1884,7,11,18
1884,17,0,17
1884,8,11,19
1884,6,10,16
1884,7,2,9
1884,12,1,13
1884,8,4,12
1884,9,1,10
1884,5,17,22
1884,7,6,13
1884,6,0,6
1884,4,2,6
1884,2,17,19
1884,6,10,16
1884,3,12,15
1884,6,4,10
1884,3,0,3
1884,6,13,19
1884,3,2,5
1884,7,1,8
1884,4,3,7
1884,5,16,21
1884,5,1,6
1884,6,12,18
1884,9,14,23
1884,5,1,6
1884,5,0,5
1884,7,0,7
1884,3,11,14
1884,5,2,7
1884,6,11,17
1884,3,20,23
1884,2,11,13
1884,9,5,14
1884,6,5,11
1884,8,11,19
1884,10,1,11
1884,8,3,11
1884,4,10,14
1884,4,11,15
1884,5,4,9
1884,4,3,7
1884,7,1,8
1884,5,3,8
1884,5,1,6
1884,8,2,10
1884,8,4,12
1884,9,1,10
1884,2,12,14
1884,3,2,5
1884,7,1,8
1884,8,5,13
1884,5,1,6
1884,2,1,3
1884,4,3,7
1884,4,2,6
1884,5,4,9
1884,2,11,13
1884,6,4,10
1884,2,10,12
1884,2,19,21
1884,4,2,6
1884,3,17,20
1884,4,16,20
1884,2,0,2
1884,5,2,7
1884,4,0,4
1884,7,1,8
1884,7,4,11
1884,2,1,3
1884,15,10,25
1884,6,5,11
1884,8,4,12
1884,4,1,5
1884,9,3,12
1884,7,13,20
1884,15,12,27
1884,7,3,10
1884,12,10,22
1884,9,2,11
1884,5,4,9
1884,5,4,9
1884,11,0,11
1884,2,15,17
1884,12,10,22
1884,5,13,18
1884,5,13,18
1884,6,3,9
1884,6,1,7
1884,6,0,6
1884,3,2,5
1884,8,13,21
1884,9,6,15
1884,4,2,6
1884,4,3,7
1884,2,1,3
1884,4,2,6
1884,9,2,11
1884,14,0,14
1884,4,3,7
1884,6,0,6
1884,7,10,17
1884,4,2,6
1884,5,17,22
1884,5,1,6
1884,4,19,23
1884,5,2,7
1884,5,3,8
1884,2,1,3
1884,12,0,12
1884,5,4,9
1884,8,5,13
1884,3,2,5
1884,2,1,3
1884,5,2,7
1884,6,4,10
1884,3,2,5
1884,9,1,10
1884,7,12,19
1884,5,14,19
1884,2,11,13
1884,1,0,1
1884,6,5,11
1884,12,0,12
1884,5,2,7
1884,4,2,6
1884,7,5,12
1884,6,1,7
1884,13,12,25
1884,12,1,13
1884,1,0,1
1884,4,10,14
1884,8,4,12
1884,3,1,4
1884,5,11,16
1884,9,5,14
1884,6,1,7
1884,7,1,8
1884,3,0,3
1884,5,17,22
1884,8,6,14
1884,2,1,3
1884,4,0,4
1884,8,4,12
1884,4,0,4
1884,5,11,16
1884,8,11,19
1884,3,12,15
1884,3,2,5
1884,7,11,18
1884,4,14,18
1884,4,2,6
1884,3,11,14
1884,5,1,6
1884,6,4,10
1884,9,2,11
1884,3,2,5
1884,5,4,9
1884,6,10,16
1884,4,2,6
1884,9,8,17
1884,2,1,3
1884,2,10,12
1884,4,10,14
1884,5,1,6
1884,6,3,9
1884,16,13,29
1884,7,0,7
1884,9,7,16
1884,3,10,13
1884,8,6,14
1884,5,11,16
1884,2,0,2
1884,1,0,1
1884,7,6,13
1884,9,1,10
1884,7,2,9
1884,6,2,8
1884,5,3,8
1884,6,0,6
1884,9,5,14
1884,3,2,5
1884,8,4,12
1884,5,13,18
1884,6,5,11
1884,12,10,22
1884,8,1,9
1884,4,2,6
1884,4,0,4
1884,7,1,8
1884,4,10,14
1884,9,3,12
1884,2,1,3
1884,8,4,12
1884,7,6,13
1884,3,12,15
1884,9,3,12
1884,4,13,17
1884,3,16,19
1884,2,11,13
1884,1,0,1
1884,2,1,3
1884,8,7,15
1884,8,2,10
1884,6,2,8
1884,9,4,13
1884,6,2,8
1884,9,3,12
1884,8,13,21
1884,5,3,8
1884,8,2,10
1884,7,0,7
1884,9,1,10
1884,7,4,11
1884,4,11,15
1884,7,4,11
1884,1,0,1
1884,6,1,7
1884,8,16,24
1884,4,2,6
1884,6,5,11
1884,9,1,10
1884,2,1,3
1884,3,1,4
1884,9,3,12
1884,4,2,6
1884,5,11,16
1884,9,8,17
1884,8,8,16
1884,8,5,13
1884,19,11,30
1884,6,12,18
1884,9,2,11
1884,3,1,4
1884,3,0,3
1884,4,0,4
1884,3,0,3
1884,3,2,5
1884,2,11,13
1884,3,3,6
1884,9,2,11
1884,9,1,10
1884,20,1,21
1884,9,2,11
1884,3,1,4
1884,5,1,6
1884,5,2,7
1884,4,3,7
1884,7,6,13
1884,5,2,7
1884,7,3,10
1884,4,3,7
1884,4,1,5
1884,5,4,9
1884,8,5,13
1884,9,7,16
1884,8,10,18
1884,12,0,12
1884,2,0,2
1884,2,12,14
1884,8,6,14
1884,2,1,3
1884,9,2,11
1884,4,3,7
1884,7,2,9
1884,10,0,10
1884,6,5,11
1884,4,3,7
1884,3,0,3
1884,5,0,5
1884,4,1,5
1884,4,3,7
1884,9,2,11
1884,18,0,18
1884,7,11,18
1884,4,2,6
1884,7,2,9
1884,8,5,13
1884,2,14,16
1884,8,7,15
1884,6,3,9
1884,14,0,14
1884,8,0,8
1884,8,3,11
1884,4,13,17
1884,6,2,8
1884,6,3,9
1884,2,1,3
1884,4,1,5
1884,4,3,7
1884,6,0,6
1884,5,4,9
1884,8,6,14
1884,3,2,5
1884,3,2,5
1884,9,0,9
1884,9,8,17
1884,4,2,6
1884,7,1,8
1884,6,2,8
1884,8,5,13
1884,2,10,12
1884,5,4,9
1884,6,3,9
1884,8,6,14
1884,4,2,6
1884,7,1,8
1884,2,14,16
1884,1,0,1
1884,8,8,16
1884,9,2,11
1884,6,0,6
1884,9,2,11
1884,5,3,8
1884,1,0,1
1884,5,11,16
1884,8,2,10
1884,5,4,9
1884,7,2,9
1884,2,13,15
1884,5,5,10
1884,4,3,7
1884,4,12,16
1884,6,10,16
1884,7,4,11
1884,2,11,13
1884,2,12,14
1884,6,3,9
1884,4,10,14
1884,2,0,2
1884,5,3,8
1884,6,6,12
1884,3,11,14
1884,8,1,9
1884,4,1,5
1884,8,3,11
1884,3,1,4
1884,4,3,7
1884,5,2,7
1884,4,0,4
1884,8,1,9
1884,9,11,20
1884,5,4,9
1884,6,2,8
1884,5,13,18
1884,4,3,7
1884,6,3,9
1884,4,15,19
1884,9,2,11
1884,1,0,1
1884,6,4,10
1884,9,4,13
1884,8,7,15
1884,8,0,8
1884,7,3,10
1884,8,11,19
1884,3,2,5
1884,5,1,6
1884,17,10,27
1884,3,2,5
1884,8,4,12
1884,5,1,6
1884,8,2,10
1884,6,5,11
1884,1,0,1
1884,4,14,18
1884,7,11,18
1884,3,13,16
1884,4,3,7
1884,6,16,22
1884,7,4,11
1884,3,1,4
1884,3,2,5
1884,6,2,8
1884,7,5,12
1884,5,1,6
1884,4,0,4
1884,6,4,10
1884,8,14,22
1884,9,13,22
1884,7,6,13
1884,6,0,6
1884,8,2,10
1884,5,5,10
1884,8,10,18
1884,7,0,7
1884,3,2,5
1884,2,0,2
1884,5,3,8
1884,20,1,21
1884,5,4,9
1884,1,0,1
1884,4,10,14
1884,4,3,7
1884,8,1,9
1884,4,3,7
1884,6,4,10
1884,7,5,12
1884,6,1,7
1884,3,1,4
1884,11,1,12
1884,4,2,6
1884,3,12,15
1884,4,2,6
1884,9,1,10
1884,7,4,11
1884,5,1,6
1884,5,19,24
1884,6,14,20
1884,4,3,7
1884,9,9,18
1884,5,2,7
1884,5,2,7
1884,8,2,10
1884,4,12,16
1884,3,2,5
1884,9,1,10
1884,6,4,10
1884,2,0,2
1884,3,2,5
1884,4,4,8
1884,20,1,21
1884,5,3,8
1884,12,1,13
1884,8,6,14
1884,4,3,7
1884,3,2,5
1884,6,3,9
1884,5,2,7
1884,14,0,14
1884,7,3,10
1884,7,5,12
1884,4,3,7
1884,1,0,1
1884,5,3,8
1884,4,1,5
1884,5,4,9
1884,7,3,10
1884,3,2,5
1884,4,10,14
1884,2,11,13
1884,4,2,6
1884,6,1,7
1884,8,8,16
1884,9,3,12
1884,13,11,24
1884,6,0,6
1884,3,2,5
1884,9,0,9
1884,3,1,4
1884,8,3,11
1884,6,1,7
1884,5,4,9
1884,5,4,9
1884,3,1,4
1884,4,3,7
1884,9,4,13
1884,8,6,14
1884,4,4,8
1884,6,11,17
1884,5,3,8
1884,5,3,8
1884,7,1,8
1884,11,10,21
1884,3,2,5
1884,9,7,16
1884,6,0,6
1884,5,3,8
1884,9,7,16
1884,3,13,16
1884,2,0,2
1884,5,3,8
1884,7,5,12
1884,4,10,14
1884,5,3,8
1884,12,10,22
1884,5,4,9
1884,3,0,3
1884,5,4,9
1884,7,4,11
1884,2,10,12
1884,7,0,7
1884,6,4,10
1884,5,0,5
1884,7,2,9
1884,6,4,10
1884,9,2,11
1884,7,1,8
1884,5,0,5
1884,3,2,5
1884,6,5,11
1884,3,0,3
1884,4,3,7
1884,3,2,5
1884,2,15,17
1884,6,5,11
1884,9,2,11
1884,5,3,8
1884,6,5,11
1884,5,2,7
1884,5,1,6
1884,2,0,2
1884,9,1,10
1884,4,2,6
1884,2,1,3
1884,6,2,8
1884,13,0,13
1884,7,4,11
1884,4,1,5
1884,6,2,8
1884,5,10,15
1884,7,12,19
1884,6,5,11
1884,6,4,10
1884,4,1,5
1884,4,2,6
1884,4,2,6
1884,7,2,9
1884,8,3,11
1884,4,11,15
1884,4,0,4
1884,2,1,3
1884,9,7,16
1884,3,2,5
1884,4,2,6
1884,7,0,7
1884,6,4,10
1884,2,1,3
1884,9,3,12
1884,5,4,9
1884,10,1,11
1884,8,4,12
1884,3,13,16
1884,7,3,10
1884,6,6,12
1884,5,15,20
1884,7,2,9
1884,8,3,11
1884,5,1,6
1884,5,2,7
1884,7,5,12
1884,2,1,3
1884,3,1,4
1884,4,2,6
1884,6,5,11
1884,7,6,13
1884,8,13,21
1884,4,3,7
1884,5,2,7
1884,5,4,9
1884,7,2,9
1884,6,1,7
1884,5,18,23
1884,7,1,8
1884,2,1,3
1884,8,2,10
1884,3,10,13
1884,6,5,11
1884,3,2,5
1884,6,4,10
1884,3,0,3
1884,3,10,13
1884,4,2,6
1884,1,0,1
1884,7,3,10
1884,12,1,13
1884,2,1,3
1884,6,2,8
1884,9,11,20
1884,3,0,3
1884,15,10,25
1884,2,1,3
1884,9,3,12
1884,5,4,9
1884,8,10,18
1884,5,3,8
1884,3,17,20
1884,5,1,6
1884,2,2,4
1884,3,11,14
1884,2,0,2
1884,2,1,3
1884,4,0,4
1884,3,11,14
1884,4,1,5
1884,8,0,8
1884,9,1,10
1884,2,10,12
1884,10,1,11
1884,2,1,3
1884,3,13,16
1884,6,16,22
1884,5,3,8
1884,8,3,11
1884,7,1,8
1884,1,0,1
1884,2,11,13
1884,1,0,1
1884,13,10,23
1884,11,1,12
1884,4,2,6
1884,4,3,7
1884,2,1,3
1884,2,19,21
1884,9,1,10
1884,6,2,8
1884,3,3,6
1884,4,3,7
1884,6,2,8
1884,8,7,15
1884,8,2,10
1884,8,11,19
1884,5,4,9
1884,4,11,15
1884,2,11,13
1884,3,10,13
1884,6,11,17
1884,3,12,15
1884,2,13,15
1884,5,2,7
1884,6,1,7
1884,8,4,12
1884,12,1,13
1884,4,2,6
1884,4,3,7
1884,6,1,7
1884,7,4,11
1884,4,3,7
1884,4,13,17
1884,2,10,12
1884,6,4,10
1884,7,6,13
1884,6,0,6
1884,9,5,14
1884,7,4,11
1884,4,11,15
1884,8,4,12
1884,17,0,17
1884,3,12,15
1884,4,4,8
1884,11,0,11
1884,4,2,6
1884,6,1,7
1884,7,3,10
1884,9,4,13
1884,7,22,29
1884,5,3,8
1884,9,18,27
1884,4,1,5
1884,9,1,10
1884,3,1,4
1884,9,5,14
1884,4,12,16
1884,4,1,5
1884,6,5,11
1884,6,2,8
1884,3,0,3
1884,7,13,20
1884,5,3,8
1884,9,3,12
1884,5,2,7
1884,9,6,15
1884,9,6,15
1884,3,15,18
1884,2,1,3
1884,6,4,10
1884,3,18,21
1884,4,2,6
1884,7,4,11
1884,6,1,7
1884,3,0,3
1884,6,1,7
1884,8,4,12
1884,7,2,9
1884,6,1,7
1884,6,13,19
1884,7,4,11
1884,7,1,8
1884,10,10,20
1884,2,1,3
1884,4,1,5
1884,2,1,3
1884,2,1,3
1884,11,10,21
1884,4,2,6
1884,7,4,11
1884,4,15,19
1884,4,3,7
1884,3,16,19
1884,7,6,13
1884,12,0,12
1884,5,0,5
1884,3,0,3
1884,5,2,7
1884,9,0,9
1884,4,3,7
1884,4,3,7
1884,6,4,10
1884,5,5,10
1884,5,18,23
1884,1,1,2
1884,1,0,1
1884,6,0,6
1884,9,4,13
1884,8,3,11
1884,5,3,8
1884,3,2,5
1884,8,6,14
1884,7,6,13
1884,2,14,16
1884,3,10,13
1884,3,0,3
1884,6,5,11
1884,7,3,10
1884,5,3,8
1884,4,15,19
1884,2,10,12
1884,2,2,4
1884,7,10,17
1884,8,3,11
1884,2,10,12
1884,9,5,14
1884,2,17,19
1884,12,10,22
1884,5,1,6
1884,4,10,14
1884,15,10,25
1884,9,11,20
1884,6,1,7
1884,6,5,11
1884,3,0,3
1884,9,4,13
1884,5,12,17
1884,8,4,12
1884,7,13,20
1884,6,1,7
1884,5,0,5
1884,12,1,13
1884,5,10,15
1884,6,3,9
1884,6,4,10
1884,5,0,5
1884,5,2,7
1884,7,5,12
1884,7,1,8
1884,8,1,9
1884,2,0,2
1884,1,0,1
1884,5,4,9
1884,2,17,19
1884,3,0,3
1884,6,1,7
1884,3,1,4
1884,5,4,9
1884,5,3,8
1884,2,0,2
1884,3,0,3
1884,4,3,7
1884,3,10,13
1884,7,0,7
1884,1,0,1
1884,2,1,3
1884,4,1,5
1884,2,1,3
1884,2,1,3
1884,4,3,7
1884,5,0,5
1884,4,2,6
1884,9,5,14
1884,6,2,8
1884,6,0,6
1884,5,2,7
1884,5,10,15
1884,8,5,13
1884,2,11,13
1884,5,13,18
1884,7,6,13
1884,6,1,7
1884,5,4,9
1884,5,4,9
1884,3,14,17
1884,8,3,11
1884,8,5,13
1884,4,1,5
1884,7,3,10
1884,6,2,8
1884,7,5,12
1884,11,1,12
1884,4,3,7
1884,7,5,12
1884,2,0,2
1884,5,4,9
1884,7,0,7
1884,4,15,19
1884,7,5,12
1884,6,5,11
1884,6,4,10
1884,3,1,4
1884,1,0,1
1884,7,13,20
1884,7,6,13
1884,6,5,11
1884,5,3,8
1884,6,2,8
1884,2,2,4
1884,4,0,4
1884,8,8,16
1884,8,0,8
1884,7,3,10
1884,6,4,10
1884,4,4,8
1884,9,7,16
1884,5,1,6
1884,8,3,11
1884,3,2,5
1884,6,6,12
1884,9,2,11
1884,9,5,14
1884,6,2,8
1884,2,15,17
1884,6,3,9
1884,7,7,14
1884,8,1,9
1884,5,12,17
1884,7,19,26
1884,3,11,14
1884,6,10,16
1884,9,5,14
1884,7,2,9
1884,7,4,11
1884,5,1,6
1884,6,2,8
1884,9,3,12
1884,5,10,15
1884,11,1,12
1884,7,25,32
1884,4,3,7
1884,2,11,13
1884,4,3,7
1884,2,2,4
1884,5,1,6
1884,3,1,4
1884,9,1,10
1884,4,15,19
1884,2,1,3
1884,5,14,19
1884,5,4,9
1884,7,3,10
1884,3,12,15
1884,8,1,9
1884,9,2,11
1884,8,5,13
1884,7,7,14
1884,4,1,5
1884,2,0,2
1884,6,11,17
1884,5,11,16
1884,4,4,8
1884,5,2,7
1884,8,10,18
1884,2,2,4
1884,5,4,9
1884,5,2,7
1884,15,11,26
1884,4,3,7
1884,3,1,4
1884,3,2,5
1884,6,3,9
1884,14,1,15
1884,3,14,17
1884,8,0,8
1884,4,3,7
1884,5,2,7
1884,4,3,7
1884,3,10,13
1884,7,5,12
1884,9,8,17
1884,13,0,13
1884,6,1,7
1884,5,3,8
1884,2,13,15
1884,7,14,21
1884,8,0,8
1884,9,4,13
1884,7,2,9
1884,4,10,14
1884,7,5,12
1884,5,1,6
1884,7,11,18
1884,12,1,13
1884,5,0,5
1885,2,13,15
1885,7,0,7
1885,4,1,5
1885,3,0,3
1885,7,3,10
1885,3,1,4
1885,5,4,9
1885,7,4,11
1885,4,3,7
1885,2,1,3
1885,8,4,12
1885,11,0,11
1885,9,3,12
1885,6,4,10
1885,9,3,12
1885,2,1,3
1885,6,5,11
1885,7,6,13
1885,8,13,21
1885,2,12,14
1885,9,2,11
1885,8,2,10
1885,3,2,5
1885,5,3,8
1885,8,1,9
1885,2,0,2
1885,3,2,5
1885,5,4,9
1885,5,0,5
1885,4,0,4
1885,6,0,6
1885,5,3,8
1885,4,3,7
1885,12,1,13
1885,2,1,3
1885,3,2,5
1885,8,3,11
1885,9,5,14
1885,9,5,14
1885,8,2,10
1885,4,10,14
1885,8,0,8
1885,2,1,3
1885,8,2,10
1885,3,2,5
1885,16,1,17
1885,7,6,13
1885,4,2,6
1885,7,10,17
1885,9,5,14
1885,4,10,14
1885,8,5,13
1885,2,0,2
1885,3,0,3
1885,7,2,9
1885,4,17,21
1885,7,3,10
1885,4,12,16
1885,4,3,7
1885,9,8,17
1885,8,1,9
1885,5,3,8
1885,9,6,15
1885,7,4,11
1885,3,2,5
1885,3,1,4
1885,13,1,14
1885,4,13,17
1885,8,3,11
1885,3,10,13
1885,5,2,7
1885,6,1,7
1885,3,13,16
1885,7,6,13
1885,4,0,4
1885,9,1,10
1885,1,0,1
1885,5,15,20
1885,3,16,19
1885,8,5,13
1885,7,6,13
1885,3,0,3
1885,9,1,10
1885,5,4,9
1885,8,4,12
1885,3,10,13
1885,9,4,13
1885,4,13,17
1885,8,6,14
1885,6,5,11
1885,5,10,15
1885,2,10,12
1885,8,17,25
1885,5,1,6
1885,8,4,12
1885,3,10,13
1885,7,3,10
1885,14,10,24
1885,3,1,4
1885,7,10,17
1885,9,3,12
1885,8,2,10
1885,6,2,8
1885,3,11,14
1885,8,5,13
1885,5,3,8
1885,3,0,3
1885,5,2,7
1885,6,5,11
1885,2,0,2
1885,5,3,8
1885,4,3,7
1885,6,3,9
1885,3,0,3
1885,4,2,6
1885,7,2,9
1885,7,5,12
1885,4,13,17
1885,8,7,15
1885,3,0,3
1885,4,13,17
1885,6,5,11
1885,4,3,7
1885,4,15,19
1885,7,12,19
1885,7,6,13
1885,7,0,7
1885,8,11,19
1885,5,13,18
1885,12,1,13
1885,4,12,16
1885,9,11,20
1885,2,10,12
1885,8,11,19
1885,9,2,11
1885,6,3,9
1885,2,15,17
1885,4,14,18
1885,4,10,14
1885,9,8,17
1885,2,10,12
1885,4,2,6
1885,11,10,21
1885,4,3,7
1885,9,3,12
1885,10,0,10
1885,8,3,11
1885,9,11,20
1885,14,1,15
1885,5,4,9
1885,9,4,13
1885,12,1,13
1885,2,0,2
1885,6,5,11
1885,6,1,7
1885,6,2,8
1885,5,0,5
1885,7,1,8
1885,7,6,13
1885,2,12,14
1885,2,10,12
1885,1,0,1
1885,7,2,9
1885,11,0,11
1885,7,6,13
1885,3,1,4
1885,7,3,10
1885,11,10,21
1885,5,10,15
1885,8,6,14
1885,3,2,5
1885,2,1,3
1885,6,4,10
1885,9,16,25
1885,24,0,24
1885,4,3,7
1885,6,1,7
1885,6,2,8
1885,7,2,9
1885,4,3,7
1885,8,4,12
1885,11,0,11
1885,4,0,4
1885,5,11,16
1885,6,4,10
1885,9,4,13
1885,14,10,24
1885,4,11,15
1885,4,3,7
1885,9,10,19
1885,4,1,5
1885,9,16,25
1885,9,7,16
1885,7,0,7
1885,4,1,5
1885,4,3,7
1885,8,6,14
1885,6,2,8
1885,8,4,12
1885,4,10,14
1885,9,7,16
1885,6,0,6
1885,9,7,16
1885,3,2,5
1885,5,3,8
1885,7,1,8
1885,5,0,5
1885,6,10,16
1885,3,1,4
1885,8,12,20
1885,2,1,3
1885,11,0,11
1885,6,5,11
1885,4,1,5
1885,4,10,14
1885,8,7,15
1885,8,4,12
1885,12,1,13
1885,5,4,9
1885,5,2,7
1885,4,2,6
1885,8,3,11
1885,4,3,7
1885,3,2,5
1885,7,4,11
1885,5,4,9
1885,12,10,22
1885,5,4,9
1885,5,21,26
1885,2,13,15
1885,6,2,8
1885,9,2,11
1885,7,3,10
1885,7,4,11
1885,5,11,16
1885,6,5,11
1885,2,0,2
1885,9,8,17
1885,6,4,10
1885,14,11,25
1885,1,0,1
1885,8,10,18
1885,4,10,14
1885,6,1,7
1885,2,10,12
1885,4,1,5
1885,7,5,12
1885,5,10,15
1885,6,0,6
1885,4,2,6
1885,13,1,14
1885,7,3,10
1885,3,13,16
1885,2,1,3
1885,8,12,20
1885,6,4,10
1885,2,1,3
1885,7,2,9
1885,6,3,9
1885,4,3,7
1885,3,2,5
1885,6,4,10
1885,6,4,10
1885,8,17,25
1885,2,0,2
1885,11,10,21
1885,9,11,20
1885,7,3,10
1885,9,17,26
1885,5,2,7
1885,2,19,21
1885,7,4,11
1885,6,2,8
1885,9,11,20
1885,9,3,12
1885,5,13,18
1885,8,4,12
1885,5,3,8
1885,9,2,11
1885,4,11,15
1885,8,6,14
1885,5,4,9
1885,14,1,15
1885,4,3,7
1885,5,0,5
1885,6,3,9
1885,5,18,23
1885,5,3,8
1885,10,0,10
1885,8,1,9
1885,3,2,5
1885,9,7,16
1885,4,10,14
1885,7,1,8
1885,2,11,13
1885,3,1,4
1885,7,4,11
1885,5,4,9
1885,6,5,11
1885,8,0,8
1885,4,3,7
1885,9,8,17
1885,8,10,18
1885,6,3,9
1885,9,5,14
1885,3,0,3
1885,5,4,9
1885,10,0,10
1885,9,8,17
1885,5,0,5
1885,8,11,19
1885,3,10,13
1885,3,1,4
1885,2,1,3
1885,6,2,8
1885,7,6,13
1885,7,4,11
1885,5,3,8
1885,2,13,15
1885,11,0,11
1885,5,3,8
1885,7,6,13
1885,6,2,8
1885,4,0,4
1885,4,10,14
1885,6,13,19
1885,2,12,14
1885,7,6,13
1885,7,6,13
1885,6,3,9
1885,8,3,11
1885,21,14,35
1885,2,0,2
1885,8,6,14
1885,7,0,7
1885,5,2,7
1885,6,1,7
1885,9,1,10
1885,7,5,12
1885,9,13,22
1885,4,3,7
1885,9,4,13
1885,8,11,19
1885,7,5,12
1885,2,1,3
1885,5,4,9
1885,8,12,20
1885,2,10,12
1885,5,14,19
1885,5,1,6
1885,4,3,7
1885,9,4,13
1885,8,4,12
1885,5,12,17
1885,4,0,4
1885,14,10,24
1885,4,1,5
1885,12,11,23
1885,4,3,7
1885,3,2,5
1885,9,16,25
1885,18,11,29
1885,9,13,22
1885,1,0,1
1885,5,2,7
1885,9,15,24
1885,9,4,13
1885,5,4,9
1885,6,5,11
1885,8,4,12
1885,24,10,34
1885,2,1,3
1885,4,1,5
1885,12,11,23
1885,9,11,20
1885,1,0,1
1885,4,0,4
1885,5,3,8
1885,6,4,10
1885,6,5,11
1885,6,2,8
1885,6,1,7
1885,2,1,3
1885,3,2,5
1885,5,10,15
1885,7,2,9
1885,6,3,9
1885,6,3,9
1885,5,1,6
1885,3,2,5
1885,8,3,11
1885,6,11,17
1885,7,13,20
1885,2,1,3
1885,8,4,12
1885,6,11,17
1885,7,2,9
1885,2,1,3
1885,4,0,4
1885,5,2,7
1885,7,6,13
1885,5,18,23
1885,7,4,11
1885,9,3,12
1885,7,4,11
1885,8,0,8
1885,5,4,9
1885,7,12,19
1885,4,3,7
1885,9,10,19
1885,5,1,6
1885,2,13,15
1885,9,8,17
1885,3,10,13
1885,5,13,18
1885,8,3,11
1885,6,2,8
1885,8,5,13
1885,4,2,6
1885,3,2,5
1885,4,1,5
1885,17,0,17
1885,5,2,7
1885,6,5,11
1885,6,13,19
1885,5,2,7
1885,4,10,14
1885,4,1,5
1885,8,12,20
1885,7,5,12
1885,4,2,6
1885,3,2,5
1885,7,2,9
1885,6,1,7
1885,9,8,17
1885,5,4,9
1885,4,2,6
1885,2,0,2
1885,5,4,9
1885,8,2,10
1885,6,5,11
1885,6,3,9
1885,8,0,8
1885,6,4,10
1885,9,5,14
1885,4,2,6
1885,7,1,8
1885,9,1,10
1885,5,2,7
1885,5,0,5
1885,7,10,17
1885,3,0,3
1885,2,0,2
1885,5,2,7
1885,7,0,7
1885,4,2,6
1885,3,13,16
1885,3,0,3
1885,6,4,10
1885,7,6,13
1885,5,0,5
1885,8,4,12
1885,9,3,12
1885,9,13,22
1885,7,5,12
1885,8,13,21
1885,9,6,15
1885,6,5,11
1885,4,2,6
1885,12,1,13
1885,13,11,24
1885,3,2,5
1885,6,5,11
1885,6,5,11
1885,8,3,11
1885,4,3,7
1885,3,2,5
1885,8,4,12
1885,5,4,9
1885,6,1,7
1885,8,3,11
1885,3,0,3
1885,6,2,8
1885,9,2,11
1885,7,3,10
1885,3,2,5
1885,8,1,9
1885,5,3,8
1885,4,3,7
1885,6,3,9
1885,8,7,15
1885,7,6,13
1885,8,7,15
1885,6,0,6
1885,7,5,12
1885,2,1,3
1885,7,12,19
1885,6,3,9
1885,7,2,9
1885,3,1,4
1885,6,5,11
1885,5,3,8
1885,3,0,3
1885,2,12,14
1885,3,2,5
1885,4,3,7
1885,3,15,18
1885,2,19,21
1885,7,2,9
1885,6,5,11
1885,9,7,16
1885,5,14,19
1885,5,1,6
1885,6,10,16
1885,8,7,15
1885,3,0,3
1885,2,1,3
1885,2,1,3
1885,6,4,10
1885,8,1,9
1885,6,0,6
1885,9,6,15
1885,6,3,9
1885,6,1,7
1885,4,0,4
1885,2,1,3
1885,6,1,7
1885,8,7,15
1885,3,1,4
1885,6,12,18
1885,6,3,9
1885,4,11,15
1885,9,5,14
1885,1,0,1
1885,6,4,10
1885,3,2,5
1885,2,11,13
1885,7,10,17
1885,3,2,5
1885,3,1,4
1885,2,0,2
1885,4,2,6
1885,7,10,17
1885,7,10,17
1885,3,2,5
1885,8,2,10
1885,7,10,17
1885,9,0,9
1885,4,1,5
1885,5,1,6
1885,7,5,12
1885,7,6,13
1885,6,5,11
1885,3,1,4
1885,4,0,4
1885,4,1,5
1885,4,3,7
1885,7,2,9
1885,9,11,20
1885,3,1,4
1885,5,1,6
1885,4,2,6
1885,4,1,5
1885,7,1,8
1885,3,13,16
1885,5,4,9
1885,5,3,8
1885,8,7,15
1885,3,1,4
1885,6,0,6
1885,4,3,7
1885,3,2,5
1885,3,2,5
1885,5,2,7
1885,1,0,1
1885,9,5,14
1885,3,1,4
1885,4,0,4
1885,8,10,18
1885,4,3,7
1885,3,2,5
1885,8,3,11
1885,3,2,5
1885,5,4,9
1885,7,3,10
1885,4,3,7
1885,7,5,12
1885,7,0,7
1885,2,10,12
1885,6,3,9
1885,12,0,12
1885,9,10,19
1885,5,2,7
1885,7,2,9
1885,8,4,12
1885,2,12,14
1885,4,1,5
1885,4,4,8
1885,5,1,6
1885,3,1,4
1885,3,10,13
1885,3,2,5
1885,9,7,16
1885,5,4,9
1885,12,0,12
1885,2,0,2
1885,3,14,17
1885,4,3,7
1885,5,3,8
1885,2,1,3
1885,7,3,10
1885,8,1,9
1885,3,2,5
1885,6,0,6
1885,9,4,13
1885,7,2,9
1885,6,17,23
1885,7,2,9
1885,7,4,11
1885,7,2,9
1885,6,11,17
1885,8,4,12
1885,2,12,14
1885,4,1,5
1885,11,10,21
1885,3,11,14
1885,9,4,13
1885,4,2,6
1885,6,3,9
1885,8,3,11
1885,9,4,13
1885,6,4,10
1885,9,7,16
1885,7,3,10
1885,21,10,31
1885,7,2,9
1885,3,1,4
1885,8,1,9
1885,4,10,14
1885,6,3,9
1885,3,2,5
1885,5,4,9
1885,3,0,3
1885,4,3,7
1885,6,4,10
1885,8,3,11
1885,7,4,11
1885,6,4,10
1885,9,1,10
1885,8,10,18
1885,7,1,8
1885,5,4,9
1885,11,10,21
1885,16,1,17
1885,5,3,8
1885,7,1,8
1885,7,0,7
1885,5,3,8
1885,7,0,7
1885,5,1,6
1885,8,6,14
1885,9,4,13
1885,9,0,9
1885,7,4,11
1885,3,2,5
1885,6,1,7
1885,7,3,10
1885,5,10,15
1885,2,13,15
1885,2,0,2
1885,9,5,14
1885,8,0,8
1885,7,13,20
1885,3,2,5
1885,2,1,3
1885,6,0,6
1885,8,2,10
1885,7,10,17
1885,5,1,6
1885,7,5,12
1885,6,5,11
1885,4,2,6
1885,1,0,1
1885,8,2,10
1885,6,3,9
1885,2,1,3
1885,3,0,3
1885,5,1,6
1885,6,14,20
1885,3,1,4
1885,4,2,6
1885,2,1,3
1885,7,4,11
1885,4,10,14
1885,9,16,25
1885,7,1,8
1885,1,0,1
1885,6,5,11
1885,10,0,10
1885,9,5,14
1885,6,1,7
1885,6,1,7
1885,6,16,22
1885,4,1,5
1885,5,1,6
1885,8,4,12
1885,7,6,13
1885,2,0,2
1885,8,3,11
1885,4,3,7
1885,9,12,21
1885,6,3,9
1885,3,18,21
1885,9,6,15
1885,2,1,3
1885,5,14,19
1885,11,1,12
1885,4,10,14
1885,3,18,21
1885,5,4,9
1885,6,5,11
1885,4,0,4
1885,5,2,7
1885,4,12,16
1885,6,3,9
1885,2,1,3
1885,7,2,9
1885,6,0,6
1885,5,1,6
1885,4,0,4
1885,5,2,7
1885,6,2,8
1885,4,3,7
1885,2,0,2
1885,2,1,3
1885,9,6,15
1885,2,0,2
1885,3,1,4
1885,7,3,10
1885,4,10,14
1885,4,2,6
1885,8,7,15
1885,1,0,1
1885,1,1,2
1885,6,1,7
1885,7,3,10
1885,2,0,2
1885,3,2,5
1885,3,1,4
1885,7,2,9
1885,5,2,7
1885,8,3,11
1885,7,5,12
1885,8,1,9
1885,4,2,6
1885,8,1,9
1885,3,1,4
1885,7,5,12
1885,3,0,3
1885,9,1,10
1885,3,10,13
1885,2,0,2
1885,6,4,10
1885,6,5,11
1885,4,2,6
1885,4,1,5
1885,2,0,2
1885,2,1,3
1885,8,3,11
1885,6,3,9
1885,2,10,12
1885,7,3,10
1885,1,0,1
1885,3,1,4
1885,7,2,9
1885,8,4,12
1885,1,0,1
1885,3,2,5
1885,6,0,6
1885,7,3,10
1885,9,10,19
1885,8,3,11
1885,4,10,14
1885,6,2,8
1885,5,1,6
1885,6,15,21
1885,6,4,10
1885,6,3,9
1885,6,4,10
1885,2,1,3
1885,6,12,18
1885,1,0,1
1885,4,2,6
1885,5,13,18
1885,2,12,14
1885,9,8,17
1885,7,3,10
1885,2,12,14
1885,6,3,9
1885,8,2,10
1885,3,10,13
1885,6,5,11
1885,9,3,12
1885,11,10,21
1885,7,0,7
1885,10,0,10
1885,6,3,9
1885,6,11,17
1885,3,2,5
1885,8,5,13
1885,4,1,5
1885,5,0,5
1885,9,14,23
1885,3,11,14
1885,8,16,24
1885,5,12,17
1885,2,17,19
1885,7,4,11
1885,5,10,15
1885,2,1,3
1885,4,2,6
1885,6,4,10
1885,6,3,9
1885,6,3,9
1885,3,11,14
1885,5,2,7
1885,4,1,5
1885,6,1,7
1885,5,10,15
1885,6,3,9
1885,15,1,16
1885,3,21,24
1885,5,4,9
1885,6,5,11
1885,6,0,6
1885,6,10,16
1885,4,1,5
1885,7,2,9
1885,3,2,5
1885,5,2,7
1885,4,2,6
1885,2,10,12
1885,2,14,16
1885,4,10,14
1885,6,4,10
1885,3,12,15
1885,7,10,17
1885,8,7,15
1885,7,4,11
1885,13,1,14
1885,3,1,4
1885,6,3,9
1885,5,3,8
1885,15,1,16
1885,5,13,18
1885,2,1,3
1885,8,5,13
1885,3,1,4
1885,5,2,7
1885,8,3,11
1885,7,3,10
1885,8,13,21
1885,8,7,15
1885,8,3,11
1885,6,10,16
1885,5,1,6
1885,4,3,7
1885,3,3,6
1885,18,0,18
1885,8,12,20
1885,4,10,14
1885,9,1,10
1885,5,2,7
1885,9,4,13
1885,3,2,5
1885,7,4,11
1885,4,0,4
1885,6,1,7
1885,7,1,8
1885,5,1,6
1885,5,3,8
1885,7,6,13
1885,8,3,11
1885,12,11,23
1885,3,2,5
1885,5,0,5
1885,3,0,3
1885,7,3,10
1885,3,10,13
1886,4,1,5
1886,5,1,6
1886,3,10,13
1886,4,3,7
1886,8,4,12
1886,5,10,15
1886,2,0,2
1886,4,1,5
1886,6,5,11
1886,2,10,12
1886,9,2,11
1886,7,3,10
1886,11,10,21
1886,6,12,18
1886,7,13,20
1886,2,18,20
1886,12,1,13
1886,6,3,9
1886,9,8,17
1886,7,6,13
1886,6,5,11
1886,9,3,12
1886,7,13,20
1886,6,14,20
1886,4,3,7
1886,14,10,24
1886,9,15,24
1886,16,10,26
1886,8,3,11
1886,6,3,9
1886,5,3,8
1886,14,12,26
1886,2,1,3
1886,8,3,11
1886,3,20,23
1886,8,7,15
1886,2,1,3
1886,4,3,7
1886,7,3,10
1886,9,14,23
1886,9,4,13
1886,5,4,9
1886,8,3,11
1886,9,2,11
1886,6,3,9
1886,7,1,8
1886,6,5,11
1886,2,10,12
1886,7,4,11
1886,8,6,14
1886,3,12,15
1886,6,6,12
1886,8,1,9
1886,8,17,25
1886,7,4,11
1886,3,2,5
1886,5,4,9
1886,9,6,15
1886,9,2,11
1886,19,19,38
1886,5,10,15
1886,4,11,15
1886,9,10,19
1886,6,3,9
1886,7,6,13
1886,7,3,10
1886,12,11,23
1886,3,1,4
1886,5,2,7
1886,3,10,13
1886,4,11,15
1886,7,14,21
1886,6,5,11
1886,8,3,11
1886,6,5,11
1886,4,3,7
1886,4,2,6
1886,9,6,15
1886,12,11,23
1886,15,13,28
1886,5,1,6
1886,7,2,9
1886,2,1,3
1886,4,13,17
1886,6,0,6
1886,6,2,8
1886,8,1,9
1886,6,0,6
1886,7,5,12
1886,5,4,9
1886,5,21,26
1886,9,6,15
1886,2,0,2
1886,5,4,9
1886,2,0,2
1886,7,1,8
1886,9,2,11
1886,4,2,6
1886,5,3,8
1886,4,13,17
1886,5,1,6
1886,10,0,10
1886,9,1,10
1886,9,7,16
1886,5,2,7
1886,5,2,7
1886,9,5,14
1886,9,7,16
1886,8,7,15
1886,7,3,10
1886,7,3,10
1886,4,3,7
1886,4,2,6
1886,2,16,18
1886,2,1,3
1886,5,4,9
1886,4,2,6
1886,9,1,10
1886,4,1,5
1886,4,2,6
1886,8,2,10
1886,9,2,11
1886,6,2,8
1886,5,13,18
1886,7,13,20
1886,7,6,13
1886,8,7,15
1886,7,3,10
1886,6,2,8
1886,5,3,8
1886,4,3,7
1886,6,4,10
1886,7,12,19
1886,7,5,12
1886,1,0,1
1886,7,2,9
1886,4,14,18
1886,9,11,20
1886,8,14,22
1886,6,11,17
1886,7,4,11
1886,9,5,14
1886,7,2,9
1886,7,2,9
1886,6,4,10
1886,6,3,9
1886,4,2,6
1886,8,7,15
1886,1,0,1
1886,8,10,18
1886,2,0,2
1886,5,4,9
1886,7,1,8
1886,8,2,10
1886,6,5,11
1886,6,4,10
1886,9,2,11
1886,6,3,9
1886,8,7,15
1886,3,1,4
1886,6,3,9
1886,7,1,8
1886,2,1,3
1886,5,3,8
1886,9,5,14
1886,3,13,16
1886,9,1,10
1886,5,4,9
1886,8,7,15
1886,6,3,9
1886,13,12,25
1886,6,5,11
1886,8,5,13
1886,7,4,11
1886,5,4,9
1886,4,10,14
1886,8,11,19
1886,6,1,7
1886,6,4,10
1886,8,6,14
1886,18,10,28
1886,9,10,19
1886,7,3,10
1886,9,4,13
1886,9,6,15
1886,6,5,11
1886,6,4,10
1886,5,4,9
1886,5,1,6
1886,3,1,4
1886,8,5,13
1886,7,0,7
1886,4,1,5
1886,7,3,10
1886,4,1,5
1886,8,1,9
1886,15,1,16
1886,20,0,20
1886,4,0,4
1886,9,4,13
1886,7,4,11
1886,6,11,17
1886,18,1,19
1886,3,11,14
1886,1,0,1
1886,9,3,12
1886,5,15,20
1886,4,0,4
1886,4,2,6
1886,8,2,10
1886,8,6,14
1886,9,6,15
1886,4,1,5
1886,10,1,11
1886,6,5,11
1886,4,1,5
1886,5,14,19
1886,5,12,17
1886,4,3,7
1886,7,2,9
1886,4,2,6
1886,8,4,12
1886,7,12,19
1886,6,16,22
1886,3,0,3
1886,2,1,3
1886,6,4,10
1886,6,2,8
1886,9,0,9
1886,7,3,10
1886,7,1,8
1886,6,1,7
1886,8,6,14
1886,6,4,10
1886,9,5,14
1886,2,11,13
1886,6,5,11
1886,9,3,12
1886,12,11,23
1886,5,12,17
1886,4,1,5
1886,3,2,5
1886,5,13,18
1886,7,12,19
1886,4,10,14
1886,2,10,12
1886,7,3,10
1886,8,16,24
1886,2,1,3
1886,1,1,2
1886,7,4,11
1886,14,10,24
1886,4,10,14
1886,4,0,4
1886,3,0,3
1886,3,1,4
1886,8,4,12
1886,3,2,5
1886,3,18,21
1886,8,6,14
1886,3,2,5
1886,6,4,10
1886,7,7,14
1886,5,1,6
1886,3,0,3
1886,5,1,6
1886,3,1,4
1886,9,11,20
1886,9,14,23
1886,9,3,12
1886,3,2,5
1886,8,4,12
1886,9,10,19
1886,7,6,13
1886,4,1,5
1886,5,1,6
1886,7,16,23
1886,9,4,13
1886,2,0,2
1886,5,1,6
1886,3,2,5
1886,4,3,7
1886,3,2,5
1886,7,11,18
1886,10,1,11
1886,8,7,15
1886,5,3,8
1886,9,5,14
1886,9,5,14
1886,4,3,7
1886,6,5,11
1886,3,1,4
1886,8,2,10
1886,6,5,11
1886,7,14,21
1886,2,0,2
1886,3,2,5
1886,3,1,4
1886,5,0,5
1886,4,2,6
1886,2,0,2
1886,5,3,8
1886,6,1,7
1886,6,11,17
1886,4,1,5
1886,3,2,5
1886,7,10,17
1886,8,1,9
1886,7,2,9
1886,5,1,6
1886,4,4,8
1886,9,2,11
1886,5,2,7
1886,5,4,9
1886,6,5,11
1886,4,1,5
1886,1,0,1
1886,3,2,5
1886,3,11,14
1886,4,3,7
1886,4,11,15
1886,5,3,8
1886,8,2,10
1886,4,10,14
1886,5,4,9
1886,9,4,13
1886,11,0,11
1886,4,2,6
1886,5,4,9
1886,14,1,15
1886,7,3,10
1886,2,1,3
1886,6,2,8
1886,3,2,5
1886,7,12,19
1886,9,7,16
1886,8,0,8
1886,6,5,11
1886,4,1,5
1886,6,2,8
1886,7,3,10
1886,4,1,5
1886,8,7,15
1886,8,2,10
1886,5,4,9
1886,6,2,8
1886,6,10,16
1886,8,5,13
1886,5,3,8
1886,9,4,13
1886,8,10,18
1886,3,0,3
1886,7,1,8
1886,25,1,26
1886,9,8,17
1886,7,10,17
1886,5,12,17
1886,7,6,13
1886,2,1,3
1886,2,10,12
1886,7,5,12
1886,5,16,21
1886,2,1,3
1886,5,19,24
1886,7,5,12
1886,1,0,1
1886,5,1,6
1886,1,0,1
1886,2,0,2
1886,4,3,7
1886,4,2,6
1886,9,1,10
1886,3,2,5
1886,4,12,16
1886,11,10,21
1886,7,12,19
1886,4,3,7
1886,9,1,10
1886,8,6,14
1886,5,0,5
1886,4,2,6
1886,12,1,13
1886,6,3,9
1886,3,2,5
1886,5,11,16
1886,7,2,9
1886,5,2,7
1886,4,11,15
1886,7,18,25
1886,5,11,16
1886,9,4,13
1886,3,12,15
1886,7,3,10
1886,6,4,10
1886,7,3,10
1886,7,5,12
1886,2,11,13
1886,8,2,10
1886,2,14,16
1886,5,4,9
1886,9,3,12
1886,2,12,14
1886,11,1,12
1886,2,12,14
1886,9,6,15
1886,6,0,6
1886,7,6,13
1886,7,3,10
1886,8,2,10
1886,7,5,12
1886,8,2,10
1886,7,15,22
1886,3,12,15
1886,4,0,4
1886,3,2,5
1886,8,0,8
1886,8,6,14
1886,7,1,8
1886,4,10,14
1886,6,1,7
1886,7,14,21
1886,5,1,6
1886,8,6,14
1886,11,10,21
1886,7,4,11
1886,8,1,9
1886,5,4,9
1886,3,2,5
1886,15,1,16
1886,2,13,15
1886,7,3,10
1886,6,4,10
1886,6,1,7
1886,3,2,5
1886,9,6,15
1886,9,13,22
1886,4,10,14
1886,8,1,9
1886,9,21,30
1886,6,4,10
1886,2,0,2
1886,2,18,20
1886,6,2,8
1886,6,0,6
1886,9,4,13
1886,8,5,13
1886,4,2,6
1886,6,14,20
1886,8,1,9
1886,10,0,10
1886,8,2,10
1886,7,2,9
1886,5,10,15
1886,2,10,12
1886,4,0,4
1886,12,1,13
1886,3,1,4
1886,3,0,3
1886,5,11,16
1886,4,3,7
1886,5,1,6
1886,5,4,9
1886,4,2,6
1886,6,1,7
1886,7,11,18
1886,4,13,17
1886,3,2,5
1886,2,19,21
1886,3,14,17
1886,7,6,13
1886,4,2,6
1886,8,10,18
1886,8,4,12
1886,8,5,13
1886,9,4,13
1886,5,12,17
1886,10,1,11
1886,3,2,5
1886,9,3,12
1886,7,1,8
1886,9,2,11
1886,5,1,6
1886,17,1,18
1886,3,0,3
1886,4,1,5
1886,9,1,10
1886,6,2,8
1886,7,2,9
1886,7,4,11
1886,2,14,16
1886,5,3,8
1886,5,3,8
1886,5,3,8
1886,11,1,12
1886,8,1,9
1886,5,2,7
1886,7,4,11
1886,4,1,5
1886,7,3,10
1886,9,8,17
1886,7,6,13
1886,7,1,8
1886,8,14,22
1886,4,2,6
1886,2,12,14
1886,15,10,25
1886,8,3,11
1886,8,1,9
1886,9,0,9
1886,5,4,9
1886,9,6,15
1886,3,1,4
1886,3,0,3
1886,6,5,11
1886,8,14,22
1886,7,5,12
1886,5,2,7
1886,6,2,8
1886,4,20,24
1886,5,3,8
1886,4,2,6
1886,3,1,4
1886,9,13,22
1886,6,1,7
1886,15,0,15
1886,6,2,8
1886,2,12,14
1886,4,3,7
1886,11,10,21
1886,7,1,8
1886,4,10,14
1886,14,1,15
1886,4,10,14
1886,2,1,3
1886,6,4,10
1886,7,4,11
1886,8,10,18
1886,7,0,7
1886,3,2,5
1886,11,0,11
1886,4,12,16
1886,4,0,4
1886,4,3,7
1886,6,17,23
1886,4,10,14
1886,1,0,1
1886,8,11,19
1886,8,7,15
1886,7,2,9
1886,3,19,22
1886,7,6,13
1886,6,1,7
1886,6,3,9
1886,2,14,16
1886,4,1,5
1886,7,1,8
1886,18,1,19
1886,4,2,6
1886,2,10,12
1886,8,1,9
1886,6,3,9
1886,8,1,9
1886,6,0,6
1886,6,10,16
1886,3,2,5
1886,8,0,8
1886,4,1,5
1886,5,4,9
1886,3,10,13
1886,5,4,9
1886,6,0,6
1886,6,4,10
1886,6,2,8
1886,5,4,9
1886,2,11,13
1886,3,10,13
1886,2,13,15
1886,13,1,14
1886,6,5,11
1886,6,3,9
1886,2,1,3
1886,8,1,9
1886,5,4,9
1886,8,1,9
1886,9,13,22
1886,2,1,3
1886,4,0,4
1886,11,1,12
1886,3,2,5
1886,7,6,13
1886,4,13,17
1886,6,3,9
1886,2,0,2
1886,9,10,19
1886,7,14,21
1886,4,10,14
1886,6,4,10
1886,12,10,22
1886,8,8,16
1886,6,5,11
1886,7,15,22
1886,7,6,13
1886,8,7,15
1886,18,0,18
1886,2,15,17
1886,6,2,8
1886,6,4,10
1886,16,13,29
1886,5,13,18
1886,4,14,18
1886,6,3,9
1886,5,3,8
1886,12,1,13
1886,6,4,10
1886,9,8,17
1886,4,3,7
1886,9,0,9
1886,5,4,9
1886,3,1,4
1886,4,3,7
1886,7,5,12
1886,6,0,6
1886,4,3,7
1886,4,3,7
1886,3,0,3
1886,3,1,4
1886,2,10,12
1886,11,0,11
1886,4,1,5
1886,6,1,7
1886,5,1,6
1886,2,11,13
1886,2,10,12
1886,6,5,11
1886,4,2,6
1886,6,11,17
1886,7,3,10
1886,6,5,11
1886,7,2,9
1886,6,0,6
1886,3,2,5
1886,12,1,13
1886,7,2,9
1886,3,13,16
1886,7,3,10
1886,16,0,16
1886,7,10,17
1886,3,2,5
1886,7,14,21
1886,6,3,9
1886,5,11,16
1886,3,14,17
1886,3,2,5
1886,3,2,5
1886,7,18,25
1886,8,1,9
1886,2,11,13
1886,3,19,22
1886,6,2,8
1886,27,11,38
1886,9,1,10
1886,7,4,11
1886,13,1,14
1886,9,5,14
1886,9,4,13
1886,12,11,23
1886,8,4,12
1886,2,1,3
1886,2,14,16
1886,7,3,10
1886,5,2,7
1886,4,3,7
1886,9,3,12
1886,3,3,6
1886,8,0,8
1886,5,2,7
1886,3,1,4
1886,6,13,19
1886,5,22,27
1886,19,0,19
1886,4,2,6
1886,5,4,9
1886,8,7,15
1886,5,4,9
1886,1,0,1
1886,9,11,20
1886,4,2,6
1886,15,1,16
1886,8,2,10
1886,6,2,8
1886,7,5,12
1886,8,10,18
1886,9,3,12
1886,7,1,8
1886,9,4,13
1886,8,7,15
1886,8,7,15
1886,2,0,2
1886,4,4,8
1886,3,13,16
1886,9,3,12
1886,6,3,9
1886,5,1,6
1886,5,1,6
1886,6,0,6
1886,4,3,7
1886,1,0,1
1886,6,4,10
1886,5,4,9
1886,3,12,15
1886,3,0,3
1886,2,10,12
1886,11,1,12
1886,6,4,10
1886,5,12,17
1886,6,1,7
1886,3,10,13
1886,5,3,8
1886,7,3,10
1886,8,6,14
1886,6,5,11
1886,9,4,13
1886,5,3,8
1886,6,4,10
1886,7,6,13
1886,6,16,22
1886,4,0,4
1886,6,3,9
1886,6,0,6
1886,6,18,24
1886,4,0,4
1886,2,10,12
1886,7,1,8
1886,7,3,10
1886,3,3,6
1886,3,0,3
1886,8,4,12
1886,2,1,3
1886,8,1,9
1886,6,3,9
1886,5,14,19
1886,6,2,8
1886,7,2,9
1886,5,4,9
1886,4,2,6
1886,2,0,2
1886,4,10,14
1886,9,3,12
1886,11,10,21
1886,7,12,19
1886,7,0,7
1886,6,2,8
1886,2,0,2
1886,6,3,9
1886,4,0,4
1886,13,1,14
1886,8,11,19
1886,7,3,10
1886,5,2,7
1886,7,5,12
1886,2,10,12
1886,12,1,13
1886,8,3,11
1886,8,13,21
1886,2,10,12
1886,5,19,24
1886,7,0,7
1886,7,4,11
1886,9,7,16
1886,9,11,20
1886,11,0,11
1886,3,2,5
1886,13,10,23
1886,5,2,7
1886,5,2,7
1886,5,1,6
1886,3,10,13
1886,7,3,10
1886,9,2,11
1886,8,1,9
1886,5,4,9
1886,7,5,12
1886,4,10,14
1886,7,5,12
1886,5,10,15
1886,2,15,17
1886,7,12,19
1886,2,11,13
1886,6,2,8
1886,5,1,6
1886,3,12,15
1886,3,2,5
1886,5,4,9
1886,8,2,10
1886,12,10,22
1886,2,11,13
1886,6,2,8
1886,5,3,8
1886,5,10,15
1886,4,14,18
1886,7,15,22
1886,9,2,11
1886,5,3,8
1886,2,15,17
1886,6,13,19
1886,7,1,8
1886,3,0,3
1886,4,11,15
1886,6,2,8
1886,1,0,1
1886,2,12,14
1886,8,2,10
1886,7,4,11
1886,3,2,5
1886,2,11,13
1886,7,11,18
1886,6,3,9
1886,4,13,17
1886,4,3,7
1886,5,0,5
1886,13,11,24
1886,9,4,13
1886,4,1,5
1886,3,13,16
1886,5,3,8
1886,2,1,3
1886,1,0,1
1886,3,1,4
1886,3,12,15
1886,9,4,13
1886,4,3,7
1886,21,2,23
1886,5,2,7
1886,6,0,6
1886,8,4,12
1886,6,2,8
1886,6,2,8
1886,7,5,12
1886,8,3,11
1886,4,4,8
1886,12,11,23
1886,4,3,7
1886,6,1,7
1886,8,4,12
1886,8,14,22
1886,6,5,11
1886,9,5,14
1886,4,3,7
1886,4,1,5
1886,8,5,13
1886,6,4,10
1886,4,14,18
1886,9,3,12
1886,3,10,13
1886,8,2,10
1886,18,10,28
1886,4,3,7
1886,7,5,12
1886,6,2,8
1886,6,0,6
1886,4,13,17
1886,4,3,7
1886,6,3,9
1886,7,7,14
1886,1,0,1
1886,3,3,6
1886,3,3,6
1886,5,4,9
1886,9,4,13
1886,6,2,8
1886,4,3,7
1886,7,6,13
1886,5,4,9
1886,4,3,7
1886,5,3,8
1886,2,14,16
1886,7,5,12
1886,5,0,5
1886,3,3,6
1886,9,4,13
1886,4,2,6
1886,6,0,6
1886,12,10,22
1886,7,2,9
1886,1,1,2
1886,2,1,3
1886,8,6,14
1886,3,2,5
1886,7,3,10
1886,4,10,14
1886,4,3,7
1886,5,16,21
1886,4,1,5
1886,7,4,11
1886,9,8,17
1886,3,2,5
1886,3,2,5
1886,7,4,11
1886,3,11,14
1886,9,3,12
1886,5,2,7
1886,8,13,21
1886,2,1,3
1886,9,1,10
1886,4,1,5
1886,6,4,10
1886,9,6,15
1886,9,10,19
1886,7,3,10
1886,3,3,6
1886,7,5,12
1886,4,14,18
1886,1,1,2
1886,7,10,17
1886,4,3,7
1886,9,4,13
1886,3,10,13
1886,6,1,7
1886,5,0,5
1886,11,1,12
1886,3,11,14
1886,3,10,13
1886,6,3,9
1886,7,0,7
1886,6,3,9
1886,7,0,7
1886,5,0,5
1886,3,3,6
1886,8,2,10
1886,6,2,8
1886,3,12,15
1886,6,15,21
1886,3,1,4
1886,3,2,5
1886,8,16,24
1886,3,2,5
1886,2,1,3
1886,8,5,13
1886,7,1,8
1886,3,3,6
1886,4,11,15
1886,5,0,5
1886,5,1,6
1886,3,1,4
1886,5,4,9
1886,5,0,5
1886,6,1,7
1886,9,4,13
1886,2,2,4
1886,5,1,6
1886,5,2,7
1886,3,2,5
1886,8,6,14
1886,6,3,9
1886,3,16,19
1886,5,2,7
1886,6,4,10
1886,9,10,19
1886,7,0,7
1886,4,1,5
1886,8,5,13
1886,6,3,9
1886,7,11,18
1886,2,2,4
1886,5,1,6
1886,8,15,23
1886,9,3,12
1886,4,3,7
1886,8,6,14
1886,12,0,12
1886,3,2,5
1886,2,1,3
1886,3,12,15
1886,9,1,10
1886,6,2,8
1886,7,2,9
1886,8,4,12
1886,9,2,11
1886,13,1,14
1886,7,3,10
1886,6,5,11
1886,3,1,4
1886,6,4,10
1886,5,2,7
1886,5,4,9
1886,7,6,13
1886,5,5,10
1886,6,4,10
1886,7,6,13
1886,6,4,10
1886,4,2,6
1886,9,7,16
1886,8,0,8
1886,2,0,2
1886,4,3,7
1886,7,4,11
1886,4,3,7
1886,3,23,26
1886,7,4,11
1886,4,13,17
1886,6,3,9
1886,3,3,6
1886,9,4,13
1886,7,10,17
1886,6,1,7
1886,5,11,16
1886,6,12,18
1886,8,3,11
1886,7,4,11
1886,4,1,5
1886,6,6,12
1886,6,0,6
1886,2,1,3
1886,8,4,12
1886,9,4,13
1886,7,2,9
1886,1,1,2
1886,7,1,8
1886,6,1,7
1886,3,12,15
1886,7,0,7
1886,8,14,22
1886,8,11,19
1886,4,1,5
1886,11,0,11
1886,9,0,9
1886,7,11,18
1886,2,2,4
1886,3,12,15
1886,6,4,10
1886,9,6,15
1886,4,2,6
1886,5,1,6
1886,6,1,7
1886,4,2,6
1886,9,4,13
1886,3,0,3
1886,4,12,16
1886,8,5,13
1886,8,6,14
1886,4,1,5
1886,7,5,12
1886,7,2,9
1886,3,3,6
1886,5,1,6
1886,8,4,12
1886,9,4,13
1887,8,3,11
1887,14,10,24
1887,6,16,22
1887,8,3,11
1887,6,13,19
1887,9,7,16
1887,8,2,10
1887,3,12,15
1887,6,14,20
1887,9,6,15
1887,7,14,21
1887,5,0,5
1887,9,5,14
1887,5,2,7
1887,11,10,21
1887,6,13,19
1887,6,5,11
1887,8,12,20
1887,2,15,17
1887,6,1,7
1887,16,10,26
1887,13,0,13
1887,7,14,21
1887,6,4,10
1887,18,17,35
1887,6,19,25
1887,8,0,8
1887,5,0,5
1887,11,1,12
1887,3,19,22
1887,4,3,7
1887,5,12,17
1887,4,3,7
1887,13,11,24
1887,4,14,18
1887,8,10,18
1887,7,4,11
1887,9,4,13
1887,8,21,29
1887,15,12,27
1887,9,10,19
1887,9,15,24
1887,6,2,8
1887,28,11,39
1887,6,5,11
1887,8,4,12
1887,14,13,27
1887,9,15,24
1887,8,7,15
1887,9,1,10
1887,6,17,23
1887,6,12,18
1887,8,3,11
1887,5,4,9
1887,5,15,20
1887,5,4,9
1887,8,2,10
1887,5,3,8
1887,5,14,19
1887,4,14,18
1887,6,10,16
1887,9,5,14
1887,7,3,10
1887,6,2,8
1887,12,0,12
1887,9,8,17
1887,4,1,5
1887,9,8,17
1887,16,13,29
1887,6,2,8
1887,5,3,8
1887,6,6,12
1887,7,5,12
1887,5,5,10
1887,6,3,9
1887,3,11,14
1887,3,1,4
1887,6,15,21
1887,3,10,13
1887,2,1,3
1887,8,10,18
1887,6,2,8
1887,2,18,20
1887,4,10,14
1887,7,3,10
1887,7,12,19
1887,8,1,9
1887,7,6,13
1887,6,4,10
1887,5,2,7
1887,7,3,10
1887,2,18,20
1887,3,10,13
1887,7,4,11
1887,4,17,21
1887,7,3,10
1887,8,7,15
1887,3,12,15
1887,6,4,10
1887,5,10,15
1887,8,3,11
1887,5,2,7
1887,9,4,13
1887,6,11,17
1887,7,12,19
1887,2,18,20
1887,9,8,17
1887,7,19,26
1887,8,10,18
1887,17,12,29
1887,6,19,25
1887,4,2,6
1887,1,0,1
1887,7,0,7
1887,22,14,36
1887,8,5,13
1887,7,17,24
1887,4,12,16
1887,4,1,5
1887,6,1,7
1887,3,2,5
1887,4,11,15
1887,2,10,12
1887,7,4,11
1887,5,4,9
1887,7,6,13
1887,5,4,9
1887,2,17,19
1887,5,2,7
1887,8,3,11
1887,4,13,17
1887,7,16,23
1887,6,2,8
1887,9,8,17
1887,8,11,19
1887,8,10,18
1887,7,2,9
1887,8,2,10
1887,9,11,20
1887,11,10,21
1887,6,11,17
1887,6,26,32
1887,19,10,29
1887,4,3,7
1887,6,14,20
1887,9,2,11
1887,6,5,11
1887,6,3,9
1887,6,5,11
1887,8,13,21
1887,9,7,16
1887,4,12,16
1887,4,11,15
1887,5,4,9
1887,6,1,7
1887,14,10,24
1887,9,3,12
1887,8,14,22
1887,5,16,21
1887,8,4,12
1887,9,6,15
1887,8,7,15
1887,3,10,13
1887,6,16,22
1887,9,8,17
1887,9,10,19
1887,5,4,9
1887,9,15,24
1887,11,1,12
1887,3,16,19
1887,15,12,27
1887,5,4,9
1887,8,4,12
1887,7,5,12
1887,4,3,7
1887,9,12,21
1887,4,2,6
1887,7,17,24
1887,6,3,9
1887,9,5,14
1887,9,8,17
1887,6,13,19
1887,16,12,28
1887,6,5,11
1887,7,6,13
1887,8,7,15
1887,13,12,25
1887,4,3,7
1887,5,4,9
1887,5,4,9
1887,4,2,6
1887,9,2,11
1887,4,2,6
1887,7,13,20
1887,5,4,9
1887,5,4,9
1887,3,10,13
1887,3,1,4
1887,9,6,15
1887,9,27,36
1887,7,6,13
1887,9,7,16
1887,5,11,16
1887,8,3,11
1887,9,5,14
1887,8,5,13
1887,9,11,20
1887,6,0,6
1887,5,1,6
1887,9,8,17
1887,3,14,17
1887,4,3,7
1887,5,4,9
1887,7,11,18
1887,8,10,18
1887,16,12,28
1887,5,12,17
1887,2,12,14
1887,8,7,15
1887,9,3,12
1887,2,1,3
1887,4,3,7
1887,10,1,11
1887,2,18,20
1887,12,11,23
1887,3,2,5
1887,5,2,7
1887,8,6,14
1887,2,1,3
1887,6,4,10
1887,8,1,9
1887,6,5,11
1887,3,1,4
1887,8,11,19
1887,4,3,7
1887,6,5,11
1887,4,2,6
1887,8,3,11
1887,3,2,5
1887,7,13,20
1887,9,5,14
1887,6,3,9
1887,2,0,2
1887,5,3,8
1887,7,4,11
1887,4,2,6
1887,12,0,12
1887,6,3,9
1887,3,1,4
1887,2,14,16
1887,7,10,17
1887,8,11,19
1887,2,1,3
1887,5,4,9
1887,1,0,1
1887,5,2,7
1887,3,1,4
1887,4,1,5
1887,9,10,19
1887,5,1,6
1887,6,6,12
1887,7,7,14
1887,6,16,22
1887,3,2,5
1887,6,1,7
1887,5,3,8
1887,6,3,9
1887,10,0,10
1887,15,14,29
1887,6,13,19
1887,5,11,16
1887,8,3,11
1887,7,1,8
1887,5,4,9
1887,9,8,17
1887,7,4,11
1887,6,2,8
1887,5,14,19
1887,7,0,7
1887,7,3,10
1887,6,5,11
1887,7,5,12
1887,3,2,5
1887,7,4,11
1887,7,5,12
1887,8,2,10
1887,5,17,22
1887,7,4,11
1887,3,10,13
1887,21,2,23
1887,9,2,11
1887,6,4,10
1887,14,12,26
1887,4,12,16
1887,7,14,21
1887,9,11,20
1887,6,4,10
1887,7,6,13
1887,26,2,28
1887,3,1,4
1887,8,4,12
1887,7,4,11
1887,7,0,7
1887,5,11,16
1887,5,4,9
1887,9,4,13
1887,5,4,9
1887,6,13,19
1887,8,16,24
1887,5,3,8
1887,15,12,27
1887,8,2,10
1887,19,1,20
1887,5,2,7
1887,5,3,8
1887,6,3,9
1887,8,4,12
1887,9,2,11
1887,6,2,8
1887,4,13,17
1887,3,2,5
1887,29,1,30
1887,9,6,15
1887,6,18,24
1887,3,11,14
1887,8,8,16
1887,4,3,7
1887,5,12,17
1887,8,1,9
1887,4,2,6
1887,11,10,21
1887,6,10,16
1887,4,18,22
1887,7,3,10
1887,9,19,28
1887,6,1,7
1887,14,10,24
1887,9,4,13
1887,9,2,11
1887,7,13,20
1887,5,2,7
1887,6,18,24
1887,4,3,7
1887,18,1,19
1887,7,4,11
1887,7,6,13
1887,9,5,14
1887,4,23,27
1887,5,3,8
1887,11,10,21
1887,8,4,12
1887,7,5,12
1887,7,4,11
1887,9,4,13
1887,21,1,22
1887,3,2,5
1887,4,16,20
1887,4,3,7
1887,8,4,12
1887,4,4,8
1887,8,11,19
1887,11,10,21
1887,8,4,12
1887,4,12,16
1887,8,17,25
1887,3,2,5
1887,6,4,10
1887,7,7,14
1887,3,11,14
1887,3,1,4
1887,4,2,6
1887,9,10,19
1887,2,1,3
1887,5,3,8
1887,15,13,28
1887,7,17,24
1887,9,10,19
1887,6,5,11
1887,7,3,10
1887,5,3,8
1887,8,5,13
1887,8,7,15
1887,3,0,3
1887,3,15,18
1887,5,11,16
1887,2,0,2
1887,5,4,9
1887,5,4,9
1887,7,3,10
1887,17,11,28
1887,12,11,23
1887,4,11,15
1887,2,12,14
1887,6,3,9
1887,9,4,13
1887,3,11,14
1887,6,19,25
1887,6,12,18
1887,7,4,11
1887,24,0,24
1887,9,1,10
1887,8,0,8
1887,6,0,6
1887,6,4,10
1887,9,8,17
1887,8,7,15
1887,7,10,17
1887,7,6,13
1887,16,10,26
1887,4,3,7
1887,4,3,7
1887,4,13,17
1887,5,10,15
1887,11,10,21
1887,4,15,19
1887,8,10,18
1887,4,11,15
1887,5,3,8
1887,5,10,15
1887,17,13,30
1887,5,13,18
1887,4,16,20
1887,9,7,16
1887,9,2,11
1887,9,4,13
1887,11,10,21
1887,2,10,12
1887,7,12,19
1887,3,11,14
1887,5,0,5
1887,3,10,13
1887,7,6,13
1887,5,1,6
1887,5,1,6
1887,4,2,6
1887,7,7,14
1887,8,2,10
1887,6,2,8
1887,6,11,17
1887,7,3,10
1887,7,7,14
1887,6,2,8
1887,5,11,16
1887,9,5,14
1887,8,4,12
1887,2,15,17
1887,3,20,23
1887,3,15,18
1887,8,16,24
1887,5,4,9
1887,7,10,17
1887,3,10,13
1887,3,11,14
1887,9,5,14
1887,9,2,11
1887,8,7,15
1887,6,17,23
1887,7,6,13
1887,5,1,6
1887,4,3,7
1887,8,10,18
1887,5,3,8
1887,5,2,7
1887,4,2,6
1887,8,3,11
1887,8,6,14
1887,5,3,8
1887,4,3,7
1887,10,1,11
1887,4,12,16
1887,9,7,16
1887,2,0,2
1887,6,5,11
1887,8,5,13
1887,5,3,8
1887,9,3,12
1887,7,3,10
1887,7,21,28
1887,7,14,21
1887,5,0,5
1887,3,2,5
1887,8,6,14
1887,5,12,17
1887,4,12,16
1887,3,15,18
1887,5,1,6
1887,7,4,11
1887,6,2,8
1887,6,15,21
1887,5,11,16
1887,7,5,12
1887,8,6,14
1887,4,12,16
1887,8,1,9
1887,6,1,7
1887,6,4,10
1887,7,3,10
1887,5,16,21
1887,2,0,2
1887,3,0,3
1887,7,4,11
1887,5,2,7
1887,3,2,5
1887,9,18,27
1887,6,4,10
1887,5,3,8
1887,6,3,9
1887,7,6,13
1887,3,11,14
1887,7,1,8
1887,5,4,9
1887,5,2,7
1887,3,2,5
1887,9,10,19
1887,6,1,7
1887,10,1,11
1887,6,2,8
1887,9,5,14
1887,9,4,13
1887,4,10,14
1887,9,2,11
1887,5,3,8
1887,4,0,4
1887,3,2,5
1887,8,10,18
1887,6,2,8
1887,5,11,16
1887,2,12,14
1887,4,2,6
1887,2,2,4
1887,2,12,14
1887,3,0,3
1887,3,10,13
1887,5,4,9
1887,9,4,13
1887,2,2,4
1887,8,5,13
1887,7,11,18
1887,7,6,13
1887,6,2,8
1887,6,10,16
1887,6,1,7
1887,9,2,11
1887,9,6,15
1887,9,3,12
1887,6,2,8
1887,2,1,3
1887,1,0,1
1887,4,1,5
1887,6,5,11
1887,4,3,7
1887,2,2,4
1887,6,4,10
1887,4,3,7
1887,8,4,12
1887,5,4,9
1887,8,3,11
1887,4,3,7
1887,4,2,6
1887,4,2,6
1887,3,15,18
1887,4,11,15
1887,5,3,8
1887,5,2,7
1887,7,6,13
1887,3,2,5
1887,8,0,8
1887,9,1,10
1887,1,0,1
1887,8,1,9
1887,5,0,5
1887,3,0,3
1887,3,2,5
1887,7,1,8
1887,7,5,12
1887,6,11,17
1887,6,3,9
1887,4,10,14
1887,4,1,5
1887,7,4,11
1887,1,0,1
1887,5,4,9
1887,8,7,15
1887,4,10,14
1887,5,4,9
1887,6,13,19
1887,4,3,7
1887,4,3,7
1887,4,2,6
1887,9,12,21
1887,8,6,14
1887,5,11,16
1887,8,5,13
1887,6,23,29
1887,4,3,7
1887,7,10,17
1887,3,2,5
1887,7,3,10
1887,8,4,12
1887,7,4,11
1887,8,7,15
1887,4,10,14
1887,6,4,10
1887,6,5,11
1887,3,10,13
1887,5,10,15
1887,5,4,9
1887,4,3,7
1887,13,0,13
1887,7,2,9
1887,7,10,17
1887,11,1,12
1887,9,1,10
1887,3,0,3
1887,4,3,7
1887,4,1,5
1887,3,10,13
1887,3,10,13
1887,3,16,19
1887,6,4,10
1887,6,14,20
1887,4,17,21
1887,14,1,15
1887,9,6,15
1887,7,11,18
1887,7,10,17
1887,6,5,11
1887,7,4,11
1887,9,13,22
1887,12,11,23
1887,2,1,3
1887,3,10,13
1887,7,2,9
1887,5,1,6
1887,7,3,10
1887,8,5,13
1887,13,10,23
1887,7,4,11
1887,5,1,6
1887,5,0,5
1887,8,2,10
1887,9,8,17
1887,11,10,21
1887,5,0,5
1887,7,1,8
1887,9,5,14
1887,5,2,7
1887,3,2,5
1887,13,12,25
1887,4,3,7
1887,7,10,17
1887,8,11,19
1887,6,12,18
1887,8,3,11
1887,8,5,13
1887,6,5,11
1887,8,2,10
1887,8,4,12
1887,10,10,20
1887,8,5,13
1887,4,17,21
1887,13,10,23
1887,5,10,15
1887,5,4,9
1887,3,23,26
1887,8,11,19
1887,6,5,11
1887,13,10,23
1887,3,14,17
1887,9,4,13
1887,7,10,17
1887,5,4,9
1887,7,3,10
1887,4,12,16
1887,2,10,12
1887,3,2,5
1887,12,10,22
1887,5,1,6
1887,11,1,12
1887,6,11,17
1887,6,5,11
1887,7,6,13
1887,4,3,7
1887,5,17,22
1887,9,7,16
1887,8,5,13
1887,3,12,15
1887,4,2,6
1887,8,2,10
1887,5,4,9
1887,6,1,7
1887,13,11,24
1887,5,2,7
1887,3,13,16
1887,2,0,2
1887,6,1,7
1887,8,1,9
1887,3,2,5
1887,6,4,10
1887,3,15,18
1887,4,2,6
1887,14,11,25
1887,7,3,10
1887,6,1,7
1887,8,3,11
1887,5,3,8
1887,4,11,15
1887,4,2,6
1887,8,14,22
1887,6,5,11
1887,7,6,13
1887,2,1,3
1887,2,15,17
1887,3,2,5
1887,6,5,11
1887,3,10,13
1887,5,4,9
1887,7,1,8
1887,2,11,13
1887,2,1,3
1887,8,6,14
1887,5,2,7
1887,7,4,11
1887,4,1,5
1887,8,7,15
1887,8,10,18
1887,6,5,11
1887,8,22,30
1887,3,1,4
1887,4,3,7
1887,4,16,20
1887,1,0,1
1887,5,4,9
1887,16,1,17
1887,5,5,10
1887,3,2,5
1887,2,10,12
1887,7,5,12
1887,9,14,23
1887,8,3,11
1887,5,1,6
1887,4,15,19
1887,6,6,12
1887,4,1,5
1887,5,11,16
1887,6,10,16
1887,2,0,2
1887,2,14,16
1887,2,1,3
1887,4,10,14
1887,8,1,9
1887,4,1,5
1887,7,3,10
1887,5,3,8
1887,8,15,23
1887,2,1,3
1887,9,10,19
1887,6,23,29
1887,20,1,21
1887,9,8,17
1887,8,6,14
1887,6,15,21
1887,9,1,10
1887,8,2,10
1887,8,14,22
1887,3,1,4
1887,7,1,8
1887,19,11,30
1887,11,0,11
1887,5,2,7
1887,7,5,12
1887,6,15,21
1887,6,4,10
1887,28,14,42
1887,9,16,25
1887,2,16,18
1887,8,3,11
1887,5,1,6
1887,10,1,11
1887,7,0,7
1887,9,1,10
1887,5,1,6
1887,9,11,20
1887,9,2,11
1887,2,16,18
1887,8,6,14
1887,7,5,12
1887,8,14,22
1887,5,4,9
1887,7,6,13
1887,7,5,12
1887,5,2,7
1887,9,3,12
1887,8,2,10
1887,7,2,9
1887,5,23,28
1887,2,0,2
1887,4,1,5
1887,7,4,11
1887,7,1,8
1887,7,6,13
1887,2,1,3
1887,5,3,8
1887,25,11,36
1887,4,3,7
1887,6,4,10
1887,9,3,12
1887,5,1,6
1887,4,3,7
1887,8,4,12
1887,15,0,15
1887,8,5,13
1887,2,1,3
1887,4,12,16
1887,7,3,10
1887,4,3,7
1887,8,0,8
1887,9,14,23
1887,19,11,30
1887,12,10,22
1887,8,20,28
1887,7,4,11
1887,9,11,20
1887,6,15,21
1887,3,14,17
1887,5,3,8
1887,9,7,16
1887,3,11,14
1887,5,4,9
1887,4,14,18
1887,13,11,24
1887,7,11,18
1887,9,3,12
1887,6,5,11
1887,3,2,5
1887,5,4,9
1887,3,12,15
1887,8,6,14
1887,4,10,14
1887,6,4,10
1887,12,11,23
1887,9,6,15
1887,7,2,9
1887,6,1,7
1887,9,14,23
1887,3,2,5
1887,8,2,10
1887,8,4,12
1887,5,2,7
1887,2,13,15
1887,6,2,8
1887,7,1,8
1887,3,0,3
1887,5,10,15
1887,4,0,4
1887,7,3,10
1887,6,12,18
1887,7,6,13
1887,2,1,3
1887,3,16,19
1887,10,0,10
1887,8,3,11
1887,3,10,13
1887,3,2,5
1887,3,11,14
1887,5,2,7
1887,8,2,10
1887,5,13,18
1887,6,14,20
1887,3,17,20
1887,11,11,22
1887,5,4,9
1887,3,17,20
1887,5,0,5
1887,6,10,16
1887,7,3,10
1887,6,0,6
1887,6,2,8
1887,8,10,18
1887,3,0,3
1887,7,2,9
1887,16,13,29
1887,2,0,2
1887,7,4,11
1887,9,6,15
1887,5,1,6
1887,9,1,10
1887,9,4,13
1887,5,4,9
1887,17,12,29
1887,6,15,21
1887,5,3,8
1887,6,2,8
1887,4,0,4
1887,8,6,14
1887,9,2,11
1887,3,0,3
1887,4,2,6
1887,11,1,12
1887,4,3,7
1887,11,1,12
1887,8,4,12
1887,4,0,4
1887,3,0,3
1887,9,4,13
1887,8,4,12
1887,8,12,20
1887,11,1,12
1887,8,2,10
1887,9,4,13
1887,6,3,9
1887,5,1,6
1887,5,5,10
1887,2,1,3
1887,3,12,15
1887,6,17,23
1887,4,4,8
1887,6,1,7
1887,9,7,16
1887,5,2,7
1887,6,4,10
1887,5,15,20
1887,9,0,9
1887,2,1,3
1887,10,1,11
1887,9,10,19
1887,8,4,12
1887,8,3,11
1887,6,3,9
1887,5,0,5
1887,4,2,6
1887,3,2,5
1887,7,6,13
1887,5,11,16
1887,7,5,12
1887,5,11,16
1887,4,4,8
1887,3,12,15
1887,3,15,18
1887,1,0,1
1887,8,16,24
1887,5,0,5
1887,6,3,9
1887,2,1,3
1887,6,0,6
1887,9,0,9
1887,4,2,6
1887,7,2,9
1887,6,4,10
1887,7,15,22
1887,6,10,16
1887,9,2,11
1887,4,4,8
1887,3,11,14
1887,5,4,9
1887,5,0,5
1887,7,2,9
1887,5,21,26
1887,4,10,14
1887,9,4,13
1887,7,5,12
1887,7,6,13
1887,7,1,8
1887,8,1,9
1887,3,13,16
1887,8,1,9
1887,5,2,7
1887,4,14,18
1887,8,4,12
1887,9,5,14
1887,7,2,9
1887,8,2,10
1887,9,8,17
1887,8,5,13
1887,7,4,11
1887,4,2,6
1887,8,3,11
1887,5,10,15
1887,5,0,5
1887,2,1,3
1887,6,5,11
1887,4,1,5
1887,3,2,5
1887,7,3,10
1887,4,0,4
1887,5,2,7
1887,4,10,14
1887,8,2,10
1887,6,3,9
1887,6,3,9
1887,9,9,18
1887,2,1,3
1887,1,0,1
1887,5,2,7
1887,8,1,9
1887,5,3,8
1887,2,10,12
1887,5,4,9
1887,4,13,17
1887,6,10,16
1887,3,3,6
1887,7,2,9
1887,8,2,10
1887,6,1,7
1887,7,2,9
1887,8,2,10
1887,7,6,13
1887,2,13,15
1887,3,0,3
1887,5,10,15
1887,7,3,10
1887,2,1,3
1887,6,5,11
1887,9,13,22
1887,4,10,14
1887,6,3,9
1887,6,3,9
1887,7,4,11
1887,6,3,9
1887,3,1,4
1887,5,10,15
1887,7,6,13
1887,1,0,1
1887,3,16,19
1887,8,5,13
1887,9,12,21
1887,8,3,11
1887,7,6,13
1887,6,3,9
1887,4,0,4
1887,3,11,14
1887,9,1,10
1887,12,10,22
1887,5,11,16
1887,6,4,10
1887,2,2,4
1887,6,6,12
1887,3,10,13
1887,5,5,10
1887,9,7,16
1887,2,12,14
1887,12,1,13
1887,9,11,20
1887,6,12,18
1887,6,3,9
1887,10,0,10
1887,5,5,10
1887,7,7,14
1887,4,2,6
1887,9,4,13
1887,6,2,8
1887,2,0,2
1887,6,2,8
1887,4,0,4
1887,7,5,12
1888,10,1,11
1888,3,10,13
1888,5,4,9
1888,8,0,8
1888,3,14,17
1888,4,10,14
1888,9,3,12
1888,7,13,20
1888,16,10,26
1888,5,4,9
1888,4,3,7
1888,5,2,7
1888,6,0,6
1888,2,0,2
1888,8,5,13
1888,6,4,10
1888,9,3,12
1888,3,10,13
1888,7,11,18
1888,3,10,13
1888,5,1,6
1888,8,10,18
1888,6,11,17
1888,3,11,14
1888,11,10,21
1888,15,13,28
1888,7,28,35
1888,3,1,4
1888,9,10,19
1888,3,2,5
1888,1,1,2
1888,3,1,4
1888,3,2,5
1888,6,15,21
1888,8,5,13
1888,7,1,8
1888,6,4,10
1888,4,3,7
1888,19,15,34
1888,5,4,9
1888,6,18,24
1888,5,3,8
1888,6,16,22
1888,5,1,6
1888,1,0,1
1888,5,3,8
1888,8,3,11
1888,7,3,10
1888,5,11,16
1888,9,10,19
1888,9,1,10
1888,4,3,7
1888,9,2,11
1888,7,11,18
1888,6,2,8
1888,7,16,23
1888,2,1,3
1888,7,2,9
1888,4,2,6
1888,4,3,7
1888,5,0,5
1888,1,0,1
1888,6,4,10
1888,14,1,15
1888,7,4,11
1888,4,3,7
1888,3,2,5
1888,8,3,11
1888,6,3,9
1888,13,1,14
1888,6,5,11
1888,4,3,7
1888,7,3,10
1888,3,1,4
1888,8,2,10
1888,7,12,19
1888,8,4,12
1888,2,18,20
1888,10,1,11
1888,8,1,9
1888,6,1,7
1888,2,1,3
1888,4,12,16
1888,9,3,12
1888,5,3,8
1888,10,1,11
1888,16,1,17
1888,4,2,6
1888,5,2,7
1888,9,7,16
1888,7,3,10
1888,6,4,10
1888,14,0,14
1888,18,13,31
1888,7,4,11
1888,6,2,8
1888,9,8,17
1888,7,11,18
1888,4,3,7
1888,8,2,10
1888,7,5,12
1888,8,5,13
1888,10,0,10
1888,5,14,19
1888,6,16,22
1888,5,4,9
1888,6,11,17
1888,18,1,19
1888,4,3,7
1888,7,3,10
1888,7,14,21
1888,4,2,6
1888,8,4,12
1888,8,3,11
1888,5,1,6
1888,4,1,5
1888,7,6,13
1888,6,3,9
1888,2,13,15
1888,8,7,15
1888,6,13,19
1888,4,18,22
1888,6,18,24
1888,5,3,8
1888,2,1,3
1888,5,2,7
1888,3,1,4
1888,7,1,8
1888,3,2,5
1888,7,1,8
1888,2,1,3
1888,11,10,21
1888,2,1,3
1888,2,0,2
1888,6,4,10
1888,6,5,11
1888,9,11,20
1888,2,0,2
1888,9,3,12
1888,5,4,9
1888,8,3,11
1888,3,1,4
1888,11,0,11
1888,3,2,5
1888,7,4,11
1888,4,2,6
1888,8,3,11
1888,6,2,8
1888,6,2,8
1888,5,1,6
1888,7,3,10
1888,7,1,8
1888,6,5,11
1888,6,4,10
1888,5,20,25
1888,7,3,10
1888,8,4,12
1888,5,11,16
1888,3,12,15
1888,3,3,6
1888,2,1,3
1888,9,12,21
1888,5,3,8
1888,2,0,2
1888,4,2,6
1888,9,4,13
1888,6,1,7
1888,7,2,9
1888,9,1,10
1888,9,2,11
1888,15,0,15
1888,7,1,8
1888,4,4,8
1888,13,0,13
1888,5,3,8
1888,1,0,1
1888,6,4,10
1888,5,0,5
1888,5,3,8
1888,7,4,11
1888,6,5,11
1888,2,1,3
1888,9,0,9
1888,8,4,12
1888,4,0,4
1888,4,1,5
1888,8,7,15
1888,1,0,1
1888,4,14,18
1888,5,0,5
1888,4,2,6
1888,9,4,13
1888,4,2,6
1888,6,4,10
1888,6,4,10
1888,4,2,6
1888,6,5,11
1888,6,3,9
1888,7,3,10
1888,7,4,11
1888,6,5,11
1888,5,13,18
1888,5,4,9
1888,5,4,9
1888,8,4,12
1888,5,17,22
1888,6,11,17
1888,4,1,5
1888,4,1,5
1888,3,2,5
1888,3,1,4
1888,6,1,7
1888,1,0,1
1888,9,8,17
1888,8,5,13
1888,3,2,5
1888,9,2,11
1888,4,0,4
1888,5,3,8
1888,6,5,11
1888,9,0,9
1888,9,0,9
1888,5,10,15
1888,8,4,12
1888,8,0,8
1888,2,11,13
1888,7,3,10
1888,4,3,7
1888,6,10,16
1888,3,0,3
1888,4,2,6
1888,5,3,8
1888,3,2,5
1888,11,1,12
1888,8,4,12
1888,3,2,5
1888,6,3,9
1888,6,2,8
1888,5,4,9
1888,8,1,9
1888,5,3,8
1888,4,3,7
1888,2,14,16
1888,3,1,4
1888,5,3,8
1888,8,6,14
1888,2,0,2
1888,4,2,6
1888,4,2,6
1888,10,1,11
1888,5,11,16
1888,5,4,9
1888,6,15,21
1888,6,1,7
1888,16,15,31
1888,6,0,6
1888,4,0,4
1888,8,4,12
1888,11,1,12
1888,6,4,10
1888,9,3,12
1888,3,2,5
1888,8,5,13
1888,3,2,5
1888,6,16,22
1888,9,2,11
1888,5,4,9
1888,6,4,10
1888,5,4,9
1888,5,10,15
1888,6,5,11
1888,2,1,3
1888,7,14,21
1888,3,2,5
1888,9,0,9
1888,4,0,4
1888,7,2,9
1888,9,4,13
1888,23,19,42
1888,5,3,8
1888,7,4,11
1888,6,3,9
1888,4,2,6
1888,8,2,10
1888,2,11,13
1888,4,13,17
1888,7,5,12
1888,5,3,8
1888,5,1,6
1888,5,11,16
1888,2,19,21
1888,3,0,3
1888,2,1,3
1888,15,12,27
1888,9,5,14
1888,9,10,19
1888,6,5,11
1888,4,12,16
1888,8,3,11
1888,2,1,3
1888,4,3,7
1888,2,10,12
1888,8,17,25
1888,5,1,6
1888,14,0,14
1888,9,14,23
1888,8,1,9
1888,8,7,15
1888,4,3,7
1888,7,1,8
1888,3,15,18
1888,4,2,6
1888,8,5,13
1888,5,2,7
1888,4,2,6
1888,4,3,7
1888,8,7,15
1888,5,1,6
1888,6,11,17
1888,8,6,14
1888,6,3,9
1888,5,15,20
1888,3,2,5
1888,4,0,4
1888,8,5,13
1888,3,16,19
1888,4,2,6
1888,9,4,13
1888,7,13,20
1888,3,1,4
1888,5,2,7
1888,8,11,19
1888,17,13,30
1888,3,2,5
1888,5,4,9
1888,3,12,15
1888,7,3,10
1888,4,1,5
1888,3,2,5
1888,11,1,12
1888,6,5,11
1888,4,1,5
1888,8,3,11
1888,9,1,10
1888,5,1,6
1888,9,8,17
1888,7,6,13
1888,6,2,8
1888,4,2,6
1888,9,7,16
1888,3,2,5
1888,6,3,9
1888,3,1,4
1888,8,7,15
1888,15,10,25
1888,2,1,3
1888,7,6,13
1888,8,1,9
1888,5,0,5
1888,5,2,7
1888,12,10,22
1888,8,4,12
1888,11,1,12
1888,4,2,6
1888,1,0,1
1888,9,15,24
1888,2,12,14
1888,6,2,8
1888,6,5,11
1888,6,5,11
1888,2,1,3
1888,6,12,18
1888,8,10,18
1888,8,7,15
1888,8,1,9
1888,5,4,9
1888,2,10,12
1888,4,3,7
1888,8,3,11
1888,12,1,13
1888,2,12,14
1888,6,3,9
1888,10,10,20
1888,7,6,13
1888,5,14,19
1888,4,11,15
1888,4,2,6
1888,2,0,2
1888,6,3,9
1888,4,11,15
1888,3,10,13
1888,5,4,9
1888,2,0,2
1888,7,5,12
1888,7,6,13
1888,4,1,5
1888,2,10,12
1888,13,0,13
1888,4,10,14
1888,5,4,9
1888,7,3,10
1888,9,7,16
1888,5,11,16
1888,9,7,16
1888,4,0,4
1888,7,1,8
1888,9,2,11
1888,7,0,7
1888,6,1,7
1888,8,3,11
1888,3,2,5
1888,4,0,4
1888,4,1,5
1888,8,13,21
1888,3,1,4
1888,2,14,16
1888,3,2,5
1888,2,0,2
1888,7,0,7
1888,6,4,10
1888,2,1,3
1888,3,2,5
1888,6,5,11
1888,6,1,7
1888,5,3,8
1888,4,3,7
1888,6,13,19
1888,6,2,8
1888,2,1,3
1888,2,0,2
1888,6,3,9
1888,9,2,11
1888,8,10,18
1888,8,10,18
1888,6,5,11
1888,9,3,12
1888,4,1,5
1888,4,1,5
1888,4,14,18
1888,4,3,7
1888,8,5,13
1888,14,10,24
1888,9,3,12
1888,4,1,5
1888,14,0,14
1888,4,2,6
1888,2,11,13
1888,4,3,7
1888,7,14,21
1888,18,13,31
1888,7,10,17
1888,3,2,5
1888,9,8,17
1888,9,8,17
1888,6,3,9
1888,6,3,9
1888,3,2,5
1888,6,2,8
1888,9,4,13
1888,7,0,7
1888,3,2,5
1888,4,2,6
1888,9,13,22
1888,9,0,9
1888,6,4,10
1888,6,3,9
1888,4,1,5
1888,3,0,3
1888,4,3,7
1888,4,3,7
1888,3,2,5
1888,6,1,7
1888,5,4,9
1888,4,0,4
1888,2,1,3
1888,12,1,13
1888,7,4,11
1888,2,0,2
1888,5,4,9
1888,7,5,12
1888,6,4,10
1888,5,2,7
1888,6,2,8
1888,8,6,14
1888,9,22,31
1888,2,1,3
1888,9,6,15
1888,3,1,4
1888,4,1,5
1888,8,3,11
1888,9,0,9
1888,4,3,7
1888,3,2,5
1888,2,0,2
1888,4,0,4
1888,8,6,14
1888,4,14,18
1888,4,0,4
1888,6,0,6
1888,9,16,25
1888,5,1,6
1888,10,0,10
1888,9,9,18
1888,5,2,7
1888,5,4,9
1888,5,1,6
1888,1,0,1
1888,4,3,7
1888,7,12,19
1888,5,4,9
1888,5,11,16
1888,9,12,21
1888,4,12,16
1888,3,2,5
1888,2,0,2
1888,1,0,1
1888,7,4,11
1888,2,1,3
1888,1,0,1
1888,7,6,13
1888,5,11,16
1888,6,5,11
1888,2,0,2
1888,3,10,13
1888,7,2,9
1888,4,1,5
1888,5,0,5
1888,5,10,15
1888,6,1,7
1888,9,3,12
1888,6,0,6
1888,4,3,7
1888,5,3,8
1888,4,3,7
1888,7,1,8
1888,8,2,10
1888,2,1,3
1888,2,0,2
1888,3,2,5
1888,2,1,3
1888,4,0,4
1888,7,6,13
1888,5,18,23
1888,2,1,3
1888,7,1,8
1888,17,11,28
1888,8,1,9
1888,9,6,15
1888,4,13,17
1888,3,2,5
1888,6,1,7
1888,3,2,5
1888,4,3,7
1888,6,2,8
1888,10,1,11
1888,5,3,8
1888,6,2,8
1888,5,1,6
1888,2,1,3
1888,4,10,14
1888,2,0,2
1888,4,3,7
1888,5,4,9
1888,6,4,10
1888,7,2,9
1888,5,13,18
1888,4,1,5
1888,6,3,9
1888,5,14,19
1888,5,2,7
1888,6,4,10
1888,5,1,6
1888,3,1,4
1888,7,1,8
1888,9,7,16
1888,5,4,9
1888,3,1,4
1888,3,2,5
1888,8,1,9
1888,2,12,14
1888,3,1,4
1888,9,5,14
1888,4,3,7
1888,9,5,14
1888,6,5,11
1888,4,1,5
1888,7,4,11
1888,2,0,2
1888,6,3,9
1888,8,1,9
1888,16,1,17
1888,21,17,38
1888,12,1,13
1888,4,2,6
1888,2,1,3
1888,8,0,8
1888,6,2,8
1888,7,4,11
1888,5,1,6
1888,4,3,7
1888,8,7,15
1888,1,0,1
1888,6,5,11
1888,9,1,10
1888,2,0,2
1888,7,2,9
1888,3,0,3
1888,6,5,11
1888,8,2,10
1888,7,5,12
1888,6,1,7
1888,4,0,4
1888,4,10,14
1888,8,2,10
1888,4,2,6
1888,6,4,10
1888,4,3,7
1888,4,1,5
1888,5,4,9
1888,2,1,3
1888,4,10,14
1888,7,3,10
1888,4,3,7
1888,6,5,11
1888,5,4,9
1888,2,0,2
1888,3,2,5
1888,7,6,13
1888,9,6,15
1888,5,4,9
1888,9,8,17
1888,13,1,14
1888,3,2,5
1888,5,0,5
1888,4,4,8
1888,6,13,19
1888,7,3,10
1888,4,4,8
1888,5,3,8
1888,8,3,11
1888,7,0,7
1888,3,1,4
1888,6,5,11
1888,6,0,6
1888,2,0,2
1888,3,2,5
1888,5,3,8
1888,7,0,7
1888,6,1,7
1888,2,1,3
1888,4,3,7
1888,6,4,10
1888,5,4,9
1888,5,0,5
1888,6,10,16
1888,5,1,6
1888,3,3,6
1888,1,0,1
1888,6,2,8
1888,4,1,5
1888,9,2,11
1888,5,16,21
1888,4,1,5
1888,6,3,9
1888,5,3,8
1888,6,5,11
1888,4,2,6
1888,7,2,9
1888,5,2,7
1888,6,4,10
1888,7,0,7
1888,2,1,3
1888,5,3,8
1888,8,1,9
1888,8,5,13
1888,8,10,18
1888,6,5,11
1888,3,12,15
1888,7,6,13
1888,3,2,5
1888,1,0,1
1888,5,5,10
1888,4,1,5
1888,1,0,1
1888,6,5,11
1888,6,5,11
1888,2,0,2
1888,3,2,5
1888,9,4,13
1888,7,2,9
1888,5,5,10
1888,2,1,3
1888,8,3,11
1888,3,2,5
1888,7,10,17
1888,6,11,17
1888,4,1,5
1888,8,5,13
1888,4,2,6
1888,4,2,6
1888,5,0,5
1888,8,5,13
1888,4,3,7
1888,7,3,10
1888,9,2,11
1888,7,18,25
1888,2,0,2
1888,5,4,9
1888,3,0,3
1888,7,2,9
1888,8,3,11
1888,8,0,8
1888,6,1,7
1888,3,0,3
1888,7,4,11
1888,4,0,4
1888,4,3,7
1888,7,11,18
1888,5,15,20
1888,4,0,4
1888,6,11,17
1888,7,6,13
1888,8,1,9
1888,8,5,13
1888,5,1,6
1888,8,4,12
1888,2,10,12
1888,4,2,6
1888,2,1,3
1888,8,12,20
1888,1,0,1
1888,2,0,2
1888,8,3,11
1888,6,4,10
1888,7,0,7
1888,3,0,3
1888,4,2,6
1888,5,4,9
1888,9,3,12
1888,6,3,9
1888,7,10,17
1888,4,2,6
1888,7,0,7
1888,1,0,1
1888,3,2,5
1888,3,2,5
1888,7,0,7
1888,6,4,10
1888,6,2,8
1888,4,14,18
1888,2,1,3
1888,6,5,11
1888,6,4,10
1888,3,2,5
1888,1,0,1
1888,1,0,1
1888,4,10,14
1888,4,1,5
1888,2,16,18
1888,7,0,7
1888,6,3,9
1888,7,6,13
1888,8,7,15
1888,6,1,7
1888,5,2,7
1888,6,0,6
1888,11,1,12
1888,4,3,7
1888,7,11,18
1888,10,1,11
1888,6,0,6
1888,4,2,6
1888,6,4,10
1888,3,1,4
1888,6,12,18
1888,9,2,11
1888,5,2,7
1888,3,10,13
1888,2,0,2
1888,5,3,8
1888,9,2,11
1888,4,2,6
1888,15,1,16
1888,2,1,3
1888,8,1,9
1888,9,0,9
1888,5,2,7
1888,6,3,9
1888,5,3,8
1888,7,3,10
1888,5,4,9
1888,1,0,1
1888,5,0,5
1888,7,3,10
1888,3,1,4
1888,8,4,12
1888,4,10,14
1888,2,1,3
1888,14,0,14
1888,4,0,4
1888,9,3,12
1888,2,2,4
1888,5,2,7
1888,4,16,20
1888,8,5,13
1888,3,2,5
1888,2,0,2
1888,7,3,10
1888,8,2,10
1888,5,4,9
1888,4,11,15
1888,7,4,11
1888,4,3,7
1888,1,0,1
1888,3,1,4
1888,7,1,8
1888,9,2,11
1888,9,18,27
1888,5,1,6
1888,5,4,9
1888,5,2,7
1888,9,2,11
1888,3,1,4
1888,9,4,13
1888,5,2,7
1888,3,12,15
1888,5,4,9
1888,2,1,3
1888,3,2,5
1888,4,3,7
1888,7,2,9
1888,5,13,18
1888,4,10,14
1888,3,14,17
1888,4,2,6
1888,6,1,7
1888,3,0,3
1888,3,2,5
1888,5,2,7
1888,3,2,5
1888,8,1,9
1888,4,3,7
1888,8,5,13
1888,9,11,20
1888,3,2,5
1888,7,1,8
1888,6,11,17
1888,2,1,3
1888,2,1,3
1888,7,2,9
1888,3,2,5
1888,2,0,2
1888,3,2,5
1888,5,1,6
1888,3,1,4
1888,8,3,11
1888,2,1,3
1888,3,2,5
1888,7,3,10
1888,4,3,7
1888,7,0,7
1888,1,0,1
1888,1,0,1
1888,5,3,8
1888,2,0,2
1888,11,0,11
1888,8,2,10
1888,5,4,9
1888,7,2,9
1888,9,7,16
1888,9,2,11
1888,8,3,11
1888,5,2,7
1888,5,3,8
1888,6,3,9
1888,8,3,11
1888,5,0,5
1888,2,0,2
1888,7,2,9
1888,5,3,8
1888,2,11,13
1888,7,10,17
1888,9,1,10
1888,8,3,11
1888,3,2,5
1888,7,3,10
1888,9,5,14
1888,7,5,12
1888,5,0,5
1888,4,2,6
1888,2,14,16
1888,4,3,7
1888,6,5,11
1888,2,0,2
1888,4,2,6
1888,4,2,6
1888,1,0,1
1888,5,3,8
1888,8,0,8
1888,6,4,10
1888,4,2,6
1888,5,4,9
1888,1,0,1
1888,6,0,6
1888,5,1,6
1888,2,12,14
1888,8,4,12
1888,7,3,10
1888,8,3,11
1888,3,11,14
1888,4,3,7
1888,5,1,6
1888,5,15,20
1888,3,0,3
1888,2,11,13
1888,2,0,2
1888,2,0,2
1888,5,4,9
1888,4,1,5
1888,6,3,9
1888,11,0,11
1888,5,1,6
1888,1,0,1
1888,2,1,3
1888,5,4,9
1888,2,1,3
1888,5,4,9
1888,1,0,1
1888,4,0,4
1888,6,0,6
1888,3,2,5
1888,8,2,10
1888,10,0,10
1888,6,2,8
1888,3,3,6
1888,3,2,5
1888,7,4,11
1888,2,1,3
1888,3,2,5
1888,3,10,13
1888,6,3,9
1888,6,5,11
1888,6,1,7
1888,1,1,2
1888,7,1,8
1888,2,11,13
1888,4,1,5
1888,8,4,12
1888,5,14,19
1888,3,1,4
1888,9,2,11
1888,6,4,10
1888,4,14,18
1888,4,1,5
1888,3,10,13
1888,5,1,6
1888,6,2,8
1888,2,1,3
1888,10,0,10
1888,7,6,13
1888,2,1,3
1888,7,4,11
1888,9,6,15
1888,4,0,4
1888,6,3,9
1888,2,1,3
1888,3,10,13
1888,5,1,6
1888,8,4,12
1888,4,2,6
1888,3,1,4
1888,6,5,11
1888,6,3,9
1888,5,4,9
1888,4,2,6
1888,9,4,13
1888,6,5,11
1888,3,1,4
1888,2,1,3
1888,3,0,3
1888,3,2,5
1888,6,5,11
1888,7,13,20
1888,12,0,12
1888,6,3,9
1888,4,1,5
1888,2,2,4
1888,4,2,6
1888,7,0,7
1888,4,2,6
1888,3,0,3
1888,8,1,9
1888,9,10,19
1888,4,4,8
1888,6,2,8
1888,4,2,6
1888,7,4,11
1888,4,4,8
1888,5,2,7
1888,26,14,40
1888,6,3,9
1888,7,7,14
1888,4,13,17
1888,8,5,13
1888,5,0,5
1888,8,3,11
1888,2,1,3
1888,2,1,3
1888,3,1,4
1888,6,2,8
1888,6,2,8
1888,8,1,9
1888,8,4,12
1888,11,10,21
1888,5,1,6
1888,5,2,7
1888,3,0,3
1888,8,1,9
1888,3,14,17
1888,5,14,19
1888,8,13,21
1888,8,10,18
1888,3,0,3
1888,7,3,10
1888,1,0,1
1888,8,6,14
1888,7,17,24
1888,9,7,16
1888,5,0,5
1888,6,3,9
1888,5,3,8
1888,5,3,8
1888,6,12,18
1888,8,0,8
1888,5,2,7
1888,5,1,6
1888,3,1,4
1888,6,4,10
1888,8,4,12
1888,8,11,19
1888,6,2,8
1888,5,1,6
1888,7,1,8
1888,6,10,16
1888,3,2,5
1888,5,4,9
1888,6,11,17
1888,6,5,11
1888,5,11,16
1888,6,13,19
1888,3,2,5
1888,9,7,16
1888,8,12,20
1888,4,3,7
1888,4,13,17
1888,7,15,22
1888,4,3,7
1888,1,0,1
1888,3,1,4
1888,7,2,9
1888,7,4,11
1888,7,4,11
1888,9,9,18
1888,8,0,8
1888,4,1,5
1888,13,0,13
1888,8,3,11
1888,3,2,5
1888,7,5,12
1888,3,1,4
1888,7,10,17
1888,3,1,4
1888,8,0,8
1888,8,1,9
1888,5,1,6
1888,3,3,6
1888,6,4,10
1888,7,4,11
1888,5,2,7
1888,6,1,7
1888,10,1,11
1888,2,1,3
1888,9,1,10
1888,7,3,10
1888,6,4,10
1888,7,5,12
1888,6,5,11
1888,6,3,9
1888,4,14,18
1889,5,1,6
1889,7,4,11
1889,3,13,16
1889,4,12,16
1889,8,6,14
1889,3,2,5
1889,5,18,23
1889,11,0,11
1889,4,3,7
1889,7,5,12
1889,9,8,17
1889,3,18,21
1889,2,0,2
1889,9,14,23
1889,6,15,21
1889,7,6,13
1889,12,10,22
1889,6,1,7
1889,6,4,10
1889,10,1,11
1889,6,13,19
1889,6,15,21
1889,5,4,9
1889,7,5,12
1889,7,17,24
1889,8,4,12
1889,8,11,19
1889,3,10,13
1889,8,7,15
1889,7,6,13
1889,8,5,13
1889,8,4,12
1889,9,9,18
1889,4,10,14
1889,5,16,21
1889,11,10,21
1889,5,4,9
1889,5,10,15
1889,8,14,22
1889,7,1,8
1889,8,2,10
1889,4,2,6
1889,5,4,9
1889,12,10,22
1889,5,4,9
1889,5,4,9
1889,5,2,7
1889,7,5,12
1889,7,3,10
1889,8,7,15
1889,4,2,6
1889,8,3,11
1889,2,1,3
1889,5,3,8
1889,7,2,9
1889,9,8,17
1889,6,5,11
1889,8,6,14
1889,9,7,16
1889,7,6,13
1889,5,11,16
1889,6,4,10
1889,3,2,5
1889,4,10,14
1889,6,2,8
1889,5,2,7
1889,3,14,17
1889,3,16,19
1889,8,10,18
1889,3,2,5
1889,9,1,10
1889,4,2,6
1889,2,1,3
1889,16,13,29
1889,3,2,5
1889,3,16,19
1889,5,4,9
1889,4,2,6
1889,5,1,6
1889,6,12,18
1889,4,0,4
1889,7,2,9
1889,4,13,17
1889,3,16,19
1889,9,4,13
1889,9,6,15
1889,9,5,14
1889,4,2,6
1889,8,6,14
1889,8,2,10
1889,17,12,29
1889,9,16,25
1889,2,11,13
1889,3,2,5
1889,5,1,6
1889,8,10,18
1889,5,12,17
1889,18,12,30
1889,8,11,19
1889,8,7,15
1889,7,6,13
1889,9,11,20
1889,9,13,22
1889,3,23,26
1889,5,3,8
1889,7,1,8
1889,7,10,17
1889,6,4,10
1889,3,13,16
1889,6,4,10
1889,21,0,21
1889,7,0,7
1889,3,2,5
1889,8,6,14
1889,6,2,8
1889,7,16,23
1889,21,2,23
1889,9,6,15
1889,9,4,13
1889,9,10,19
1889,7,6,13
1889,2,13,15
1889,6,14,20
1889,8,12,20
1889,6,0,6
1889,6,4,10
1889,7,5,12
1889,3,10,13
1889,5,4,9
1889,10,0,10
1889,4,3,7
1889,6,10,16
1889,3,0,3
1889,5,16,21
1889,4,3,7
1889,7,11,18
1889,4,2,6
1889,6,12,18
1889,5,1,6
1889,14,1,15
1889,4,20,24
1889,7,10,17
1889,2,0,2
1889,7,5,12
1889,9,7,16
1889,2,1,3
1889,8,7,15
1889,4,3,7
1889,13,11,24
1889,9,13,22
1889,4,0,4
1889,11,10,21
1889,5,0,5
1889,7,5,12
1889,7,2,9
1889,8,7,15
1889,6,10,16
1889,2,16,18
1889,6,5,11
1889,9,7,16
1889,4,1,5
1889,4,14,18
1889,4,2,6
1889,9,17,26
1889,6,10,16
1889,6,3,9
1889,16,12,28
1889,9,7,16
1889,3,1,4
1889,4,14,18
1889,5,14,19
1889,9,4,13
1889,7,11,18
1889,6,5,11
1889,2,11,13
1889,4,11,15
1889,8,10,18
1889,7,5,12
1889,8,15,23
1889,3,13,16
1889,3,2,5
1889,5,4,9
1889,5,3,8
1889,14,13,27
1889,8,5,13
1889,7,12,19
1889,4,1,5
1889,2,1,3
1889,2,0,2
1889,18,12,30
1889,4,1,5
1889,13,10,23
1889,14,13,27
1889,8,4,12
1889,5,4,9
1889,3,2,5
1889,6,13,19
1889,5,4,9
1889,7,13,20
1889,2,11,13
1889,4,11,15
1889,4,3,7
1889,9,5,14
1889,5,4,9
1889,3,17,20
1889,9,8,17
1889,18,17,35
1889,5,2,7
1889,9,8,17
1889,6,1,7
1889,5,3,8
1889,4,0,4
1889,9,7,16
1889,5,4,9
1889,9,7,16
1889,8,4,12
1889,6,3,9
1889,9,8,17
1889,4,3,7
1889,7,10,17
1889,3,1,4
1889,5,4,9
1889,8,7,15
1889,4,16,20
1889,6,2,8
1889,3,12,15
1889,4,10,14
1889,9,10,19
1889,8,5,13
1889,5,1,6
1889,3,10,13
1889,7,4,11
1889,13,12,25
1889,7,0,7
1889,5,4,9
1889,5,3,8
1889,7,6,13
1889,3,2,5
1889,8,6,14
1889,4,13,17
1889,6,1,7
1889,8,2,10
1889,8,4,12
1889,9,7,16
1889,8,10,18
1889,4,2,6
1889,6,5,11
1889,7,3,10
1889,3,0,3
1889,6,1,7
1889,6,13,19
1889,4,10,14
1889,2,1,3
1889,7,2,9
1889,8,11,19
1889,4,11,15
1889,5,4,9
1889,8,10,18
1889,7,2,9
1889,8,3,11
1889,8,4,12
1889,9,5,14
1889,2,1,3
1889,4,11,15
1889,3,12,15
1889,4,2,6
1889,7,2,9
1889,9,6,15
1889,6,10,16
1889,2,1,3
1889,7,11,18
1889,1,0,1
1889,3,2,5
1889,5,3,8
1889,4,2,6
1889,5,4,9
1889,5,3,8
1889,6,13,19
1889,4,2,6
1889,5,4,9
1889,7,6,13
1889,6,5,11
1889,4,3,7
1889,11,10,21
1889,4,3,7
1889,3,10,13
1889,6,4,10
1889,7,10,17
1889,11,10,21
1889,8,2,10
1889,9,3,12
1889,5,2,7
1889,3,16,19
1889,6,1,7
1889,9,4,13
1889,9,7,16
1889,7,14,21
1889,5,1,6
1889,5,14,19
1889,5,10,15
1889,3,2,5
1889,2,14,16
1889,7,5,12
1889,2,12,14
1889,4,17,21
1889,12,1,13
1889,9,1,10
1889,7,5,12
1889,4,3,7
1889,3,2,5
1889,9,5,14
1889,5,1,6
1889,8,3,11
1889,3,1,4
1889,7,5,12
1889,4,2,6
1889,4,3,7
1889,5,2,7
1889,4,2,6
1889,2,1,3
1889,2,12,14
1889,6,3,9
1889,7,5,12
1889,8,3,11
1889,5,10,15
1889,3,10,13
1889,4,2,6
1889,2,1,3
1889,7,1,8
1889,9,8,17
1889,5,4,9
1889,4,1,5
1889,3,2,5
1889,2,2,4
1889,7,4,11
1889,9,3,12
1889,5,4,9
1889,9,13,22
1889,4,14,18
1889,8,5,13
1889,4,2,6
1889,3,2,5
1889,5,4,9
1889,3,16,19
1889,16,11,27
1889,4,3,7
1889,9,5,14
1889,6,10,16
1889,10,0,10
1889,6,2,8
1889,6,11,17
1889,7,4,11
1889,8,7,15
1889,2,11,13
1889,7,17,24
1889,5,4,9
1889,6,22,28
1889,9,0,9
1889,14,13,27
1889,10,1,11
1889,8,3,11
1889,6,0,6
1889,6,1,7
1889,3,14,17
1889,5,2,7
1889,1,0,1
1889,5,4,9
1889,6,4,10
1889,7,6,13
1889,2,1,3
1889,3,2,5
1889,6,17,23
1889,9,2,11
1889,8,3,11
1889,7,3,10
1889,3,0,3
1889,9,5,14
1889,5,1,6
1889,8,6,14
1889,3,11,14
1889,3,10,13
1889,7,6,13
1889,3,2,5
1889,13,1,14
1889,1,0,1
1889,4,3,7
1889,8,2,10
1889,7,15,22
1889,7,3,10
1889,8,0,8
1889,7,13,20
1889,6,0,6
1889,6,4,10
1889,6,5,11
1889,8,10,18
1889,7,4,11
1889,4,2,6
1889,8,12,20
1889,8,6,14
1889,6,4,10
1889,8,7,15
1889,7,5,12
1889,7,3,10
1889,3,10,13
1889,7,12,19
1889,7,3,10
1889,6,10,16
1889,2,12,14
1889,6,1,7
1889,6,1,7
1889,1,0,1
1889,13,10,23
1889,4,1,5
1889,6,10,16
1889,6,5,11
1889,8,6,14
1889,5,0,5
1889,3,11,14
1889,7,2,9
1889,5,2,7
1889,7,3,10
1889,9,3,12
1889,3,0,3
1889,7,0,7
1889,8,2,10
1889,5,4,9
1889,4,1,5
1889,9,3,12
1889,3,2,5
1889,3,2,5
1889,8,0,8
1889,10,1,11
1889,7,4,11
1889,9,3,12
1889,8,3,11
1889,7,12,19
1889,7,3,10
1889,8,2,10
1889,6,5,11
1889,6,3,9
1889,6,0,6
1889,8,2,10
1889,5,4,9
1889,5,4,9
1889,8,6,14
1889,9,13,22
1889,3,10,13
1889,2,2,4
1889,19,10,29
1889,7,4,11
1889,4,11,15
1889,8,5,13
1889,6,0,6
1889,7,11,18
1889,8,0,8
1889,5,11,16
1889,5,4,9
1889,6,0,6
1889,7,1,8
1889,8,13,21
1889,8,2,10
1889,12,1,13
1889,4,2,6
1889,6,4,10
1889,4,3,7
1889,12,10,22
1889,8,1,9
1889,2,0,2
1889,9,10,19
1889,2,11,13
1889,9,1,10
1889,5,2,7
1889,6,14,20
1889,9,6,15
1889,5,2,7
1889,21,2,23
1889,12,11,23
1889,6,5,11
1889,7,1,8
1889,8,1,9
1889,6,5,11
1889,8,16,24
1889,3,11,14
1889,8,3,11
1889,6,1,7
1889,3,11,14
1889,8,4,12
1889,5,2,7
1889,7,5,12
1889,11,1,12
1889,14,0,14
1889,4,3,7
1889,5,15,20
1889,16,10,26
1889,9,0,9
1889,8,10,18
1889,2,10,12
1889,8,5,13
1889,4,2,6
1889,3,2,5
1889,3,0,3
1889,14,1,15
1889,5,3,8
1889,4,2,6
1889,6,4,10
1889,7,4,11
1889,7,5,12
1889,9,1,10
1889,9,2,11
1889,13,12,25
1889,8,3,11
1889,13,1,14
1889,6,5,11
1889,4,0,4
1889,4,3,7
1889,8,1,9
1889,4,3,7
1889,3,2,5
1889,4,2,6
1889,7,2,9
1889,6,4,10
1889,5,15,20
1889,15,11,26
1889,5,3,8
1889,6,11,17
1889,5,25,30
1889,7,12,19
1889,7,1,8
1889,9,0,9
1889,6,4,10
1889,9,4,13
1889,7,4,11
1889,7,3,10
1889,7,3,10
1889,4,10,14
1889,6,4,10
1889,4,3,7
1889,9,8,17
1889,13,10,23
1889,4,2,6
1889,4,2,6
1889,6,10,16
1889,5,10,15
1889,7,5,12
1889,8,3,11
1889,9,4,13
1889,4,10,14
1889,7,11,18
1889,8,1,9
1889,5,0,5
1889,5,1,6
1889,5,1,6
1889,4,2,6
1889,15,0,15
1889,5,5,10
1889,6,13,19
1889,9,8,17
1889,3,2,5
1889,2,0,2
1889,5,4,9
1889,5,1,6
1889,8,5,13
1889,4,3,7
1889,16,1,17
1889,5,4,9
1889,8,6,14
1889,5,1,6
1889,10,1,11
1889,3,1,4
1889,3,2,5
1889,2,1,3
1889,7,2,9
1889,5,1,6
1889,9,10,19
1889,6,3,9
1889,4,3,7
1889,4,10,14
1889,8,10,18
1889,3,0,3
1889,9,3,12
1889,9,1,10
1889,7,5,12
1889,3,17,20
1889,7,6,13
1889,3,12,15
1889,3,2,5
1889,6,3,9
1889,5,4,9
1889,5,0,5
1889,6,5,11
1889,6,15,21
1889,8,4,12
1889,7,5,12
1889,8,10,18
1889,7,6,13
1889,7,5,12
1889,6,10,16
1889,6,5,11
1889,3,2,5
1889,6,20,26
1889,6,3,9
1889,9,1,10
1889,3,0,3
1889,8,4,12
1889,4,2,6
1889,3,1,4
1889,6,2,8
1889,6,2,8
1889,5,17,22
1889,5,2,7
1889,12,10,22
1889,5,4,9
1889,5,11,16
1889,2,1,3
1889,11,10,21
1889,4,3,7
1889,7,6,13
1889,8,6,14
1889,8,13,21
1889,5,2,7
1889,5,2,7
1889,13,0,13
1889,5,1,6
1889,4,3,7
1889,5,1,6
1889,5,1,6
1889,1,0,1
1889,6,5,11
1889,7,3,10
1889,6,1,7
1889,6,1,7
1889,8,6,14
1889,14,1,15
1889,3,1,4
1889,5,16,21
1889,7,6,13
1889,3,10,13
1889,3,2,5
1889,5,3,8
1889,6,2,8
1889,8,7,15
1889,2,11,13
1889,7,0,7
1889,8,1,9
1889,9,5,14
1889,5,10,15
1889,6,10,16
1889,6,2,8
1889,6,13,19
1889,2,1,3
1889,5,4,9
1889,8,18,26
1889,3,0,3
1889,8,6,14
1889,8,3,11
1889,7,2,9
1889,6,4,10
1889,7,0,7
1889,3,2,5
1889,8,7,15
1889,5,2,7
1889,5,0,5
1889,4,2,6
1889,13,0,13
1889,2,1,3
1889,8,10,18
1889,8,1,9
1889,4,3,7
1889,8,3,11
1889,8,0,8
1889,7,3,10
1889,4,2,6
1889,6,20,26
1889,8,10,18
1889,7,13,20
1889,4,1,5
1889,5,4,9
1889,9,0,9
1889,7,10,17
1889,12,11,23
1889,4,14,18
1889,2,12,14
1889,4,3,7
1889,6,5,11
1889,6,12,18
1889,9,0,9
1889,8,1,9
1889,7,11,18
1889,8,15,23
1889,3,15,18
1889,9,7,16
1889,5,10,15
1889,20,0,20
1889,9,6,15
1889,6,1,7
1889,9,11,20
1889,2,1,3
1889,8,5,13
1889,4,2,6
1889,4,3,7
1889,6,4,10
1889,3,12,15
1889,4,14,18
1889,9,11,20
1889,4,3,7
1889,7,6,13
1889,8,4,12
1889,10,1,11
1889,9,3,12
1889,5,10,15
1889,5,3,8
1889,11,0,11
1889,6,3,9
1889,4,13,17
1889,4,10,14
1889,8,7,15
1889,3,2,5
1889,6,1,7
1889,9,0,9
1889,3,12,15
1889,7,19,26
1889,4,2,6
1889,7,3,10
1889,9,11,20
1889,3,2,5
1889,8,3,11
1889,9,3,12
1889,13,0,13
1889,7,6,13
1889,8,19,27
1889,9,10,19
1889,8,6,14
1889,7,2,9
1889,3,0,3
1889,9,2,11
1889,19,11,30
1889,6,10,16
1889,13,0,13
1889,7,4,11
1889,8,5,13
1889,2,1,3
1889,9,3,12
1889,7,12,19
1889,7,6,13
1889,10,0,10
1889,15,10,25
1889,4,1,5
1889,6,3,9
1889,6,3,9
1889,4,2,6
1889,4,4,8
1889,4,3,7
1889,4,3,7
1889,3,10,13
1889,9,8,17
1889,14,1,15
1889,2,12,14
1889,6,1,7
1889,3,2,5
1889,7,10,17
1889,18,11,29
1889,6,2,8
1889,2,14,16
1889,4,10,14
1889,6,5,11
1889,9,3,12
1889,6,12,18
1889,6,3,9
1889,8,11,19
1889,7,5,12
1889,7,11,18
1889,5,18,23
1889,1,1,2
1889,3,1,4
1889,8,3,11
1889,6,14,20
1889,8,4,12
1889,4,2,6
1889,8,7,15
1889,2,1,3
1889,4,10,14
1889,7,6,13
1889,7,6,13
1889,7,3,10
1889,2,11,13
1889,9,3,12
1889,6,2,8
1889,6,4,10
1889,7,5,12
1889,6,10,16
1889,7,16,23
1889,8,10,18
1889,8,3,11
1889,7,4,11
1889,5,2,7
1889,3,14,17
1889,8,5,13
1889,9,16,25
1889,8,7,15
1889,6,19,25
1889,11,1,12
1889,5,4,9
1889,4,2,6
1889,5,2,7
1889,8,7,15
1889,12,11,23
1889,5,10,15
1889,4,10,14
1889,3,13,16
1889,6,13,19
1889,5,1,6
1889,8,3,11
1889,19,1,20
1889,8,3,11
1889,8,7,15
1889,5,1,6
1889,6,4,10
1889,3,16,19
1889,7,5,12
1889,5,3,8
1889,7,14,21
1889,9,9,18
1889,4,0,4
1889,5,1,6
1889,15,1,16
1889,6,4,10
1889,9,2,11
1889,4,12,16
1889,4,3,7
1889,4,14,18
1889,5,4,9
1889,4,13,17
1889,7,2,9
1889,7,1,8
1889,8,1,9
1889,9,5,14
1889,2,2,4
1889,3,12,15
1889,4,11,15
1889,8,2,10
1889,3,2,5
1889,4,1,5
1889,9,9,18
1889,7,2,9
1889,9,1,10
1889,11,11,22
1889,15,10,25
1889,6,5,11
1889,4,0,4
1889,2,10,12
1889,7,4,11
1889,4,11,15
1889,8,3,11
1889,1,0,1
1889,9,6,15
1889,11,0,11
1889,8,3,11
1889,4,4,8
1889,2,1,3
1889,3,2,5
1889,5,2,7
1889,7,1,8
1889,8,13,21
1889,8,7,15
1889,7,3,10
1889,9,4,13
1889,6,10,16
1889,4,2,6
1889,3,1,4
1889,4,2,6
1889,12,1,13
1889,6,3,9
1889,6,0,6
1889,7,2,9
1889,9,8,17
1889,6,12,18
1889,8,15,23
1889,9,6,15
1889,5,5,10
1889,6,3,9
1889,4,10,14
1889,5,3,8
1889,3,0,3
1889,4,1,5
1889,3,2,5
1889,5,0,5
1889,7,3,10
1889,5,4,9
1889,7,5,12
1889,5,5,10
1889,4,2,6
1889,5,3,8
1889,5,0,5
1889,4,12,16
1889,4,4,8
1889,8,4,12
1889,4,3,7
1889,2,1,3
1889,8,4,12
1889,7,6,13
1889,8,12,20
1889,9,6,15
1889,5,11,16
1889,7,10,17
1889,4,10,14
1889,9,6,15
1889,6,3,9
1889,2,1,3
1889,8,3,11
1889,9,7,16
1889,3,2,5
1889,5,0,5
1889,12,1,13
1889,3,0,3
1889,4,4,8
1889,11,0,11
1889,6,5,11
1889,5,3,8
1889,6,2,8
1889,6,3,9
1889,8,2,10
1889,4,0,4
1889,9,1,10
1889,3,1,4
1889,3,13,16
1889,5,1,6
1889,4,4,8
1889,3,11,14
1889,7,10,17
1889,7,10,17
1889,6,5,11
1889,7,2,9
1889,4,1,5
1889,8,1,9
1889,3,2,5
1889,4,3,7
1889,4,12,16
1889,5,1,6
1889,8,19,27
1889,5,1,6
1889,5,1,6
1889,9,1,10
1889,5,10,15
1889,5,1,6
1889,7,2,9
1889,4,3,7
1889,11,11,22
1889,6,5,11
1889,4,2,6
1889,7,4,11
1889,4,10,14
1889,19,10,29
1889,6,12,18
1889,3,13,16
1889,8,0,8
1889,12,10,22
1889,5,12,17
1889,6,2,8
1889,7,5,12
1889,6,10,16
1889,6,0,6
1889,4,1,5
1889,5,1,6
1889,4,4,8
1889,4,3,7
1889,8,11,19
1889,9,4,13
1889,8,7,15
1889,9,6,15
1889,7,5,12
1889,7,3,10
1889,5,4,9
1889,4,4,8
1889,7,4,11
1889,5,10,15
1889,9,8,17
1889,6,17,23
1889,9,10,19
1889,3,2,5
1889,8,3,11
1889,5,0,5
1889,9,11,20
1889,6,4,10
1889,6,3,9
1889,5,1,6
1889,10,0,10
1889,7,5,12
1889,6,5,11
1889,16,12,28
1889,8,13,21
1889,7,4,11
1889,2,0,2
1889,7,2,9
1889,8,5,13
1889,9,1,10
1889,7,7,14
1889,4,3,7
1889,6,12,18
1889,8,6,14
1889,9,2,11
1889,5,4,9
1889,2,0,2
1889,6,18,24
1889,7,11,18
1889,8,15,23
1889,8,16,24
1889,4,3,7
1889,8,7,15
1889,2,2,4
1889,7,1,8
1889,7,6,13
1889,3,10,13
1889,9,7,16
1889,2,0,2
1889,4,1,5
1889,2,2,4
1889,7,2,9
1889,6,3,9
1889,9,5,14
1889,6,3,9
1889,9,8,17
1889,3,3,6
1889,6,3,9
1889,7,2,9
1889,8,5,13
1889,7,4,11
1889,5,4,9
1889,7,2,9
1889,7,4,11
1889,13,12,25
1889,9,7,16
1889,7,1,8
1889,2,12,14
1889,6,3,9
1889,5,15,20
1889,3,11,14
1889,17,0,17
1889,5,5,10
1889,9,0,9
1889,3,14,17
1889,9,0,9
1889,7,2,9
1889,7,5,12
1889,6,11,17
1889,3,0,3
1889,6,1,7
1889,9,2,11
1889,6,5,11
1889,4,3,7
1889,11,10,21
1889,2,10,12
1889,3,2,5
1889,5,3,8
1889,8,1,9
1889,6,15,21
1889,6,1,7
1889,7,2,9
1889,9,0,9
1889,9,4,13
1889,3,2,5
1889,9,3,12
1889,9,12,21
1889,3,10,13
1889,9,3,12
1889,9,17,26
1889,6,10,16
1889,13,1,14
1889,8,4,12
1889,7,2,9
1889,5,0,5
1889,8,2,10
1889,9,1,10
1889,7,4,11
1889,7,5,12
1889,6,4,10
1889,7,3,10
1889,2,1,3
1889,6,5,11
1889,5,4,9
1889,6,1,7
1889,5,1,6
1889,7,5,12
1889,3,13,16
1889,8,3,11
1889,2,1,3
1889,2,10,12
1890,3,2,5
1890,9,14,23
1890,8,11,19
1890,22,21,43
1890,4,3,7
1890,8,11,19
1890,9,12,21
1890,23,2,25
1890,18,12,30
1890,9,15,24
1890,3,2,5
1890,5,4,9
1890,13,10,23
1890,5,3,8
1890,4,0,4
1890,12,11,23
1890,3,2,5
1890,3,2,5
1890,2,10,12
1890,9,8,17
1890,9,4,13
1890,8,15,23
1890,7,6,13
1890,7,5,12
1890,9,4,13
1890,4,17,21
1890,5,3,8
1890,13,11,24
1890,9,7,16
1890,9,11,20
1890,5,2,7
1890,7,19,26
1890,7,2,9
1890,11,1,12
1890,8,10,18
1890,3,13,16
1890,2,1,3
1890,7,3,10
1890,8,13,21
1890,6,17,23
1890,7,1,8
1890,5,3,8
1890,9,6,15
1890,7,2,9
1890,5,2,7
1890,7,10,17
1890,9,6,15
1890,3,2,5
1890,3,1,4
1890,8,1,9
1890,11,10,21
1890,20,12,32
1890,4,3,7
1890,18,15,33
1890,2,2,4
1890,7,3,10
1890,6,5,11
1890,8,10,18
1890,6,10,16
1890,10,1,11
1890,9,8,17
1890,3,1,4
1890,14,10,24
1890,6,5,11
1890,4,3,7
1890,5,3,8
1890,14,1,15
1890,4,12,16
1890,10,0,10
1890,3,1,4
1890,9,2,11
1890,6,1,7
1890,5,4,9
1890,3,0,3
1890,6,2,8
1890,15,10,25
1890,5,1,6
1890,9,8,17
1890,2,1,3
1890,5,2,7
1890,7,14,21
1890,15,13,28
1890,9,4,13
1890,3,2,5
1890,4,2,6
1890,5,4,9
1890,7,6,13
1890,5,1,6
1890,8,7,15
1890,5,10,15
1890,6,1,7
1890,4,0,4
1890,6,5,11
1890,9,3,12
1890,9,6,15
1890,5,11,16
1890,7,0,7
1890,6,1,7
1890,10,0,10
1890,4,3,7
1890,12,11,23
1890,5,4,9
1890,5,4,9
1890,6,3,9
1890,8,3,11
1890,2,11,13
1890,6,3,9
1890,9,7,16
1890,6,1,7
1890,4,11,15
1890,7,6,13
1890,6,2,8
1890,4,1,5
1890,6,3,9
1890,3,11,14
1890,9,3,12
1890,3,13,16
1890,7,3,10
1890,4,13,17
1890,3,3,6
1890,5,0,5
1890,8,6,14
1890,6,2,8
1890,2,12,14
1890,6,10,16
1890,5,4,9
1890,7,4,11
1890,2,11,13
1890,3,11,14
1890,8,3,11
1890,4,20,24
1890,2,2,4
1890,5,13,18
1890,6,5,11
1890,8,4,12
1890,5,1,6
1890,6,0,6
1890,6,5,11
1890,6,14,20
1890,7,0,7
1890,3,2,5
1890,5,4,9
1890,3,1,4
1890,8,4,12
1890,5,2,7
1890,12,10,22
1890,5,4,9
1890,6,4,10
1890,5,4,9
1890,6,5,11
1890,7,1,8
1890,6,1,7
1890,11,10,21
1890,9,18,27
1890,5,20,25
1890,9,8,17
1890,7,3,10
1890,5,14,19
1890,5,4,9
1890,5,14,19
1890,5,11,16
1890,7,1,8
1890,4,2,6
1890,5,10,15
1890,3,16,19
1890,4,2,6
1890,6,1,7
1890,7,5,12
1890,7,4,11
1890,11,1,12
1890,6,2,8
1890,3,2,5
1890,7,2,9
1890,7,5,12
1890,6,4,10
1890,7,12,19
1890,10,0,10
1890,8,5,13
1890,10,1,11
1890,8,4,12
1890,5,3,8
1890,1,0,1
1890,6,5,11
1890,1,0,1
1890,2,12,14
1890,8,4,12
1890,7,17,24
1890,7,11,18
1890,3,0,3
1890,4,3,7
1890,6,10,16
1890,3,19,22
1890,4,0,4
1890,7,2,9
1890,9,5,14
1890,3,11,14
1890,7,5,12
1890,4,1,5
1890,6,4,10
1890,6,5,11
1890,7,14,21
1890,4,11,15
1890,7,6,13
1890,5,4,9
1890,6,0,6
1890,6,3,9
1890,8,5,13
1890,5,0,5
1890,4,10,14
1890,5,1,6
1890,8,6,14
1890,5,1,6
1890,11,10,21
1890,6,2,8
1890,7,4,11
1890,9,8,17
1890,6,4,10
1890,8,2,10
1890,9,4,13
1890,5,13,18
1890,6,2,8
1890,6,13,19
1890,8,5,13
1890,6,4,10
1890,7,10,17
1890,7,6,13
1890,5,0,5
1890,3,2,5
1890,5,2,7
1890,2,11,13
1890,9,11,20
1890,2,18,20
1890,6,0,6
1890,7,2,9
1890,3,14,17
1890,5,4,9
1890,12,11,23
1890,3,11,14
1890,9,6,15
1890,3,16,19
1890,6,1,7
1890,8,3,11
1890,7,3,10
1890,5,2,7
1890,4,2,6
1890,4,19,23
1890,6,5,11
1890,1,0,1
1890,6,11,17
1890,14,1,15
1890,5,2,7
1890,3,11,14
1890,4,3,7
1890,7,1,8
1890,7,2,9
1890,4,1,5
1890,8,15,23
1890,6,4,10
1890,6,12,18
1890,8,4,12
1890,7,4,11
1890,2,14,16
1890,8,10,18
1890,3,12,15
1890,5,4,9
1890,6,12,18
1890,4,3,7
1890,5,3,8
1890,4,2,6
1890,7,2,9
1890,6,2,8
1890,4,3,7
1890,8,3,11
1890,17,10,27
1890,9,23,32
1890,4,1,5
1890,6,11,17
1890,8,10,18
1890,9,1,10
1890,5,4,9
1890,4,0,4
1890,3,1,4
1890,7,3,10
1890,8,4,12
1890,7,5,12
1890,9,8,17
1890,5,3,8
1890,6,0,6
1890,8,4,12
1890,9,6,15
1890,8,10,18
1890,7,6,13
1890,4,3,7
1890,3,13,16
1890,9,1,10
1890,9,0,9
1890,13,12,25
1890,8,4,12
1890,8,2,10
1890,7,15,22
1890,4,2,6
1890,9,8,17
1890,5,3,8
1890,6,2,8
1890,6,0,6
1890,4,1,5
1890,7,17,24
1890,4,2,6
1890,2,14,16
1890,3,2,5
1890,8,10,18
1890,8,1,9
1890,8,2,10
1890,7,4,11
1890,3,2,5
1890,5,15,20
1890,9,5,14
1890,1,0,1
1890,5,3,8
1890,5,4,9
1890,5,16,21
1890,12,10,22
1890,7,2,9
1890,5,11,16
1890,3,2,5
1890,5,0,5
1890,8,4,12
1890,11,10,21
1890,5,2,7
1890,8,0,8
1890,7,6,13
1890,9,8,17
1890,8,7,15
1890,6,5,11
1890,4,3,7
1890,4,3,7
1890,3,1,4
1890,6,4,10
1890,7,11,18
1890,5,10,15
1890,14,10,24
1890,6,2,8
1890,3,0,3
1890,8,7,15
1890,3,10,13
1890,5,3,8
1890,8,2,10
1890,3,1,4
1890,1,0,1
1890,7,11,18
1890,9,8,17
1890,8,4,12
1890,4,1,5
1890,4,2,6
1890,9,3,12
1890,4,3,7
1890,3,2,5
1890,3,11,14
1890,6,1,7
1890,7,4,11
1890,3,2,5
1890,9,8,17
1890,6,17,23
1890,3,2,5
1890,8,12,20
1890,3,23,26
1890,8,3,11
1890,5,4,9
1890,4,1,5
1890,5,4,9
1890,6,4,10
1890,15,14,29
1890,3,0,3
1890,6,5,11
1890,8,1,9
1890,7,20,27
1890,4,3,7
1890,6,4,10
1890,7,10,17
1890,6,14,20
1890,7,12,19
1890,14,1,15
1890,7,3,10
1890,6,1,7
1890,4,0,4
1890,5,2,7
1890,6,3,9
1890,5,2,7
1890,7,20,27
1890,5,14,19
1890,6,4,10
1890,6,5,11
1890,8,7,15
1890,8,7,15
1890,7,4,11
1890,5,2,7
1890,4,1,5
1890,3,1,4
1890,14,0,14
1890,9,2,11
1890,4,1,5
1890,9,4,13
1890,7,0,7
1890,12,11,23
1890,5,1,6
1890,6,5,11
1890,6,12,18
1890,9,1,10
1890,5,3,8
1890,9,3,12
1890,2,13,15
1890,5,11,16
1890,6,5,11
1890,9,4,13
1890,3,2,5
1890,5,5,10
1890,6,5,11
1890,9,5,14
1890,4,12,16
1890,4,14,18
1890,3,10,13
1890,2,12,14
1890,14,13,27
1890,15,13,28
1890,6,2,8
1890,5,3,8
1890,9,1,10
1890,5,11,16
1890,9,10,19
1890,9,3,12
1890,8,4,12
1890,4,3,7
1890,4,1,5
1890,6,5,11
1890,11,10,21
1890,9,6,15
1890,9,1,10
1890,9,5,14
1890,5,10,15
1890,3,1,4
1890,8,4,12
1890,7,14,21
1890,7,13,20
1890,7,3,10
1890,9,4,13
1890,8,2,10
1890,6,1,7
1890,2,14,16
1890,6,0,6
1890,9,3,12
1890,8,1,9
1890,6,4,10
1890,5,2,7
1890,5,4,9
1890,9,2,11
1890,9,1,10
1890,6,1,7
1890,3,2,5
1890,4,10,14
1890,6,2,8
1890,9,8,17
1890,3,0,3
1890,5,2,7
1890,7,1,8
1890,3,1,4
1890,5,1,6
1890,4,2,6
1890,8,7,15
1890,5,11,16
1890,4,3,7
1890,6,12,18
1890,7,5,12
1890,3,16,19
1890,8,0,8
1890,6,11,17
1890,1,0,1
1890,5,13,18
1890,2,11,13
1890,4,2,6
1890,7,19,26
1890,7,5,12
1890,7,11,18
1890,4,3,7
1890,5,4,9
1890,9,6,15
1890,5,2,7
1890,2,16,18
1890,7,6,13
1890,8,5,13
1890,3,0,3
1890,6,5,11
1890,6,4,10
1890,9,0,9
1890,8,2,10
1890,11,1,12
1890,9,10,19
1890,4,3,7
1890,3,0,3
1890,6,3,9
1890,7,4,11
1890,9,1,10
1890,8,11,19
1890,8,10,18
1890,7,6,13
1890,10,0,10
1890,3,2,5
1890,13,11,24
1890,2,12,14
1890,7,3,10
1890,4,3,7
1890,7,6,13
1890,7,3,10
1890,5,4,9
1890,6,3,9
1890,6,11,17
1890,6,4,10
1890,4,2,6
1890,4,3,7
1890,5,12,17
1890,4,22,26
1890,4,1,5
1890,3,0,3
1890,4,2,6
1890,7,6,13
1890,5,2,7
1890,6,14,20
1890,3,1,4
1890,3,10,13
1890,5,3,8
1890,9,1,10
1890,9,5,14
1890,4,3,7
1890,6,2,8
1890,6,4,10
1890,8,12,20
1890,6,4,10
1890,9,2,11
1890,3,0,3
1890,6,0,6
1890,2,10,12
1890,6,2,8
1890,8,6,14
1890,9,20,29
1890,4,2,6
1890,7,1,8
1890,2,12,14
1890,20,2,22
1890,9,2,11
1890,7,1,8
1890,6,19,25
1890,3,1,4
1890,7,3,10
1890,8,14,22
1890,4,2,6
1890,3,10,13
1890,7,3,10
1890,4,3,7
1890,7,5,12
1890,2,11,13
1890,8,4,12
1890,6,2,8
1890,2,12,14
1890,8,7,15
1890,1,0,1
1890,4,1,5
1890,7,5,12
1890,4,10,14
1890,9,3,12
1890,7,1,8
1890,9,4,13
1890,3,2,5
1890,5,4,9
1890,7,1,8
1890,8,4,12
1890,7,18,25
1890,3,2,5
1890,9,7,16
1890,7,3,10
1890,6,4,10
1890,5,3,8
1890,9,13,22
1890,4,12,16
1890,4,2,6
1890,2,1,3
1890,3,10,13
1890,7,15,22
1890,4,10,14
1890,13,0,13
1890,8,12,20
1890,6,3,9
1890,5,0,5
1890,8,10,18
1890,5,12,17
1890,3,22,25
1890,2,0,2
1890,3,12,15
1890,6,3,9
1890,7,6,13
1890,7,5,12
1890,3,2,5
1890,8,5,13
1890,5,1,6
1890,6,4,10
1890,7,10,17
1890,2,1,3
1890,5,1,6
1890,8,10,18
1890,8,7,15
1890,6,10,16
1890,14,11,25
1890,7,10,17
1890,5,11,16
1890,6,10,16
1890,30,12,42
1890,5,11,16
1890,6,10,16
1890,8,5,13
1890,8,4,12
1890,7,2,9
1890,9,2,11
1890,6,0,6
1890,9,10,19
1890,3,0,3
1890,4,3,7
1890,8,0,8
1890,7,5,12
1890,7,2,9
1890,2,0,2
1890,8,4,12
1890,7,3,10
1890,6,5,11
1890,7,5,12
1890,8,10,18
1890,8,6,14
1890,8,7,15
1890,9,5,14
1890,6,5,11
1890,8,4,12
1890,6,5,11
1890,3,12,15
1890,6,5,11
1890,7,5,12
1890,10,1,11
1890,6,3,9
1890,9,1,10
1890,4,2,6
1890,5,10,15
1890,3,1,4
1890,9,3,12
1890,7,13,20
1890,4,2,6
1890,9,4,13
1890,7,4,11
1890,8,6,14
1890,9,2,11
1890,7,1,8
1890,14,10,24
1890,7,4,11
1890,7,19,26
1890,9,4,13
1890,9,12,21
1890,7,0,7
1890,6,11,17
1890,3,0,3
1890,3,1,4
1890,3,2,5
1890,2,16,18
1890,7,12,19
1890,7,5,12
1890,1,0,1
1890,17,11,28
1890,7,4,11
1890,3,10,13
1890,6,1,7
1890,5,4,9
1890,5,4,9
1890,7,2,9
1890,7,6,13
1890,5,3,8
1890,9,13,22
1890,4,2,6
1890,6,2,8
1890,5,5,10
1890,3,13,16
1890,8,5,13
1890,8,6,14
1890,9,6,15
1890,8,0,8
1890,5,0,5
1890,4,0,4
1890,6,6,12
1890,7,6,13
1890,12,1,13
1890,6,5,11
1890,3,1,4
1890,4,2,6
1890,2,11,13
1890,7,1,8
1890,7,11,18
1890,3,2,5
1890,8,7,15
1890,6,15,21
1890,5,1,6
1890,6,2,8
1890,4,1,5
1890,9,7,16
1890,11,10,21
1890,5,3,8
1890,5,4,9
1890,9,7,16
1890,6,3,9
1890,6,5,11
1890,4,3,7
1890,7,5,12
1890,3,14,17
1890,12,11,23
1890,8,10,18
1890,7,5,12
1890,13,1,14
1890,9,6,15
1890,6,4,10
1890,4,3,7
1890,8,3,11
1890,4,10,14
1890,7,6,13
1890,7,18,25
1890,13,12,25
1890,5,13,18
1890,4,14,18
1890,7,2,9
1890,6,5,11
1890,4,2,6
1890,9,0,9
1890,8,3,11
1890,9,5,14
1890,4,1,5
1890,6,18,24
1890,3,1,4
1890,5,11,16
1890,7,1,8
1890,8,2,10
1890,15,1,16
1890,9,7,16
1890,6,5,11
1890,2,10,12
1890,3,2,5
1890,20,10,30
1890,9,4,13
1890,13,10,23
1890,5,13,18
1890,6,3,9
1890,9,15,24
1890,7,19,26
1890,8,16,24
1890,7,6,13
1890,3,1,4
1890,3,2,5
1890,4,18,22
1890,6,1,7
1890,16,0,16
1890,5,12,17
1890,9,3,12
1890,5,3,8
1890,8,5,13
1890,5,3,8
1890,6,12,18
1890,9,11,20
1890,3,12,15
1890,3,14,17
1890,9,5,14
1890,9,14,23
1890,17,11,28
1890,15,13,28
1890,9,6,15
1890,9,2,11
1890,5,15,20
1890,6,0,6
1890,5,12,17
1890,7,11,18
1890,7,2,9
1890,2,10,12
1890,6,11,17
1890,9,8,17
1890,7,1,8
1890,28,16,44
1890,3,2,5
1890,3,15,18
1890,3,2,5
1890,8,4,12
1890,18,1,19
1890,5,3,8
1890,4,15,19
1890,6,3,9
1890,4,12,16
1890,3,2,5
1890,4,10,14
1890,8,7,15
1890,6,18,24
1890,3,10,13
1890,6,2,8
1890,8,17,25
1890,2,13,15
1890,6,1,7
1890,5,10,15
1890,17,1,18
1890,7,12,19
1890,6,12,18
1890,7,2,9
1890,9,14,23
1890,9,12,21
1890,2,16,18
1890,3,10,13
1890,7,3,10
1890,6,5,11
1890,8,4,12
1890,8,3,11
1890,6,3,9
1890,9,7,16
1890,7,2,9
1890,3,15,18
1890,6,3,9
1890,8,4,12
1890,19,0,19
1890,9,2,11
1890,9,3,12
1890,8,12,20
1890,8,5,13
1890,3,15,18
1890,7,15,22
1890,9,8,17
1890,8,10,18
1890,7,5,12
1890,9,8,17
1890,6,3,9
1890,2,12,14
1890,6,5,11
1890,6,4,10
1890,4,4,8
1890,8,2,10
1890,7,5,12
1890,5,2,7
1890,4,3,7
1890,5,2,7
1890,7,17,24
1890,4,14,18
1890,9,3,12
1890,6,5,11
1890,7,6,13
1890,9,5,14
1890,5,4,9
1890,2,10,12
1890,7,2,9
1890,2,12,14
1890,8,3,11
1890,14,10,24
1890,6,2,8
1890,7,6,13
1890,15,12,27
1890,4,18,22
1890,7,5,12
1890,7,18,25
1890,9,6,15
1890,4,0,4
1890,8,1,9
1890,7,1,8
1890,3,13,16
1890,7,6,13
1890,5,1,6
1890,8,3,11
1890,4,2,6
1890,7,5,12
1890,7,2,9
1890,4,1,5
1890,20,11,31
1890,5,12,17
1890,5,4,9
1890,4,11,15
1890,8,4,12
1890,7,20,27
1890,5,14,19
1890,6,10,16
1890,6,4,10
1890,7,6,13
1890,7,14,21
1890,2,1,3
1890,5,16,21
1890,3,2,5
1890,11,10,21
1890,9,3,12
1890,8,10,18
1890,6,1,7
1890,4,10,14
1890,7,6,13
1890,8,4,12
1890,13,12,25
1890,5,22,27
1890,2,0,2
1890,6,14,20
1890,6,4,10
1890,6,17,23
1890,8,3,11
1890,8,13,21
1890,2,1,3
1890,9,3,12
1890,8,4,12
1890,5,2,7
1890,7,5,12
1890,7,6,13
1890,2,0,2
1890,8,3,11
1890,5,3,8
1890,7,3,10
1890,6,10,16
1890,8,5,13
1890,8,11,19
1890,7,3,10
1890,2,10,12
1890,7,6,13
1890,9,13,22
1890,4,10,14
1890,12,1,13
1890,5,1,6
1890,5,2,7
1890,6,1,7
1890,8,7,15
1890,7,1,8
1890,4,3,7
1890,4,3,7
1890,6,2,8
1890,3,0,3
1890,8,13,21
1890,5,4,9
1890,9,12,21
1890,6,2,8
1890,4,12,16
1890,7,6,13
1890,2,1,3
1890,8,4,12
1890,5,4,9
1890,7,6,13
1890,4,2,6
1890,4,0,4
1890,2,12,14
1890,12,1,13
1890,9,3,12
1890,8,6,14
1890,8,3,11
1890,3,11,14
1890,3,12,15
1890,6,17,23
1890,7,0,7
1890,6,3,9
1890,5,3,8
1890,5,12,17
1890,5,12,17
1890,9,8,17
1890,6,5,11
1890,3,0,3
1890,5,15,20
1890,4,2,6
1890,7,6,13
1890,5,14,19
1890,2,10,12
1890,9,12,21
1890,6,1,7
1890,5,2,7
1890,9,4,13
1890,4,1,5
1890,3,1,4
1890,8,6,14
1890,6,5,11
1890,6,12,18
1890,9,15,24
1890,13,1,14
1890,8,3,11
1890,21,13,34
1890,2,1,3
1890,7,3,10
1890,20,1,21
1890,8,3,11
1890,8,5,13
1890,5,4,9
1890,3,2,5
1890,4,3,7
1890,6,5,11
1890,9,4,13
1890,6,5,11
1890,7,5,12
1890,9,4,13
1890,9,2,11
1890,5,4,9
1890,8,6,14
1890,3,11,14
1890,9,2,11
1890,5,0,5
1890,3,0,3
1890,3,11,14
1890,5,4,9
1890,8,0,8
1890,9,2,11
1890,7,3,10
1890,8,5,13
1890,7,2,9
1890,6,16,22
1890,4,3,7
1890,3,2,5
1890,7,5,12
1890,2,2,4
1890,8,5,13
1890,14,11,25
1890,6,3,9
1890,6,10,16
1890,3,19,22
1890,8,3,11
1890,9,3,12
1890,7,3,10
1890,6,5,11
1890,9,11,20
1890,7,0,7
1890,6,4,10
1890,3,16,19
1890,8,1,9
1890,7,1,8
1890,6,12,18
1890,7,2,9
1890,9,5,14
1890,8,4,12
1890,8,2,10
1890,6,3,9
1890,5,14,19
1890,5,4,9
1890,4,2,6
1890,4,18,22
1890,23,17,40
1890,4,16,20
1890,7,2,9
1890,5,4,9
1890,3,10,13
1890,8,3,11
1890,6,11,17
1890,7,4,11
1890,11,10,21
1890,8,4,12
1890,9,6,15
1890,7,0,7
1890,7,2,9
1890,5,18,23
1890,6,2,8
1890,7,10,17
1890,5,4,9
1890,3,10,13
1890,6,1,7
1890,2,11,13
1890,5,0,5
1890,7,3,10
1890,9,6,15
1890,6,4,10
1890,4,3,7
1890,7,3,10
1890,6,3,9
1890,8,5,13
1890,2,14,16
1890,7,6,13
1890,4,14,18
1890,7,1,8
1890,9,5,14
1890,8,7,15
1890,9,7,16
1890,20,11,31
1890,3,0,3
1890,15,11,26
1890,6,4,10
1890,9,15,24
1890,6,5,11
1890,1,0,1
1890,4,1,5
1890,14,0,14
1890,2,1,3
1890,2,0,2
1890,7,12,19
1890,4,18,22
1890,3,0,3
1890,2,1,3
1890,13,12,25
1890,4,21,25
1890,7,6,13
1890,8,7,15
1890,4,2,6
1890,6,4,10
1890,9,20,29
1890,8,12,20
1890,5,3,8
1890,6,3,9
1890,2,1,3
1890,2,19,21
1890,7,10,17
1890,2,1,3
1890,6,11,17
1890,9,8,17
1890,5,17,22
1890,8,5,13
1890,5,4,9
1890,6,5,11
1890,5,2,7
1890,6,4,10
1890,7,3,10
1890,3,1,4
1890,9,2,11
1890,15,0,15
1890,5,2,7
1890,2,11,13
1890,3,2,5
1890,5,4,9
1890,14,11,25
1890,9,5,14
1890,3,10,13
1890,6,14,20
1890,5,18,23
1890,10,0,10
1890,7,1,8
1890,9,7,16
1890,16,15,31
1890,2,1,3
1890,9,4,13
1890,12,11,23
1890,9,3,12
1890,14,1,15
1890,8,2,10
1890,4,2,6
1890,9,7,16
1890,5,2,7
1890,8,3,11
1890,5,13,18
1890,9,3,12
1890,3,14,17
1890,8,11,19
1890,5,3,8
1890,5,1,6
1890,4,3,7
1890,7,4,11
1890,3,18,21
1890,6,3,9
1890,8,3,11
1890,2,10,12
1890,9,14,23
1890,6,2,8
1890,7,0,7
1890,2,13,15
1890,7,12,19
1890,6,5,11
1890,9,2,11
1890,9,3,12
1890,7,4,11
1890,8,12,20
1890,5,5,10
1890,7,0,7
1890,4,0,4
1890,4,1,5
1890,8,0,8
1890,10,1,11
1890,4,12,16
1890,2,1,3
1890,5,3,8
1890,13,1,14
1890,7,4,11
1890,8,7,15
1890,7,13,20
1890,8,3,11
1890,1,0,1
1890,7,5,12
1890,8,6,14
1890,5,10,15
1890,4,3,7
1890,5,11,16
1890,12,0,12
1890,7,0,7
1890,3,11,14
1890,4,3,7
1890,9,8,17
1890,10,0,10
1890,7,3,10
1890,6,5,11
1890,7,0,7
1890,12,10,22
1890,9,2,11
1890,4,2,6
1890,4,1,5
1890,6,13,19
1890,3,2,5
1890,4,10,14
1890,7,3,10
1890,4,1,5
1890,5,5,10
1890,2,15,17
1890,5,1,6
1890,6,5,11
1890,9,3,12
1890,5,2,7
1890,6,2,8
1890,5,4,9
1890,2,13,15
1890,5,4,9
1890,8,0,8
1890,3,0,3
1890,3,17,20
1890,3,10,13
1890,4,1,5
1890,4,2,6
1890,11,1,12
1890,9,5,14
1890,15,1,16
1890,8,11,19
1890,11,10,21
1890,8,1,9
1890,9,10,19
1890,7,16,23
1890,3,10,13
1890,8,7,15
1890,8,2,10
1890,5,1,6
1890,5,10,15
1890,6,3,9
1890,4,2,6
1890,6,5,11
1890,6,2,8
1890,6,2,8
1890,6,10,16
1890,7,0,7
1890,5,3,8
1890,9,1,10
1890,9,4,13
1890,8,21,29
1890,3,13,16
1890,2,15,17
1890,5,3,8
1890,11,1,12
1890,6,2,8
1890,6,10,16
1890,9,10,19
1890,2,1,3
1890,18,0,18
1890,1,0,1
1890,5,11,16
1890,6,4,10
1890,8,6,14
1890,9,10,19
1890,7,4,11
1890,2,0,2
1890,14,10,24
1890,6,5,11
1890,4,16,20
1890,5,2,7
1890,5,0,5
1890,7,3,10
1890,7,6,13
1890,8,3,11
1890,7,2,9
1890,9,10,19
1890,8,3,11
1890,5,4,9
1890,12,0,12
1890,7,0,7
1890,6,6,12
1890,9,10,19
1890,3,2,5
1890,8,4,12
1890,13,1,14
1890,7,6,13
1890,4,1,5
1890,15,11,26
1890,7,11,18
1890,2,11,13
1890,4,0,4
1890,5,1,6
1890,7,5,12
1890,7,19,26
1890,7,2,9
1890,2,1,3
1890,8,5,13
1890,7,3,10
1890,9,0,9
1890,6,12,18
1890,5,10,15
1890,7,3,10
1890,11,10,21
1890,6,6,12
1890,5,4,9
1890,8,5,13
1890,4,3,7
1890,9,18,27
1890,4,1,5
1890,5,3,8
1890,14,12,26
1890,14,12,26
1890,8,13,21
1890,7,3,10
1890,8,10,18
1890,4,2,6
1890,4,13,17
1890,6,12,18
1890,7,11,18
1890,4,10,14
1890,9,6,15
1890,9,5,14
1890,11,10,21
1890,7,5,12
1890,5,3,8
1890,6,2,8
1890,8,2,10
1890,7,3,10
1890,7,4,11
1890,6,0,6
1890,7,4,11
1890,8,2,10
1890,7,3,10
1890,6,2,8
1890,5,4,9
1890,6,3,9
1890,6,13,19
1890,5,13,18
1890,9,1,10
1890,4,12,16
1890,5,4,9
1890,8,12,20
1890,4,3,7
1890,2,2,4
1890,5,1,6
1890,6,15,21
1890,1,0,1
1890,7,0,7
1890,6,5,11
1890,4,3,7
1890,3,2,5
1890,3,2,5
1890,4,20,24
1890,9,6,15
1890,9,5,14
1890,3,1,4
1890,7,5,12
1890,6,18,24
1890,7,3,10
1890,6,6,12
1890,5,2,7
1890,4,3,7
1890,6,4,10
1890,3,1,4
1890,9,4,13
1890,1,0,1
1890,6,4,10
1890,4,12,16
1890,8,4,12
1890,2,1,3
1890,6,13,19
1890,4,2,6
1890,4,2,6
1890,4,3,7
1890,8,3,11
1890,3,11,14
1890,6,4,10
1890,5,2,7
1890,8,1,9
1890,8,5,13
1890,9,3,12
1890,4,2,6
1890,2,1,3
1890,5,0,5
1890,7,6,13
1890,2,0,2
1890,4,1,5
1890,8,7,15
1890,6,12,18
1890,2,17,19
1890,4,11,15
1890,7,3,10
1890,11,1,12
1890,4,3,7
1890,4,3,7
1890,6,3,9
1890,5,0,5
1890,4,2,6
1890,6,18,24
1890,8,5,13
1890,6,11,17
1890,8,4,12
1890,8,6,14
1890,4,1,5
1890,8,1,9
1890,5,4,9
1890,8,3,11
1890,7,5,12
1890,6,0,6
1890,1,0,1
1890,3,0,3
1890,6,0,6
1890,3,1,4
1890,3,1,4
1890,6,3,9
1890,9,4,13
1890,7,3,10
1890,8,3,11
1890,3,3,6
1890,8,2,10
1890,7,0,7
1890,6,5,11
1890,4,12,16
1890,5,2,7
1890,3,1,4
1890,4,2,6
1890,1,0,1
1890,5,1,6
1890,1,1,2
1890,6,1,7
1890,8,0,8
1890,6,6,12
1890,4,11,15
1890,3,1,4
1890,4,17,21
1890,6,2,8
1890,6,5,11
1890,6,1,7
1890,6,1,7
1890,4,3,7
1890,8,10,18
1890,3,13,16
1890,8,4,12
1890,5,10,15
1890,5,10,15
1890,8,7,15
1890,11,10,21
1890,5,1,6
1890,5,0,5
1890,5,10,15
1890,7,6,13
1890,5,4,9
1890,9,4,13
1890,9,4,13
1890,7,7,14
1890,3,0,3
1890,8,7,15
1890,5,13,18
1890,9,0,9
1890,5,3,8
1890,9,1,10
1890,2,1,3
1890,4,0,4
1890,5,3,8
1890,3,2,5
1890,5,10,15
1890,4,3,7
1890,4,22,26
1890,10,0,10
1890,9,5,14
1890,7,4,11
1890,5,3,8
1890,7,3,10
1890,7,6,13
1890,7,4,11
1890,4,12,16
1890,3,16,19
1890,12,1,13
1890,3,10,13
1890,6,4,10
1890,9,16,25
1890,14,1,15
1890,2,10,12
1890,7,5,12
1890,5,4,9
1890,8,1,9
1890,8,3,11
1890,6,3,9
1890,4,1,5
1890,4,3,7
1890,4,2,6
1890,5,1,6
1890,2,1,3
1890,6,13,19
1890,7,5,12
1890,8,6,14
1890,21,2,23
1890,7,4,11
1890,6,4,10
1890,9,3,12
1890,4,2,6
1890,5,1,6
1890,5,1,6
1890,3,2,5
1890,5,4,9
1890,1,1,2
1890,6,3,9
1890,6,12,18
1890,7,6,13
1890,6,10,16
1890,4,3,7
1890,4,10,14
1890,4,3,7
1890,6,4,10
1890,7,4,11
1890,5,4,9
1890,8,1,9
1890,1,1,2
1890,3,15,18
1890,7,3,10
1890,9,8,17
1890,8,3,11
1890,6,2,8
1890,7,1,8
1890,3,15,18
1890,7,4,11
1890,9,0,9
1890,8,3,11
1890,7,5,12
1890,3,15,18
1890,4,2,6
1890,2,2,4
1890,3,10,13
1890,4,11,15
1890,4,2,6
1890,8,1,9
1890,9,11,20
1890,15,1,16
1890,7,4,11
1890,3,0,3
1890,6,1,7
1890,5,4,9
1890,6,5,11
1890,5,2,7
1890,8,3,11
1890,6,1,7
1890,6,2,8
1890,8,1,9
1890,7,1,8
1890,6,4,10
1890,8,4,12
1890,5,2,7
1890,4,3,7
1890,2,14,16
1890,8,7,15
1890,1,0,1
1890,10,1,11
1890,5,4,9
1890,6,1,7
1890,5,12,17
1890,5,3,8
1890,14,0,14
1890,7,3,10
1890,5,5,10
1890,9,7,16
1890,8,7,15
1890,3,2,5
1890,9,1,10
1890,7,3,10
1890,4,0,4
1890,7,3,10
1890,2,2,4
1890,9,2,11
1890,6,11,17
1890,6,5,11
1890,1,1,2
1890,4,10,14
1890,3,2,5
1890,10,0,10
1890,8,2,10
1890,5,4,9
1890,9,9,18
1890,5,3,8
1890,4,0,4
1890,5,0,5
1890,2,2,4
1890,5,1,6
1890,7,3,10
1890,4,16,20
1890,6,3,9
1890,6,10,16
1890,7,3,10
1890,5,2,7
1890,4,2,6
1890,7,6,13
1890,6,1,7
1890,6,2,8
1890,2,0,2
1890,3,10,13
1890,6,3,9
1890,3,3,6
1890,6,5,11
1890,6,4,10
1890,8,3,11
1890,17,1,18
1890,6,11,17
1890,6,3,9
1890,7,0,7
1890,4,10,14
1890,7,5,12
1890,3,1,4
1890,7,6,13
1890,8,6,14
1890,4,3,7
1890,7,4,11
1890,10,1,11
1890,16,1,17
1890,4,15,19
1890,6,0,6
1890,7,3,10
1890,2,12,14
1890,4,0,4
1890,6,0,6
1890,13,1,14
1890,16,11,27
1890,9,5,14
1891,7,11,18
1891,7,6,13
1891,9,8,17
1891,7,7,14
1891,8,7,15
1891,6,13,19
1891,8,1,9
1891,9,11,20
1891,7,3,10
1891,5,13,18
1891,8,10,18
1891,2,10,12
1891,4,3,7
1891,6,13,19
1891,6,0,6
1891,2,0,2
1891,8,3,11
1891,9,8,17
1891,7,5,12
1891,4,14,18
1891,5,4,9
1891,8,13,21
1891,6,2,8
1891,3,15,18
1891,7,5,12
1891,12,0,12
1891,4,3,7
1891,7,4,11
1891,6,3,9
1891,3,2,5
1891,5,2,7
1891,7,5,12
1891,5,4,9
1891,7,5,12
1891,9,3,12
1891,4,3,7
1891,4,13,17
1891,8,4,12
1891,4,11,15
1891,8,5,13
1891,8,12,20
1891,2,1,3
1891,6,3,9
1891,4,0,4
1891,4,3,7
1891,8,14,22
1891,7,6,13
1891,6,12,18
1891,6,3,9
1891,6,5,11
1891,11,1,12
1891,6,11,17
1891,3,1,4
1891,9,2,11
1891,9,9,18
1891,6,23,29
1891,6,5,11
1891,4,3,7
1891,9,10,19
1891,9,6,15
1891,8,5,13
1891,8,11,19
1891,4,2,6
1891,4,2,6
1891,7,23,30
1891,9,3,12
1891,9,11,20
1891,5,2,7
1891,3,1,4
1891,8,7,15
1891,12,11,23
1891,7,5,12
1891,6,12,18
1891,8,4,12
1891,6,5,11
1891,5,0,5
1891,1,0,1
1891,5,4,9
1891,8,4,12
1891,7,1,8
1891,3,13,16
1891,3,19,22
1891,5,4,9
1891,6,11,17
1891,6,11,17
1891,9,8,17
1891,9,4,13
1891,6,17,23
1891,13,0,13
1891,22,14,36
1891,6,4,10
1891,4,1,5
1891,7,1,8
1891,3,12,15
1891,9,8,17
1891,6,4,10
1891,8,12,20
1891,9,8,17
1891,9,13,22
1891,7,4,11
1891,6,15,21
1891,8,2,10
1891,6,22,28
1891,4,3,7
1891,4,10,14
1891,6,13,19
1891,5,2,7
1891,3,12,15
1891,2,0,2
1891,3,1,4
1891,8,11,19
1891,4,1,5
1891,6,1,7
1891,7,4,11
1891,7,6,13
1891,5,12,17
1891,5,4,9
1891,9,6,15
1891,5,4,9
1891,5,2,7
1891,3,2,5
1891,4,11,15
1891,4,3,7
1891,9,3,12
1891,6,1,7
1891,11,1,12
1891,9,9,18
1891,9,3,12
1891,6,12,18
1891,7,4,11
1891,1,0,1
1891,15,10,25
1891,5,18,23
1891,5,0,5
1891,7,6,13
1891,5,15,20
1891,6,1,7
1891,6,13,19
1891,4,12,16
1891,5,10,15
1891,7,2,9
1891,4,3,7
1891,7,10,17
1891,7,4,11
1891,9,10,19
1891,9,8,17
1891,6,3,9
1891,4,2,6
1891,6,4,10
1891,2,14,16
1891,5,10,15
1891,12,10,22
1891,9,7,16
1891,7,0,7
1891,14,12,26
1891,6,3,9
1891,4,15,19
1891,4,20,24
1891,6,16,22
1891,6,4,10
1891,8,4,12
1891,4,4,8
1891,6,4,10
1891,7,2,9
1891,4,0,4
1891,8,10,18
1891,8,4,12
1891,7,4,11
1891,4,2,6
1891,7,5,12
1891,5,3,8
1891,14,1,15
1891,9,2,11
1891,4,12,16
1891,6,0,6
1891,2,13,15
1891,6,11,17
1891,7,18,25
1891,8,3,11
1891,9,4,13
1891,6,4,10
1891,9,6,15
1891,2,0,2
1891,8,10,18
1891,4,2,6
1891,2,1,3
1891,9,5,14
1891,18,1,19
1891,6,3,9
1891,2,17,19
1891,7,6,13
1891,8,5,13
1891,8,1,9
1891,4,0,4
1891,6,12,18
1891,7,10,17
1891,7,14,21
1891,3,11,14
1891,4,2,6
1891,12,11,23
1891,6,3,9
1891,8,3,11
1891,4,1,5
1891,9,1,10
1891,9,3,12
1891,9,11,20
1891,8,3,11
1891,5,4,9
1891,8,1,9
1891,5,14,19
1891,6,5,11
1891,5,10,15
1891,4,13,17
1891,3,2,5
1891,18,12,30
1891,3,11,14
1891,6,11,17
1891,7,2,9
1891,2,1,3
1891,4,14,18
1891,9,1,10
1891,7,16,23
1891,7,2,9
1891,7,6,13
1891,8,5,13
1891,9,10,19
1891,4,2,6
1891,2,1,3
1891,8,6,14
1891,16,13,29
1891,3,1,4
1891,8,6,14
1891,8,5,13
1891,9,6,15
1891,5,2,7
1891,7,10,17
1891,6,4,10
1891,6,2,8
1891,6,3,9
1891,7,4,11
1891,7,6,13
1891,7,15,22
1891,9,7,16
1891,8,3,11
1891,5,3,8
1891,5,3,8
1891,9,6,15
1891,7,4,11
1891,7,1,8
1891,3,0,3
1891,7,2,9
1891,9,2,11
1891,7,3,10
1891,4,3,7
1891,6,0,6
1891,4,2,6
1891,5,12,17
1891,5,4,9
1891,4,3,7
1891,5,4,9
1891,5,1,6
1891,8,11,19
1891,4,0,4
1891,21,16,37
1891,3,10,13
1891,10,1,11
1891,3,2,5
1891,12,1,13
1891,6,16,22
1891,4,2,6
1891,7,3,10
1891,7,12,19
1891,8,5,13
1891,6,1,7
1891,10,0,10
1891,3,2,5
1891,6,5,11
1891,4,3,7
1891,7,2,9
1891,5,14,19
1891,4,11,15
1891,5,20,25
1891,9,0,9
1891,6,1,7
1891,7,1,8
1891,5,0,5
1891,7,2,9
1891,6,2,8
1891,6,4,10
1891,6,1,7
1891,9,2,11
1891,3,2,5
1891,7,4,11
1891,3,0,3
1891,6,3,9
1891,4,3,7
1891,7,12,19
1891,2,17,19
1891,3,15,18
1891,8,5,13
1891,8,6,14
1891,6,3,9
1891,5,3,8
1891,5,2,7
1891,5,14,19
1891,3,2,5
1891,6,3,9
1891,6,2,8
1891,6,15,21
1891,8,10,18
1891,7,0,7
1891,8,0,8
1891,6,4,10
1891,3,0,3
1891,5,1,6
1891,2,11,13
1891,11,1,12
1891,3,13,16
1891,11,0,11
1891,7,17,24
1891,6,1,7
1891,9,0,9
1891,3,1,4
1891,6,5,11
1891,4,2,6
1891,9,2,11
1891,12,1,13
1891,5,2,7
1891,11,1,12
1891,5,4,9
1891,5,4,9
1891,9,2,11
1891,7,4,11
1891,8,6,14
1891,6,2,8
1891,7,3,10
1891,6,3,9
1891,7,3,10
1891,4,0,4
1891,3,2,5
1891,11,10,21
1891,5,1,6
1891,13,1,14
1891,4,2,6
1891,6,5,11
1891,7,6,13
1891,5,3,8
1891,4,2,6
1891,6,4,10
1891,2,1,3
1891,6,1,7
1891,6,3,9
1891,9,10,19
1891,9,7,16
1891,6,2,8
1891,5,1,6
1891,3,2,5
1891,7,3,10
1891,9,3,12
1891,8,6,14
1891,9,8,17
1891,13,0,13
1891,6,14,20
1891,3,1,4
1891,3,2,5
1891,9,2,11
1891,8,4,12
1891,6,14,20
1891,5,3,8
1891,2,10,12
1891,2,1,3
1891,5,19,24
1891,6,4,10
1891,7,2,9
1891,5,4,9
1891,3,0,3
1891,9,7,16
1891,9,6,15
1891,6,5,11
1891,6,3,9
1891,3,2,5
1891,11,1,12
1891,8,5,13
1891,4,1,5
1891,9,3,12
1891,8,7,15
1891,6,4,10
1891,7,4,11
1891,6,3,9
1891,3,0,3
1891,1,0,1
1891,9,13,22
1891,5,12,17
1891,14,13,27
1891,8,10,18
1891,7,21,28
1891,6,3,9
1891,10,1,11
1891,6,10,16
1891,3,1,4
1891,5,0,5
1891,4,13,17
1891,8,3,11
1891,3,1,4
1891,13,11,24
1891,2,10,12
1891,6,3,9
1891,8,1,9
1891,4,2,6
1891,3,2,5
1891,20,19,39
1891,8,12,20
1891,6,3,9
1891,7,2,9
1891,4,3,7
1891,6,4,10
1891,7,3,10
1891,3,2,5
1891,4,3,7
1891,14,10,24
1891,4,11,15
1891,6,5,11
1891,6,3,9
1891,4,2,6
1891,3,12,15
1891,8,13,21
1891,3,0,3
1891,6,2,8
1891,9,7,16
1891,4,0,4
1891,4,3,7
1891,1,0,1
1891,6,2,8
1891,4,3,7
1891,3,11,14
1891,5,2,7
1891,5,14,19
1891,4,1,5
1891,3,2,5
1891,6,0,6
1891,3,2,5
1891,3,2,5
1891,8,2,10
1891,7,2,9
1891,5,1,6
1891,7,3,10
1891,5,3,8
1891,3,14,17
1891,8,5,13
1891,5,13,18
1891,4,2,6
1891,9,4,13
1891,4,2,6
1891,9,2,11
1891,7,17,24
1891,9,1,10
1891,7,5,12
1891,6,1,7
1891,7,11,18
1891,5,14,19
1891,4,3,7
1891,4,15,19
1891,4,2,6
1891,6,5,11
1891,3,10,13
1891,6,4,10
1891,6,5,11
1891,8,4,12
1891,7,10,17
1891,6,12,18
1891,5,4,9
1891,7,1,8
1891,7,10,17
1891,7,2,9
1891,8,3,11
1891,3,1,4
1891,8,4,12
1891,5,4,9
1891,11,10,21
1891,11,10,21
1891,4,1,5
1891,4,16,20
1891,3,2,5
1891,4,3,7
1891,6,2,8
1891,9,5,14
1891,3,2,5
1891,6,11,17
1891,6,0,6
1891,9,3,12
1891,9,3,12
1891,6,4,10
1891,4,2,6
1891,4,2,6
1891,4,2,6
1891,5,4,9
1891,3,2,5
1891,4,12,16
1891,5,20,25
1891,1,0,1
1891,4,1,5
1891,7,15,22
1891,6,4,10
1891,6,5,11
1891,6,2,8
1891,2,2,4
1891,7,10,17
1891,9,2,11
1891,7,4,11
1891,3,10,13
1891,8,0,8
1891,6,5,11
1891,3,2,5
1891,5,4,9
1891,15,14,29
1891,9,1,10
1891,8,3,11
1891,3,12,15
1891,5,4,9
1891,2,1,3
1891,5,4,9
1891,8,7,15
1891,8,5,13
1891,3,1,4
1891,4,0,4
1891,2,1,3
1891,5,4,9
1891,7,4,11
1891,5,2,7
1891,6,4,10
1891,8,2,10
1891,12,0,12
1891,6,2,8
1891,7,1,8
1891,7,14,21
1891,8,7,15
1891,8,7,15
1891,9,5,14
1891,4,1,5
1891,5,11,16
1891,5,0,5
1891,4,3,7
1891,3,11,14
1891,6,11,17
1891,3,14,17
1891,5,3,8
1891,7,4,11
1891,8,7,15
1891,6,12,18
1891,8,6,14
1891,5,2,7
1891,4,3,7
1891,8,3,11
1891,4,3,7
1891,4,10,14
1891,5,14,19
1891,5,2,7
1891,6,15,21
1891,7,3,10
1891,5,4,9
1891,3,0,3
1891,11,0,11
1891,3,1,4
1891,2,0,2
1891,6,1,7
1891,7,3,10
1891,6,0,6
1891,7,19,26
1891,2,12,14
1891,7,6,13
1891,6,5,11
1891,9,3,12
1891,5,1,6
1891,4,0,4
1891,9,1,10
1891,2,10,12
1891,9,11,20
1891,2,11,13
1891,15,12,27
1891,6,5,11
1891,6,4,10
1891,11,10,21
1891,10,1,11
1891,5,3,8
1891,3,1,4
1891,5,10,15
1891,8,7,15
1891,4,2,6
1891,6,12,18
1891,7,6,13
1891,7,5,12
1891,8,12,20
1891,3,2,5
1891,9,6,15
1891,9,2,11
1891,8,12,20
1891,6,2,8
1891,2,1,3
1891,9,0,9
1891,5,4,9
1891,7,6,13
1891,3,1,4
1891,5,4,9
1891,6,5,11
1891,3,0,3
1891,2,1,3
1891,4,13,17
1891,3,0,3
1891,5,2,7
1891,9,10,19
1891,6,2,8
1891,5,5,10
1891,7,4,11
1891,6,4,10
1891,5,11,16
1891,8,16,24
1891,6,4,10
1891,4,0,4
1891,2,10,12
1891,2,0,2
1891,9,12,21
1891,11,0,11
1891,8,6,14
1891,4,2,6
1891,5,4,9
1891,8,6,14
1891,7,4,11
1891,5,4,9
1891,8,2,10
1891,6,1,7
1891,7,11,18
1891,7,3,10
1891,3,0,3
1891,20,12,32
1891,5,2,7
1891,9,5,14
1891,3,3,6
1891,2,15,17
1891,3,13,16
1891,15,14,29
1891,4,1,5
1891,3,12,15
1891,6,1,7
1891,1,0,1
1891,4,3,7
1891,9,5,14
1891,5,3,8
1891,3,10,13
1891,8,3,11
1891,8,14,22
1891,9,8,17
1891,8,2,10
1891,3,0,3
1891,10,1,11
1891,8,3,11
1891,5,11,16
1891,6,3,9
1891,5,10,15
1891,4,0,4
1891,8,2,10
1891,5,4,9
1891,8,2,10
1891,9,3,12
1891,1,0,1
1891,6,5,11
1891,5,11,16
1891,8,4,12
1891,6,0,6
1891,7,2,9
1891,8,7,15
1891,7,4,11
1891,7,2,9
1891,6,2,8
1891,3,2,5
1891,9,6,15
1891,1,0,1
1891,7,3,10
1891,7,3,10
1891,3,2,5
1891,5,15,20
1891,8,5,13
1891,8,5,13
1891,4,1,5
1891,7,0,7
1891,7,5,12
1891,6,0,6
1891,9,4,13
1891,7,5,12
1891,8,3,11
1891,8,2,10
1891,6,10,16
1891,3,2,5
1891,5,2,7
1891,8,0,8
1891,7,6,13
1891,4,1,5
1891,5,4,9
1891,6,5,11
1891,5,4,9
1891,8,7,15
1891,6,1,7
1891,4,3,7
1891,5,3,8
1891,3,2,5
1891,9,11,20
1891,7,4,11
1891,8,4,12
1891,8,6,14
1891,4,1,5
1891,7,5,12
1891,4,1,5
1891,6,5,11
1891,8,6,14
1891,5,4,9
1891,7,6,13
1891,2,0,2
1891,5,13,18
1891,9,10,19
1891,7,2,9
1891,4,3,7
1891,7,1,8
1891,7,5,12
1891,6,10,16
1891,7,10,17
1891,9,1,10
1891,9,5,14
1891,10,0,10
1891,6,5,11
1891,4,11,15
1891,2,14,16
1891,8,6,14
1891,9,5,14
1891,6,5,11
1891,8,16,24
1891,9,5,14
1891,4,3,7
1891,7,3,10
1891,3,15,18
1891,8,6,14
1891,5,12,17
1891,5,2,7
1891,9,3,12
1891,3,2,5
1891,2,0,2
1891,3,1,4
1891,6,4,10
1891,7,4,11
1891,4,2,6
1891,7,2,9
1891,3,0,3
1891,8,2,10
1891,9,3,12
1891,7,5,12
1891,3,1,4
1891,6,5,11
1891,6,5,11
1891,7,1,8
1891,2,1,3
1891,7,4,11
1891,7,6,13
1891,5,11,16
1891,6,10,16
1891,5,2,7
1891,2,1,3
1891,2,11,13
1891,6,2,8
1891,8,7,15
1891,4,4,8
1891,4,2,6
1891,7,3,10
1891,6,3,9
1891,5,11,16
1891,8,0,8
1891,9,3,12
1891,3,2,5
1891,7,11,18
1891,3,0,3
1891,8,4,12
1891,2,1,3
1891,9,8,17
1891,9,13,22
1891,6,2,8
1891,7,3,10
1891,4,3,7
1891,7,2,9
1891,6,2,8
1891,4,3,7
1891,9,4,13
1891,8,7,15
1891,5,10,15
1891,8,4,12
1891,3,11,14
1891,3,2,5
1891,2,14,16
1891,2,1,3
1891,5,2,7
1891,2,13,15
1891,8,15,23
1891,7,3,10
1891,8,1,9
1891,4,11,15
1891,9,3,12
1891,2,0,2
1891,3,1,4
1891,4,2,6
1891,3,2,5
1891,8,3,11
1891,8,5,13
1891,4,10,14
1891,2,1,3
1891,9,5,14
1891,5,3,8
1891,7,6,13
1891,13,0,13
1891,5,3,8
1891,4,1,5
1891,3,2,5
1891,5,12,17
1891,6,3,9
1891,8,0,8
1891,5,28,33
1891,4,12,16
1891,7,4,11
1891,4,1,5
1891,7,1,8
1891,6,5,11
1891,7,12,19
1891,9,8,17
1891,6,1,7
1891,4,4,8
1891,6,1,7
1891,2,2,4
1891,2,11,13
1891,8,2,10
1891,6,1,7
1891,3,10,13
1891,2,12,14
1891,3,2,5
1891,7,1,8
1891,8,10,18
1891,8,7,15
1891,8,5,13
1891,8,1,9
1891,9,4,13
1891,8,4,12
1891,5,4,9
1891,4,3,7
1891,6,6,12
1891,2,2,4
1891,6,2,8
1891,7,4,11
1891,6,3,9
1891,3,11,14
1891,5,3,8
1891,8,2,10
1891,2,11,13
1891,6,3,9
1891,8,4,12
1891,2,2,4
1891,5,3,8
1891,2,0,2
1891,3,1,4
1891,3,2,5
1891,7,3,10
1891,5,1,6
1891,9,5,14
1891,9,5,14
1891,4,1,5
1891,4,1,5
1891,7,1,8
1891,5,1,6
1891,8,4,12
1891,3,1,4
1891,4,2,6
1891,4,2,6
1891,2,14,16
1891,7,0,7
1891,8,1,9
1891,5,4,9
1891,6,5,11
1891,7,1,8
1891,8,2,10
1891,10,1,11
1891,8,13,21
1891,7,4,11
1891,6,3,9
1891,5,15,20
1891,3,12,15
1891,4,14,18
1891,5,3,8
1891,3,2,5
1891,6,5,11
1891,6,0,6
1891,3,0,3
1891,6,3,9
1891,3,2,5
1891,5,3,8
1891,4,2,6
1891,5,1,6
1891,3,2,5
1891,7,11,18
1891,8,15,23
1891,6,4,10
1891,7,5,12
1891,9,5,14
1891,3,21,24
1891,9,8,17
1891,8,7,15
1891,6,0,6
1891,5,3,8
1891,4,1,5
1891,6,3,9
1891,8,1,9
1891,7,16,23
1891,3,3,6
1891,6,4,10
1891,9,2,11
1891,8,6,14
1891,6,3,9
1891,4,3,7
1891,8,7,15
1891,4,2,6
1891,14,10,24
1891,8,10,18
1891,7,3,10
1891,6,5,11
1891,4,3,7
1891,6,18,24
1891,2,1,3
1891,30,3,33
1891,6,5,11
1891,6,1,7
1891,3,11,14
1891,5,3,8
1891,5,3,8
1891,4,0,4
1891,6,1,7
1891,5,1,6
1891,8,2,10
1891,1,1,2
1891,6,1,7
1891,4,13,17
1891,3,13,16
1891,8,4,12
1891,9,0,9
1891,5,18,23
1891,7,1,8
1891,4,10,14
1891,4,2,6
1891,8,7,15
1891,3,2,5
1891,4,2,6
1891,5,2,7
1891,2,1,3
1891,6,3,9
1891,8,7,15
1891,7,3,10
1891,6,14,20
1891,5,11,16
1891,7,1,8
1891,2,10,12
1891,7,3,10
1891,4,3,7
1891,3,13,16
1891,7,4,11
1891,8,4,12
1891,5,11,16
1891,7,5,12
1891,5,4,9
1891,7,6,13
1891,1,0,1
1891,8,4,12
1891,7,2,9
1891,8,7,15
1891,7,0,7
1891,4,11,15
1891,2,0,2
1891,7,1,8
1891,4,11,15
1891,9,2,11
1891,7,10,17
1891,6,5,11
1891,7,7,14
1891,6,13,19
1891,6,2,8
1891,6,16,22
1891,3,1,4
1891,6,4,10
1891,5,2,7
1891,6,0,6
1891,9,3,12
1891,9,8,17
1891,4,11,15
1891,9,3,12
1891,6,11,17
1891,6,10,16
1891,6,4,10
1891,3,11,14
1891,2,11,13
1891,8,2,10
1891,9,12,21
1891,5,2,7
1891,8,0,8
1891,8,5,13
1891,8,6,14
1891,6,4,10
1891,7,4,11
1891,3,2,5
1891,7,2,9
1891,5,4,9
1891,16,11,27
1891,6,1,7
1891,5,4,9
1891,4,0,4
1891,5,0,5
1891,9,11,20
1891,4,3,7
1891,6,3,9
1891,3,0,3
1891,4,1,5
1891,8,10,18
1891,5,3,8
1891,4,3,7
1891,5,11,16
1891,5,2,7
1891,9,12,21
1891,5,1,6
1891,9,2,11
1891,9,0,9
1891,9,7,16
1891,3,2,5
1891,3,12,15
1891,9,6,15
1891,6,0,6
1891,5,2,7
1891,7,4,11
1891,5,1,6
1891,5,4,9
1891,9,8,17
1891,6,2,8
1891,7,6,13
1891,6,3,9
1891,4,4,8
1891,8,16,24
1891,4,13,17
1891,13,10,23
1891,4,10,14
1891,5,13,18
1891,8,6,14
1891,6,6,12
1891,7,4,11
1891,7,2,9
1891,5,0,5
1891,4,14,18
1891,6,3,9
1891,11,0,11
1891,12,1,13
1891,8,3,11
1891,3,11,14
1891,4,2,6
1891,8,2,10
1891,6,6,12
1891,7,5,12
1891,5,1,6
1891,8,1,9
1891,8,13,21
1891,3,11,14
1891,14,13,27
1891,5,10,15
1891,7,6,13
1891,7,6,13
1891,9,4,13
1891,5,16,21
1891,5,3,8
1891,5,12,17
1891,4,10,14
1891,6,11,17
1891,5,0,5
1891,2,1,3
1891,4,16,20
1891,2,1,3
1891,6,1,7
1891,7,5,12
1891,6,3,9
1891,6,1,7
1891,9,2,11
1891,6,1,7
1891,17,16,33
1891,9,1,10
1891,5,0,5
1891,8,0,8
1891,5,3,8
1891,8,2,10
1891,6,2,8
1891,9,15,24
1891,7,5,12
1891,7,3,10
1891,5,3,8
1891,6,5,11
1891,8,4,12
1891,8,0,8
1891,4,3,7
1891,2,18,20
1891,6,0,6
1891,4,1,5
1891,3,14,17
1891,15,11,26
1892,3,13,16
1892,7,5,12
1892,5,2,7
1892,5,4,9
1892,14,10,24
1892,4,14,18
1892,8,7,15
1892,6,10,16
1892,2,0,2
1892,8,4,12
1892,9,3,12
1892,5,11,16
1892,6,3,9
1892,14,10,24
1892,7,15,22
1892,5,12,17
1892,6,5,11
1892,5,1,6
1892,4,11,15
1892,9,4,13
1892,5,2,7
1892,3,0,3
1892,2,1,3
1892,5,2,7
1892,7,6,13
1892,6,5,11
1892,6,3,9
1892,7,6,13
1892,11,1,12
1892,7,2,9
1892,9,5,14
1892,6,1,7
1892,3,1,4
1892,3,14,17
1892,12,0,12
1892,2,2,4
1892,7,11,18
1892,9,19,28
1892,4,2,6
1892,5,14,19
1892,8,1,9
1892,5,4,9
1892,4,3,7
1892,3,15,18
1892,2,10,12
1892,13,0,13
1892,8,2,10
1892,6,3,9
1892,4,3,7
1892,9,2,11
1892,3,1,4
1892,12,10,22
1892,6,10,16
1892,5,1,6
1892,3,13,16
1892,6,0,6
1892,6,5,11
1892,4,1,5
1892,5,1,6
1892,15,1,16
1892,4,1,5
1892,6,4,10
1892,8,0,8
1892,2,1,3
1892,4,2,6
1892,4,1,5
1892,5,14,19
1892,5,2,7
1892,3,12,15
1892,4,0,4
1892,5,0,5
1892,7,2,9
1892,5,4,9
1892,2,10,12
1892,13,1,14
1892,8,3,11
1892,9,12,21
1892,2,11,13
1892,6,4,10
1892,4,1,5
1892,3,2,5
1892,8,10,18
1892,3,0,3
1892,4,0,4
1892,4,3,7
1892,8,0,8
1892,6,4,10
1892,4,2,6
1892,3,1,4
1892,4,3,7
1892,5,11,16
1892,5,3,8
1892,6,4,10
1892,2,1,3
1892,3,2,5
1892,5,2,7
1892,6,4,10
1892,6,3,9
1892,1,0,1
1892,6,4,10
1892,2,14,16
1892,8,0,8
1892,3,2,5
1892,4,3,7
1892,6,3,9
1892,2,1,3
1892,5,1,6
1892,4,3,7
1892,5,4,9
1892,8,3,11
1892,2,10,12
1892,5,3,8
1892,4,3,7
1892,9,11,20
1892,8,3,11
1892,2,0,2
1892,8,4,12
1892,9,8,17
1892,5,4,9
1892,5,3,8
1892,7,5,12
1892,4,13,17
1892,5,4,9
1892,2,1,3
1892,8,6,14
1892,7,3,10
1892,5,2,7
1892,7,5,12
1892,6,1,7
1892,8,7,15
1892,6,3,9
1892,5,3,8
1892,5,4,9
1892,9,5,14
1892,5,4,9
1892,4,11,15
1892,3,1,4
1892,4,3,7
1892,7,6,13
1892,3,1,4
1892,5,4,9
1892,7,0,7
1892,9,0,9
1892,9,10,19
1892,7,6,13
1892,7,5,12
1892,6,5,11
1892,5,2,7
1892,1,0,1
1892,11,0,11
1892,8,3,11
1892,6,4,10
1892,7,5,12
1892,3,1,4
1892,3,1,4
1892,8,6,14
1892,8,1,9
1892,5,0,5
1892,7,10,17
1892,1,0,1
1892,4,1,5
1892,4,0,4
1892,8,5,13
1892,6,5,11
1892,5,4,9
1892,9,5,14
1892,2,1,3
1892,7,3,10
1892,7,5,12
1892,4,24,28
1892,4,3,7
1892,5,10,15
1892,2,0,2
1892,6,4,10
1892,8,7,15
1892,3,2,5
1892,9,7,16
1892,5,1,6
1892,7,0,7
1892,3,2,5
1892,4,3,7
1892,3,2,5
1892,5,10,15
1892,13,1,14
1892,3,10,13
1892,4,1,5
1892,8,6,14
1892,6,4,10
1892,6,10,16
1892,9,10,19
1892,9,3,12
1892,4,10,14
1892,2,1,3
1892,5,1,6
1892,9,13,22
1892,5,4,9
1892,6,2,8
1892,4,0,4
1892,6,12,18
1892,9,3,12
1892,6,10,16
1892,7,6,13
1892,3,2,5
1892,11,1,12
1892,4,3,7
1892,7,10,17
1892,6,4,10
1892,4,3,7
1892,7,1,8
1892,2,1,3
1892,8,3,11
1892,4,1,5
1892,4,12,16
1892,6,4,10
1892,4,12,16
1892,5,1,6
1892,7,4,11
1892,3,12,15
1892,8,7,15
1892,3,2,5
1892,7,5,12
1892,7,6,13
1892,7,4,11
1892,7,1,8
1892,7,6,13
1892,5,2,7
1892,8,11,19
1892,3,2,5
1892,5,2,7
1892,4,0,4
1892,9,4,13
1892,7,3,10
1892,8,4,12
1892,6,2,8
1892,6,2,8
1892,4,3,7
1892,7,5,12
1892,23,1,24
1892,5,3,8
1892,4,17,21
1892,4,3,7
1892,7,15,22
1892,7,4,11
1892,5,2,7
1892,2,1,3
1892,8,7,15
1892,4,3,7
1892,7,6,13
1892,20,2,22
1892,7,17,24
1892,9,6,15
1892,12,1,13
1892,6,5,11
1892,9,5,14
1892,8,4,12
1892,6,3,9
1892,6,3,9
1892,4,25,29
1892,9,3,12
1892,5,4,9
1892,4,3,7
1892,4,1,5
1892,7,0,7
1892,7,3,10
1892,2,1,3
1892,7,1,8
1892,7,3,10
1892,6,4,10
1892,6,5,11
1892,6,4,10
1892,5,1,6
1892,3,10,13
1892,4,16,20
1892,5,3,8
1892,3,0,3
1892,7,5,12
1892,5,10,15
1892,5,11,16
1892,15,11,26
1892,9,18,27
1892,9,0,9
1892,6,11,17
1892,9,6,15
1892,4,10,14
1892,7,12,19
1892,1,0,1
1892,9,4,13
1892,2,1,3
1892,5,12,17
1892,2,10,12
1892,9,10,19
1892,3,13,16
1892,2,10,12
1892,5,3,8
1892,5,4,9
1892,4,3,7
1892,7,2,9
1892,6,1,7
1892,3,14,17
1892,3,2,5
1892,7,6,13
1892,5,3,8
1892,11,10,21
1892,5,2,7
1892,6,4,10
1892,3,0,3
1892,6,4,10
1892,4,3,7
1892,5,3,8
1892,5,2,7
1892,3,0,3
1892,7,5,12
1892,9,3,12
1892,5,4,9
1892,7,4,11
1892,9,6,15
1892,3,2,5
1892,9,3,12
1892,6,4,10
1892,2,1,3
1892,7,4,11
1892,5,1,6
1892,6,4,10
1892,7,5,12
1892,3,2,5
1892,6,0,6
1892,5,1,6
1892,6,3,9
1892,9,3,12
1892,4,1,5
1892,9,8,17
1892,7,3,10
1892,16,14,30
1892,6,13,19
1892,5,2,7
1892,9,3,12
1892,2,0,2
1892,7,2,9
1892,1,0,1
1892,6,3,9
1892,2,0,2
1892,3,3,6
1892,13,0,13
1892,2,0,2
1892,6,5,11
1892,5,2,7
1892,9,7,16
1892,7,3,10
1892,5,1,6
1892,3,2,5
1892,9,2,11
1892,7,3,10
1892,7,5,12
1892,5,4,9
1892,3,1,4
1892,4,3,7
1892,8,12,20
1892,5,12,17
1892,8,3,11
1892,4,1,5
1892,8,1,9
1892,7,3,10
1892,7,3,10
1892,7,5,12
1892,6,1,7
1892,6,4,10
1892,6,3,9
1892,9,1,10
1892,7,7,14
1892,6,5,11
1892,4,2,6
1892,3,2,5
1892,3,2,5
1892,3,11,14
1892,4,3,7
1892,8,6,14
1892,9,11,20
1892,5,4,9
1892,7,5,12
1892,4,2,6
1892,4,10,14
1892,3,2,5
1892,5,1,6
1892,3,0,3
1892,4,2,6
1892,2,11,13
1892,5,12,17
1892,9,5,14
1892,7,6,13
1892,9,2,11
1892,4,3,7
1892,4,0,4
1892,7,4,11
1892,7,5,12
1892,2,10,12
1892,9,2,11
1892,6,3,9
1892,2,1,3
1892,5,4,9
1892,7,3,10
1892,5,11,16
1892,7,5,12
1892,4,2,6
1892,8,14,22
1892,5,2,7
1892,5,11,16
1892,3,2,5
1892,5,4,9
1892,9,8,17
1892,8,10,18
1892,2,0,2
1892,21,2,23
1892,6,0,6
1892,9,7,16
1892,5,4,9
1892,7,5,12
1892,5,4,9
1892,7,3,10
1892,4,2,6
1892,5,12,17
1892,3,2,5
1892,7,10,17
1892,7,2,9
1892,4,3,7
1892,2,1,3
1892,10,1,11
1892,4,10,14
1892,7,5,12
1892,8,2,10
1892,7,1,8
1892,7,5,12
1892,6,1,7
1892,7,6,13
1892,4,3,7
1892,3,2,5
1892,8,12,20
1892,4,2,6
1892,7,5,12
1892,8,7,15
1892,4,3,7
1892,5,3,8
1892,4,2,6
1892,9,6,15
1892,1,0,1
1892,11,1,12
1892,4,3,7
1892,13,1,14
1892,1,0,1
1892,3,1,4
1892,2,10,12
1892,5,2,7
1892,5,4,9
1892,3,20,23
1892,8,8,16
1892,9,1,10
1892,3,1,4
1892,5,16,21
1892,9,2,11
1892,8,3,11
1892,5,13,18
1892,8,3,11
1892,6,4,10
1892,7,1,8
1892,4,4,8
1892,9,7,16
1892,5,2,7
1892,3,13,16
1892,7,11,18
1892,6,3,9
1892,1,0,1
1892,13,0,13
1892,4,3,7
1892,3,1,4
1892,7,0,7
1892,7,6,13
1892,7,20,27
1892,6,3,9
1892,3,2,5
1892,8,6,14
1892,4,1,5
1892,3,2,5
1892,3,10,13
1892,5,11,16
1892,4,1,5
1892,5,1,6
1892,2,0,2
1892,6,2,8
1892,8,18,26
1892,6,3,9
1892,6,3,9
1892,9,1,10
1892,7,1,8
1892,12,1,13
1892,4,3,7
1892,3,2,5
1892,7,5,12
1892,4,12,16
1892,6,10,16
1892,7,4,11
1892,10,1,11
1892,4,3,7
1892,5,2,7
1892,5,2,7
1892,6,0,6
1892,7,4,11
1892,3,2,5
1892,5,12,17
1892,4,10,14
1892,6,4,10
1892,6,26,32
1892,8,10,18
1892,12,0,12
1892,9,4,13
1892,5,4,9
1892,7,2,9
1892,5,1,6
1892,7,2,9
1892,2,1,3
1892,7,2,9
1892,3,2,5
1892,7,0,7
1892,5,12,17
1892,6,4,10
1892,6,4,10
1892,8,7,15
1892,7,1,8
1892,7,5,12
1892,7,11,18
1892,8,6,14
1892,5,3,8
1892,9,8,17
1892,3,10,13
1892,8,2,10
1892,8,5,13
1892,6,0,6
1892,11,1,12
1892,5,3,8
1892,4,3,7
1892,6,2,8
1892,7,2,9
1892,6,1,7
1892,3,1,4
1892,6,6,12
1892,5,4,9
1892,12,10,22
1892,4,11,15
1892,3,1,4
1892,4,2,6
1892,5,3,8
1892,7,2,9
1892,8,0,8
1892,5,4,9
1892,6,4,10
1892,5,12,17
1892,4,2,6
1892,5,1,6
1892,6,1,7
1892,2,0,2
1892,5,14,19
1892,4,0,4
1892,6,2,8
1892,11,0,11
1892,6,1,7
1892,7,6,13
1892,5,1,6
1892,5,1,6
1892,3,2,5
1892,7,1,8
1892,8,2,10
1892,8,12,20
1892,4,2,6
1892,6,3,9
1892,7,0,7
1892,3,2,5
1892,6,5,11
1892,8,5,13
1892,9,5,14
1892,12,1,13
1892,8,3,11
1892,7,2,9
1892,4,1,5
1892,8,3,11
1892,6,5,11
1892,6,3,9
1892,3,2,5
1892,6,6,12
1892,4,3,7
1892,3,12,15
1892,8,4,12
1892,4,1,5
1892,9,6,15
1892,2,0,2
1892,4,1,5
1892,4,1,5
1892,9,3,12
1892,9,7,16
1892,2,12,14
1892,6,2,8
1892,4,2,6
1892,9,2,11
1892,7,3,10
1892,9,2,11
1892,9,2,11
1892,9,2,11
1892,5,0,5
1892,2,1,3
1892,4,2,6
1892,3,2,5
1892,6,12,18
1892,8,6,14
1892,5,3,8
1892,7,2,9
1892,2,2,4
1892,7,0,7
1892,9,4,13
1892,7,13,20
1892,6,10,16
1892,3,2,5
1892,3,1,4
1892,3,11,14
1892,7,5,12
1892,7,0,7
1892,6,11,17
1892,4,3,7
1892,4,2,6
1892,4,13,17
1892,7,4,11
1892,4,3,7
1892,6,0,6
1892,9,6,15
1892,3,0,3
1892,6,4,10
1892,3,2,5
1892,4,2,6
1892,5,1,6
1892,8,4,12
1892,7,3,10
1892,8,2,10
1892,7,1,8
1892,6,5,11
1892,6,3,9
1892,6,2,8
1892,17,1,18
1892,8,7,15
1892,9,9,18
1892,4,3,7
1892,5,3,8
1892,6,3,9
1892,7,2,9
1892,4,2,6
1892,7,6,13
1892,5,4,9
1892,3,1,4
1892,4,1,5
1892,3,1,4
1892,1,0,1
1892,3,1,4
1892,6,1,7
1892,4,2,6
1892,4,16,20
1892,6,2,8
1892,5,1,6
1892,7,4,11
1892,4,0,4
1892,3,11,14
1892,3,0,3
1892,5,1,6
1892,6,5,11
1892,8,6,14
1892,8,1,9
1892,6,5,11
1892,5,1,6
1892,8,2,10
1892,4,3,7
1892,7,4,11
1892,5,2,7
1892,20,1,21
1892,4,10,14
1892,9,6,15
1892,6,5,11
1892,6,3,9
1892,6,1,7
1892,7,6,13
1892,3,1,4
1892,9,12,21
1892,5,3,8
1892,5,1,6
1892,8,1,9
1892,9,1,10
1892,8,5,13
1892,5,3,8
1892,7,10,17
1892,3,2,5
1892,7,2,9
1892,2,11,13
1892,4,1,5
1892,4,1,5
1892,8,5,13
1892,2,1,3
1892,6,1,7
1892,5,2,7
1892,8,0,8
1892,3,2,5
1892,4,2,6
1892,8,1,9
1892,3,2,5
1892,7,5,12
1892,9,8,17
1892,6,1,7
1892,7,5,12
1892,6,5,11
1892,5,4,9
1892,2,1,3
1892,5,2,7
1892,6,1,7
1892,7,2,9
1892,7,3,10
1892,6,0,6
1892,5,12,17
1892,5,4,9
1892,13,11,24
1892,4,2,6
1892,7,3,10
1892,7,4,11
1892,5,4,9
1892,6,16,22
1892,4,3,7
1892,3,2,5
1892,6,2,8
1892,9,5,14
1892,4,2,6
1892,7,1,8
1892,8,5,13
1892,7,6,13
1892,6,6,12
1892,5,2,7
1892,7,2,9
1892,5,4,9
1892,4,2,6
1892,3,0,3
1892,3,2,5
1892,8,4,12
1892,8,1,9
1892,9,3,12
1892,9,0,9
1892,5,10,15
1892,5,0,5
1892,7,12,19
1892,6,1,7
1892,3,11,14
1892,5,1,6
1892,5,18,23
1892,5,4,9
1892,7,3,10
1892,9,0,9
1892,3,14,17
1892,4,2,6
1892,7,5,12
1892,6,2,8
1892,4,2,6
1892,8,3,11
1892,3,15,18
1892,5,10,15
1892,5,5,10
1892,7,4,11
1892,4,1,5
1892,5,10,15
1892,3,11,14
1892,6,4,10
1892,2,0,2
1892,6,5,11
1892,4,2,6
1892,2,1,3
1892,9,10,19
1892,4,1,5
1892,3,2,5
1892,5,1,6
1892,2,15,17
1892,7,4,11
1892,3,1,4
1892,8,1,9
1892,3,10,13
1892,14,11,25
1892,2,0,2
1892,5,11,16
1892,9,3,12
1892,4,3,7
1892,2,13,15
1892,7,4,11
1892,7,6,13
1892,2,1,3
1892,2,1,3
1892,5,1,6
1892,6,2,8
1892,3,1,4
1892,3,2,5
1892,6,3,9
1892,6,2,8
1892,6,2,8
1892,7,6,13
1892,2,0,2
1892,2,1,3
1892,9,2,11
1892,9,0,9
1892,4,3,7
1892,6,11,17
1892,9,10,19
1892,9,0,9
1892,8,4,12
1892,3,3,6
1892,5,2,7
1892,9,3,12
1892,5,2,7
1892,8,6,14
1892,8,5,13
1892,8,7,15
1892,3,2,5
1892,11,0,11
1892,2,0,2
1892,2,11,13
1892,4,3,7
1892,6,14,20
1892,3,2,5
1892,9,3,12
1892,3,1,4
1892,2,14,16
1892,9,8,17
1892,9,5,14
1892,5,4,9
1892,5,3,8
1892,11,1,12
1892,2,10,12
1892,5,4,9
1892,8,12,20
1892,4,10,14
1892,4,10,14
1892,2,10,12
1892,5,4,9
1892,3,13,16
1892,5,1,6
1892,5,4,9
1892,5,1,6
1892,7,5,12
1892,9,10,19
1892,6,15,21
1892,7,2,9
1892,4,3,7
1892,3,10,13
1892,7,6,13
1892,12,11,23
1892,12,10,22
1892,4,1,5
1892,7,3,10
1892,15,0,15
1892,3,14,17
1892,9,10,19
1892,6,6,12
1892,4,0,4
1892,5,4,9
1892,6,4,10
1892,9,5,14
1892,6,5,11
1892,7,2,9
1892,6,0,6
1892,9,6,15
1892,9,4,13
1892,9,5,14
1892,5,3,8
1892,6,5,11
1892,6,2,8
1892,5,3,8
1892,5,10,15
1892,5,13,18
1892,5,4,9
1892,2,10,12
1892,9,2,11
1892,4,3,7
1892,8,3,11
1892,9,4,13
1892,9,5,14
1892,4,3,7
1892,3,1,4
1892,5,1,6
1892,7,3,10
1892,9,5,14
1892,3,3,6
1892,8,5,13
1892,4,3,7
1892,7,2,9
1892,8,3,11
1892,4,3,7
1892,9,2,11
1892,5,4,9
1892,9,4,13
1892,7,4,11
1892,4,4,8
1892,7,6,13
1892,9,4,13
1892,8,5,13
1892,3,11,14
1892,9,5,14
1892,8,6,14
1892,5,1,6
1892,9,5,14
1892,2,2,4
1892,16,10,26
1892,3,1,4
1892,5,10,15
1892,2,0,2
1892,7,1,8
1892,2,11,13
1892,7,1,8
1892,1,0,1
1892,7,4,11
1892,4,0,4
1893,10,1,11
1893,7,2,9
1893,4,2,6
1893,7,5,12
1893,11,1,12
1893,9,2,11
1893,7,5,12
1893,5,4,9
1893,3,1,4
1893,6,12,18
1893,8,6,14
1893,5,0,5
1893,6,15,21
1893,11,10,21
1893,7,1,8
1893,5,10,15
1893,9,5,14
1893,3,2,5
1893,11,1,12
1893,2,15,17
1893,3,2,5
1893,5,1,6
1893,7,13,20
1893,6,3,9
1893,6,4,10
1893,9,1,10
1893,17,12,29
1893,2,1,3
1893,7,11,18
1893,5,3,8
1893,6,2,8
1893,8,5,13
1893,8,2,10
1893,3,1,4
1893,3,2,5
1893,9,6,15
1893,3,11,14
1893,16,12,28
1893,4,2,6
1893,3,1,4
1893,6,5,11
1893,6,18,24
1893,7,16,23
1893,8,0,8
1893,4,2,6
1893,7,4,11
1893,9,8,17
1893,9,3,12
1893,9,6,15
1893,6,4,10
1893,11,10,21
1893,4,1,5
1893,8,15,23
1893,9,7,16
1893,7,6,13
1893,5,3,8
1893,2,14,16
1893,9,10,19
1893,6,3,9
1893,9,8,17
1893,9,15,24
1893,6,4,10
1893,8,3,11
1893,6,18,24
1893,3,0,3
1893,8,7,15
1893,7,6,13
1893,12,10,22
1893,3,11,14
1893,8,10,18
1893,4,2,6
1893,6,5,11
1893,3,19,22
1893,13,12,25
1893,4,3,7
1893,8,6,14
1893,4,14,18
1893,15,1,16
1893,6,10,16
1893,10,1,11
1893,3,2,5
1893,9,6,15
1893,7,11,18
1893,16,12,28
1893,9,5,14
1893,9,11,20
1893,3,1,4
1893,5,4,9
1893,4,21,25
1893,15,1,16
1893,2,10,12
1893,5,4,9
1893,5,4,9
1893,5,19,24
1893,9,7,16
1893,4,3,7
1893,7,4,11
1893,5,2,7
1893,5,11,16
1893,9,8,17
1893,2,1,3
1893,8,17,25
1893,5,0,5
1893,9,14,23
1893,9,8,17
1893,8,7,15
1893,4,3,7
1893,9,7,16
1893,5,10,15
1893,3,1,4
1893,5,14,19
1893,7,5,12
1893,9,1,10
1893,6,18,24
1893,8,6,14
1893,8,4,12
1893,8,4,12
1893,16,11,27
1893,7,1,8
1893,4,15,19
1893,5,13,18
1893,8,7,15
1893,5,4,9
1893,7,5,12
1893,7,4,11
1893,6,13,19
1893,8,1,9
1893,6,1,7
1893,13,12,25
1893,8,14,22
1893,4,11,15
1893,4,15,19
1893,8,7,15
1893,3,2,5
1893,9,5,14
1893,4,1,5
1893,7,6,13
1893,2,18,20
1893,1,0,1
1893,5,0,5
1893,10,1,11
1893,3,0,3
1893,6,2,8
1893,4,16,20
1893,8,1,9
1893,8,6,14
1893,3,2,5
1893,2,1,3
1893,3,12,15
1893,9,1,10
1893,3,10,13
1893,7,10,17
1893,9,6,15
1893,9,10,19
1893,4,3,7
1893,4,14,18
1893,8,7,15
1893,7,6,13
1893,6,5,11
1893,5,3,8
1893,8,4,12
1893,4,15,19
1893,8,13,21
1893,16,1,17
1893,6,12,18
1893,7,4,11
1893,3,11,14
1893,8,7,15
1893,5,11,16
1893,9,1,10
1893,7,5,12
1893,9,6,15
1893,4,0,4
1893,5,11,16
1893,9,5,14
1893,5,3,8
1893,7,5,12
1893,12,10,22
1893,5,10,15
1893,8,6,14
1893,7,14,21
1893,6,10,16
1893,7,6,13
1893,13,11,24
1893,3,1,4
1893,9,4,13
1893,14,1,15
1893,9,3,12
1893,7,4,11
1893,9,7,16
1893,4,3,7
1893,7,12,19
1893,7,6,13
1893,9,11,20
1893,4,2,6
1893,6,2,8
1893,9,2,11
1893,9,11,20
1893,7,3,10
1893,6,1,7
1893,8,5,13
1893,4,14,18
1893,5,11,16
1893,4,1,5
1893,4,2,6
1893,8,3,11
1893,7,6,13
1893,6,5,11
1893,2,1,3
1893,13,12,25
1893,14,13,27
1893,7,4,11
1893,3,13,16
1893,3,2,5
1893,7,6,13
1893,8,2,10
1893,9,1,10
1893,9,7,16
1893,6,13,19
1893,5,10,15
1893,6,10,16
1893,7,6,13
1893,4,2,6
1893,11,10,21
1893,15,11,26
1893,6,3,9
1893,9,5,14
1893,8,2,10
1893,6,14,20
1893,5,1,6
1893,9,6,15
1893,3,0,3
1893,3,1,4
1893,7,19,26
1893,7,5,12
1893,5,4,9
1893,9,10,19
1893,7,12,19
1893,7,5,12
1893,6,4,10
1893,8,7,15
1893,16,12,28
1893,30,12,42
1893,4,1,5
1893,9,8,17
1893,13,10,23
1893,8,14,22
1893,6,3,9
1893,4,17,21
1893,4,11,15
1893,3,1,4
1893,8,16,24
1893,2,10,12
1893,6,10,16
1893,7,5,12
1893,5,1,6
1893,11,10,21
1893,6,5,11
1893,9,6,15
1893,6,3,9
1893,3,0,3
1893,3,1,4
1893,5,12,17
1893,6,1,7
1893,15,12,27
1893,5,11,16
1893,8,5,13
1893,14,10,24
1893,4,2,6
1893,4,3,7
1893,9,5,14
1893,15,13,28
1893,5,2,7
1893,5,14,19
1893,8,5,13
1893,4,2,6
1893,5,5,10
1893,8,4,12
1893,5,4,9
1893,9,13,22
1893,7,5,12
1893,14,13,27
1893,4,13,17
1893,9,13,22
1893,5,10,15
1893,8,6,14
1893,6,10,16
1893,9,7,16
1893,6,3,9
1893,8,6,14
1893,12,10,22
1893,5,18,23
1893,5,14,19
1893,6,12,18
1893,5,3,8
1893,6,16,22
1893,7,6,13
1893,4,1,5
1893,5,2,7
1893,9,5,14
1893,5,11,16
1893,6,5,11
1893,22,16,38
1893,3,18,21
1893,1,0,1
1893,5,4,9
1893,6,13,19
1893,7,5,12
1893,2,13,15
1893,5,12,17
1893,3,2,5
1893,7,6,13
1893,3,0,3
1893,6,3,9
1893,13,10,23
1893,9,5,14
1893,4,3,7
1893,8,3,11
1893,5,1,6
1893,15,14,29
1893,6,5,11
1893,12,12,24
1893,8,16,24
1893,2,1,3
1893,8,4,12
1893,3,11,14
1893,7,14,21
1893,8,4,12
1893,2,1,3
1893,9,7,16
1893,2,0,2
1893,11,10,21
1893,9,8,17
1893,11,11,22
1893,9,10,19
1893,4,12,16
1893,13,10,23
1893,5,15,20
1893,4,2,6
1893,8,0,8
1893,9,3,12
1893,7,4,11
1893,7,6,13
1893,9,7,16
1893,4,2,6
1893,13,0,13
1893,7,0,7
1893,9,6,15
1893,3,2,5
1893,8,19,27
1893,3,2,5
1893,3,2,5
1893,13,12,25
1893,11,10,21
1893,8,7,15
1893,5,15,20
1893,12,10,22
1893,4,12,16
1893,18,13,31
1893,2,12,14
1893,6,2,8
1893,7,17,24
1893,7,10,17
1893,5,4,9
1893,4,3,7
1893,7,3,10
1893,5,3,8
1893,9,7,16
1893,9,5,14
1893,6,3,9
1893,4,1,5
1893,2,10,12
1893,7,6,13
1893,6,2,8
1893,9,5,14
1893,8,10,18
1893,3,2,5
1893,9,1,10
1893,7,4,11
1893,7,3,10
1893,6,5,11
1893,19,0,19
1893,8,3,11
1893,9,4,13
1893,5,3,8
1893,9,8,17
1893,16,13,29
1893,4,1,5
1893,7,1,8
1893,5,10,15
1893,4,0,4
1893,3,12,15
1893,5,14,19
1893,7,18,25
1893,9,11,20
1893,2,12,14
1893,9,8,17
1893,6,10,16
1893,6,12,18
1893,3,11,14
1893,3,14,17
1893,5,3,8
1893,8,15,23
1893,9,7,16
1893,9,15,24
1893,8,1,9
1893,9,8,17
1893,5,3,8
1893,9,12,21
1893,6,11,17
1893,4,20,24
1893,10,10,20
1893,8,4,12
1893,5,2,7
1893,8,13,21
1893,9,10,19
1893,12,10,22
1893,4,11,15
1893,9,7,16
1893,3,2,5
1893,9,4,13
1893,3,2,5
1893,17,15,32
1893,7,3,10
1893,4,13,17
1893,4,3,7
1893,8,7,15
1893,8,2,10
1893,6,13,19
1893,4,3,7
1893,4,10,14
1893,9,3,12
1893,7,16,23
1893,9,7,16
1893,5,2,7
1893,2,0,2
1893,7,11,18
1893,5,4,9
1893,4,4,8
1893,6,5,11
1893,7,6,13
1893,20,2,22
1893,6,2,8
1893,11,1,12
1893,8,3,11
1893,3,12,15
1893,6,3,9
1893,7,5,12
1893,9,2,11
1893,3,16,19
1893,6,5,11
1893,7,2,9
1893,3,11,14
1893,5,4,9
1893,8,1,9
1893,6,10,16
1893,7,6,13
1893,7,4,11
1893,9,3,12
1893,2,14,16
1893,7,6,13
1893,7,6,13
1893,5,2,7
1893,9,8,17
1893,7,10,17
1893,2,1,3
1893,3,0,3
1893,7,4,11
1893,9,16,25
1893,7,14,21
1893,4,11,15
1893,3,2,5
1893,5,2,7
1893,5,1,6
1893,9,2,11
1893,8,3,11
1893,25,2,27
1893,6,1,7
1893,8,7,15
1893,7,4,11
1893,6,17,23
1893,4,3,7
1893,7,6,13
1893,5,2,7
1893,8,4,12
1893,7,4,11
1893,7,22,29
1893,5,4,9
1893,6,3,9
1893,7,2,9
1893,8,2,10
1893,7,14,21
1893,9,5,14
1893,12,11,23
1893,6,3,9
1893,5,12,17
1893,8,4,12
1893,7,6,13
1893,8,21,29
1893,8,0,8
1893,7,12,19
1893,8,12,20
1893,3,2,5
1893,9,14,23
1893,3,10,13
1893,12,11,23
1893,7,2,9
1893,6,16,22
1893,5,2,7
1893,4,3,7
1893,6,4,10
1893,3,13,16
1893,4,2,6
1893,9,13,22
1893,17,10,27
1893,9,8,17
1893,7,5,12
1893,6,3,9
1893,8,7,15
1893,4,1,5
1893,9,1,10
1893,8,7,15
1893,9,2,11
1893,9,7,16
1893,9,7,16
1893,4,11,15
1893,5,11,16
1893,6,11,17
1893,3,14,17
1893,4,1,5
1893,7,11,18
1893,4,2,6
1893,13,10,23
1893,9,3,12
1893,8,7,15
1893,9,14,23
1893,3,2,5
1893,8,2,10
1893,9,3,12
1893,4,3,7
1893,3,3,6
1893,12,11,23
1893,3,14,17
1893,10,1,11
1893,6,5,11
1893,5,12,17
1893,6,2,8
1893,8,5,13
1893,6,5,11
1893,3,11,14
1893,7,14,21
1893,3,0,3
1893,6,11,17
1893,4,1,5
1893,7,4,11
1893,8,10,18
1893,11,0,11
1893,4,1,5
1893,6,2,8
1893,4,0,4
1893,6,5,11
1893,5,0,5
1893,5,3,8
1893,7,3,10
1893,8,2,10
1893,8,4,12
1893,7,3,10
1893,9,12,21
1893,3,2,5
1893,7,3,10
1893,4,3,7
1893,13,10,23
1893,5,5,10
1893,4,15,19
1893,2,0,2
1893,3,2,5
1893,7,11,18
1893,9,12,21
1893,8,1,9
1893,3,13,16
1893,9,8,17
1893,2,1,3
1893,2,1,3
1893,7,4,11
1893,7,17,24
1893,5,12,17
1893,8,2,10
1893,13,10,23
1893,5,3,8
1893,8,7,15
1893,6,0,6
1893,6,1,7
1893,5,2,7
1893,3,0,3
1893,5,1,6
1893,7,13,20
1893,3,1,4
1893,4,10,14
1893,7,0,7
1893,9,10,19
1893,4,2,6
1893,8,4,12
1893,5,3,8
1893,5,5,10
1893,9,8,17
1893,8,0,8
1893,7,3,10
1893,7,5,12
1893,7,2,9
1893,1,0,1
1893,8,2,10
1893,5,2,7
1893,6,11,17
1893,4,4,8
1893,3,2,5
1893,3,1,4
1893,4,3,7
1893,3,2,5
1893,5,14,19
1893,6,3,9
1893,9,7,16
1893,4,16,20
1893,4,11,15
1893,7,5,12
1893,8,1,9
1893,7,12,19
1893,8,3,11
1893,6,5,11
1893,3,2,5
1893,7,14,21
1893,7,3,10
1893,6,5,11
1893,6,11,17
1893,8,3,11
1893,7,0,7
1893,6,3,9
1893,8,1,9
1893,4,3,7
1893,2,1,3
1893,6,0,6
1893,6,3,9
1893,6,5,11
1893,23,14,37
1893,6,2,8
1893,14,1,15
1893,3,12,15
1893,9,12,21
1893,9,8,17
1893,5,4,9
1893,9,3,12
1893,3,14,17
1893,15,10,25
1893,7,4,11
1893,9,8,17
1893,11,10,21
1893,7,1,8
1893,7,6,13
1893,9,5,14
1893,6,13,19
1893,5,4,9
1893,5,10,15
1893,4,2,6
1893,6,12,18
1893,6,3,9
1893,7,3,10
1893,5,11,16
1893,6,4,10
1893,8,11,19
1893,6,3,9
1893,7,0,7
1893,9,6,15
1893,4,3,7
1893,9,13,22
1893,6,4,10
1893,6,2,8
1893,3,2,5
1893,10,1,11
1893,5,11,16
1893,3,12,15
1893,5,12,17
1893,4,11,15
1893,6,5,11
1893,8,6,14
1893,2,1,3
1893,2,13,15
1893,5,4,9
1893,3,1,4
1893,6,1,7
1893,8,6,14
1893,8,8,16
1893,1,1,2
1893,3,2,5
1893,3,14,17
1893,3,2,5
1893,5,12,17
1893,2,0,2
1893,6,5,11
1893,6,2,8
1893,7,1,8
1893,4,1,5
1893,4,0,4
1893,8,7,15
1893,7,6,13
1893,9,2,11
1893,6,3,9
1893,9,2,11
1893,6,13,19
1893,8,4,12
1893,7,11,18
1893,15,11,26
1893,5,11,16
1893,9,12,21
1893,7,3,10
1893,7,6,13
1893,2,11,13
1893,7,5,12
1893,5,0,5
1893,5,1,6
1893,7,2,9
1893,7,6,13
1893,7,6,13
1893,8,6,14
1893,9,2,11
1893,8,8,16
1893,7,6,13
1893,7,4,11
1893,5,4,9
1893,3,0,3
1893,5,12,17
1893,8,17,25
1893,4,1,5
1893,9,6,15
1893,7,6,13
1893,6,2,8
1893,9,5,14
1893,3,2,5
1893,2,13,15
1893,7,5,12
1893,5,16,21
1893,4,16,20
1893,4,18,22
1893,8,4,12
1893,1,0,1
1893,4,11,15
1893,5,3,8
1893,6,4,10
1893,6,5,11
1893,6,0,6
1893,9,5,14
1893,4,3,7
1893,3,2,5
1893,7,5,12
1893,5,2,7
1893,9,3,12
1893,5,4,9
1893,4,11,15
1893,5,10,15
1893,9,4,13
1893,5,17,22
1893,9,5,14
1893,7,5,12
1893,5,0,5
1893,7,13,20
1893,3,0,3
1893,11,10,21
1893,6,5,11
1893,8,7,15
1893,8,1,9
1893,7,2,9
1893,8,7,15
1893,7,6,13
1893,6,11,17
1893,8,4,12
1893,11,10,21
1893,3,1,4
1893,7,4,11
1893,7,3,10
1893,4,10,14
1893,3,10,13
1893,6,0,6
1893,4,3,7
1893,2,10,12
1893,8,6,14
1893,6,17,23
1893,4,16,20
1894,8,3,11
1894,2,13,15
1894,3,11,14
1894,4,2,6
1894,6,12,18
1894,6,10,16
1894,3,10,13
1894,9,8,17
1894,4,3,7
1894,3,0,3
1894,8,0,8
1894,5,1,6
1894,2,10,12
1894,7,2,9
1894,5,4,9
1894,3,2,5
1894,7,4,11
1894,8,4,12
1894,4,3,7
1894,3,15,18
1894,5,22,27
1894,1,0,1
1894,7,3,10
1894,9,5,14
1894,6,3,9
1894,6,3,9
1894,8,2,10
1894,6,12,18
1894,2,1,3
1894,3,13,16
1894,5,14,19
1894,7,13,20
1894,3,13,16
1894,4,12,16
1894,3,1,4
1894,4,10,14
1894,7,5,12
1894,5,10,15
1894,2,1,3
1894,9,6,15
1894,3,14,17
1894,7,1,8
1894,9,10,19
1894,8,3,11
1894,5,2,7
1894,6,15,21
1894,8,2,10
1894,6,10,16
1894,6,5,11
1894,15,10,25
1894,7,6,13
1894,7,4,11
1894,7,3,10
1894,7,0,7
1894,2,1,3
1894,8,2,10
1894,7,5,12
1894,6,4,10
1894,8,3,11
1894,7,2,9
1894,7,4,11
1894,6,2,8
1894,8,10,18
1894,5,12,17
1894,6,3,9
1894,8,4,12
1894,6,4,10
1894,9,10,19
1894,5,15,20
1894,9,2,11
1894,5,2,7
1894,4,3,7
1894,6,5,11
1894,6,6,12
1894,7,1,8
1894,8,6,14
1894,1,0,1
1894,7,5,12
1894,6,17,23
1894,17,0,17
1894,5,11,16
1894,3,18,21
1894,5,4,9
1894,5,16,21
1894,5,18,23
1894,6,5,11
1894,7,3,10
1894,4,1,5
1894,6,3,9
1894,3,11,14
1894,6,12,18
1894,9,3,12
1894,7,1,8
1894,9,18,27
1894,6,2,8
1894,2,1,3
1894,7,12,19
1894,4,2,6
1894,5,4,9
1894,7,6,13
1894,8,3,11
1894,8,2,10
1894,6,5,11
1894,5,0,5
1894,5,2,7
1894,8,5,13
1894,14,12,26
1894,7,3,10
1894,7,14,21
1894,5,16,21
1894,7,12,19
1894,7,3,10
1894,5,4,9
1894,6,3,9
1894,7,16,23
1894,7,0,7
1894,4,10,14
1894,6,2,8
1894,3,2,5
1894,8,10,18
1894,9,7,16
1894,6,5,11
1894,10,1,11
1894,2,0,2
1894,2,10,12
1894,6,4,10
1894,4,3,7
1894,7,16,23
1894,5,4,9
1894,7,5,12
1894,3,3,6
1894,9,5,14
1894,8,7,15
1894,5,2,7
1894,4,3,7
1894,7,1,8
1894,3,0,3
1894,11,10,21
1894,2,1,3
1894,3,2,5
1894,7,6,13
1894,6,4,10
1894,5,1,6
1894,4,12,16
1894,9,10,19
1894,4,3,7
1894,3,1,4
1894,6,5,11
1894,6,0,6
1894,6,12,18
1894,2,10,12
1894,5,2,7
1894,8,10,18
1894,9,8,17
1894,3,12,15
1894,5,2,7
1894,8,7,15
1894,5,5,10
1894,3,2,5
1894,6,5,11
1894,18,12,30
1894,4,2,6
1894,6,11,17
1894,9,8,17
1894,2,0,2
1894,7,14,21
1894,3,2,5
1894,2,12,14
1894,6,2,8
1894,5,2,7
1894,13,10,23
1894,20,11,31
1894,2,1,3
1894,3,2,5
1894,4,12,16
1894,6,12,18
1894,7,3,10
1894,9,14,23
1894,7,1,8
1894,5,3,8
1894,6,2,8
1894,4,15,19
1894,9,8,17
1894,5,0,5
1894,8,22,30
1894,5,1,6
1894,3,10,13
1894,5,10,15
1894,6,13,19
1894,1,0,1
1894,11,10,21
1894,2,2,4
1894,11,0,11
1894,6,11,17
1894,4,12,16
1894,4,18,22
1894,7,4,11
1894,8,4,12
1894,3,2,5
1894,8,5,13
1894,8,5,13
1894,5,4,9
1894,7,3,10
1894,6,10,16
1894,7,3,10
1894,9,6,15
1894,27,11,38
1894,7,4,11
1894,13,13,26
1894,7,18,25
1894,8,7,15
1894,6,0,6
1894,8,3,11
1894,2,14,16
1894,2,1,3
1894,6,12,18
1894,3,0,3
1894,4,1,5
1894,9,6,15
1894,7,5,12
1894,5,14,19
1894,8,12,20
1894,9,10,19
1894,9,1,10
1894,7,3,10
1894,9,7,16
1894,12,11,23
1894,15,14,29
1894,8,3,11
1894,7,4,11
1894,3,2,5
1894,5,3,8
1894,9,12,21
1894,4,1,5
1894,17,1,18
1894,4,3,7
1894,9,2,11
1894,5,11,16
1894,6,2,8
1894,7,5,12
1894,8,6,14
1894,3,12,15
1894,7,6,13
1894,5,4,9
1894,9,6,15
1894,4,10,14
1894,5,2,7
1894,12,11,23
1894,3,17,20
1894,9,8,17
1894,15,10,25
1894,9,2,11
1894,8,21,29
1894,6,4,10
1894,5,12,17
1894,7,11,18
1894,16,10,26
1894,8,5,13
1894,9,19,28
1894,5,11,16
1894,9,6,15
1894,7,24,31
1894,9,7,16
1894,4,11,15
1894,4,1,5
1894,9,8,17
1894,11,1,12
1894,8,4,12
1894,6,10,16
1894,8,13,21
1894,5,2,7
1894,9,4,13
1894,3,2,5
1894,9,11,20
1894,13,12,25
1894,7,3,10
1894,6,4,10
1894,6,14,20
1894,7,6,13
1894,4,2,6
1894,16,12,28
1894,9,5,14
1894,16,1,17
1894,5,4,9
1894,7,10,17
1894,7,10,17
1894,18,14,32
1894,7,0,7
1894,4,11,15
1894,6,3,9
1894,26,12,38
1894,18,11,29
1894,8,10,18
1894,5,1,6
1894,8,3,11
1894,9,4,13
1894,3,14,17
1894,5,12,17
1894,11,10,21
1894,7,5,12
1894,14,10,24
1894,8,15,23
1894,9,1,10
1894,6,1,7
1894,3,2,5
1894,6,14,20
1894,6,5,11
1894,4,3,7
1894,4,13,17
1894,7,3,10
1894,6,10,16
1894,5,2,7
1894,3,13,16
1894,4,11,15
1894,11,0,11
1894,6,5,11
1894,5,4,9
1894,18,11,29
1894,9,11,20
1894,7,11,18
1894,12,11,23
1894,8,14,22
1894,6,4,10
1894,9,6,15
1894,5,12,17
1894,7,5,12
1894,4,13,17
1894,12,0,12
1894,5,3,8
1894,6,13,19
1894,6,10,16
1894,9,10,19
1894,9,10,19
1894,9,7,16
1894,6,0,6
1894,4,2,6
1894,17,15,32
1894,6,4,10
1894,7,2,9
1894,16,10,26
1894,12,11,23
1894,7,14,21
1894,8,13,21
1894,4,3,7
1894,12,11,23
1894,3,2,5
1894,11,1,12
1894,7,4,11
1894,13,11,24
1894,5,10,15
1894,8,15,23
1894,13,10,23
1894,6,20,26
1894,7,22,29
1894,4,3,7
1894,4,3,7
1894,13,12,25
1894,6,19,25
1894,6,10,16
1894,7,13,20
1894,9,7,16
1894,2,11,13
1894,16,10,26
1894,6,14,20
1894,12,0,12
1894,5,10,15
1894,9,8,17
1894,4,14,18
1894,5,12,17
1894,14,10,24
1894,13,11,24
1894,6,13,19
1894,16,15,31
1894,8,20,28
1894,11,10,21
1894,9,19,28
1894,3,12,15
1894,7,3,10
1894,4,23,27
1894,7,13,20
1894,8,17,25
1894,8,5,13
1894,13,1,14
1894,6,5,11
1894,15,10,25
1894,7,3,10
1894,13,12,25
1894,6,11,17
1894,6,4,10
1894,20,10,30
1894,7,5,12
1894,9,6,15
1894,7,22,29
1894,8,16,24
1894,4,10,14
1894,11,10,21
1894,8,8,16
1894,14,12,26
1894,7,14,21
1894,5,3,8
1894,9,5,14
1894,7,3,10
1894,7,10,17
1894,8,17,25
1894,8,11,19
1894,9,8,17
1894,11,10,21
1894,9,1,10
1894,9,2,11
1894,6,11,17
1894,4,13,17
1894,8,5,13
1894,7,16,23
1894,7,2,9
1894,2,12,14
1894,5,4,9
1894,6,2,8
1894,8,4,12
1894,9,4,13
1894,5,4,9
1894,6,5,11
1894,3,2,5
1894,8,19,27
1894,8,6,14
1894,13,12,25
1894,7,1,8
1894,8,2,10
1894,12,1,13
1894,7,6,13
1894,7,4,11
1894,8,12,20
1894,7,10,17
1894,8,7,15
1894,3,14,17
1894,4,12,16
1894,2,0,2
1894,6,1,7
1894,16,11,27
1894,4,0,4
1894,9,11,20
1894,7,3,10
1894,4,12,16
1894,9,5,14
1894,6,14,20
1894,9,8,17
1894,18,11,29
1894,9,12,21
1894,4,2,6
1894,4,3,7
1894,1,0,1
1894,8,7,15
1894,6,12,18
1894,6,24,30
1894,3,12,15
1894,7,2,9
1894,6,16,22
1894,9,6,15
1894,9,15,24
1894,4,16,20
1894,9,3,12
1894,5,4,9
1894,7,4,11
1894,8,2,10
1894,14,12,26
1894,5,13,18
1894,9,6,15
1894,6,4,10
1894,8,4,12
1894,9,5,14
1894,19,13,32
1894,11,10,21
1894,8,0,8
1894,8,4,12
1894,9,16,25
1894,2,13,15
1894,9,2,11
1894,5,2,7
1894,6,10,16
1894,8,4,12
1894,5,14,19
1894,7,13,20
1894,8,6,14
1894,3,11,14
1894,8,1,9
1894,12,10,22
1894,4,12,16
1894,4,3,7
1894,6,13,19
1894,11,10,21
1894,8,26,34
1894,5,4,9
1894,6,5,11
1894,5,15,20
1894,6,5,11
1894,4,11,15
1894,9,10,19
1894,9,4,13
1894,4,3,7
1894,13,13,26
1894,9,8,17
1894,7,4,11
1894,3,17,20
1894,7,6,13
1894,8,4,12
1894,5,11,16
1894,4,14,18
1894,3,16,19
1894,8,6,14
1894,5,11,16
1894,8,5,13
1894,4,10,14
1894,8,16,24
1894,9,8,17
1894,19,12,31
1894,5,11,16
1894,8,1,9
1894,5,2,7
1894,7,15,22
1894,9,12,21
1894,3,1,4
1894,8,21,29
1894,6,11,17
1894,5,21,26
1894,8,18,26
1894,8,19,27
1894,13,11,24
1894,2,11,13
1894,9,10,19
1894,8,16,24
1894,4,1,5
1894,5,13,18
1894,18,10,28
1894,14,11,25
1894,3,10,13
1894,12,10,22
1894,7,11,18
1894,2,11,13
1894,6,10,16
1894,5,4,9
1894,7,3,10
1894,9,12,21
1894,6,12,18
1894,2,1,3
1894,9,6,15
1894,4,1,5
1894,20,1,21
1894,11,10,21
1894,9,11,20
1894,7,6,13
1894,7,10,17
1894,4,16,20
1894,3,2,5
1894,5,16,21
1894,5,12,17
1894,5,1,6
1894,5,13,18
1894,17,14,31
1894,6,5,11
1894,5,1,6
1894,5,22,27
1894,5,4,9
1894,7,13,20
1894,1,0,1
1894,8,2,10
1894,9,5,14
1894,6,5,11
1894,4,3,7
1894,4,14,18
1894,7,6,13
1894,6,15,21
1894,3,1,4
1894,6,4,10
1894,3,13,16
1894,3,17,20
1894,6,2,8
1894,7,6,13
1894,4,29,33
1894,9,8,17
1894,2,17,19
1894,4,0,4
1894,6,19,25
1894,6,4,10
1894,5,5,10
1894,6,11,17
1894,6,4,10
1894,7,5,12
1894,4,20,24
1894,3,11,14
1894,16,1,17
1894,8,7,15
1894,17,11,28
1894,20,11,31
1894,3,18,21
1894,8,25,33
1894,13,11,24
1894,6,12,18
1894,9,15,24
1894,8,7,15
1894,8,5,13
1894,3,2,5
1894,6,10,16
1894,2,13,15
1894,12,10,22
1894,8,4,12
1894,9,4,13
1894,3,14,17
1894,5,2,7
1894,9,15,24
1894,8,10,18
1894,4,14,18
1894,4,20,24
1894,7,14,21
1894,5,10,15
1894,4,3,7
1894,5,3,8
1894,8,3,11
1894,6,18,24
1894,5,1,6
1894,6,13,19
1894,9,4,13
1894,3,12,15
1894,9,19,28
1894,9,5,14
1894,8,2,10
1894,8,2,10
1894,9,5,14
1894,5,1,6
1894,6,16,22
1894,9,7,16
1894,8,6,14
1894,7,11,18
1894,4,14,18
1894,6,4,10
1894,6,13,19
1894,9,5,14
1894,9,8,17
1894,19,11,30
1894,9,1,10
1894,7,3,10
1894,4,13,17
1894,15,11,26
1894,8,6,14
1894,5,1,6
1894,5,1,6
1894,8,10,18
1894,5,11,16
1894,5,2,7
1894,6,5,11
1894,7,20,27
1894,7,17,24
1894,8,6,14
1894,8,6,14
1894,8,6,14
1894,9,19,28
1894,4,11,15
1894,6,15,21
1894,2,13,15
1894,3,16,19
1894,6,4,10
1894,9,3,12
1894,5,4,9
1894,4,11,15
1894,2,16,18
1894,6,4,10
1894,8,1,9
1894,6,4,10
1894,22,1,23
1894,9,3,12
1894,8,0,8
1894,20,11,31
1894,14,13,27
1894,6,2,8
1894,7,10,17
1894,3,12,15
1894,2,1,3
1894,7,6,13
1894,4,0,4
1894,6,15,21
1894,7,4,11
1894,6,14,20
1894,2,13,15
1894,15,10,25
1894,6,5,11
1894,7,14,21
1894,2,16,18
1894,2,12,14
1894,3,1,4
1894,9,14,23
1894,6,3,9
1894,7,13,20
1894,6,1,7
1894,9,5,14
1894,4,1,5
1894,7,6,13
1894,9,4,13
1894,7,5,12
1894,7,11,18
1894,8,25,33
1894,4,13,17
1894,6,15,21
1894,2,17,19
1894,3,13,16
1894,9,1,10
1894,9,7,16
1894,9,8,17
1894,8,12,20
1894,2,16,18
1894,9,8,17
1894,5,3,8
1894,9,6,15
1894,8,3,11
1894,4,11,15
1894,5,2,7
1894,6,11,17
1894,7,3,10
1894,1,0,1
1894,3,10,13
1894,7,2,9
1894,6,11,17
1894,7,2,9
1894,5,13,18
1894,2,14,16
1894,4,3,7
1894,7,6,13
1894,5,2,7
1894,6,12,18
1894,7,6,13
1894,2,10,12
1894,4,1,5
1894,6,5,11
1894,4,3,7
1894,9,6,15
1894,4,10,14
1894,9,3,12
1894,7,1,8
1894,9,4,13
1894,8,15,23
1894,5,4,9
1894,4,3,7
1894,12,11,23
1894,8,3,11
1894,5,4,9
1894,4,20,24
1894,8,14,22
1894,4,3,7
1894,3,10,13
1894,5,11,16
1894,4,3,7
1894,6,13,19
1894,4,4,8
1894,8,4,12
1894,9,6,15
1894,6,11,17
1894,6,5,11
1894,3,2,5
1894,6,4,10
1894,6,2,8
1894,4,1,5
1894,9,1,10
1894,6,5,11
1894,5,11,16
1894,9,10,19
1894,3,2,5
1894,4,10,14
1894,5,17,22
1894,7,4,11
1894,7,12,19
1894,8,7,15
1894,4,10,14
1894,21,1,22
1894,9,7,16
1894,5,1,6
1894,9,14,23
1894,3,15,18
1894,7,10,17
1894,7,14,21
1894,7,6,13
1894,9,5,14
1894,9,8,17
1894,6,12,18
1894,4,11,15
1894,4,26,30
1894,8,1,9
1894,9,8,17
1894,8,6,14
1894,9,15,24
1894,5,4,9
1894,7,6,13
1894,3,11,14
1894,4,11,15
1894,6,5,11
1894,6,4,10
1894,9,20,29
1894,16,16,32
1894,8,10,18
1894,4,12,16
1894,2,14,16
1894,4,10,14
1895,7,6,13
1895,8,10,18
1895,2,11,13
1895,7,4,11
1895,7,10,17
1895,6,11,17
1895,9,1,10
1895,4,23,27
1895,8,14,22
1895,9,16,25
1895,5,10,15
1895,5,11,16
1895,4,12,16
1895,3,12,15
1895,8,7,15
1895,16,10,26
1895,6,3,9
1895,18,14,32
1895,7,10,17
1895,13,11,24
1895,4,1,5
1895,3,1,4
1895,8,5,13
1895,8,1,9
1895,5,3,8
1895,3,12,15
1895,5,4,9
1895,6,14,20
1895,7,4,11
1895,4,15,19
1895,3,2,5
1895,4,2,6
1895,15,10,25
1895,6,12,18
1895,3,14,17
1895,6,0,6
1895,8,15,23
1895,6,5,11
1895,4,3,7
1895,5,4,9
1895,6,10,16
1895,7,1,8
1895,3,0,3
1895,8,19,27
1895,9,5,14
1895,7,6,13
1895,7,6,13
1895,9,4,13
1895,4,1,5
1895,8,6,14
1895,9,7,16
1895,5,4,9
1895,9,4,13
1895,9,4,13
1895,9,8,17
1895,27,11,38
1895,8,5,13
1895,11,0,11
1895,5,2,7
1895,7,4,11
1895,6,5,11
1895,9,10,19
1895,3,2,5
1895,3,2,5
1895,4,11,15
1895,4,0,4
1895,4,3,7
1895,12,1,13
1895,8,6,14
1895,9,10,19
1895,7,6,13
1895,9,5,14
1895,6,10,16
1895,8,4,12
1895,3,10,13
1895,6,2,8
1895,9,6,15
1895,9,4,13
1895,7,11,18
1895,7,4,11
1895,8,14,22
1895,7,3,10
1895,7,5,12
1895,9,2,11
1895,4,3,7
1895,14,1,15
1895,6,5,11
1895,8,4,12
1895,6,5,11
1895,4,14,18
1895,8,3,11
1895,11,1,12
1895,4,4,8
1895,12,0,12
1895,8,5,13
1895,8,6,14
1895,6,10,16
1895,9,4,13
1895,8,4,12
1895,13,12,25
1895,14,1,15
1895,5,2,7
1895,6,4,10
1895,6,4,10
1895,9,1,10
1895,3,2,5
1895,8,4,12
1895,5,1,6
1895,9,5,14
1895,9,6,15
1895,6,1,7
1895,3,10,13
1895,5,2,7
1895,6,15,21
1895,8,7,15
1895,4,14,18
1895,8,18,26
1895,8,6,14
1895,9,4,13
1895,9,7,16
1895,1,0,1
1895,7,4,11
1895,9,7,16
1895,9,14,23
1895,4,3,7
1895,8,4,12
1895,4,1,5
1895,6,24,30
1895,6,5,11
1895,2,15,17
1895,7,10,17
1895,7,12,19
1895,8,7,15
1895,7,10,17
1895,14,1,15
1895,7,14,21
1895,8,21,29
1895,8,0,8
1895,6,15,21
1895,4,11,15
1895,7,14,21
1895,4,3,7
1895,8,6,14
1895,8,13,21
1895,5,10,15
1895,5,4,9
1895,14,13,27
1895,14,11,25
1895,5,4,9
1895,8,4,12
1895,7,3,10
1895,8,4,12
1895,8,11,19
1895,9,7,16
1895,1,0,1
1895,5,1,6
1895,12,11,23
1895,7,4,11
1895,11,0,11
1895,7,23,30
1895,5,12,17
1895,2,15,17
1895,12,11,23
1895,7,6,13
1895,8,2,10
1895,4,14,18
1895,11,10,21
1895,8,6,14
1895,18,11,29
1895,8,4,12
1895,10,1,11
1895,7,1,8
1895,6,5,11
1895,3,12,15
1895,7,6,13
1895,3,2,5
1895,9,1,10
1895,9,8,17
1895,15,10,25
1895,3,19,22
1895,6,16,22
1895,4,11,15
1895,5,10,15
1895,6,1,7
1895,4,12,16
1895,9,5,14
1895,23,2,25
1895,6,4,10
1895,4,21,25
1895,9,8,17
1895,5,2,7
1895,3,0,3
1895,8,7,15
1895,7,4,11
1895,6,10,16
1895,9,6,15
1895,5,12,17
1895,9,4,13
1895,7,6,13
1895,3,18,21
1895,6,2,8
1895,6,4,10
1895,4,2,6
1895,7,3,10
1895,2,13,15
1895,13,10,23
1895,12,11,23
1895,7,5,12
1895,2,0,2
1895,9,8,17
1895,7,3,10
1895,8,10,18
1895,9,10,19
1895,3,1,4
1895,9,3,12
1895,9,5,14
1895,8,5,13
1895,7,1,8
1895,9,6,15
1895,3,17,20
1895,7,4,11
1895,8,7,15
1895,6,14,20
1895,4,13,17
1895,4,0,4
1895,9,5,14
1895,5,4,9
1895,7,0,7
1895,3,2,5
1895,6,4,10
1895,6,2,8
1895,11,0,11
1895,6,2,8
1895,7,6,13
1895,15,10,25
1895,5,1,6
1895,8,13,21
1895,5,2,7
1895,8,3,11
1895,4,2,6
1895,3,20,23
1895,5,4,9
1895,3,2,5
1895,11,0,11
1895,7,12,19
1895,7,4,11
1895,1,0,1
1895,6,17,23
1895,6,14,20
1895,6,3,9
1895,5,0,5
1895,8,10,18
1895,6,5,11
1895,2,16,18
1895,6,16,22
1895,9,3,12
1895,5,12,17
1895,4,2,6
1895,9,10,19
1895,9,7,16
1895,7,6,13
1895,5,2,7
1895,7,10,17
1895,5,3,8
1895,6,5,11
1895,7,3,10
1895,3,10,13
1895,6,3,9
1895,6,4,10
1895,5,10,15
1895,4,2,6
1895,5,11,16
1895,5,1,6
1895,8,5,13
1895,6,15,21
1895,5,4,9
1895,9,17,26
1895,4,2,6
1895,7,5,12
1895,4,10,14
1895,8,3,11
1895,7,3,10
1895,7,5,12
1895,4,11,15
1895,9,12,21
1895,5,3,8
1895,8,2,10
1895,5,2,7
1895,8,6,14
1895,4,13,17
1895,9,3,12
1895,6,3,9
1895,9,5,14
1895,8,6,14
1895,7,5,12
1895,7,2,9
1895,3,2,5
1895,5,2,7
1895,8,10,18
1895,6,10,16
1895,8,5,13
1895,8,7,15
1895,5,2,7
1895,1,0,1
1895,5,15,20
1895,6,2,8
1895,5,12,17
1895,4,3,7
1895,4,2,6
1895,9,4,13
1895,7,4,11
1895,2,1,3
1895,8,6,14
1895,2,1,3
1895,5,4,9
1895,4,1,5
1895,2,2,4
1895,9,8,17
1895,7,3,10
1895,6,13,19
1895,3,15,18
1895,7,1,8
1895,4,1,5
1895,7,1,8
1895,5,17,22
1895,9,4,13
1895,5,11,16
1895,5,3,8
1895,3,13,16
1895,8,15,23
1895,12,11,23
1895,9,15,24
1895,12,1,13
1895,6,5,11
1895,12,11,23
1895,6,3,9
1895,5,4,9
1895,6,15,21
1895,5,4,9
1895,11,10,21
1895,7,1,8
1895,8,7,15
1895,9,5,14
1895,6,4,10
1895,4,3,7
1895,6,2,8
1895,5,10,15
1895,6,12,18
1895,3,1,4
1895,5,14,19
1895,7,10,17
1895,6,5,11
1895,8,0,8
1895,16,15,31
1895,5,3,8
1895,5,2,7
1895,9,2,11
1895,6,3,9
1895,5,4,9
1895,7,11,18
1895,4,3,7
1895,6,2,8
1895,4,3,7
1895,1,0,1
1895,6,5,11
1895,6,14,20
1895,9,3,12
1895,3,2,5
1895,4,3,7
1895,5,4,9
1895,2,0,2
1895,8,1,9
1895,4,1,5
1895,3,13,16
1895,9,15,24
1895,2,2,4
1895,5,4,9
1895,9,1,10
1895,4,1,5
1895,6,1,7
1895,8,4,12
1895,5,3,8
1895,3,2,5
1895,2,15,17
1895,4,1,5
1895,9,4,13
1895,9,2,11
1895,6,3,9
1895,3,16,19
1895,5,4,9
1895,8,16,24
1895,9,12,21
1895,5,0,5
1895,7,13,20
1895,4,11,15
1895,9,2,11
1895,6,3,9
1895,1,0,1
1895,5,2,7
1895,9,4,13
1895,7,12,19
1895,12,1,13
1895,6,1,7
1895,9,13,22
1895,6,3,9
1895,3,2,5
1895,2,1,3
1895,2,10,12
1895,4,12,16
1895,6,10,16
1895,6,23,29
1895,5,3,8
1895,2,1,3
1895,6,4,10
1895,8,10,18
1895,7,3,10
1895,9,5,14
1895,4,13,17
1895,15,12,27
1895,5,11,16
1895,2,1,3
1895,7,5,12
1895,5,1,6
1895,6,12,18
1895,6,2,8
1895,4,2,6
1895,6,10,16
1895,5,3,8
1895,8,16,24
1895,9,3,12
1895,9,12,21
1895,8,6,14
1895,6,18,24
1895,12,0,12
1895,9,8,17
1895,2,13,15
1895,9,6,15
1895,7,3,10
1895,9,8,17
1895,6,3,9
1895,5,4,9
1895,8,10,18
1895,9,7,16
1895,8,12,20
1895,9,5,14
1895,5,4,9
1895,8,5,13
1895,3,19,22
1895,6,4,10
1895,3,12,15
1895,2,10,12
1895,3,20,23
1895,6,5,11
1895,11,1,12
1895,9,4,13
1895,7,10,17
1895,4,12,16
1895,8,2,10
1895,6,22,28
1895,6,2,8
1895,6,5,11
1895,9,13,22
1895,4,3,7
1895,4,2,6
1895,1,0,1
1895,12,10,22
1895,7,5,12
1895,2,18,20
1895,5,10,15
1895,3,2,5
1895,5,17,22
1895,7,1,8
1895,7,15,22
1895,7,6,13
1895,6,11,17
1895,5,4,9
1895,5,15,20
1895,5,2,7
1895,8,10,18
1895,2,0,2
1895,9,6,15
1895,8,10,18
1895,7,6,13
1895,9,8,17
1895,6,11,17
1895,5,10,15
1895,4,13,17
1895,1,0,1
1895,3,13,16
1895,9,6,15
1895,6,0,6
1895,7,0,7
1895,5,4,9
1895,3,2,5
1895,4,3,7
1895,7,3,10
1895,9,2,11
1895,6,13,19
1895,7,4,11
1895,5,12,17
1895,8,7,15
1895,8,6,14
1895,9,0,9
1895,6,10,16
1895,2,11,13
1895,6,5,11
1895,3,18,21
1895,5,3,8
1895,9,3,12
1895,7,6,13
1895,18,1,19
1895,6,2,8
1895,5,10,15
1895,9,11,20
1895,2,10,12
1895,11,0,11
1895,6,2,8
1895,9,6,15
1895,8,15,23
1895,8,2,10
1895,4,1,5
1895,4,3,7
1895,6,18,24
1895,4,1,5
1895,8,5,13
1895,6,2,8
1895,6,13,19
1895,3,2,5
1895,4,1,5
1895,3,1,4
1895,7,7,14
1895,3,2,5
1895,3,2,5
1895,4,3,7
1895,6,5,11
1895,4,10,14
1895,5,4,9
1895,8,3,11
1895,4,13,17
1895,4,2,6
1895,12,11,23
1895,5,2,7
1895,8,14,22
1895,9,2,11
1895,9,5,14
1895,2,1,3
1895,7,13,20
1895,9,13,22
1895,11,10,21
1895,6,2,8
1895,8,7,15
1895,4,3,7
1895,9,23,32
1895,6,4,10
1895,10,1,11
1895,5,2,7
1895,5,2,7
1895,9,7,16
1895,8,5,13
1895,8,12,20
1895,7,2,9
1895,6,0,6
1895,7,2,9
1895,7,17,24
1895,8,12,20
1895,3,15,18
1895,6,5,11
1895,7,3,10
1895,9,2,11
1895,9,3,12
1895,6,0,6
1895,7,5,12
1895,6,2,8
1895,3,2,5
1895,9,8,17
1895,8,7,15
1895,4,2,6
1895,9,3,12
1895,7,4,11
1895,2,15,17
1895,15,12,27
1895,5,1,6
1895,6,5,11
1895,8,4,12
1895,9,8,17
1895,6,0,6
1895,9,5,14
1895,8,6,14
1895,4,3,7
1895,4,1,5
1895,8,6,14
1895,4,11,15
1895,7,6,13
1895,7,4,11
1895,5,4,9
1895,3,12,15
1895,5,22,27
1895,4,18,22
1895,8,10,18
1895,8,4,12
1895,8,14,22
1895,9,8,17
1895,9,12,21
1895,7,2,9
1895,3,2,5
1895,9,5,14
1895,6,1,7
1895,9,9,18
1895,10,0,10
1895,5,12,17
1895,8,13,21
1895,8,7,15
1895,7,6,13
1895,5,4,9
1895,6,6,12
1895,5,11,16
1895,5,13,18
1895,5,10,15
1895,8,1,9
1895,5,3,8
1895,5,5,10
1895,6,11,17
1895,8,4,12
1895,14,1,15
1895,5,2,7
1895,9,9,18
1895,8,1,9
1895,10,0,10
1895,6,5,11
1895,8,4,12
1895,4,11,15
1895,8,6,14
1895,6,5,11
1895,5,4,9
1895,7,15,22
1895,6,12,18
1895,9,10,19
1895,8,4,12
1895,9,7,16
1895,6,0,6
1895,3,1,4
1895,3,11,14
1895,6,15,21
1895,4,3,7
1895,7,3,10
1895,4,3,7
1895,5,3,8
1895,7,13,20
1895,6,12,18
1895,9,7,16
1895,8,3,11
1895,7,16,23
1895,6,3,9
1895,5,10,15
1895,9,17,26
1895,5,2,7
1895,7,3,10
1895,5,15,20
1895,5,15,20
1895,6,3,9
1895,6,4,10
1895,2,10,12
1895,5,11,16
1895,7,2,9
1895,11,1,12
1895,7,1,8
1895,14,1,15
1895,6,12,18
1895,4,11,15
1895,6,12,18
1895,2,1,3
1895,9,5,14
1895,7,6,13
1895,9,8,17
1895,4,3,7
1895,8,7,15
1895,4,3,7
1895,9,2,11
1895,5,13,18
1895,5,2,7
1895,5,4,9
1895,4,1,5
1895,5,3,8
1895,6,0,6
1895,4,1,5
1895,4,13,17
1895,9,8,17
1895,9,1,10
1895,5,2,7
1895,2,1,3
1895,8,4,12
1895,2,13,15
1895,8,6,14
1895,5,11,16
1895,3,2,5
1895,9,5,14
1895,6,2,8
1895,4,10,14
1895,5,18,23
1895,2,2,4
1895,7,1,8
1895,3,3,6
1895,5,17,22
1895,8,3,11
1895,11,10,21
1895,3,15,18
1895,9,18,27
1895,4,3,7
1895,7,18,25
1895,4,3,7
1895,8,3,11
1895,5,14,19
1895,4,15,19
1895,8,12,20
1895,9,21,30
1895,7,0,7
1895,7,0,7
1895,6,6,12
1895,5,11,16
1895,5,4,9
1895,9,19,28
1895,8,5,13
1895,7,4,11
1895,7,0,7
1895,9,5,14
1895,16,12,28
1895,3,11,14
1895,6,5,11
1895,5,3,8
1895,7,0,7
1895,5,0,5
1895,8,7,15
1895,7,10,17
1895,7,1,8
1895,5,12,17
1895,8,0,8
1895,9,10,19
1895,4,2,6
1895,9,2,11
1895,6,5,11
1895,5,3,8
1895,5,14,19
1895,5,13,18
1895,8,3,11
1895,9,8,17
1895,6,5,11
1895,5,3,8
1895,9,6,15
1895,6,3,9
1895,6,15,21
1895,4,0,4
1895,4,0,4
1895,13,12,25
1895,8,19,27
1895,3,17,20
1895,15,10,25
1895,6,2,8
1895,5,1,6
1895,8,5,13
1895,4,12,16
1895,9,7,16
1895,4,11,15
1895,6,15,21
1895,9,7,16
1895,7,7,14
1895,2,11,13
1895,7,5,12
1895,11,1,12
1895,6,5,11
1895,7,1,8
1895,4,2,6
1895,4,11,15
1895,8,15,23
1895,5,4,9
1895,7,6,13
1895,10,1,11
1895,12,1,13
1895,4,11,15
1895,6,11,17
1895,7,6,13
1895,7,2,9
1895,14,14,28
1895,7,3,10
1895,2,14,16
1895,5,4,9
1895,9,8,17
1895,5,2,7
1895,6,3,9
1895,6,3,9
1895,2,18,20
1895,8,5,13
1895,9,1,10
1895,8,13,21
1895,8,3,11
1895,9,10,19
1895,7,15,22
1895,8,10,18
1896,6,5,11
1896,9,1,10
1896,4,2,6
1896,7,3,10
1896,5,2,7
1896,6,3,9
1896,8,6,14
1896,7,10,17
1896,3,14,17
1896,7,3,10
1896,5,3,8
1896,6,14,20
1896,6,2,8
1896,9,11,20
1896,5,3,8
1896,11,1,12
1896,4,11,15
1896,7,6,13
1896,3,12,15
1896,2,10,12
1896,6,21,27
1896,2,14,16
1896,11,10,21
1896,3,1,4
1896,4,3,7
1896,7,3,10
1896,12,10,22
1896,9,1,10
1896,7,4,11
1896,3,14,17
1896,8,3,11
1896,9,4,13
1896,8,12,20
1896,7,0,7
1896,8,19,27
1896,4,3,7
1896,3,1,4
1896,8,5,13
1896,8,4,12
1896,2,10,12
1896,5,3,8
1896,7,4,11
1896,9,3,12
1896,6,3,9
1896,8,3,11
1896,3,11,14
1896,6,3,9
1896,9,3,12
1896,7,4,11
1896,6,4,10
1896,8,2,10
1896,4,1,5
1896,9,5,14
1896,6,3,9
1896,5,12,17
1896,2,0,2
1896,6,4,10
1896,6,12,18
1896,9,2,11
1896,7,2,9
1896,5,4,9
1896,8,3,11
1896,9,5,14
1896,11,10,21
1896,4,3,7
1896,9,10,19
1896,8,15,23
1896,2,1,3
1896,14,0,14
1896,15,10,25
1896,7,16,23
1896,5,3,8
1896,2,1,3
1896,8,2,10
1896,5,13,18
1896,7,12,19
1896,5,4,9
1896,4,3,7
1896,7,6,13
1896,8,3,11
1896,5,3,8
1896,15,11,26
1896,8,0,8
1896,9,5,14
1896,3,11,14
1896,6,0,6
1896,7,13,20
1896,9,3,12
1896,2,12,14
1896,6,5,11
1896,5,14,19
1896,6,1,7
1896,4,10,14
1896,6,17,23
1896,2,12,14
1896,5,3,8
1896,5,3,8
1896,9,5,14
1896,3,11,14
1896,7,0,7
1896,5,16,21
1896,5,2,7
1896,11,10,21
1896,6,5,11
1896,8,19,27
1896,5,17,22
1896,9,14,23
1896,3,15,18
1896,18,11,29
1896,3,1,4
1896,9,6,15
1896,4,3,7
1896,2,10,12
1896,2,10,12
1896,4,2,6
1896,4,2,6
1896,5,2,7
1896,6,4,10
1896,8,10,18
1896,9,8,17
1896,8,7,15
1896,3,10,13
1896,4,10,14
1896,4,14,18
1896,5,4,9
1896,5,5,10
1896,2,13,15
1896,7,10,17
1896,5,11,16
1896,4,20,24
1896,9,8,17
1896,8,7,15
1896,4,10,14
1896,9,3,12
1896,8,6,14
1896,5,2,7
1896,8,7,15
1896,2,1,3
1896,8,2,10
1896,6,4,10
1896,7,1,8
1896,13,1,14
1896,16,10,26
1896,6,13,19
1896,3,15,18
1896,9,5,14
1896,4,3,7
1896,5,3,8
1896,3,2,5
1896,7,0,7
1896,8,2,10
1896,6,5,11
1896,4,19,23
1896,4,0,4
1896,7,12,19
1896,6,25,31
1896,5,1,6
1896,6,12,18
1896,4,2,6
1896,4,1,5
1896,1,0,1
1896,6,5,11
1896,4,1,5
1896,8,10,18
1896,6,5,11
1896,6,10,16
1896,6,3,9
1896,9,11,20
1896,4,2,6
1896,5,13,18
1896,4,13,17
1896,7,15,22
1896,6,3,9
1896,4,3,7
1896,6,0,6
1896,3,2,5
1896,5,3,8
1896,6,3,9
1896,3,13,16
1896,4,3,7
1896,5,4,9
1896,8,1,9
1896,5,18,23
1896,9,0,9
1896,8,7,15
1896,15,14,29
1896,5,11,16
1896,8,5,13
1896,6,10,16
1896,6,3,9
1896,8,10,18
1896,4,1,5
1896,9,10,19
1896,7,7,14
1896,9,7,16
1896,6,10,16
1896,6,11,17
1896,6,5,11
1896,9,6,15
1896,4,2,6
1896,9,1,10
1896,6,2,8
1896,7,14,21
1896,4,14,18
1896,5,3,8
1896,4,19,23
1896,7,1,8
1896,17,13,30
1896,8,1,9
1896,9,6,15
1896,2,15,17
1896,14,11,25
1896,3,10,13
1896,8,4,12
1896,5,3,8
1896,3,10,13
1896,2,1,3
1896,2,10,12
1896,8,5,13
1896,3,14,17
1896,6,4,10
1896,5,4,9
1896,6,2,8
1896,5,14,19
1896,8,14,22
1896,7,3,10
1896,3,3,6
1896,7,1,8
1896,6,0,6
1896,8,3,11
1896,3,13,16
1896,7,6,13
1896,6,10,16
1896,4,10,14
1896,10,1,11
1896,6,10,16
1896,7,3,10
1896,9,8,17
1896,7,14,21
1896,6,11,17
1896,13,0,13
1896,4,1,5
1896,6,4,10
1896,5,2,7
1896,8,10,18
1896,9,0,9
1896,6,3,9
1896,8,7,15
1896,12,1,13
1896,5,1,6
1896,5,0,5
1896,7,4,11
1896,9,1,10
1896,9,0,9
1896,4,1,5
1896,6,10,16
1896,5,2,7
1896,14,13,27
1896,5,3,8
1896,6,1,7
1896,9,1,10
1896,7,12,19
1896,9,10,19
1896,6,11,17
1896,9,1,10
1896,4,3,7
1896,3,15,18
1896,6,3,9
1896,9,8,17
1896,6,19,25
1896,4,17,21
1896,6,5,11
1896,6,1,7
1896,8,10,18
1896,3,1,4
1896,4,2,6
1896,7,1,8
1896,5,11,16
1896,6,3,9
1896,4,0,4
1896,5,14,19
1896,3,2,5
1896,11,1,12
1896,6,4,10
1896,6,1,7
1896,7,14,21
1896,4,2,6
1896,7,3,10
1896,8,1,9
1896,4,3,7
1896,5,3,8
1896,8,5,13
1896,9,4,13
1896,8,4,12
1896,8,3,11
1896,3,2,5
1896,6,0,6
1896,3,12,15
1896,6,3,9
1896,6,12,18
1896,7,13,20
1896,8,12,20
1896,7,4,11
1896,5,2,7
1896,5,10,15
1896,4,3,7
1896,3,1,4
1896,4,2,6
1896,5,1,6
1896,3,14,17
1896,9,3,12
1896,7,5,12
1896,6,5,11
1896,6,5,11
1896,8,2,10
1896,8,7,15
1896,4,2,6
1896,5,10,15
1896,4,3,7
1896,6,5,11
1896,17,10,27
1896,8,3,11
1896,5,3,8
1896,3,1,4
1896,9,4,13
1896,5,12,17
1896,4,4,8
1896,4,16,20
1896,9,3,12
1896,7,11,18
1896,4,10,14
1896,9,8,17
1896,5,2,7
1896,6,5,11
1896,4,3,7
1896,12,1,13
1896,3,16,19
1896,6,13,19
1896,9,6,15
1896,8,20,28
1896,5,2,7
1896,8,4,12
1896,5,4,9
1896,5,4,9
1896,5,17,22
1896,9,2,11
1896,5,2,7
1896,8,3,11
1896,6,2,8
1896,5,2,7
1896,7,19,26
1896,7,2,9
1896,3,10,13
1896,4,3,7
1896,8,7,15
1896,7,5,12
1896,4,2,6
1896,8,7,15
1896,5,14,19
1896,6,0,6
1896,5,13,18
1896,6,3,9
1896,3,2,5
1896,7,2,9
1896,8,5,13
1896,6,11,17
1896,8,3,11
1896,5,4,9
1896,11,10,21
1896,7,2,9
1896,8,13,21
1896,15,14,29
1896,3,1,4
1896,4,3,7
1896,7,6,13
1896,7,0,7
1896,14,13,27
1896,6,10,16
1896,3,1,4
1896,5,2,7
1896,6,6,12
1896,6,2,8
1896,13,11,24
1896,4,14,18
1896,6,5,11
1896,7,10,17
1896,7,12,19
1896,5,1,6
1896,15,13,28
1896,3,2,5
1896,6,11,17
1896,2,10,12
1896,19,0,19
1896,8,3,11
1896,9,1,10
1896,7,0,7
1896,3,10,13
1896,7,5,12
1896,9,7,16
1896,5,11,16
1896,9,6,15
1896,4,12,16
1896,12,0,12
1896,9,6,15
1896,8,10,18
1896,4,2,6
1896,6,11,17
1896,12,11,23
1896,3,2,5
1896,9,5,14
1896,10,1,11
1896,9,1,10
1896,5,1,6
1896,5,12,17
1896,7,12,19
1896,5,2,7
1896,9,5,14
1896,7,2,9
1896,14,1,15
1896,9,8,17
1896,7,5,12
1896,5,2,7
1896,5,12,17
1896,8,6,14
1896,5,4,9
1896,9,8,17
1896,5,4,9
1896,7,1,8
1896,11,1,12
1896,7,0,7
1896,8,1,9
1896,6,10,16
1896,6,4,10
1896,2,1,3
1896,8,17,25
1896,5,0,5
1896,7,1,8
1896,7,12,19
1896,5,3,8
1896,7,1,8
1896,7,12,19
1896,7,16,23
1896,8,7,15
1896,3,10,13
1896,7,3,10
1896,4,3,7
1896,8,5,13
1896,8,4,12
1896,4,3,7
1896,5,2,7
1896,6,14,20
1896,4,3,7
1896,7,0,7
1896,6,2,8
1896,3,10,13
1896,7,3,10
1896,4,0,4
1896,4,2,6
1896,2,0,2
1896,7,0,7
1896,6,0,6
1896,4,0,4
1896,9,10,19
1896,9,8,17
1896,5,12,17
1896,8,11,19
1896,2,1,3
1896,8,7,15
1896,2,0,2
1896,7,4,11
1896,5,4,9
1896,6,3,9
1896,9,2,11
1896,8,7,15
1896,8,13,21
1896,7,6,13
1896,5,10,15
1896,3,2,5
1896,9,10,19
1896,5,10,15
1896,7,6,13
1896,7,10,17
1896,7,2,9
1896,3,2,5
1896,4,1,5
1896,10,1,11
1896,8,6,14
1896,9,6,15
1896,9,3,12
1896,3,2,5
1896,6,3,9
1896,7,3,10
1896,3,2,5
1896,2,1,3
1896,9,8,17
1896,6,10,16
1896,5,20,25
1896,5,0,5
1896,7,6,13
1896,9,5,14
1896,6,1,7
1896,9,15,24
1896,5,4,9
1896,4,4,8
1896,5,10,15
1896,8,4,12
1896,9,11,20
1896,4,3,7
1896,13,1,14
1896,9,7,16
1896,9,5,14
1896,5,4,9
1896,7,0,7
1896,3,1,4
1896,3,1,4
1896,8,3,11
1896,5,2,7
1896,9,3,12
1896,2,1,3
1896,2,1,3
1896,6,10,16
1896,4,3,7
1896,11,10,21
1896,7,0,7
1896,6,4,10
1896,9,5,14
1896,6,5,11
1896,4,10,14
1896,8,3,11
1896,5,4,9
1896,9,13,22
1896,9,6,15
1896,11,10,21
1896,1,0,1
1896,5,3,8
1896,4,2,6
1896,16,1,17
1896,4,3,7
1896,3,3,6
1896,4,3,7
1896,5,2,7
1896,7,3,10
1896,5,1,6
1896,6,2,8
1896,21,16,37
1896,8,6,14
1896,5,4,9
1896,4,11,15
1896,7,2,9
1896,6,10,16
1896,8,3,11
1896,3,17,20
1896,6,0,6
1896,6,6,12
1896,8,2,10
1896,9,1,10
1896,3,0,3
1896,8,6,14
1896,6,4,10
1896,3,3,6
1896,4,3,7
1896,4,3,7
1896,9,0,9
1896,3,1,4
1896,5,2,7
1896,3,19,22
1896,7,10,17
1896,7,0,7
1896,7,5,12
1896,4,0,4
1896,5,4,9
1896,14,0,14
1896,6,4,10
1896,8,3,11
1896,7,3,10
1896,4,2,6
1896,9,6,15
1896,9,5,14
1896,4,2,6
1896,6,0,6
1896,5,10,15
1896,5,2,7
1896,5,4,9
1896,9,15,24
1896,3,2,5
1896,16,15,31
1896,6,2,8
1896,6,3,9
1896,5,1,6
1896,9,2,11
1896,9,7,16
1896,7,10,17
1896,9,7,16
1896,8,5,13
1896,15,0,15
1896,6,13,19
1896,7,2,9
1896,5,3,8
1896,8,1,9
1896,8,11,19
1896,8,6,14
1896,9,5,14
1896,6,2,8
1896,4,3,7
1896,2,0,2
1896,7,0,7
1896,2,2,4
1896,9,10,19
1896,8,6,14
1896,3,13,16
1896,2,1,3
1896,3,10,13
1896,7,11,18
1896,8,4,12
1896,6,3,9
1896,9,1,10
1896,5,10,15
1896,9,2,11
1896,1,0,1
1896,4,3,7
1896,8,0,8
1896,4,4,8
1896,2,12,14
1896,4,4,8
1896,4,1,5
1896,7,11,18
1896,6,4,10
1896,8,6,14
1896,9,4,13
1896,8,7,15
1896,4,3,7
1896,3,1,4
1896,3,14,17
1896,9,2,11
1896,2,10,12
1896,7,11,18
1896,4,11,15
1896,10,1,11
1896,4,3,7
1896,9,3,12
1896,2,10,12
1896,7,6,13
1896,7,3,10
1896,7,3,10
1896,6,10,16
1896,9,4,13
1896,7,5,12
1896,8,6,14
1896,8,3,11
1896,6,4,10
1896,5,2,7
1896,6,10,16
1896,5,11,16
1896,5,11,16
1896,7,1,8
1896,16,0,16
1896,3,1,4
1896,4,1,5
1896,5,4,9
1896,9,13,22
1896,7,12,19
1896,6,4,10
1896,1,0,1
1896,7,6,13
1896,6,3,9
1896,8,1,9
1896,5,10,15
1896,7,5,12
1896,6,2,8
1896,3,2,5
1896,9,6,15
1896,7,6,13
1896,7,2,9
1896,4,2,6
1896,5,3,8
1896,3,18,21
1896,8,12,20
1896,4,0,4
1896,2,10,12
1896,8,6,14
1896,5,2,7
1896,7,28,35
1896,8,3,11
1896,5,10,15
1896,8,5,13
1896,9,4,13
1896,11,11,22
1896,7,3,10
1896,3,13,16
1896,5,15,20
1896,5,3,8
1896,3,17,20
1896,6,5,11
1896,5,3,8
1896,5,2,7
1896,7,5,12
1896,5,10,15
1896,4,3,7
1896,9,8,17
1896,12,1,13
1896,6,1,7
1896,3,1,4
1896,4,10,14
1896,3,2,5
1896,2,12,14
1896,2,1,3
1896,5,10,15
1896,6,2,8
1896,11,1,12
1896,9,10,19
1896,3,1,4
1896,8,6,14
1896,7,3,10
1896,8,3,11
1896,5,1,6
1896,8,17,25
1896,8,3,11
1896,7,6,13
1896,6,3,9
1896,12,11,23
1896,5,14,19
1896,5,2,7
1896,3,2,5
1896,3,12,15
1896,2,0,2
1896,6,4,10
1896,5,10,15
1896,3,2,5
1896,4,2,6
1896,6,5,11
1896,9,5,14
1896,3,2,5
1896,6,5,11
1896,9,8,17
1896,4,1,5
1896,6,12,18
1896,7,3,10
1896,9,1,10
1896,2,0,2
1896,10,1,11
1896,3,2,5
1896,7,0,7
1896,6,6,12
1896,14,12,26
1896,4,1,5
1896,8,6,14
1896,4,1,5
1896,6,2,8
1896,11,0,11
1896,4,0,4
1896,6,11,17
1896,2,0,2
1896,3,2,5
1896,3,10,13
1896,8,3,11
1896,8,4,12
1896,6,11,17
1896,7,2,9
1896,3,1,4
1896,21,2,23
1896,6,5,11
1896,8,1,9
1896,4,3,7
1896,3,2,5
1896,6,10,16
1896,5,3,8
1896,4,1,5
1896,2,1,3
1896,6,3,9
1896,8,4,12
1896,8,4,12
1896,6,1,7
1896,7,3,10
1896,7,1,8
1896,2,0,2
1896,17,16,33
1896,9,8,17
1896,7,13,20
1896,8,3,11
1896,4,12,16
1896,5,11,16
1896,5,12,17
1896,7,10,17
1896,3,10,13
1896,4,13,17
1896,6,5,11
1896,6,3,9
1896,3,2,5
1896,10,1,11
1896,13,10,23
1896,7,3,10
1896,9,1,10
1897,6,5,11
1897,5,10,15
1897,8,7,15
1897,3,1,4
1897,5,1,6
1897,4,1,5
1897,5,4,9
1897,7,5,12
1897,4,3,7
1897,7,12,19
1897,8,7,15
1897,7,1,8
1897,4,3,7
1897,9,4,13
1897,4,12,16
1897,5,1,6
1897,8,6,14
1897,4,3,7
1897,6,3,9
1897,3,3,6
1897,3,3,6
1897,8,8,16
1897,9,2,11
1897,8,12,20
1897,7,3,10
1897,8,6,14
1897,8,3,11
1897,8,10,18
1897,4,10,14
1897,6,13,19
1897,5,0,5
1897,2,1,3
1897,3,11,14
1897,6,5,11
1897,6,5,11
1897,6,3,9
1897,8,7,15
1897,5,4,9
1897,12,11,23
1897,6,6,12
1897,5,3,8
1897,5,3,8
1897,3,2,5
1897,5,2,7
1897,4,12,16
1897,3,3,6
1897,5,5,10
1897,3,2,5
1897,8,3,11
1897,3,1,4
1897,3,3,6
1897,6,2,8
1897,7,4,11
1897,2,1,3
1897,5,2,7
1897,5,2,7
1897,6,1,7
1897,5,3,8
1897,7,5,12
1897,9,7,16
1897,3,2,5
1897,8,10,18
1897,3,2,5
1897,5,1,6
1897,5,1,6
1897,9,9,18
1897,7,5,12
1897,3,1,4
1897,7,5,12
1897,4,0,4
1897,6,5,11
1897,7,11,18
1897,13,11,24
1897,7,6,13
1897,9,10,19
1897,7,6,13
1897,4,2,6
1897,9,5,14
1897,4,2,6
1897,9,1,10
1897,5,2,7
1897,4,2,6
1897,7,5,12
1897,3,2,5
1897,9,5,14
1897,4,2,6
1897,13,1,14
1897,5,13,18
1897,6,5,11
1897,7,0,7
1897,2,0,2
1897,6,3,9
1897,8,1,9
1897,5,3,8
1897,3,1,4
1897,3,2,5
1897,5,4,9
1897,5,4,9
1897,7,3,10
1897,4,1,5
1897,3,2,5
1897,7,4,11
1897,6,5,11
1897,7,1,8
1897,7,1,8
1897,7,11,18
1897,6,4,10
1897,9,7,16
1897,5,1,6
1897,7,6,13
1897,2,0,2
1897,3,20,23
1897,5,4,9
1897,7,6,13
1897,5,14,19
1897,10,1,11
1897,3,2,5
1897,8,7,15
1897,5,0,5
1897,3,2,5
1897,5,15,20
1897,5,11,16
1897,2,13,15
1897,6,5,11
1897,14,11,25
1897,5,11,16
1897,6,3,9
1897,7,6,13
1897,7,6,13
1897,8,5,13
1897,3,1,4
1897,5,11,16
1897,3,1,4
1897,16,14,30
1897,11,10,21
1897,13,12,25
1897,4,10,14
1897,4,11,15
1897,6,5,11
1897,8,6,14
1897,6,5,11
1897,11,1,12
1897,3,1,4
1897,12,10,22
1897,4,3,7
1897,2,11,13
1897,5,11,16
1897,2,1,3
1897,4,11,15
1897,16,12,28
1897,6,4,10
1897,6,14,20
1897,4,1,5
1897,6,4,10
1897,9,8,17
1897,5,3,8
1897,7,13,20
1897,8,0,8
1897,6,2,8
1897,9,10,19
1897,7,1,8
1897,6,2,8
1897,8,6,14
1897,6,2,8
1897,4,2,6
1897,5,4,9
1897,8,10,18
1897,6,3,9
1897,7,16,23
1897,8,7,15
1897,5,0,5
1897,5,3,8
1897,7,11,18
1897,8,2,10
1897,11,10,21
1897,2,1,3
1897,8,2,10
1897,5,2,7
1897,7,6,13
1897,8,5,13
1897,5,4,9
1897,9,7,16
1897,9,3,12
1897,8,7,15
1897,5,2,7
1897,5,25,30
1897,6,4,10
1897,6,6,12
1897,4,3,7
1897,4,3,7
1897,2,10,12
1897,4,2,6
1897,14,0,14
1897,7,2,9
1897,6,14,20
1897,3,12,15
1897,7,4,11
1897,7,2,9
1897,4,10,14
1897,10,1,11
1897,3,21,24
1897,7,4,11
1897,5,2,7
1897,6,5,11
1897,1,0,1
1897,6,1,7
1897,6,1,7
1897,6,10,16
1897,10,1,11
1897,8,4,12
1897,5,3,8
1897,8,5,13
1897,6,4,10
1897,5,12,17
1897,5,3,8
1897,4,10,14
1897,6,1,7
1897,5,10,15
1897,4,2,6
1897,3,1,4
1897,4,0,4
1897,6,10,16
1897,4,0,4
1897,7,0,7
1897,8,4,12
1897,6,11,17
1897,6,0,6
1897,4,2,6
1897,3,2,5
1897,7,4,11
1897,7,10,17
1897,9,3,12
1897,5,4,9
1897,4,3,7
1897,8,4,12
1897,4,12,16
1897,2,1,3
1897,7,10,17
1897,6,3,9
1897,6,15,21
1897,6,5,11
1897,5,1,6
1897,9,2,11
1897,5,0,5
1897,4,2,6
1897,9,7,16
1897,4,15,19
1897,5,3,8
1897,7,4,11
1897,4,10,14
1897,2,16,18
1897,7,5,12
1897,8,4,12
1897,4,10,14
1897,9,3,12
1897,4,3,7
1897,8,10,18
1897,3,10,13
1897,6,15,21
1897,3,14,17
1897,7,2,9
1897,8,7,15
1897,4,2,6
1897,9,1,10
1897,7,19,26
1897,5,0,5
1897,9,11,20
1897,5,0,5
1897,9,4,13
1897,8,3,11
1897,7,1,8
1897,1,0,1
1897,7,3,10
1897,8,4,12
1897,5,4,9
1897,7,13,20
1897,6,2,8
1897,6,5,11
1897,6,11,17
1897,8,3,11
1897,6,5,11
1897,6,2,8
1897,9,2,11
1897,4,2,6
1897,7,4,11
1897,7,3,10
1897,6,14,20
1897,7,3,10
1897,12,11,23
1897,9,4,13
1897,2,13,15
1897,5,1,6
1897,18,1,19
1897,6,5,11
1897,2,12,14
1897,7,5,12
1897,5,12,17
1897,5,2,7
1897,7,6,13
1897,13,11,24
1897,9,10,19
1897,6,4,10
1897,6,11,17
1897,6,4,10
1897,5,3,8
1897,1,0,1
1897,9,3,12
1897,7,1,8
1897,5,3,8
1897,9,1,10
1897,5,10,15
1897,5,0,5
1897,4,2,6
1897,9,8,17
1897,7,2,9
1897,2,12,14
1897,4,2,6
1897,7,6,13
1897,8,7,15
1897,7,36,43
1897,9,3,12
1897,8,2,10
1897,9,10,19
1897,9,8,17
1897,8,7,15
1897,3,14,17
1897,8,3,11
1897,3,1,4
1897,3,0,3
1897,6,3,9
1897,5,13,18
1897,6,2,8
1897,4,14,18
1897,5,4,9
1897,2,16,18
1897,6,4,10
1897,7,4,11
1897,13,1,14
1897,4,1,5
1897,8,2,10
1897,8,4,12
1897,12,0,12
1897,3,2,5
1897,5,2,7
1897,7,5,12
1897,7,16,23
1897,5,4,9
1897,6,3,9
1897,6,4,10
1897,4,0,4
1897,8,5,13
1897,7,6,13
1897,10,0,10
1897,4,3,7
1897,3,2,5
1897,8,5,13
1897,4,3,7
1897,6,1,7
1897,7,5,12
1897,3,10,13
1897,6,2,8
1897,3,2,5
1897,2,1,3
1897,6,3,9
1897,5,10,15
1897,7,3,10
1897,5,4,9
1897,1,0,1
1897,8,7,15
1897,7,19,26
1897,9,4,13
1897,9,1,10
1897,8,3,11
1897,8,7,15
1897,6,3,9
1897,3,1,4
1897,6,15,21
1897,4,3,7
1897,7,2,9
1897,9,4,13
1897,4,15,19
1897,4,22,26
1897,9,13,22
1897,8,5,13
1897,8,2,10
1897,7,10,17
1897,6,13,19
1897,9,5,14
1897,4,11,15
1897,5,4,9
1897,8,5,13
1897,4,3,7
1897,9,7,16
1897,7,4,11
1897,5,10,15
1897,7,15,22
1897,6,11,17
1897,18,12,30
1897,5,10,15
1897,15,1,16
1897,5,3,8
1897,5,16,21
1897,2,1,3
1897,10,0,10
1897,7,5,12
1897,2,0,2
1897,2,1,3
1897,9,4,13
1897,8,7,15
1897,5,4,9
1897,9,10,19
1897,20,2,22
1897,2,14,16
1897,5,2,7
1897,4,3,7
1897,6,12,18
1897,6,5,11
1897,5,10,15
1897,6,3,9
1897,4,3,7
1897,8,1,9
1897,7,10,17
1897,7,6,13
1897,9,3,12
1897,7,1,8
1897,6,2,8
1897,6,11,17
1897,9,6,15
1897,9,3,12
1897,12,1,13
1897,7,2,9
1897,6,4,10
1897,4,1,5
1897,3,0,3
1897,8,10,18
1897,6,10,16
1897,5,3,8
1897,9,4,13
1897,8,10,18
1897,2,18,20
1897,4,3,7
1897,9,7,16
1897,6,4,10
1897,2,17,19
1897,9,1,10
1897,4,3,7
1897,9,8,17
1897,3,14,17
1897,6,4,10
1897,5,4,9
1897,8,7,15
1897,7,3,10
1897,4,3,7
1897,5,2,7
1897,3,16,19
1897,7,5,12
1897,1,0,1
1897,7,4,11
1897,4,11,15
1897,6,5,11
1897,4,3,7
1897,8,0,8
1897,6,5,11
1897,4,1,5
1897,6,10,16
1897,3,2,5
1897,4,3,7
1897,2,14,16
1897,5,2,7
1897,6,3,9
1897,8,14,22
1897,2,12,14
1897,6,5,11
1897,3,13,16
1897,8,1,9
1897,2,14,16
1897,6,12,18
1897,8,2,10
1897,7,5,12
1897,8,2,10
1897,3,1,4
1897,7,3,10
1897,7,6,13
1897,15,11,26
1897,8,2,10
1897,4,3,7
1897,7,6,13
1897,6,3,9
1897,6,11,17
1897,7,5,12
1897,7,6,13
1897,5,12,17
1897,5,1,6
1897,5,4,9
1897,4,2,6
1897,9,8,17
1897,10,1,11
1897,9,5,14
1897,9,2,11
1897,5,3,8
1897,9,7,16
1897,9,5,14
1897,5,2,7
1897,7,2,9
1897,7,6,13
1897,5,16,21
1897,2,10,12
1897,5,11,16
1897,7,5,12
1897,2,1,3
1897,13,12,25
1897,3,14,17
1897,4,4,8
1897,7,4,11
1897,9,4,13
1897,5,4,9
1897,5,4,9
1897,8,7,15
1897,5,15,20
1897,6,5,11
1897,7,5,12
1897,9,2,11
1897,5,4,9
1897,9,1,10
1897,4,2,6
1897,9,8,17
1897,5,0,5
1897,11,1,12
1897,7,5,12
1897,3,12,15
1897,7,6,13
1897,8,2,10
1897,9,16,25
1897,4,10,14
1897,7,5,12
1897,8,1,9
1897,3,2,5
1897,5,2,7
1897,9,3,12
1897,3,3,6
1897,1,0,1
1897,8,6,14
1897,9,5,14
1897,6,16,22
1897,7,6,13
1897,3,10,13
1897,3,13,16
1897,7,5,12
1897,6,5,11
1897,6,12,18
1897,5,4,9
1897,6,0,6
1897,9,2,11
1897,6,5,11
1897,5,4,9
1897,7,10,17
1897,7,11,18
1897,3,0,3
1897,2,0,2
1897,6,5,11
1897,6,14,20
1897,8,1,9
1897,7,3,10
1897,9,10,19
1897,5,10,15
1897,6,4,10
1897,11,10,21
1897,6,3,9
1897,7,4,11
1897,3,2,5
1897,3,13,16
1897,5,14,19
1897,5,2,7
1897,7,2,9
1897,3,2,5
1897,3,12,15
1897,9,7,16
1897,8,10,18
1897,6,2,8
1897,8,0,8
1897,8,5,13
1897,3,0,3
1897,5,13,18
1897,16,1,17
1897,1,0,1
1897,4,3,7
1897,4,10,14
1897,5,0,5
1897,7,12,19
1897,2,15,17
1897,9,2,11
1897,6,2,8
1897,4,3,7
1897,6,2,8
1897,11,1,12
1897,6,12,18
1897,4,3,7
1897,13,12,25
1897,7,1,8
1897,8,1,9
1897,6,4,10
1897,6,12,18
1897,1,0,1
1897,4,1,5
1897,9,3,12
1897,8,7,15
1897,3,2,5
1897,5,5,10
1897,4,10,14
1897,8,7,15
1897,2,14,16
1897,9,6,15
1897,3,1,4
1897,6,14,20
1897,7,17,24
1897,11,0,11
1897,5,0,5
1897,8,2,10
1897,4,0,4
1897,3,2,5
1897,8,16,24
1897,7,1,8
1897,6,19,25
1897,4,3,7
1897,6,1,7
1897,5,0,5
1897,5,3,8
1897,9,4,13
1897,4,10,14
1897,9,3,12
1897,6,0,6
1897,6,5,11
1897,3,0,3
1897,7,2,9
1897,5,11,16
1897,6,5,11
1897,5,11,16
1897,6,6,12
1897,6,4,10
1897,16,11,27
1897,7,1,8
1897,6,2,8
1897,7,5,12
1897,5,12,17
1897,9,4,13
1897,8,8,16
1897,7,6,13
1897,9,1,10
1897,5,4,9
1897,8,4,12
1897,5,11,16
1897,5,1,6
1897,7,4,11
1897,8,7,15
1897,7,6,13
1897,5,1,6
1897,4,3,7
1897,3,2,5
1897,6,2,8
1897,3,3,6
1897,6,4,10
1897,6,5,11
1897,22,1,23
1897,6,3,9
1897,9,1,10
1897,11,1,12
1897,3,13,16
1897,7,2,9
1897,7,3,10
1897,7,6,13
1897,9,3,12
1897,7,5,12
1897,7,7,14
1897,8,7,15
1897,7,2,9
1897,7,14,21
1897,8,12,20
1897,5,3,8
1897,2,10,12
1897,9,8,17
1897,9,4,13
1897,6,5,11
1897,8,2,10
1897,7,5,12
1897,7,3,10
1897,7,4,11
1897,6,1,7
1897,4,1,5
1897,7,1,8
1897,5,1,6
1897,4,2,6
1897,5,17,22
1897,8,7,15
1897,6,5,11
1897,8,7,15
1897,3,2,5
1897,7,1,8
1897,6,13,19
1897,5,4,9
1897,6,2,8
1897,5,4,9
1897,9,8,17
1897,6,5,11
1897,4,11,15
1897,9,10,19
1897,2,2,4
1897,8,6,14
1897,9,4,13
1897,3,3,6
1897,11,0,11
1897,9,6,15
1897,6,5,11
1897,19,10,29
1897,8,4,12
1897,4,15,19
1897,4,2,6
1897,4,11,15
1897,8,8,16
1897,7,6,13
1897,7,2,9
1897,2,1,3
1897,8,15,23
1897,7,5,12
1897,6,4,10
1897,8,1,9
1897,8,10,18
1897,2,2,4
1897,9,10,19
1897,2,13,15
1897,4,19,23
1897,9,1,10
1897,4,2,6
1897,8,2,10
1897,4,4,8
1897,5,4,9
1897,8,5,13
1897,6,11,17
1897,2,1,3
1897,5,4,9
1897,17,0,17
1897,3,14,17
1897,6,2,8
1897,4,10,14
1897,8,3,11
1897,9,10,19
1897,9,3,12
1897,4,2,6
1897,6,0,6
1897,4,3,7
1897,13,10,23
1897,5,2,7
1897,5,4,9
1897,9,10,19
1897,2,1,3
1897,5,22,27
1897,9,1,10
1897,8,7,15
1897,3,10,13
1897,5,4,9
1897,3,11,14
1897,12,0,12
1897,7,18,25
1897,6,4,10
1897,5,4,9
1897,2,13,15
1897,8,4,12
1897,8,4,12
1897,6,4,10
1897,9,10,19
1897,7,2,9
1897,8,4,12
1897,6,3,9
1897,3,15,18
1897,3,0,3
1897,9,6,15
1897,6,4,10
1897,5,11,16
1897,8,1,9
1897,7,5,12
1897,8,7,15
1897,8,4,12
1897,4,10,14
1897,8,6,14
1897,19,10,29
1897,6,3,9
1897,5,4,9
1897,5,4,9
1897,15,14,29
1897,6,3,9
1897,4,12,16
1897,7,1,8
1897,9,3,12
1897,3,12,15
1897,6,5,11
1897,7,4,11
1897,5,3,8
1897,11,10,21
1897,7,3,10
1897,6,3,9
1897,6,15,21
1897,9,8,17
1897,5,18,23
1897,7,4,11
1897,8,2,10
1897,9,7,16
1897,9,10,19
1897,7,1,8
1898,3,2,5
1898,3,10,13
1898,2,1,3
1898,8,3,11
1898,3,1,4
1898,3,1,4
1898,4,2,6
1898,7,6,13
1898,12,1,13
1898,5,4,9
1898,14,1,15
1898,7,2,9
1898,8,2,10
1898,3,13,16
1898,9,0,9
1898,2,14,16
1898,3,18,21
1898,7,6,13
1898,8,5,13
1898,5,10,15
1898,8,6,14
1898,5,10,15
1898,6,11,17
1898,8,2,10
1898,4,13,17
1898,7,5,12
1898,8,0,8
1898,11,0,11
1898,2,1,3
1898,7,13,20
1898,7,0,7
1898,7,12,19
1898,3,2,5
1898,9,14,23
1898,9,8,17
1898,9,1,10
1898,13,1,14
1898,7,4,11
1898,4,11,15
1898,3,2,5
1898,9,8,17
1898,9,4,13
1898,6,4,10
1898,7,4,11
1898,5,3,8
1898,9,8,17
1898,6,1,7
1898,9,3,12
1898,2,11,13
1898,6,20,26
1898,5,3,8
1898,2,16,18
1898,6,2,8
1898,5,2,7
1898,4,11,15
1898,4,1,5
1898,6,4,10
1898,4,1,5
1898,2,11,13
1898,7,4,11
1898,4,3,7
1898,5,11,16
1898,6,4,10
1898,9,10,19
1898,7,13,20
1898,7,3,10
1898,7,0,7
1898,9,6,15
1898,9,10,19
1898,5,2,7
1898,3,2,5
1898,5,2,7
1898,7,5,12
1898,4,2,6
1898,2,11,13
1898,8,3,11
1898,8,3,11
1898,7,3,10
1898,6,4,10
1898,4,4,8
1898,9,10,19
1898,7,5,12
1898,8,2,10
1898,9,13,22
1898,9,7,16
1898,5,14,19
1898,8,2,10
1898,7,1,8
1898,13,0,13
1898,6,5,11
1898,12,1,13
1898,3,1,4
1898,9,5,14
1898,6,11,17
1898,4,10,14
1898,5,0,5
1898,6,2,8
1898,6,4,10
1898,8,4,12
1898,2,1,3
1898,7,5,12
1898,4,3,7
1898,7,16,23
1898,6,3,9
1898,6,15,21
1898,8,5,13
1898,3,2,5
1898,4,12,16
1898,3,2,5
1898,6,3,9
1898,7,3,10
1898,9,5,14
1898,5,4,9
1898,3,0,3
1898,8,5,13
1898,7,1,8
1898,6,2,8
1898,12,11,23
1898,5,4,9
1898,5,2,7
1898,4,3,7
1898,4,12,16
1898,12,0,12
1898,6,13,19
1898,9,3,12
1898,11,10,21
1898,9,5,14
1898,2,17,19
1898,6,0,6
1898,9,2,11
1898,4,11,15
1898,6,0,6
1898,7,6,13
1898,5,4,9
1898,4,1,5
1898,7,1,8
1898,3,1,4
1898,6,1,7
1898,5,4,9
1898,6,3,9
1898,6,2,8
1898,8,3,11
1898,4,3,7
1898,5,2,7
1898,3,0,3
1898,5,14,19
1898,3,10,13
1898,2,0,2
1898,3,0,3
1898,7,2,9
1898,5,10,15
1898,6,5,11
1898,7,2,9
1898,4,3,7
1898,4,12,16
1898,3,1,4
1898,8,7,15
1898,15,13,28
1898,6,3,9
1898,4,0,4
1898,6,1,7
1898,4,3,7
1898,12,10,22
1898,4,20,24
1898,5,4,9
1898,5,4,9
1898,8,4,12
1898,8,3,11
1898,8,4,12
1898,7,1,8
1898,6,12,18
1898,5,4,9
1898,3,11,14
1898,7,11,18
1898,4,2,6
1898,8,2,10
1898,4,13,17
1898,4,1,5
1898,3,14,17
1898,8,3,11
1898,4,10,14
1898,7,11,18
1898,3,0,3
1898,7,5,12
1898,9,7,16
1898,4,3,7
1898,8,3,11
1898,6,4,10
1898,3,2,5
1898,2,11,13
1898,3,2,5
1898,6,2,8
1898,9,8,17
1898,6,1,7
1898,5,1,6
1898,2,1,3
1898,9,3,12
1898,5,3,8
1898,7,2,9
1898,5,4,9
1898,3,1,4
1898,4,1,5
1898,9,8,17
1898,8,5,13
1898,4,3,7
1898,8,1,9
1898,2,0,2
1898,4,1,5
1898,4,1,5
1898,8,3,11
1898,9,4,13
1898,3,11,14
1898,6,5,11
1898,6,1,7
1898,3,0,3
1898,3,2,5
1898,4,13,17
1898,5,4,9
1898,2,1,3
1898,16,10,26
1898,8,4,12
1898,4,16,20
1898,7,0,7
1898,6,4,10
1898,5,3,8
1898,4,3,7
1898,4,2,6
1898,6,3,9
1898,2,15,17
1898,9,5,14
1898,2,0,2
1898,10,1,11
1898,7,5,12
1898,8,5,13
1898,3,14,17
1898,6,5,11
1898,9,2,11
1898,3,0,3
1898,6,1,7
1898,3,2,5
1898,6,2,8
1898,8,2,10
1898,10,1,11
1898,9,1,10
1898,9,7,16
1898,3,10,13
1898,8,6,14
1898,2,11,13
1898,6,5,11
1898,8,10,18
1898,5,2,7
1898,9,1,10
1898,7,10,17
1898,8,1,9
1898,4,3,7
1898,7,6,13
1898,3,1,4
1898,6,5,11
1898,16,0,16
1898,4,2,6
1898,6,2,8
1898,4,2,6
1898,4,2,6
1898,3,1,4
1898,5,4,9
1898,5,2,7
1898,6,4,10
1898,4,3,7
1898,5,1,6
1898,3,2,5
1898,9,0,9
1898,3,2,5
1898,7,1,8
1898,3,1,4
1898,7,3,10
1898,8,7,15
1898,4,2,6
1898,8,1,9
1898,6,1,7
1898,6,12,18
1898,4,0,4
1898,4,3,7
1898,5,1,6
1898,6,5,11
1898,2,1,3
1898,9,1,10
1898,3,11,14
1898,8,6,14
1898,4,3,7
1898,2,1,3
1898,4,16,20
1898,8,3,11
1898,7,5,12
1898,8,13,21
1898,3,12,15
1898,4,10,14
1898,6,5,11
1898,4,10,14
1898,7,4,11
1898,10,1,11
1898,4,3,7
1898,7,6,13
1898,6,5,11
1898,5,4,9
1898,2,17,19
1898,7,4,11
1898,8,1,9
1898,9,2,11
1898,2,14,16
1898,6,12,18
1898,4,2,6
1898,7,5,12
1898,3,14,17
1898,3,10,13
1898,9,6,15
1898,6,5,11
1898,3,2,5
1898,5,2,7
1898,5,0,5
1898,5,10,15
1898,8,2,10
1898,5,4,9
1898,4,13,17
1898,4,2,6
1898,8,3,11
1898,8,7,15
1898,7,4,11
1898,8,4,12
1898,8,10,18
1898,4,11,15
1898,3,1,4
1898,3,2,5
1898,4,2,6
1898,4,3,7
1898,8,5,13
1898,9,1,10
1898,7,3,10
1898,2,0,2
1898,9,2,11
1898,13,10,23
1898,4,13,17
1898,9,4,13
1898,9,2,11
1898,2,0,2
1898,4,16,20
1898,12,1,13
1898,4,0,4
1898,6,4,10
1898,8,3,11
1898,6,5,11
1898,3,2,5
1898,5,0,5
1898,4,12,16
1898,9,8,17
1898,3,0,3
1898,4,3,7
1898,4,3,7
1898,3,2,5
1898,7,5,12
1898,3,17,20
1898,5,10,15
1898,9,1,10
1898,8,5,13
1898,3,13,16
1898,8,4,12
1898,2,14,16
1898,6,12,18
1898,2,0,2
1898,8,7,15
1898,4,2,6
1898,8,6,14
1898,8,4,12
1898,8,1,9
1898,1,0,1
1898,3,2,5
1898,9,1,10
1898,7,4,11
1898,7,5,12
1898,7,10,17
1898,5,12,17
1898,9,2,11
1898,2,11,13
1898,4,3,7
1898,9,4,13
1898,11,0,11
1898,6,5,11
1898,3,10,13
1898,9,1,10
1898,7,12,19
1898,4,3,7
1898,9,5,14
1898,7,4,11
1898,5,4,9
1898,5,2,7
1898,8,2,10
1898,4,2,6
1898,9,8,17
1898,15,0,15
1898,5,3,8
1898,6,5,11
1898,3,1,4
1898,7,5,12
1898,6,5,11
1898,10,1,11
1898,6,5,11
1898,6,3,9
1898,2,1,3
1898,3,2,5
1898,8,11,19
1898,5,0,5
1898,6,2,8
1898,5,0,5
1898,3,14,17
1898,3,2,5
1898,5,3,8
1898,9,2,11
1898,2,1,3
1898,3,11,14
1898,3,10,13
1898,7,11,18
1898,6,4,10
1898,3,2,5
1898,5,1,6
1898,4,10,14
1898,9,3,12
1898,7,2,9
1898,5,10,15
1898,4,1,5
1898,6,2,8
1898,7,1,8
1898,6,3,9
1898,7,3,10
1898,6,11,17
1898,8,1,9
1898,4,2,6
1898,5,5,10
1898,4,1,5
1898,9,1,10
1898,8,7,15
1898,5,12,17
1898,5,3,8
1898,1,0,1
1898,4,3,7
1898,9,10,19
1898,3,2,5
1898,6,0,6
1898,5,4,9
1898,7,3,10
1898,6,4,10
1898,8,2,10
1898,7,3,10
1898,8,5,13
1898,5,14,19
1898,6,2,8
1898,7,4,11
1898,9,3,12
1898,7,6,13
1898,6,2,8
1898,5,1,6
1898,5,4,9
1898,2,2,4
1898,7,1,8
1898,6,3,9
1898,2,1,3
1898,8,2,10
1898,7,3,10
1898,4,1,5
1898,7,4,11
1898,7,5,12
1898,5,15,20
1898,3,2,5
1898,6,3,9
1898,7,1,8
1898,5,2,7
1898,7,4,11
1898,7,1,8
1898,2,1,3
1898,7,11,18
1898,3,1,4
1898,6,12,18
1898,7,4,11
1898,7,5,12
1898,7,3,10
1898,8,2,10
1898,1,0,1
1898,3,12,15
1898,7,1,8
1898,5,1,6
1898,4,3,7
1898,4,2,6
1898,8,0,8
1898,6,2,8
1898,3,2,5
1898,9,3,12
1898,6,5,11
1898,2,1,3
1898,4,2,6
1898,7,0,7
1898,8,4,12
1898,4,3,7
1898,6,1,7
1898,5,2,7
1898,6,3,9
1898,3,2,5
1898,14,1,15
1898,4,1,5
1898,5,1,6
1898,6,1,7
1898,7,1,8
1898,6,4,10
1898,7,0,7
1898,6,2,8
1898,8,3,11
1898,6,5,11
1898,6,5,11
1898,3,3,6
1898,8,12,20
1898,3,1,4
1898,3,13,16
1898,8,2,10
1898,2,1,3
1898,4,1,5
1898,7,3,10
1898,8,3,11
1898,4,2,6
1898,7,4,11
1898,9,5,14
1898,7,3,10
1898,1,0,1
1898,4,3,7
1898,3,1,4
1898,7,5,12
1898,1,1,2
1898,9,1,10
1898,2,0,2
1898,2,1,3
1898,4,1,5
1898,4,3,7
1898,9,7,16
1898,5,0,5
1898,3,1,4
1898,6,5,11
1898,5,5,10
1898,4,11,15
1898,8,4,12
1898,4,1,5
1898,8,3,11
1898,8,7,15
1898,5,0,5
1898,6,1,7
1898,9,5,14
1898,9,1,10
1898,2,1,3
1898,4,2,6
1898,3,0,3
1898,5,1,6
1898,1,0,1
1898,2,1,3
1898,5,1,6
1898,5,4,9
1898,2,1,3
1898,6,6,12
1898,4,2,6
1898,4,1,5
1898,8,3,11
1898,6,5,11
1898,12,1,13
1898,8,6,14
1898,6,2,8
1898,8,3,11
1898,6,3,9
1898,2,2,4
1898,4,2,6
1898,8,0,8
1898,7,4,11
1898,6,5,11
1898,3,2,5
1898,7,1,8
1898,6,3,9
1898,7,4,11
1898,4,3,7
1898,8,2,10
1898,4,3,7
1898,5,2,7
1898,3,2,5
1898,6,3,9
1898,2,1,3
1898,5,2,7
1898,9,2,11
1898,5,4,9
1898,2,1,3
1898,9,2,11
1898,9,3,12
1898,6,1,7
1898,8,0,8
1898,4,3,7
1898,6,0,6
1898,2,2,4
1898,7,4,11
1898,3,1,4
1898,9,1,10
1898,6,2,8
1898,5,4,9
1898,4,0,4
1898,6,5,11
1898,2,10,12
1898,4,2,6
1898,6,2,8
1898,3,1,4
1898,13,1,14
1898,9,5,14
1898,9,6,15
1898,2,0,2
1898,10,0,10
1898,7,0,7
1898,8,4,12
1898,6,3,9
1898,4,3,7
1898,8,2,10
1898,3,2,5
1898,7,3,10
1898,3,1,4
1898,2,1,3
1898,2,1,3
1898,4,3,7
1898,2,0,2
1898,4,1,5
1898,6,4,10
1898,4,3,7
1898,2,0,2
1898,6,1,7
1898,7,2,9
1898,5,5,10
1898,4,11,15
1898,9,18,27
1898,6,4,10
1898,3,2,5
1898,6,3,9
1898,2,1,3
1898,4,1,5
1898,6,11,17
1898,5,1,6
1898,5,14,19
1898,9,2,11
1898,14,1,15
1898,1,0,1
1898,7,13,20
1898,8,1,9
1898,5,1,6
1898,8,10,18
1898,3,2,5
1898,10,0,10
1898,8,1,9
1898,5,3,8
1898,3,2,5
1898,8,3,11
1898,3,10,13
1898,3,2,5
1898,6,2,8
1898,4,3,7
1898,6,1,7
1898,6,2,8
1898,7,12,19
1898,9,4,13
1898,6,5,11
1898,7,5,12
1898,5,3,8
1898,2,13,15
1898,6,2,8
1898,2,1,3
1898,8,7,15
1898,7,13,20
1898,8,1,9
1898,8,2,10
1898,1,0,1
1898,9,1,10
1898,4,2,6
1898,8,0,8
1898,5,2,7
1898,9,5,14
1898,3,10,13
1898,3,2,5
1898,6,10,16
1898,3,2,5
1898,10,0,10
1898,5,4,9
1898,9,8,17
1898,8,2,10
1898,6,4,10
1898,6,6,12
1898,5,4,9
1898,4,12,16
1898,8,16,24
1898,4,2,6
1898,13,1,14
1898,6,5,11
1898,1,0,1
1898,5,3,8
1898,6,4,10
1898,2,0,2
1898,2,1,3
1898,5,14,19
1898,4,2,6
1898,3,14,17
1898,2,1,3
1898,6,2,8
1898,5,1,6
1898,6,1,7
1898,8,6,14
1898,1,0,1
1898,8,5,13
1898,6,4,10
1898,11,10,21
1898,9,5,14
1898,9,8,17
1898,5,3,8
1898,17,10,27
1898,7,1,8
1898,5,5,10
1898,5,1,6
1898,2,13,15
1898,9,0,9
1898,5,2,7
1898,6,1,7
1898,9,7,16
1898,5,3,8
1898,9,5,14
1898,8,5,13
1898,3,0,3
1898,6,4,10
1898,8,5,13
1898,3,1,4
1898,4,2,6
1898,8,6,14
1898,4,2,6
1898,3,1,4
1898,9,10,19
1898,5,4,9
1898,5,1,6
1898,5,3,8
1898,9,5,14
1898,8,2,10
1898,5,4,9
1898,7,1,8
1898,3,1,4
1898,3,1,4
1898,5,0,5
1898,5,3,8
1898,4,0,4
1898,3,1,4
1898,7,2,9
1898,2,11,13
1898,6,6,12
1898,2,10,12
1898,8,5,13
1898,5,1,6
1898,15,1,16
1898,6,3,9
1898,2,0,2
1898,4,1,5
1898,10,0,10
1898,7,3,10
1898,6,1,7
1898,7,12,19
1898,12,10,22
1898,3,2,5
1898,7,7,14
1898,2,10,12
1898,6,0,6
1898,5,10,15
1898,6,3,9
1898,9,4,13
1898,6,1,7
1898,8,8,16
1898,4,2,6
1898,8,2,10
1898,9,10,19
1898,9,0,9
1898,7,3,10
1898,6,12,18
1898,11,10,21
1898,6,2,8
1898,7,1,8
1898,2,1,3
1898,8,0,8
1898,9,1,10
1898,8,5,13
1898,6,5,11
1898,15,0,15
1898,4,24,28
1898,7,7,14
1898,7,5,12
1898,3,2,5
1898,3,1,4
1898,7,3,10
1898,7,3,10
1898,9,14,23
1898,11,1,12
1898,3,15,18
1898,6,15,21
1898,3,1,4
1898,3,3,6
1898,8,1,9
1898,7,2,9
1898,3,13,16
1898,2,0,2
1898,4,3,7
1898,2,1,3
1898,6,3,9
1898,5,1,6
1898,3,1,4
1898,6,10,16
1898,3,14,17
1898,7,4,11
1898,5,4,9
1898,2,2,4
1898,4,2,6
1898,5,10,15
1898,3,2,5
1898,4,3,7
1898,4,3,7
1898,6,4,10
1898,2,1,3
1898,3,2,5
1898,7,5,12
1898,2,11,13
1898,3,1,4
1898,5,4,9
1898,9,2,11
1898,7,11,18
1898,4,10,14
1898,5,2,7
1898,4,1,5
1898,6,1,7
1898,8,7,15
1898,13,1,14
1898,11,10,21
1898,7,2,9
1898,2,10,12
1898,12,1,13
1898,6,3,9
1898,7,3,10
1898,5,5,10
1898,6,5,11
1898,3,1,4
1898,5,2,7
1898,4,3,7
1898,7,3,10
1898,2,1,3
1898,8,4,12
1898,8,2,10
1898,4,3,7
1898,6,2,8
1898,4,0,4
1898,9,6,15
1898,13,10,23
1898,2,1,3
1898,3,0,3
1898,8,0,8
1898,7,5,12
1898,3,0,3
1898,4,2,6
1898,4,2,6
1898,4,1,5
1898,4,3,7
1898,7,3,10
1898,2,1,3
1898,8,6,14
1898,7,4,11
1898,4,2,6
1898,6,3,9
1898,5,2,7
1898,4,1,5
1898,1,1,2
1898,7,2,9
1898,4,1,5
1898,5,3,8
1898,3,0,3
1898,3,2,5
1898,4,2,6
1898,4,3,7
1898,4,3,7
1898,8,1,9
1898,6,0,6
1898,5,4,9
1898,3,0,3
1898,5,12,17
1898,6,6,12
1898,2,2,4
1898,4,4,8
1898,7,3,10
1898,2,0,2
1898,6,3,9
1898,2,0,2
1898,8,2,10
1898,3,1,4
1898,6,2,8
1898,2,14,16
1898,5,14,19
1898,2,1,3
1898,6,2,8
1898,3,2,5
1898,5,2,7
1898,4,1,5
1898,9,1,10
1898,5,2,7
1898,10,1,11
1898,6,5,11
1898,5,3,8
1898,5,1,6
1898,9,6,15
1898,5,1,6
1898,2,14,16
1898,6,4,10
1898,8,10,18
1898,5,4,9
1898,5,4,9
1898,8,12,20
1899,15,1,16
1899,6,5,11
1899,5,3,8
1899,1,0,1
1899,5,2,7
1899,2,1,3
1899,6,5,11
1899,10,1,11
1899,8,4,12
1899,6,5,11
1899,8,1,9
1899,4,1,5
1899,8,7,15
1899,8,0,8
1899,4,11,15
1899,8,4,12
1899,7,11,18
1899,7,5,12
1899,6,4,10
1899,6,0,6
1899,7,0,7
1899,3,3,6
1899,8,3,11
1899,2,16,18
1899,2,13,15
1899,2,11,13
1899,5,4,9
1899,4,3,7
1899,6,2,8
1899,17,1,18
1899,6,3,9
1899,4,11,15
1899,5,1,6
1899,6,4,10
1899,6,5,11
1899,7,3,10
1899,4,1,5
1899,6,5,11
1899,2,15,17
1899,8,7,15
1899,5,3,8
1899,5,3,8
1899,7,4,11
1899,8,6,14
1899,6,0,6
1899,8,10,18
1899,3,2,5
1899,10,1,11
1899,6,0,6
1899,2,1,3
1899,8,10,18
1899,3,2,5
1899,9,8,17
1899,5,3,8
1899,5,10,15
1899,7,3,10
1899,9,3,12
1899,7,6,13
1899,6,2,8
1899,4,3,7
1899,3,20,23
1899,7,2,9
1899,12,11,23
1899,6,0,6
1899,5,1,6
1899,8,12,20
1899,3,1,4
1899,4,0,4
1899,8,5,13
1899,2,1,3
1899,6,4,10
1899,4,0,4
1899,9,0,9
1899,1,0,1
1899,5,4,9
1899,2,1,3
1899,8,8,16
1899,7,5,12
1899,7,6,13
1899,9,2,11
1899,3,2,5
1899,9,5,14
1899,4,3,7
1899,4,3,7
1899,7,0,7
1899,4,3,7
1899,9,1,10
1899,7,4,11
1899,7,3,10
1899,7,6,13
1899,2,1,3
1899,6,10,16
1899,2,10,12
1899,2,10,12
1899,4,3,7
1899,6,4,10
1899,2,11,13
1899,5,2,7
1899,2,11,13
1899,5,4,9
1899,7,5,12
1899,12,10,22
1899,5,10,15
1899,11,0,11
1899,3,2,5
1899,3,11,14
1899,5,10,15
1899,4,3,7
1899,5,0,5
1899,8,7,15
1899,6,2,8
1899,8,5,13
1899,8,1,9
1899,19,1,20
1899,4,2,6
1899,5,2,7
1899,9,7,16
1899,5,0,5
1899,6,1,7
1899,2,12,14
1899,4,3,7
1899,5,11,16
1899,4,1,5
1899,5,4,9
1899,8,6,14
1899,1,0,1
1899,3,0,3
1899,7,6,13
1899,5,4,9
1899,11,0,11
1899,7,4,11
1899,5,1,6
1899,12,1,13
1899,7,3,10
1899,2,1,3
1899,5,4,9
1899,7,3,10
1899,9,0,9
1899,6,0,6
1899,6,5,11
1899,5,3,8
1899,8,5,13
1899,3,2,5
1899,4,3,7
1899,4,1,5
1899,5,2,7
1899,5,15,20
1899,6,5,11
1899,9,10,19
1899,9,3,12
1899,8,4,12
1899,11,10,21
1899,11,1,12
1899,2,1,3
1899,6,0,6
1899,4,2,6
1899,7,5,12
1899,4,13,17
1899,9,10,19
1899,4,11,15
1899,2,10,12
1899,9,5,14
1899,8,4,12
1899,4,10,14
1899,7,6,13
1899,6,1,7
1899,6,2,8
1899,4,3,7
1899,8,4,12
1899,9,5,14
1899,5,4,9
1899,5,4,9
1899,3,14,17
1899,5,2,7
1899,9,4,13
1899,3,10,13
1899,11,10,21
1899,7,5,12
1899,4,3,7
1899,9,1,10
1899,8,2,10
1899,9,4,13
1899,7,14,21
1899,7,6,13
1899,8,6,14
1899,6,5,11
1899,7,6,13
1899,8,1,9
1899,5,11,16
1899,3,1,4
1899,8,6,14
1899,7,0,7
1899,6,5,11
1899,8,1,9
1899,2,0,2
1899,6,0,6
1899,12,0,12
1899,3,0,3
1899,7,5,12
1899,3,3,6
1899,5,1,6
1899,8,2,10
1899,9,6,15
1899,7,6,13
1899,4,3,7
1899,9,15,24
1899,4,3,7
1899,3,1,4
1899,7,1,8
1899,7,3,10
1899,6,4,10
1899,5,1,6
1899,4,3,7
1899,7,3,10
1899,6,3,9
1899,9,3,12
1899,7,5,12
1899,2,14,16
1899,9,4,13
1899,4,3,7
1899,5,4,9
1899,4,3,7
1899,7,1,8
1899,16,10,26
1899,5,4,9
1899,6,1,7
1899,5,1,6
1899,3,2,5
1899,8,7,15
1899,6,12,18
1899,7,3,10
1899,7,1,8
1899,11,10,21
1899,4,2,6
1899,11,10,21
1899,6,4,10
1899,13,12,25
1899,4,3,7
1899,7,2,9
1899,5,14,19
1899,4,13,17
1899,8,2,10
1899,5,2,7
1899,3,15,18
1899,2,11,13
1899,2,13,15
1899,9,4,13
1899,2,14,16
1899,5,10,15
1899,3,13,16
1899,3,11,14
1899,6,3,9
1899,6,4,10
1899,9,4,13
1899,9,6,15
1899,6,3,9
1899,3,1,4
1899,6,2,8
1899,6,5,11
1899,7,6,13
1899,7,1,8
1899,3,2,5
1899,8,3,11
1899,5,11,16
1899,5,0,5
1899,7,5,12
1899,5,14,19
1899,8,4,12
1899,5,4,9
1899,6,3,9
1899,7,6,13
1899,9,1,10
1899,3,0,3
1899,5,4,9
1899,6,1,7
1899,5,4,9
1899,2,1,3
1899,8,2,10
1899,10,1,11
1899,5,3,8
1899,2,11,13
1899,3,10,13
1899,6,5,11
1899,6,10,16
1899,6,4,10
1899,11,10,21
1899,2,0,2
1899,2,1,3
1899,10,1,11
1899,2,0,2
1899,5,4,9
1899,9,3,12
1899,2,10,12
1899,6,2,8
1899,6,1,7
1899,6,4,10
1899,6,2,8
1899,4,2,6
1899,4,3,7
1899,13,12,25
1899,6,5,11
1899,6,4,10
1899,12,1,13
1899,7,0,7
1899,3,2,5
1899,3,2,5
1899,13,11,24
1899,7,2,9
1899,8,3,11
1899,8,10,18
1899,9,0,9
1899,6,1,7
1899,3,2,5
1899,5,0,5
1899,7,4,11
1899,5,1,6
1899,3,2,5
1899,9,7,16
1899,2,1,3
1899,4,2,6
1899,5,3,8
1899,6,5,11
1899,7,6,13
1899,6,10,16
1899,8,4,12
1899,5,2,7
1899,9,3,12
1899,5,1,6
1899,9,5,14
1899,8,0,8
1899,6,11,17
1899,4,1,5
1899,3,2,5
1899,8,3,11
1899,8,2,10
1899,8,3,11
1899,4,2,6
1899,9,4,13
1899,3,2,5
1899,7,2,9
1899,4,3,7
1899,7,3,10
1899,6,1,7
1899,4,3,7
1899,8,1,9
1899,7,5,12
1899,5,3,8
1899,3,1,4
1899,6,5,11
1899,7,10,17
1899,6,3,9
1899,12,10,22
1899,8,1,9
1899,6,1,7
1899,4,3,7
1899,6,4,10
1899,6,5,11
1899,3,1,4
1899,9,1,10
1899,5,0,5
1899,9,17,26
1899,7,2,9
1899,3,11,14
1899,9,5,14
1899,4,2,6
1899,3,1,4
1899,9,13,22
1899,11,10,21
1899,9,10,19
1899,2,1,3
1899,9,10,19
1899,14,0,14
1899,4,10,14
1899,3,2,5
1899,6,2,8
1899,4,3,7
1899,6,1,7
1899,3,10,13
1899,7,1,8
1899,2,15,17
1899,2,1,3
1899,5,4,9
1899,6,5,11
1899,9,6,15
1899,5,2,7
1899,2,0,2
1899,7,10,17
1899,9,1,10
1899,4,3,7
1899,7,6,13
1899,5,4,9
1899,7,11,18
1899,6,2,8
1899,7,4,11
1899,6,3,9
1899,7,1,8
1899,3,2,5
1899,8,11,19
1899,9,4,13
1899,9,7,16
1899,8,3,11
1899,6,3,9
1899,7,6,13
1899,4,3,7
1899,4,1,5
1899,6,2,8
1899,5,4,9
1899,6,0,6
1899,5,4,9
1899,6,2,8
1899,7,1,8
1899,4,11,15
1899,4,11,15
1899,10,0,10
1899,3,0,3
1899,6,5,11
1899,4,3,7
1899,7,1,8
1899,6,10,16
1899,11,10,21
1899,6,10,16
1899,8,11,19
1899,5,1,6
1899,6,10,16
1899,3,13,16
1899,5,10,15
1899,4,1,5
1899,4,1,5
1899,4,2,6
1899,5,10,15
1899,8,2,10
1899,9,4,13
1899,9,5,14
1899,5,1,6
1899,14,1,15
1899,4,3,7
1899,2,0,2
1899,3,1,4
1899,9,6,15
1899,8,6,14
1899,10,0,10
1899,5,0,5
1899,5,2,7
1899,1,0,1
1899,3,0,3
1899,4,2,6
1899,4,1,5
1899,2,10,12
1899,7,2,9
1899,6,21,27
1899,7,4,11
1899,9,5,14
1899,3,2,5
1899,7,5,12
1899,8,2,10
1899,9,3,12
1899,7,6,13
1899,8,4,12
1899,5,4,9
1899,4,11,15
1899,5,0,5
1899,4,1,5
1899,8,1,9
1899,3,0,3
1899,5,3,8
1899,7,4,11
1899,6,2,8
1899,5,4,9
1899,9,2,11
1899,3,2,5
1899,4,1,5
1899,6,3,9
1899,4,0,4
1899,6,3,9
1899,5,3,8
1899,5,3,8
1899,2,1,3
1899,5,4,9
1899,9,2,11
1899,4,18,22
1899,8,4,12
1899,8,5,13
1899,7,0,7
1899,5,3,8
1899,3,2,5
1899,5,4,9
1899,8,3,11
1899,9,8,17
1899,5,4,9
1899,7,3,10
1899,15,12,27
1899,4,2,6
1899,7,5,12
1899,9,5,14
1899,2,1,3
1899,3,2,5
1899,8,1,9
1899,4,3,7
1899,8,5,13
1899,9,4,13
1899,9,1,10
1899,9,2,11
1899,4,3,7
1899,6,5,11
1899,3,12,15
1899,6,1,7
1899,8,2,10
1899,4,2,6
1899,4,1,5
1899,4,1,5
1899,6,5,11
1899,5,0,5
1899,7,6,13
1899,9,8,17
1899,6,5,11
1899,6,4,10
1899,7,3,10
1899,5,4,9
1899,9,2,11
1899,16,13,29
1899,9,5,14
1899,8,5,13
1899,4,3,7
1899,8,3,11
1899,7,3,10
1899,6,5,11
1899,4,10,14
1899,7,1,8
1899,7,5,12
1899,6,2,8
1899,9,2,11
1899,8,7,15
1899,8,3,11
1899,7,6,13
1899,8,5,13
1899,6,3,9
1899,2,10,12
1899,5,1,6
1899,1,0,1
1899,6,1,7
1899,4,0,4
1899,5,4,9
1899,3,2,5
1899,4,3,7
1899,8,3,11
1899,4,3,7
1899,9,3,12
1899,4,0,4
1899,6,1,7
1899,8,5,13
1899,4,0,4
1899,9,10,19
1899,9,5,14
1899,9,6,15
1899,4,2,6
1899,9,3,12
1899,7,1,8
1899,4,3,7
1899,5,11,16
1899,3,1,4
1899,7,5,12
1899,8,6,14
1899,8,18,26
1899,5,4,9
1899,5,4,9
1899,4,1,5
1899,6,3,9
1899,14,13,27
1899,7,3,10
1899,4,2,6
1899,14,13,27
1899,6,3,9
1899,7,4,11
1899,3,2,5
1899,5,4,9
1899,1,0,1
1899,5,0,5
1899,2,16,18
1899,7,6,13
1899,6,2,8
1899,7,2,9
1899,7,2,9
1899,13,1,14
1899,6,2,8
1899,5,0,5
1899,9,3,12
1899,9,5,14
1899,9,14,23
1899,4,2,6
1899,8,3,11
1899,7,6,13
1899,6,3,9
1899,6,2,8
1899,1,0,1
1899,9,5,14
1899,2,1,3
1899,8,3,11
1899,6,1,7
1899,2,13,15
1899,3,0,3
1899,5,12,17
1899,7,2,9
1899,9,4,13
1899,7,5,12
1899,5,13,18
1899,20,2,22
1899,7,6,13
1899,2,1,3
1899,4,13,17
1899,5,4,9
1899,6,12,18
1899,5,3,8
1899,13,12,25
1899,5,4,9
1899,4,2,6
1899,5,2,7
1899,7,6,13
1899,5,4,9
1899,8,0,8
1899,3,2,5
1899,2,1,3
1899,11,1,12
1899,9,0,9
1899,4,2,6
1899,11,1,12
1899,8,3,11
1899,8,7,15
1899,5,0,5
1899,10,1,11
1899,7,5,12
1899,7,1,8
1899,7,3,10
1899,2,1,3
1899,2,0,2
1899,12,1,13
1899,5,15,20
1899,6,5,11
1899,5,2,7
1899,2,1,3
1899,4,4,8
1899,6,15,21
1899,2,13,15
1899,5,1,6
1899,5,2,7
1899,5,3,8
1899,3,13,16
1899,8,7,15
1899,7,12,19
1899,9,3,12
1899,6,2,8
1899,4,4,8
1899,3,1,4
1899,5,0,5
1899,4,2,6
1899,7,6,13
1899,7,2,9
1899,3,1,4
1899,6,10,16
1899,4,11,15
1899,2,1,3
1899,5,1,6
1899,5,4,9
1899,6,2,8
1899,8,4,12
1899,7,3,10
1899,4,4,8
1899,2,16,18
1899,9,15,24
1899,6,4,10
1899,3,11,14
1899,4,12,16
1899,6,4,10
1899,12,0,12
1899,7,4,11
1899,14,12,26
1899,6,2,8
1899,5,4,9
1899,9,1,10
1899,3,11,14
1899,8,7,15
1899,6,3,9
1899,7,13,20
1899,3,2,5
1899,4,0,4
1899,8,5,13
1899,6,2,8
1899,4,3,7
1899,9,3,12
1899,5,2,7
1899,9,2,11
1899,7,6,13
1899,8,7,15
1899,5,3,8
1899,7,2,9
1899,5,1,6
1899,5,4,9
1899,5,10,15
1899,5,3,8
1899,7,6,13
1899,8,3,11
1899,7,13,20
1899,4,25,29
1899,7,1,8
1899,4,0,4
1899,8,4,12
1899,7,1,8
1899,7,6,13
1899,3,1,4
1899,3,2,5
1899,4,1,5
1899,7,2,9
1899,4,4,8
1899,6,3,9
1899,8,1,9
1899,5,4,9
1899,3,2,5
1899,17,0,17
1899,2,14,16
1899,2,1,3
1899,5,16,21
1899,8,4,12
1899,7,13,20
1899,3,19,22
1899,9,7,16
1899,18,10,28
1899,4,4,8
1899,5,3,8
1899,5,4,9
1899,6,4,10
1899,2,1,3
1899,7,6,13
1899,10,0,10
1899,7,4,11
1899,4,2,6
1899,5,1,6
1899,5,0,5
1899,5,1,6
1899,9,6,15
1899,5,3,8
1899,3,12,15
1899,4,2,6
1899,4,0,4
1899,5,2,7
1899,11,0,11
1899,2,1,3
1899,7,6,13
1899,6,13,19
1899,13,10,23
1899,5,1,6
1899,6,11,17
1899,2,10,12
1899,8,7,15
1899,5,3,8
1899,5,2,7
1899,3,3,6
1899,5,3,8
1899,8,11,19
1899,5,12,17
1899,6,5,11
1899,13,0,13
1899,8,4,12
1899,7,3,10
1899,5,4,9
1899,3,2,5
1899,8,4,12
1899,4,3,7
1899,6,3,9
1899,5,3,8
1899,2,13,15
1899,8,2,10
1899,4,14,18
1899,6,3,9
1899,6,5,11
1899,7,5,12
1899,7,1,8
1899,11,1,12
1899,7,4,11
1899,8,8,16
1899,8,0,8
1899,7,2,9
1899,7,2,9
1899,8,2,10
1899,9,4,13
1899,5,10,15
1899,9,10,19
1899,3,14,17
1899,6,5,11
1899,9,7,16
1899,4,3,7
1899,6,0,6
1899,4,0,4
1899,15,10,25
1899,4,14,18
1899,3,2,5
1899,10,10,20
1899,7,5,12
1899,4,11,15
1899,6,1,7
1899,5,4,9
1899,8,5,13
1899,4,2,6
1899,9,5,14
1899,2,13,15
1899,6,2,8
1899,5,3,8
1899,5,1,6
1899,4,3,7
1899,4,1,5
1899,6,4,10
1899,5,4,9
1899,4,1,5
1899,5,4,9
1899,4,3,7
1899,6,4,10
1899,2,0,2
1899,3,0,3
1899,8,7,15
1899,2,11,13
1899,4,0,4
1899,6,2,8
1899,8,5,13
1899,4,17,21
1899,7,5,12
1899,5,2,7
1899,7,2,9
1899,4,1,5
1899,6,2,8
1899,5,21,26
1899,11,1,12
1899,5,1,6
1899,7,6,13
1899,13,1,14
1899,2,1,3
1899,6,0,6
1899,3,16,19
1899,5,0,5
1899,12,0,12
1899,3,15,18
1899,11,0,11
1899,15,0,15
1899,8,14,22
1899,4,1,5
1899,7,7,14
1899,7,5,12
1899,3,2,5
1899,7,5,12
1899,8,8,16
1899,6,3,9
1899,7,5,12
1899,7,3,10
1899,3,2,5
1899,4,2,6
1899,6,2,8
1899,7,2,9
1899,6,4,10
1899,5,4,9
1899,6,12,18
1899,8,4,12
1899,3,3,6
1899,3,10,13
1899,7,3,10
1899,4,3,7
1899,4,3,7
1899,5,11,16
1899,5,3,8
1899,6,1,7
1899,7,6,13
1899,5,10,15
1899,4,13,17
1899,2,10,12
1899,9,6,15
1899,3,12,15
1899,3,2,5
1899,7,5,12
1899,6,4,10
1899,4,3,7
1899,8,4,12
1899,5,1,6
1899,2,2,4
1899,9,3,12
1899,4,0,4
1899,9,6,15
1899,4,1,5
1899,8,1,9
1899,2,1,3
1899,2,13,15
1899,4,2,6
1899,6,1,7
1899,3,16,19
1899,13,0,13
1899,7,3,10
1899,8,7,15
1899,1,1,2
1899,3,1,4
1899,6,4,10
1899,6,6,12
1899,8,6,14
1899,9,2,11
1899,5,5,10
1899,5,2,7
1899,6,0,6
1899,2,0,2
1899,7,2,9
1899,5,1,6
1899,7,3,10
1899,6,2,8
1899,9,7,16
1899,5,4,9
1899,8,2,10
1899,1,0,1
1899,5,2,7
1899,6,4,10
1899,8,3,11
1899,6,1,7
1899,4,12,16
1899,4,1,5
1899,9,12,21
1899,7,0,7
1899,9,5,14
1899,16,1,17
1899,3,19,22
1900,19,17,36
1900,13,10,23
1900,3,2,5
1900,3,0,3
1900,8,12,20
1900,5,4,9
1900,5,2,7
1900,4,3,7
1900,5,2,7
1900,4,3,7
1900,7,6,13
1900,6,5,11
1900,6,0,6
1900,8,5,13
1900,5,3,8
1900,4,3,7
1900,3,0,3
1900,4,1,5
1900,9,8,17
1900,9,8,17
1900,6,4,10
1900,5,2,7
1900,10,10,20
1900,7,11,18
1900,12,11,23
1900,8,11,19
1900,6,5,11
1900,8,4,12
1900,9,4,13
1900,5,19,24
1900,10,1,11
1900,3,1,4
1900,19,1,20
1900,7,4,11
1900,6,1,7
1900,8,6,14
1900,5,2,7
1900,9,6,15
1900,14,13,27
1900,3,2,5
1900,3,2,5
1900,8,11,19
1900,5,10,15
1900,7,5,12
1900,6,5,11
1900,6,4,10
1900,4,11,15
1900,9,2,11
1900,4,12,16
1900,5,3,8
1900,6,5,11
1900,5,3,8
1900,13,10,23
1900,4,3,7
1900,5,1,6
1900,7,6,13
1900,5,4,9
1900,9,13,22
1900,18,11,29
1900,6,4,10
1900,3,10,13
1900,4,13,17
1900,2,1,3
1900,9,7,16
1900,5,4,9
1900,20,11,31
1900,3,13,16
1900,8,5,13
1900,5,1,6
1900,5,4,9
1900,9,10,19
1900,7,6,13
1900,8,0,8
1900,4,0,4
1900,7,4,11
1900,6,3,9
1900,3,2,5
1900,8,10,18
1900,4,4,8
1900,7,5,12
1900,5,2,7
1900,7,4,11
1900,8,5,13
1900,8,3,11
1900,7,6,13
1900,4,2,6
1900,4,3,7
1900,4,11,15
1900,5,13,18
1900,6,4,10
1900,6,3,9
1900,5,4,9
1900,9,5,14
1900,2,1,3
1900,4,3,7
1900,7,5,12
1900,2,11,13
1900,8,5,13
1900,8,5,13
1900,4,1,5
1900,7,0,7
1900,5,3,8
1900,4,15,19
1900,8,5,13
1900,3,2,5
1900,7,2,9
1900,5,4,9
1900,5,10,15
1900,3,12,15
1900,2,1,3
1900,4,3,7
1900,3,1,4
1900,1,0,1
1900,9,4,13
1900,6,13,19
1900,6,5,11
1900,2,10,12
1900,7,12,19
1900,14,0,14
1900,4,11,15
1900,5,1,6
1900,6,11,17
1900,8,4,12
1900,7,3,10
1900,7,6,13
1900,9,1,10
1900,5,2,7
1900,3,13,16
1900,2,1,3
1900,6,4,10
1900,3,0,3
1900,8,3,11
1900,9,2,11
1900,6,4,10
1900,7,2,9
1900,17,16,33
1900,8,2,10
1900,6,4,10
1900,6,3,9
1900,7,4,11
1900,5,4,9
1900,5,4,9
1900,15,11,26
1900,8,14,22
1900,6,5,11
1900,8,3,11
1900,6,12,18
1900,5,11,16
1900,6,3,9
1900,7,4,11
1900,4,13,17
1900,3,10,13
1900,5,1,6
1900,6,5,11
1900,9,3,12
1900,6,2,8
1900,6,3,9
1900,9,3,12
1900,8,7,15
1900,4,3,7
1900,8,0,8
1900,8,13,21
1900,5,4,9
1900,3,1,4
1900,4,0,4
1900,6,5,11
1900,11,1,12
1900,1,0,1
1900,5,0,5
1900,7,11,18
1900,3,0,3
1900,7,3,10
1900,5,11,16
1900,4,2,6
1900,3,2,5
1900,7,6,13
1900,6,5,11
1900,8,5,13
1900,9,3,12
1900,8,1,9
1900,2,14,16
1900,6,3,9
1900,4,1,5
1900,2,1,3
1900,9,8,17
1900,4,10,14
1900,1,0,1
1900,8,1,9
1900,7,3,10
1900,8,1,9
1900,2,12,14
1900,5,4,9
1900,5,1,6
1900,8,6,14
1900,7,4,11
1900,6,2,8
1900,20,13,33
1900,4,10,14
1900,4,3,7
1900,12,1,13
1900,5,3,8
1900,2,15,17
1900,4,20,24
1900,2,0,2
1900,6,10,16
1900,8,6,14
1900,8,6,14
1900,7,5,12
1900,9,2,11
1900,5,4,9
1900,7,2,9
1900,3,0,3
1900,1,0,1
1900,3,2,5
1900,4,2,6
1900,4,3,7
1900,8,1,9
1900,4,0,4
1900,5,3,8
1900,6,1,7
1900,6,5,11
1900,6,0,6
1900,6,1,7
1900,6,0,6
1900,9,6,15
1900,2,1,3
1900,8,2,10
1900,9,3,12
1900,8,10,18
1900,2,1,3
1900,4,10,14
1900,5,4,9
1900,8,1,9
1900,6,3,9
1900,8,6,14
1900,3,1,4
1900,9,5,14
1900,9,0,9
1900,2,0,2
1900,2,0,2
1900,7,3,10
1900,3,2,5
1900,6,4,10
1900,10,0,10
1900,6,10,16
1900,4,11,15
1900,9,5,14
1900,4,3,7
1900,6,10,16
1900,3,11,14
1900,4,3,7
1900,3,17,20
1900,3,2,5
1900,5,4,9
1900,5,10,15
1900,5,2,7
1900,5,2,7
1900,4,2,6
1900,3,0,3
1900,7,6,13
1900,4,0,4
1900,3,0,3
1900,4,0,4
1900,7,6,13
1900,2,1,3
1900,1,0,1
1900,14,1,15
1900,8,23,31
1900,1,0,1
1900,6,1,7
1900,4,1,5
1900,1,0,1
1900,5,3,8
1900,9,0,9
1900,7,3,10
1900,7,5,12
1900,8,1,9
1900,7,13,20
1900,9,4,13
1900,2,0,2
1900,3,10,13
1900,9,10,19
1900,8,12,20
1900,5,1,6
1900,8,3,11
1900,4,3,7
1900,8,7,15
1900,8,3,11
1900,3,2,5
1900,7,4,11
1900,6,5,11
1900,9,0,9
1900,8,3,11
1900,3,0,3
1900,7,7,14
1900,5,4,9
1900,4,4,8
1900,9,7,16
1900,12,11,23
1900,2,1,3
1900,3,1,4
1900,6,2,8
1900,5,18,23
1900,3,11,14
1900,2,13,15
1900,5,10,15
1900,3,2,5
1900,4,2,6
1900,7,4,11
1900,8,6,14
1900,9,2,11
1900,3,2,5
1900,8,4,12
1900,4,3,7
1900,17,1,18
1900,9,11,20
1900,9,4,13
1900,4,11,15
1900,6,10,16
1900,3,2,5
1900,8,5,13
1900,8,7,15
1900,8,6,14
1900,7,6,13
1900,5,10,15
1900,6,2,8
1900,2,0,2
1900,4,3,7
1900,9,8,17
1900,3,1,4
1900,3,1,4
1900,10,1,11
1900,8,7,15
1900,4,1,5
1900,4,3,7
1900,7,3,10
1900,3,0,3
1900,7,1,8
1900,3,0,3
1900,9,0,9
1900,8,6,14
1900,5,3,8
1900,6,3,9
1900,5,1,6
1900,5,2,7
1900,3,2,5
1900,7,3,10
1900,2,0,2
1900,1,0,1
1900,5,1,6
1900,8,1,9
1900,6,2,8
1900,3,2,5
1900,7,1,8
1900,6,4,10
1900,4,0,4
1900,7,4,11
1900,3,10,13
1900,7,6,13
1900,7,6,13
1900,5,0,5
1900,7,1,8
1900,6,2,8
1900,3,2,5
1900,4,4,8
1900,6,2,8
1900,8,5,13
1900,2,0,2
1900,6,3,9
1900,8,0,8
1900,3,1,4
1900,5,4,9
1900,5,3,8
1900,7,3,10
1900,5,2,7
1900,3,0,3
1900,8,4,12
1900,9,1,10
1900,2,1,3
1900,8,5,13
1900,4,2,6
1900,7,15,22
1900,5,4,9
1900,9,8,17
1900,8,16,24
1900,8,2,10
1900,6,3,9
1900,5,4,9
1900,3,2,5
1900,3,1,4
1900,2,11,13
1900,7,0,7
1900,8,0,8
1900,5,3,8
1900,6,5,11
1900,2,0,2
1900,1,0,1
1900,6,3,9
1900,9,2,11
1900,2,1,3
1900,6,10,16
1900,5,4,9
1900,3,2,5
1900,8,0,8
1900,6,5,11
1900,6,5,11
1900,3,14,17
1900,5,3,8
1900,3,3,6
1900,3,11,14
1900,9,4,13
1900,5,3,8
1900,11,1,12
1900,5,10,15
1900,5,2,7
1900,2,10,12
1900,2,1,3
1900,6,4,10
1900,2,1,3
1900,9,5,14
1900,7,10,17
1900,8,7,15
1900,14,1,15
1900,4,10,14
1900,6,11,17
1900,2,10,12
1900,4,10,14
1900,8,7,15
1900,9,0,9
1900,6,5,11
1900,4,3,7
1900,5,11,16
1900,8,13,21
1900,9,4,13
1900,12,1,13
1900,5,2,7
1900,3,11,14
1900,7,1,8
1900,9,2,11
1900,5,0,5
1900,4,11,15
1900,5,20,25
1900,6,6,12
1900,6,5,11
1900,5,3,8
1900,6,6,12
1900,7,15,22
1900,6,5,11
1900,2,1,3
1900,6,5,11
1900,5,2,7
1900,6,5,11
1900,8,12,20
1900,6,0,6
1900,5,2,7
1900,6,6,12
1900,7,4,11
1900,3,14,17
1900,3,3,6
1900,2,0,2
1900,6,4,10
1900,3,18,21
1900,9,1,10
1900,7,6,13
1900,9,10,19
1900,7,2,9
1900,9,13,22
1900,6,4,10
1900,6,5,11
1900,6,11,17
1900,2,0,2
1900,5,1,6
1900,5,4,9
1900,8,5,13
1900,7,3,10
1900,2,1,3
1900,6,5,11
1900,7,5,12
1900,8,1,9
1900,6,4,10
1900,3,12,15
1900,4,2,6
1900,4,1,5
1900,9,2,11
1900,5,14,19
1900,9,4,13
1900,6,4,10
1900,5,2,7
1900,8,7,15
1900,5,2,7
1900,3,2,5
1900,4,10,14
1900,4,3,7
1900,11,0,11
1900,6,10,16
1900,6,3,9
1900,7,3,10
1900,5,4,9
1900,5,4,9
1900,6,5,11
1900,7,6,13
1900,6,4,10
1900,8,1,9
1900,3,1,4
1900,9,6,15
1900,14,14,28
1900,1,0,1
1900,2,1,3
1900,8,0,8
1900,8,1,9
1900,8,1,9
1900,12,0,12
1900,8,7,15
1900,6,4,10
1900,4,2,6
1900,6,4,10
1900,4,1,5
1900,5,3,8
1900,7,3,10
1900,8,1,9
1900,3,3,6
1900,6,6,12
1900,7,10,17
1900,4,2,6
1900,2,1,3
1900,4,2,6
1900,4,1,5
1900,4,3,7
1900,4,3,7
1900,5,0,5
1900,4,2,6
1900,5,2,7
1900,7,7,14
1900,3,0,3
1900,6,2,8
1900,6,4,10
1900,5,4,9
1900,6,12,18
1900,5,4,9
1900,7,3,10
1900,2,1,3
1900,5,4,9
1900,6,1,7
1900,9,1,10
1900,4,1,5
1900,8,6,14
1900,4,3,7
1900,4,3,7
1900,7,2,9
1900,3,2,5
1900,4,13,17
1900,9,1,10
1900,8,0,8
1900,8,2,10
1900,8,4,12
1900,5,2,7
1900,7,4,11
1900,9,4,13
1900,2,1,3
1900,9,4,13
1900,5,4,9
1900,6,10,16
1900,1,0,1
1900,8,3,11
1900,7,5,12
1900,3,2,5
1900,7,0,7
1901,7,12,19
1901,2,10,12
1901,7,0,7
1901,8,7,15
1901,4,2,6
1901,9,11,20
1901,5,12,17
1901,9,3,12
1901,5,3,8
1901,4,10,14
1901,8,2,10
1901,9,10,19
1901,5,4,9
1901,7,3,10
1901,14,13,27
1901,6,10,16
1901,8,7,15
1901,6,5,11
1901,5,3,8
1901,5,1,6
1901,4,3,7
1901,6,12,18
1901,6,3,9
1901,4,10,14
1901,9,2,11
1901,9,13,22
1901,5,11,16
1901,5,1,6
1901,7,2,9
1901,13,1,14
1901,6,4,10
1901,12,11,23
1901,8,12,20
1901,3,2,5
1901,9,6,15
1901,4,3,7
1901,8,5,13
1901,14,13,27
1901,14,12,26
1901,5,2,7
1901,2,1,3
1901,4,2,6
1901,8,7,15
1901,8,6,14
1901,8,6,14
1901,3,2,5
1901,4,2,6
1901,6,12,18
1901,9,19,28
1901,6,3,9
1901,14,1,15
1901,6,1,7
1901,8,3,11
1901,7,3,10
1901,6,4,10
1901,5,4,9
1901,7,5,12
1901,9,7,16
1901,23,12,35
1901,3,2,5
1901,16,12,28
1901,4,11,15
1901,5,1,6
1901,2,1,3
1901,6,3,9
1901,3,11,14
1901,9,4,13
1901,6,10,16
1901,9,4,13
1901,8,4,12
1901,6,3,9
1901,4,11,15
1901,3,11,14
1901,7,11,18
1901,4,2,6
1901,4,4,8
1901,2,10,12
1901,4,2,6
1901,3,10,13
1901,7,21,28
1901,7,5,12
1901,3,2,5
1901,8,13,21
1901,5,4,9
1901,6,3,9
1901,4,0,4
1901,6,5,11
1901,9,5,14
1901,4,2,6
1901,8,0,8
1901,4,3,7
1901,9,2,11
1901,5,4,9
1901,14,10,24
1901,7,3,10
1901,5,1,6
1901,4,12,16
1901,7,6,13
1901,8,7,15
1901,3,14,17
1901,3,1,4
1901,9,8,17
1901,9,3,12
1901,5,2,7
1901,8,1,9
1901,9,3,12
1901,4,2,6
1901,7,6,13
1901,4,1,5
1901,5,4,9
1901,7,6,13
1901,3,0,3
1901,7,6,13
1901,3,2,5
1901,7,0,7
1901,9,4,13
1901,2,12,14
1901,9,4,13
1901,5,12,17
1901,6,3,9
1901,6,1,7
1901,7,5,12
1901,5,2,7
1901,5,14,19
1901,5,2,7
1901,6,5,11
1901,8,7,15
1901,5,4,9
1901,7,7,14
1901,3,2,5
1901,5,11,16
1901,3,2,5
1901,8,7,15
1901,4,3,7
1901,6,2,8
1901,11,1,12
1901,3,0,3
1901,3,2,5
1901,8,5,13
1901,4,0,4
1901,6,1,7
1901,8,2,10
1901,4,0,4
1901,6,5,11
1901,8,7,15
1901,6,4,10
1901,6,2,8
1901,14,1,15
1901,5,2,7
1901,3,11,14
1901,2,12,14
1901,5,12,17
1901,7,2,9
1901,9,10,19
1901,7,6,13
1901,7,6,13
1901,6,4,10
1901,4,0,4
1901,6,4,10
1901,8,7,15
1901,5,3,8
1901,9,7,16
1901,4,0,4
1901,6,11,17
1901,3,14,17
1901,2,11,13
1901,13,1,14
1901,6,4,10
1901,5,4,9
1901,5,11,16
1901,4,1,5
1901,2,1,3
1901,5,3,8
1901,5,4,9
1901,5,4,9
1901,4,3,7
1901,9,5,14
1901,6,5,11
1901,9,5,14
1901,2,1,3
1901,3,1,4
1901,9,2,11
1901,7,3,10
1901,9,11,20
1901,14,13,27
1901,4,2,6
1901,8,1,9
1901,6,10,16
1901,7,15,22
1901,6,4,10
1901,5,5,10
1901,3,0,3
1901,1,0,1
1901,5,3,8
1901,11,1,12
1901,6,5,11
1901,5,0,5
1901,6,5,11
1901,6,3,9
1901,5,0,5
1901,6,5,11
1901,3,10,13
1901,8,4,12
1901,8,3,11
1901,8,7,15
1901,5,14,19
1901,4,3,7
1901,1,0,1
1901,1,0,1
1901,7,4,11
1901,8,4,12
1901,4,3,7
1901,8,2,10
1901,4,3,7
1901,5,3,8
1901,8,3,11
1901,5,3,8
1901,3,1,4
1901,8,2,10
1901,7,10,17
1901,4,1,5
1901,5,2,7
1901,3,13,16
1901,6,4,10
1901,6,5,11
1901,2,1,3
1901,4,3,7
1901,5,2,7
1901,5,10,15
1901,15,14,29
1901,5,5,10
1901,3,3,6
1901,5,10,15
1901,9,2,11
1901,6,2,8
1901,3,1,4
1901,3,0,3
1901,2,1,3
1901,8,5,13
1901,4,3,7
1901,7,5,12
1901,6,1,7
1901,6,1,7
1901,8,11,19
1901,2,13,15
1901,5,3,8
1901,3,0,3
1901,5,4,9
1901,7,2,9
1901,2,1,3
1901,4,2,6
1901,11,1,12
1901,8,4,12
1901,3,2,5
1901,6,5,11
1901,7,3,10
1901,5,1,6
1901,9,1,10
1901,5,2,7
1901,4,3,7
1901,4,2,6
1901,1,1,2
1901,3,2,5
1901,7,4,11
1901,5,2,7
1901,4,3,7
1901,4,14,18
1901,4,2,6
1901,4,1,5
1901,4,3,7
1901,9,10,19
1901,4,2,6
1901,6,4,10
1901,3,2,5
1901,5,4,9
1901,8,3,11
1901,4,15,19
1901,5,13,18
1901,4,12,16
1901,5,4,9
1901,6,4,10
1901,6,1,7
1901,7,3,10
1901,8,3,11
1901,7,6,13
1901,25,13,38
1901,6,13,19
1901,7,4,11
1901,9,1,10
1901,9,5,14
1901,5,4,9
1901,3,1,4
1901,8,0,8
1901,13,10,23
1901,8,5,13
1901,8,4,12
1901,9,5,14
1901,3,2,5
1901,4,1,5
1901,4,0,4
1901,3,1,4
1901,3,1,4
1901,8,1,9
1901,4,2,6
1901,8,1,9
1901,6,6,12
1901,6,5,11
1901,5,2,7
1901,6,0,6
1901,6,0,6
1901,12,0,12
1901,6,11,17
1901,9,7,16
1901,8,4,12
1901,6,0,6
1901,6,2,8
1901,5,3,8
1901,5,10,15
1901,7,16,23
1901,4,1,5
1901,7,0,7
1901,7,1,8
1901,2,10,12
1901,4,12,16
1901,9,2,11
1901,5,4,9
1901,1,0,1
1901,3,2,5
1901,5,3,8
1901,4,4,8
1901,2,0,2
1901,5,11,16
1901,7,6,13
1901,11,1,12
1901,4,10,14
1901,9,8,17
1901,12,1,13
1901,8,12,20
1901,9,2,11
1901,4,11,15
1901,4,3,7
1901,5,10,15
1901,5,4,9
1901,9,5,14
1901,9,2,11
1901,6,10,16
1901,9,3,12
1901,5,3,8
1901,6,10,16
1901,6,2,8
1901,7,6,13
1901,5,5,10
1901,4,3,7
1901,6,2,8
1901,7,2,9
1901,7,2,9
1901,4,3,7
1901,8,1,9
1901,6,5,11
1901,2,0,2
1901,7,0,7
1901,6,4,10
1901,6,5,11
1901,4,2,6
1901,8,7,15
1901,4,3,7
1901,4,3,7
1901,3,21,24
1901,5,3,8
1901,3,2,5
1901,4,0,4
1901,4,1,5
1901,3,10,13
1901,3,10,13
1901,8,1,9
1901,6,16,22
1901,5,2,7
1901,4,2,6
1901,6,2,8
1901,3,13,16
1901,6,4,10
1901,6,3,9
1901,2,0,2
1901,8,17,25
1901,7,1,8
1901,2,1,3
1901,8,2,10
1901,3,2,5
1901,7,5,12
1901,8,0,8
1901,19,1,20
1901,9,8,17
1901,4,2,6
1901,4,2,6
1901,5,2,7
1901,9,4,13
1901,8,12,20
1901,5,0,5
1901,3,0,3
1901,3,1,4
1901,3,16,19
1901,3,2,5
1901,8,5,13
1901,6,2,8
1901,5,4,9
1901,9,5,14
1901,8,7,15
1901,8,7,15
1901,5,1,6
1901,4,3,7
1901,7,5,12
1901,4,0,4
1901,7,16,23
1901,4,3,7
1901,2,0,2
1901,6,3,9
1901,5,3,8
1901,4,10,14
1901,7,6,13
1901,4,0,4
1901,11,10,21
1901,4,2,6
1901,6,5,11
1901,15,13,28
1901,7,4,11
1901,7,4,11
1901,5,11,16
1901,4,1,5
1901,5,0,5
1901,14,1,15
1901,5,4,9
1901,7,2,9
1901,4,2,6
1901,7,0,7
1901,7,5,12
1901,8,10,18
1901,9,1,10
1901,4,2,6
1901,8,5,13
1901,6,4,10
1901,1,0,1
1901,13,13,26
1901,8,10,18
1901,4,2,6
1901,10,1,11
1901,3,2,5
1901,6,4,10
1901,6,2,8
1901,5,3,8
1901,6,10,16
1901,9,1,10
1901,4,3,7
1901,7,5,12
1901,9,7,16
1901,2,10,12
1901,8,3,11
1901,5,3,8
1901,9,10,19
1901,2,0,2
1901,6,4,10
1901,8,2,10
1901,6,5,11
1901,5,1,6
1901,8,7,15
1901,6,5,11
1901,5,3,8
1901,12,0,12
1901,6,2,8
1901,1,0,1
1901,2,1,3
1901,5,12,17
1901,4,3,7
1901,6,2,8
1901,8,4,12
1901,5,3,8
1901,7,2,9
1901,3,2,5
1901,7,0,7
1901,8,6,14
1901,4,1,5
1901,6,11,17
1901,6,5,11
1901,8,5,13
1901,6,2,8
1901,9,14,23
1901,8,5,13
1901,6,5,11
1901,8,3,11
1901,2,0,2
1901,3,1,4
1901,2,1,3
1901,9,3,12
1901,8,7,15
1901,5,0,5
1901,7,6,13
1901,6,3,9
1901,5,4,9
1901,11,1,12
1901,9,17,26
1901,9,4,13
1901,5,3,8
1901,3,1,4
1901,6,13,19
1901,6,2,8
1901,3,0,3
1901,7,4,11
1901,5,4,9
1901,1,0,1
1901,3,1,4
1901,5,1,6
1901,4,1,5
1901,4,3,7
1901,5,4,9
1901,6,1,7
1901,5,1,6
1901,5,0,5
1901,6,2,8
1901,14,12,26
1901,5,3,8
1901,14,1,15
1901,7,0,7
1901,8,6,14
1901,5,2,7
1901,4,2,6
1901,3,2,5
1901,3,2,5
1901,7,6,13
1901,9,8,17
1901,19,12,31
1901,6,1,7
1901,5,3,8
1901,8,2,10
1901,4,0,4
1901,3,1,4
1901,7,0,7
1901,5,0,5
1901,6,5,11
1901,3,2,5
1901,7,3,10
1901,4,1,5
1901,4,3,7
1901,6,1,7
1901,5,0,5
1901,4,2,6
1901,8,10,18
1901,8,5,13
1901,6,3,9
1901,4,2,6
1901,7,4,11
1901,9,3,12
1901,2,10,12
1901,4,3,7
1901,5,1,6
1901,7,3,10
1901,2,1,3
1901,6,5,11
1901,9,1,10
1901,6,5,11
1901,13,1,14
1901,6,5,11
1901,8,6,14
1901,2,1,3
1901,4,3,7
1901,8,2,10
1901,7,4,11
1901,5,2,7
1901,6,2,8
1901,2,1,3
1901,7,3,10
1901,3,1,4
1901,5,4,9
1901,8,1,9
1901,8,6,14
1901,7,2,9
1901,5,1,6
1901,9,7,16
1901,8,6,14
1901,13,11,24
1901,2,15,17
1901,2,10,12
1901,9,4,13
1901,5,2,7
1901,4,3,7
1901,6,10,16
1901,7,5,12
1901,2,15,17
1901,2,1,3
1901,6,3,9
1901,6,5,11
1901,5,3,8
1901,3,2,5
1901,6,5,11
1901,6,10,16
1901,4,4,8
1901,9,7,16
1901,8,3,11
1901,2,1,3
1901,9,2,11
1901,6,5,11
1901,8,10,18
1901,3,17,20
1901,9,6,15
1901,5,12,17
1901,4,3,7
1901,4,1,5
1901,2,11,13
1901,2,1,3
1901,4,1,5
1901,5,1,6
1901,4,3,7
1901,6,2,8
1901,5,0,5
1901,7,3,10
1901,9,5,14
1901,5,3,8
1901,2,1,3
1901,5,2,7
1901,6,1,7
1901,4,2,6
1901,4,3,7
1901,7,12,19
1901,8,7,15
1901,9,3,12
1901,4,3,7
1901,1,0,1
1901,7,0,7
1901,3,1,4
1901,2,1,3
1901,4,3,7
1901,7,4,11
1901,6,4,10
1901,1,0,1
1901,9,4,13
1901,5,3,8
1901,4,1,5
1901,3,2,5
1901,5,10,15
1901,9,1,10
1901,5,4,9
1901,7,6,13
1901,8,0,8
1901,8,3,11
1901,5,4,9
1901,5,4,9
1901,5,11,16
1901,6,2,8
1901,3,0,3
1901,5,0,5
1901,2,0,2
1901,5,4,9
1901,13,10,23
1901,6,5,11
1901,8,4,12
1901,2,1,3
1901,9,8,17
1901,4,0,4
1901,5,1,6
1901,8,6,14
1901,5,4,9
1901,4,1,5
1901,7,0,7
1901,7,0,7
1901,5,3,8
1901,16,0,16
1901,6,5,11
1901,8,5,13
1901,5,0,5
1901,8,6,14
1901,5,2,7
1901,8,7,15
1901,5,0,5
1901,7,4,11
1901,7,4,11
1901,9,5,14
1901,4,3,7
1901,6,3,9
1901,4,3,7
1901,4,11,15
1901,3,1,4
1901,9,0,9
1901,2,1,3
1901,6,3,9
1901,7,10,17
1901,4,19,23
1901,6,3,9
1901,10,0,10
1901,3,10,13
1901,2,0,2
1901,6,20,26
1901,5,3,8
1901,6,2,8
1901,8,4,12
1901,8,1,9
1901,5,10,15
1901,4,10,14
1901,6,3,9
1901,5,4,9
1901,9,3,12
1901,4,1,5
1901,7,3,10
1901,9,3,12
1901,2,0,2
1901,7,0,7
1901,5,2,7
1901,2,0,2
1901,5,3,8
1901,8,18,26
1901,3,0,3
1901,4,1,5
1901,6,11,17
1901,7,14,21
1901,7,6,13
1901,9,11,20
1901,6,2,8
1901,4,3,7
1901,6,13,19
1901,8,3,11
1901,12,1,13
1901,2,13,15
1901,4,1,5
1901,5,4,9
1901,9,4,13
1901,6,4,10
1901,4,3,7
1901,9,4,13
1901,8,5,13
1901,7,11,18
1901,4,3,7
1901,5,3,8
1901,8,5,13
1901,9,4,13
1901,13,0,13
1901,4,3,7
1901,5,1,6
1901,5,16,21
1901,3,2,5
1901,6,0,6
1901,7,1,8
1901,2,17,19
1901,6,4,10
1901,8,5,13
1901,4,3,7
1901,8,2,10
1901,4,0,4
1901,14,1,15
1901,3,0,3
1901,6,4,10
1901,5,1,6
1901,9,0,9
1901,4,2,6
1901,5,4,9
1901,5,2,7
1901,8,3,11
1901,3,0,3
1901,8,4,12
1901,9,5,14
1901,3,2,5
1901,5,5,10
1901,6,4,10
1901,4,2,6
1901,1,0,1
1901,6,2,8
1901,4,1,5
1901,2,10,12
1901,3,1,4
1901,5,1,6
1901,3,2,5
1901,4,2,6
1901,4,2,6
1901,6,1,7
1901,8,5,13
1901,6,4,10
1901,2,0,2
1901,3,2,5
1901,5,0,5
1901,6,3,9
1901,5,1,6
1901,2,0,2
1901,5,4,9
1901,8,5,13
1901,4,3,7
1901,6,5,11
1901,6,11,17
1901,2,0,2
1901,9,5,14
1901,5,2,7
1901,5,2,7
1901,6,0,6
1901,3,0,3
1901,7,3,10
1901,4,1,5
1901,3,2,5
1901,2,14,16
1901,9,3,12
1901,8,5,13
1901,5,2,7
1901,9,1,10
1901,8,7,15
1901,7,3,10
1901,6,2,8
1901,4,3,7
1901,8,0,8
1901,6,5,11
1901,4,3,7
1901,7,1,8
1901,5,4,9
1901,6,3,9
1901,1,0,1
1901,4,3,7
1901,4,3,7
1901,6,4,10
1901,5,1,6
1901,7,6,13
1901,4,1,5
1901,7,2,9
1901,4,10,14
1901,4,2,6
1901,5,13,18
1901,5,1,6
1901,1,0,1
1901,5,3,8
1901,6,3,9
1901,5,3,8
1901,6,3,9
1901,2,0,2
1901,4,3,7
1901,4,11,15
1901,3,1,4
1901,5,2,7
1901,8,1,9
1901,5,5,10
1901,2,1,3
1901,4,3,7
1901,3,0,3
1901,3,2,5
1901,7,5,12
1901,5,3,8
1901,5,4,9
1901,7,1,8
1901,5,0,5
1901,8,11,19
1901,4,2,6
1901,5,1,6
1901,5,4,9
1901,3,0,3
1901,4,13,17
1901,9,7,16
1901,4,1,5
1901,7,4,11
1901,5,1,6
1901,13,11,24
1901,5,3,8
1901,7,6,13
1901,4,1,5
1901,2,1,3
1901,4,3,7
1901,5,5,10
1901,5,4,9
1901,3,1,4
1901,8,0,8
1901,7,5,12
1901,2,0,2
1901,2,12,14
1901,5,2,7
1901,4,16,20
1901,7,0,7
1901,6,5,11
1901,4,4,8
1901,6,1,7
1901,4,2,6
1901,5,1,6
1901,5,2,7
1901,4,15,19
1901,6,3,9
1901,9,4,13
1901,2,1,3
1901,5,11,16
1901,5,3,8
1901,3,0,3
1901,2,0,2
1901,9,10,19
1901,9,4,13
1901,4,1,5
1901,5,2,7
1901,7,4,11
1901,2,1,3
1901,2,1,3
1901,6,1,7
1901,3,1,4
1901,4,3,7
1901,6,1,7
1901,8,3,11
1901,8,7,15
1901,5,2,7
1901,3,2,5
1901,1,0,1
1901,4,0,4
1901,4,2,6
1901,10,0,10
1901,6,1,7
1901,4,10,14
1901,7,3,10
1901,3,2,5
1901,9,5,14
1901,5,4,9
1901,9,1,10
1901,6,4,10
1901,6,12,18
1901,3,10,13
1901,5,4,9
1901,3,2,5
1901,6,5,11
1901,4,3,7
1901,9,7,16
1901,3,1,4
1901,9,11,20
1901,9,2,11
1901,4,2,6
1901,15,1,16
1901,7,15,22
1901,7,4,11
1901,13,1,14
1901,9,3,12
1901,5,3,8
1901,7,10,17
1901,7,4,11
1901,8,3,11
1901,2,15,17
1901,4,13,17
1901,3,2,5
1901,3,0,3
1901,8,2,10
1901,4,1,5
1901,2,1,3
1901,4,1,5
1901,7,4,11
1901,9,2,11
1901,8,20,28
1901,5,2,7
1901,4,1,5
1901,4,3,7
1901,8,5,13
1901,6,4,10
1901,7,4,11
1901,8,0,8
1901,5,3,8
1901,4,3,7
1901,6,4,10
1901,4,1,5
1901,8,4,12
1901,5,1,6
1901,3,11,14
1901,5,11,16
1901,4,3,7
1901,6,2,8
1901,7,0,7
1901,4,1,5
1901,6,3,9
1901,3,3,6
1901,8,5,13
1901,5,4,9
1901,6,3,9
1901,4,2,6
1901,6,2,8
1901,9,0,9
1901,4,3,7
1901,5,4,9
1901,5,4,9
1901,4,3,7
1901,5,1,6
1901,4,0,4
1901,5,3,8
1901,9,10,19
1901,6,6,12
1901,12,10,22
1901,5,3,8
1901,4,2,6
1901,2,1,3
1901,1,0,1
1901,5,3,8
1901,7,0,7
1901,3,1,4
1901,3,0,3
1901,8,7,15
1901,1,0,1
1901,5,1,6
1901,5,3,8
1901,12,1,13
1901,9,2,11
1901,5,3,8
1901,7,2,9
1901,3,2,5
1901,5,3,8
1901,8,4,12
1901,5,4,9
1901,9,4,13
1901,6,13,19
1901,3,0,3
1901,21,0,21
1901,6,5,11
1901,7,5,12
1901,3,2,5
1901,4,2,6
1901,2,10,12
1901,3,2,5
1901,5,0,5
1901,6,10,16
1901,7,2,9
1901,4,1,5
1901,3,10,13
1901,5,1,6
1901,5,1,6
1901,9,2,11
1901,5,3,8
1901,5,2,7
1901,3,1,4
1901,7,0,7
1901,8,3,11
1901,10,1,11
1901,7,2,9
1901,8,2,10
1901,9,8,17
1901,5,2,7
1901,7,2,9
1901,3,1,4
1901,1,0,1
1901,5,1,6
1901,4,10,14
1901,4,2,6
1901,3,1,4
1901,7,18,25
1901,3,11,14
1901,9,15,24
1901,13,0,13
1901,2,10,12
1901,5,3,8
1901,5,4,9
1901,5,4,9
1901,5,4,9
1901,9,2,11
1901,3,1,4
1901,6,25,31
1901,5,3,8
1901,5,4,9
1901,9,3,12
1901,6,3,9
1901,7,3,10
1901,6,11,17
1901,8,3,11
1901,4,0,4
1901,2,16,18
1901,5,4,9
1901,9,14,23
1901,4,3,7
1901,4,1,5
1901,8,5,13
1901,5,2,7
1901,4,3,7
1901,9,2,11
1901,6,4,10
1901,5,10,15
1901,2,1,3
1901,3,2,5
1901,9,10,19
1901,3,2,5
1901,5,1,6
1901,7,2,9
1901,3,10,13
1901,4,3,7
1901,6,4,10
1901,5,3,8
1901,6,4,10
1901,7,2,9
1901,5,4,9
1901,1,0,1
1901,6,14,20
1901,5,4,9
1901,9,0,9
1901,6,4,10
1901,5,2,7
1901,8,3,11
1901,9,10,19
1901,5,2,7
1901,9,12,21
1901,3,1,4
1901,5,4,9
1901,4,1,5
1901,2,1,3
1901,2,1,3
1901,9,4,13
1901,3,2,5
1901,2,10,12
1901,2,1,3
1901,5,1,6
1901,4,12,16
1901,6,5,11
1901,4,0,4
1901,6,2,8
1901,9,0,9
1901,3,2,5
1901,5,3,8
1901,8,4,12
1901,8,0,8
1901,4,2,6
1901,2,1,3
1901,7,3,10
1901,9,5,14
1901,3,1,4
1901,9,3,12
1902,2,1,3
1902,6,1,7
1902,7,0,7
1902,1,0,1
1902,4,10,14
1902,5,2,7
1902,9,2,11
1902,7,6,13
1902,3,1,4
1902,5,3,8
1902,9,5,14
1902,6,4,10
1902,4,10,14
1902,2,1,3
1902,2,10,12
1902,4,3,7
1902,6,3,9
1902,8,2,10
1902,7,3,10
1902,4,1,5
1902,4,3,7
1902,8,1,9
1902,2,12,14
1902,5,4,9
1902,8,4,12
1902,3,11,14
1902,5,2,7
1902,7,3,10
1902,6,2,8
1902,5,0,5
1902,9,2,11
1902,8,4,12
1902,6,16,22
1902,5,3,8
1902,4,2,6
1902,3,11,14
1902,6,5,11
1902,9,8,17
1902,8,2,10
1902,4,2,6
1902,10,0,10
1902,4,15,19
1902,6,2,8
1902,4,14,18
1902,4,1,5
1902,9,13,22
1902,7,0,7
1902,3,0,3
1902,7,15,22
1902,9,0,9
1902,2,0,2
1902,5,3,8
1902,6,1,7
1902,7,3,10
1902,9,3,12
1902,2,0,2
1902,4,1,5
1902,9,12,21
1902,4,2,6
1902,6,0,6
1902,3,11,14
1902,7,2,9
1902,5,4,9
1902,4,0,4
1902,6,5,11
1902,7,4,11
1902,1,0,1
1902,7,11,18
1902,6,4,10
1902,5,0,5
1902,4,1,5
1902,3,0,3
1902,6,18,24
1902,3,2,5
1902,6,3,9
1902,6,14,20
1902,4,2,6
1902,5,2,7
1902,7,3,10
1902,5,1,6
1902,7,6,13
1902,4,1,5
1902,7,0,7
1902,10,1,11
1902,6,1,7
1902,6,3,9
1902,9,3,12
1902,9,5,14
1902,5,3,8
1902,2,11,13
1902,2,1,3
1902,5,2,7
1902,4,1,5
1902,5,2,7
1902,6,2,8
1902,1,0,1
1902,7,5,12
1902,5,4,9
1902,6,2,8
1902,6,3,9
1902,11,0,11
1902,8,12,20
1902,4,0,4
1902,7,3,10
1902,5,4,9
1902,4,2,6
1902,6,5,11
1902,4,3,7
1902,3,1,4
1902,5,1,6
1902,4,10,14
1902,2,0,2
1902,4,1,5
1902,5,0,5
1902,6,3,9
1902,4,1,5
1902,2,1,3
1902,5,4,9
1902,5,0,5
1902,4,3,7
1902,8,12,20
1902,3,2,5
1902,6,13,19
1902,12,1,13
1902,6,5,11
1902,3,1,4
1902,8,5,13
1902,4,13,17
1902,8,4,12
1902,6,5,11
1902,3,0,3
1902,10,0,10
1902,9,10,19
1902,5,4,9
1902,9,4,13
1902,2,0,2
1902,8,5,13
1902,7,2,9
1902,5,4,9
1902,8,2,10
1902,4,2,6
1902,2,1,3
1902,3,10,13
1902,2,0,2
1902,24,2,26
1902,4,3,7
1902,7,3,10
1902,3,1,4
1902,2,12,14
1902,3,2,5
1902,6,5,11
1902,3,2,5
1902,5,1,6
1902,5,10,15
1902,7,10,17
1902,4,1,5
1902,8,7,15
1902,8,4,12
1902,6,3,9
1902,5,1,6
1902,6,2,8
1902,9,7,16
1902,4,2,6
1902,2,1,3
1902,5,0,5
1902,5,3,8
1902,2,1,3
1902,6,1,7
1902,9,5,14
1902,7,5,12
1902,7,5,12
1902,6,2,8
1902,3,1,4
1902,6,1,7
1902,14,0,14
1902,9,3,12
1902,4,2,6
1902,2,2,4
1902,3,11,14
1902,15,1,16
1902,19,11,30
1902,6,5,11
1902,5,2,7
1902,4,2,6
1902,5,0,5
1902,1,0,1
1902,2,1,3
1902,6,5,11
1902,2,1,3
1902,3,1,4
1902,6,5,11
1902,4,3,7
1902,4,2,6
1902,2,1,3
1902,4,3,7
1902,3,1,4
1902,12,11,23
1902,4,3,7
1902,5,4,9
1902,3,1,4
1902,4,3,7
1902,6,5,11
1902,9,5,14
1902,9,11,20
1902,6,0,6
1902,7,1,8
1902,9,1,10
1902,3,2,5
1902,6,3,9
1902,5,2,7
1902,6,2,8
1902,2,1,3
1902,6,10,16
1902,7,5,12
1902,6,0,6
1902,5,3,8
1902,2,1,3
1902,9,15,24
1902,6,1,7
1902,11,1,12
1902,5,1,6
1902,3,1,4
1902,5,0,5
1902,8,3,11
1902,3,0,3
1902,8,6,14
1902,5,4,9
1902,6,3,9
1902,7,1,8
1902,6,2,8
1902,2,11,13
1902,7,1,8
1902,5,2,7
1902,6,2,8
1902,1,0,1
1902,4,11,15
1902,4,3,7
1902,5,1,6
1902,7,2,9
1902,6,5,11
1902,6,2,8
1902,8,0,8
1902,5,4,9
1902,6,4,10
1902,4,16,20
1902,4,12,16
1902,7,10,17
1902,5,10,15
1902,12,0,12
1902,7,1,8
1902,3,10,13
1902,5,4,9
1902,6,0,6
1902,7,11,18
1902,4,11,15
1902,8,6,14
1902,4,0,4
1902,8,2,10
1902,3,1,4
1902,9,3,12
1902,3,2,5
1902,6,3,9
1902,7,13,20
1902,2,1,3
1902,2,1,3
1902,3,0,3
1902,7,6,13
1902,9,3,12
1902,4,1,5
1902,8,3,11
1902,14,1,15
1902,4,2,6
1902,6,1,7
1902,5,4,9
1902,12,0,12
1902,7,6,13
1902,2,1,3
1902,9,11,20
1902,4,12,16
1902,9,7,16
1902,4,3,7
1902,2,0,2
1902,6,2,8
1902,5,2,7
1902,7,3,10
1902,4,3,7
1902,4,3,7
1902,3,0,3
1902,7,4,11
1902,6,13,19
1902,7,6,13
1902,4,0,4
1902,3,0,3
1902,3,2,5
1902,4,3,7
1902,3,11,14
1902,9,4,13
1902,5,3,8
1902,6,3,9
1902,4,3,7
1902,3,14,17
1902,4,4,8
1902,8,5,13
1902,2,1,3
1902,5,3,8
1902,7,3,10
1902,9,1,10
1902,6,0,6
1902,5,1,6
1902,7,0,7
1902,4,3,7
1902,7,14,21
1902,6,2,8
1902,3,2,5
1902,7,1,8
1902,6,5,11
1902,3,2,5
1902,2,1,3
1902,5,10,15
1902,5,10,15
1902,5,3,8
1902,5,3,8
1902,8,3,11
1902,5,4,9
1902,4,3,7
1902,7,10,17
1902,8,4,12
1902,3,2,5
1902,10,1,11
1902,5,4,9
1902,3,2,5
1902,3,2,5
1902,4,3,7
1902,5,2,7
1902,3,2,5
1902,6,3,9
1902,5,0,5
1902,3,1,4
1902,5,2,7
1902,5,4,9
1902,9,3,12
1902,6,1,7
1902,3,12,15
1902,9,8,17
1902,4,3,7
1902,9,0,9
1902,6,4,10
1902,4,0,4
1902,7,5,12
1902,4,0,4
1902,11,1,12
1902,4,3,7
1902,3,0,3
1902,2,1,3
1902,6,3,9
1902,9,2,11
1902,4,1,5
1902,6,1,7
1902,5,4,9
1902,5,2,7
1902,2,11,13
1902,9,4,13
1902,12,1,13
1902,5,10,15
1902,6,4,10
1902,6,4,10
1902,9,4,13
1902,6,5,11
1902,7,3,10
1902,4,3,7
1902,6,3,9
1902,2,13,15
1902,6,2,8
1902,4,0,4
1902,4,3,7
1902,2,2,4
1902,8,3,11
1902,9,4,13
1902,2,0,2
1902,4,1,5
1902,5,1,6
1902,9,6,15
1902,2,0,2
1902,7,5,12
1902,5,3,8
1902,4,1,5
1902,6,1,7
1902,3,2,5
1902,6,3,9
1902,3,1,4
1902,2,0,2
1902,8,5,13
1902,3,0,3
1902,3,2,5
1902,3,11,14
1902,9,14,23
1902,4,1,5
1902,4,3,7
1902,4,14,18
1902,5,1,6
1902,3,2,5
1902,2,1,3
1902,3,2,5
1902,7,2,9
1902,6,4,10
1902,7,5,12
1902,7,4,11
1902,8,1,9
1902,5,1,6
1902,7,2,9
1902,8,0,8
1902,6,4,10
1902,6,1,7
1902,7,3,10
1902,4,12,16
1902,5,2,7
1902,8,1,9
1902,4,3,7
1902,7,6,13
1902,8,6,14
1902,4,3,7
1902,3,1,4
1902,10,0,10
1902,4,3,7
1902,7,3,10
1902,7,3,10
1902,3,2,5
1902,8,1,9
1902,5,2,7
1902,4,1,5
1902,4,2,6
1902,6,3,9
1902,9,7,16
1902,2,1,3
1902,7,1,8
1902,6,4,10
1902,4,2,6
1902,9,4,13
1902,5,4,9
1902,5,4,9
1902,9,8,17
1902,4,3,7
1902,4,2,6
1902,6,0,6
1902,2,1,3
1902,8,0,8
1902,2,17,19
1902,3,3,6
1902,8,4,12
1902,8,4,12
1902,9,2,11
1902,2,1,3
1902,8,6,14
1902,4,1,5
1902,3,1,4
1902,3,0,3
1902,8,3,11
1902,2,0,2
1902,4,3,7
1902,8,3,11
1902,2,1,3
1902,7,2,9
1902,4,3,7
1902,2,1,3
1902,3,1,4
1902,4,3,7
1902,6,4,10
1902,4,2,6
1902,2,1,3
1902,9,7,16
1902,5,3,8
1902,5,3,8
1902,5,4,9
1902,2,10,12
1902,3,2,5
1902,3,1,4
1902,6,2,8
1902,7,2,9
1902,5,4,9
1902,4,3,7
1902,4,2,6
1902,3,1,4
1902,9,12,21
1902,3,0,3
1902,4,0,4
1902,7,5,12
1902,2,0,2
1902,5,4,9
1902,2,11,13
1902,5,4,9
1902,6,4,10
1902,6,1,7
1902,9,5,14
1902,2,0,2
1902,1,0,1
1902,6,2,8
1902,8,3,11
1902,3,14,17
1902,2,1,3
1902,7,1,8
1902,13,0,13
1902,4,2,6
1902,5,0,5
1902,8,5,13
1902,5,3,8
1902,8,1,9
1902,9,22,31
1902,1,0,1
1902,2,0,2
1902,5,4,9
1902,2,1,3
1902,5,0,5
1902,5,4,9
1902,3,2,5
1902,3,2,5
1902,6,4,10
1902,4,11,15
1902,4,2,6
1902,2,0,2
1902,8,2,10
1902,3,1,4
1902,5,5,10
1902,3,1,4
1902,4,0,4
1902,6,3,9
1902,2,0,2
1902,3,1,4
1902,2,2,4
1902,7,3,10
1902,2,1,3
1902,8,4,12
1902,4,2,6
1902,9,6,15
1902,8,2,10
1902,6,3,9
1902,4,3,7
1902,4,3,7
1902,7,4,11
1902,4,3,7
1902,6,3,9
1902,9,5,14
1902,3,2,5
1902,4,0,4
1902,3,0,3
1902,4,1,5
1902,7,4,11
1902,5,0,5
1902,5,1,6
1902,4,0,4
1902,3,1,4
1902,2,1,3
1902,2,0,2
1902,6,0,6
1902,4,3,7
1902,4,1,5
1902,9,2,11
1902,9,10,19
1902,6,13,19
1902,2,0,2
1902,8,4,12
1902,2,10,12
1902,9,3,12
1902,5,0,5
1902,4,3,7
1902,5,4,9
1902,6,5,11
1902,5,2,7
1902,7,1,8
1902,7,2,9
1902,9,4,13
1902,9,1,10
1902,2,0,2
1902,8,13,21
1902,3,2,5
1902,6,3,9
1902,7,4,11
1902,8,2,10
1902,6,10,16
1902,9,2,11
1902,4,3,7
1902,4,14,18
1902,2,1,3
1902,7,6,13
1902,2,0,2
1902,2,1,3
1902,2,0,2
1902,5,4,9
1902,4,3,7
1902,9,3,12
1902,5,0,5
1902,2,1,3
1902,6,4,10
1902,8,6,14
1902,6,2,8
1902,8,0,8
1902,5,3,8
1902,10,1,11
1902,11,10,21
1902,7,2,9
1902,2,1,3
1902,7,5,12
1902,4,1,5
1902,7,5,12
1902,3,0,3
1902,9,1,10
1902,9,4,13
1902,9,3,12
1902,7,6,13
1902,7,5,12
1902,3,2,5
1902,4,1,5
1902,3,0,3
1902,5,2,7
1902,4,10,14
1902,6,5,11
1902,4,3,7
1902,2,0,2
1902,2,1,3
1902,3,2,5
1902,5,4,9
1902,3,1,4
1902,4,15,19
1902,5,4,9
1902,6,3,9
1902,4,0,4
1902,6,1,7
1902,2,0,2
1902,6,3,9
1902,9,8,17
1902,4,1,5
1902,5,1,6
1902,4,0,4
1902,3,2,5
1902,3,1,4
1902,5,1,6
1902,9,10,19
1902,6,1,7
1902,7,6,13
1902,5,15,20
1902,8,1,9
1902,2,0,2
1902,9,4,13
1902,2,12,14
1902,8,7,15
1902,6,5,11
1902,14,1,15
1902,6,1,7
1902,5,1,6
1902,3,1,4
1902,2,1,3
1902,5,2,7
1902,5,1,6
1902,1,0,1
1902,3,1,4
1902,1,0,1
1902,2,1,3
1902,3,0,3
1902,6,0,6
1902,3,0,3
1902,9,1,10
1902,3,2,5
1902,1,0,1
1902,4,4,8
1902,6,6,12
1902,6,1,7
1902,7,6,13
1902,6,3,9
1902,13,0,13
1902,4,3,7
1902,4,2,6
1902,3,2,5
1902,4,3,7
1902,5,11,16
1902,2,1,3
1902,3,1,4
1902,2,1,3
1902,8,3,11
1902,5,2,7
1902,2,1,3
1902,8,0,8
1902,7,2,9
1902,12,0,12
1902,4,1,5
1902,3,1,4
1902,5,2,7
1902,9,11,20
1902,9,3,12
1902,3,1,4
1902,1,0,1
1902,8,7,15
1902,1,0,1
1902,6,1,7
1902,9,7,16
1902,7,2,9
1902,8,2,10
1902,5,4,9
1902,5,4,9
1902,4,3,7
1902,7,6,13
1902,5,2,7
1902,3,0,3
1902,11,1,12
1902,8,7,15
1902,5,2,7
1902,5,4,9
1902,2,1,3
1902,2,0,2
1902,7,6,13
1902,11,1,12
1902,9,2,11
1902,4,1,5
1902,3,3,6
1902,3,2,5
1902,4,12,16
1902,6,3,9
1902,5,10,15
1902,5,2,7
1902,5,4,9
1902,2,0,2
1902,6,0,6
1902,6,4,10
1902,8,0,8
1902,4,1,5
1902,7,0,7
1902,8,2,10
1902,8,7,15
1902,7,0,7
1902,4,3,7
1902,8,2,10
1902,5,3,8
1902,1,0,1
1902,4,12,16
1902,5,4,9
1902,9,1,10
1902,6,3,9
1902,3,0,3
1902,5,4,9
1902,17,11,28
1902,1,0,1
1902,3,3,6
1902,8,1,9
1902,5,4,9
1902,11,0,11
1902,6,3,9
1902,3,2,5
1902,9,12,21
1902,4,14,18
1902,9,0,9
1902,4,2,6
1902,8,6,14
1902,6,1,7
1902,4,3,7
1902,4,2,6
1902,8,0,8
1902,9,0,9
1902,4,2,6
1902,7,5,12
1902,8,7,15
1902,3,1,4
1902,6,2,8
1902,6,1,7
1902,6,3,9
1902,4,3,7
1902,5,1,6
1902,5,4,9
1902,5,1,6
1902,2,1,3
1902,4,11,15
1902,5,2,7
1902,6,2,8
1902,2,1,3
1902,5,12,17
1902,7,1,8
1902,6,3,9
1902,3,1,4
1902,2,1,3
1902,4,2,6
1902,6,2,8
1902,4,10,14
1902,4,3,7
1902,3,2,5
1902,3,1,4
1902,2,1,3
1902,7,7,14
1902,11,1,12
1902,4,4,8
1902,5,0,5
1902,2,11,13
1902,5,12,17
1902,7,4,11
1902,6,3,9
1902,4,11,15
1902,8,5,13
1902,8,7,15
1902,5,2,7
1902,5,4,9
1902,6,0,6
1902,7,1,8
1902,5,4,9
1902,7,6,13
1902,6,3,9
1902,4,2,6
1902,2,10,12
1902,15,1,16
1902,4,1,5
1902,1,0,1
1902,3,2,5
1902,6,10,16
1902,6,5,11
1902,4,1,5
1902,2,0,2
1902,7,4,11
1902,5,12,17
1902,2,0,2
1902,8,1,9
1902,6,1,7
1902,7,4,11
1902,6,4,10
1902,2,10,12
1902,8,1,9
1902,5,2,7
1902,3,2,5
1902,4,12,16
1902,2,14,16
1902,7,1,8
1902,9,6,15
1902,8,14,22
1902,1,0,1
1902,5,14,19
1902,9,7,16
1902,12,1,13
1902,9,8,17
1902,4,3,7
1902,6,2,8
1902,7,2,9
1902,8,5,13
1902,8,6,14
1902,9,4,13
1902,4,3,7
1902,6,21,27
1902,8,0,8
1902,5,4,9
1902,3,2,5
1902,7,3,10
1902,8,6,14
1902,8,6,14
1902,7,10,17
1902,10,0,10
1902,2,13,15
1902,6,0,6
1902,2,13,15
1902,8,1,9
1902,3,0,3
1902,8,7,15
1902,6,4,10
1902,2,1,3
1902,7,2,9
1902,5,4,9
1902,4,1,5
1902,5,4,9
1902,5,3,8
1902,4,0,4
1902,3,11,14
1902,1,0,1
1902,4,0,4
1902,6,10,16
1902,10,1,11
1902,4,2,6
1902,6,1,7
1902,6,2,8
1902,9,3,12
1902,7,1,8
1902,4,2,6
1902,4,3,7
1902,4,2,6
1902,6,5,11
1902,2,13,15
1902,4,0,4
1902,11,1,12
1902,3,2,5
1902,3,2,5
1902,8,2,10
1902,2,11,13
1902,3,1,4
1902,7,10,17
1902,1,0,1
1902,3,2,5
1902,4,3,7
1902,8,7,15
1902,7,6,13
1902,7,4,11
1902,8,4,12
1902,5,5,10
1902,10,0,10
1902,8,0,8
1902,4,2,6
1902,13,1,14
1902,6,4,10
1902,8,2,10
1902,3,11,14
1902,6,1,7
1902,5,1,6
1902,4,3,7
1902,5,3,8
1902,3,0,3
1902,5,2,7
1902,4,2,6
1902,9,2,11
1902,7,23,30
1902,5,1,6
1902,2,1,3
1902,4,1,5
1902,7,4,11
1902,4,0,4
1902,5,12,17
1902,8,6,14
1902,5,3,8
1902,2,1,3
1902,3,1,4
1902,9,4,13
1902,4,2,6
1902,1,0,1
1902,1,0,1
1902,6,1,7
1902,11,1,12
1902,7,5,12
1902,4,13,17
1902,4,3,7
1902,6,12,18
1902,9,3,12
1902,6,2,8
1902,6,3,9
1902,12,1,13
1902,3,11,14
1902,7,10,17
1902,15,1,16
1902,5,3,8
1902,9,5,14
1902,6,0,6
1902,3,12,15
1902,5,2,7
1902,5,3,8
1902,7,4,11
1902,3,2,5
1902,4,12,16
1902,6,2,8
1902,9,3,12
1902,7,2,9
1902,6,5,11
1902,6,3,9
1902,3,3,6
1902,6,11,17
1902,6,2,8
1902,6,1,7
1902,2,1,3
1902,8,5,13
1902,8,4,12
1902,3,1,4
1902,7,4,11
1902,5,4,9
1902,7,1,8
1902,3,2,5
1902,7,6,13
1902,5,3,8
1902,7,5,12
1902,5,0,5
1902,6,4,10
1902,2,2,4
1902,9,6,15
1902,12,0,12
1902,6,5,11
1902,3,1,4
1902,4,3,7
1902,6,0,6
1902,9,5,14
1902,5,4,9
1902,5,1,6
1902,9,7,16
1902,3,11,14
1902,4,2,6
1902,4,3,7
1902,2,2,4
1902,5,2,7
1902,5,2,7
1902,3,2,5
1902,7,2,9
1902,9,1,10
1902,4,3,7
1902,7,5,12
1902,8,2,10
1902,15,1,16
1902,5,4,9
1902,5,4,9
1902,5,2,7
1902,12,0,12
1902,4,1,5
1902,2,1,3
1902,6,4,10
1902,11,10,21
1902,4,1,5
1902,2,1,3
1902,8,6,14
1902,2,1,3
1902,5,3,8
1902,9,6,15
1902,8,11,19
1902,4,4,8
1902,6,4,10
1902,9,2,11
1902,7,2,9
1902,4,3,7
1902,6,3,9
1902,7,2,9
1902,7,6,13
1902,4,2,6
1902,6,1,7
1902,7,2,9
1902,7,2,9
1902,7,5,12
1902,3,13,16
1902,3,2,5
1902,13,1,14
1902,5,4,9
1902,7,6,13
1902,9,2,11
1902,6,5,11
1902,3,12,15
1902,3,1,4
1902,5,2,7
1902,8,1,9
1902,2,0,2
1902,6,2,8
1902,7,6,13
1902,6,5,11
1902,6,5,11
1902,9,2,11
1902,6,4,10
1902,2,1,3
1902,3,0,3
1902,3,3,6
1902,4,0,4
1902,3,1,4
1902,6,3,9
1902,7,2,9
1902,7,4,11
1902,4,3,7
1902,3,2,5
1902,6,5,11
1902,9,6,15
1902,5,4,9
1902,2,0,2
1902,4,1,5
1902,4,1,5
1902,2,1,3
1902,4,1,5
1902,2,1,3
1902,2,1,3
1902,2,1,3
1902,6,4,10
1902,7,1,8
1902,5,1,6
1902,5,3,8
1902,9,4,13
1902,3,14,17
1902,3,1,4
1902,5,0,5
1902,2,1,3
1902,4,3,7
1902,14,1,15
1902,7,5,12
1902,5,4,9
1902,8,2,10
1902,5,11,16
1902,6,1,7
1902,7,3,10
1902,4,2,6
1902,5,4,9
1902,9,8,17
1902,4,2,6
1902,4,0,4
1902,4,12,16
1902,4,3,7
1902,2,0,2
1902,8,2,10
1902,2,2,4
1902,6,13,19
1902,9,1,10
1902,9,4,13
1902,7,5,12
1902,4,2,6
1902,4,1,5
1902,3,2,5
1902,9,10,19
1902,4,10,14
1902,9,5,14
1902,5,2,7
1902,5,4,9
1902,2,1,3
1902,4,3,7
1902,2,0,2
1902,2,1,3
1902,4,0,4
1902,6,4,10
1902,6,0,6
1902,4,2,6
1902,7,0,7
1902,5,1,6
1902,5,2,7
1902,5,1,6
1902,2,11,13
1902,4,4,8
1902,4,11,15
1902,6,5,11
1903,7,1,8
1903,2,1,3
1903,9,2,11
1903,9,7,16
1903,8,3,11
1903,7,6,13
1903,5,4,9
1903,6,1,7
1903,8,4,12
1903,5,4,9
1903,6,4,10
1903,3,0,3
1903,9,4,13
1903,7,10,17
1903,4,3,7
1903,7,10,17
1903,5,5,10
1903,2,1,3
1903,3,1,4
1903,9,8,17
1903,7,2,9
1903,2,1,3
1903,5,3,8
1903,4,2,6
1903,6,1,7
1903,4,14,18
1903,3,1,4
1903,4,2,6
1903,5,3,8
1903,11,1,12
1903,2,0,2
1903,7,4,11
1903,8,4,12
1903,4,3,7
1903,7,2,9
1903,4,0,4
1903,5,4,9
1903,2,1,3
1903,8,7,15
1903,7,1,8
1903,8,0,8
1903,7,3,10
1903,2,0,2
1903,8,7,15
1903,4,0,4
1903,5,10,15
1903,11,1,12
1903,9,6,15
1903,6,5,11
1903,8,3,11
1903,7,1,8
1903,5,13,18
1903,8,1,9
1903,7,10,17
1903,6,0,6
1903,11,1,12
1903,6,3,9
1903,4,2,6
1903,9,4,13
1903,6,3,9
1903,6,4,10
1903,7,12,19
1903,7,3,10
1903,4,2,6
1903,4,11,15
1903,2,0,2
1903,7,3,10
1903,4,1,5
1903,10,1,11
1903,9,5,14
1903,5,4,9
1903,4,0,4
1903,9,5,14
1903,2,12,14
1903,2,10,12
1903,6,2,8
1903,2,10,12
1903,4,13,17
1903,4,2,6
1903,9,5,14
1903,5,1,6
1903,6,0,6
1903,9,8,17
1903,8,3,11
1903,3,11,14
1903,3,0,3
1903,5,2,7
1903,6,16,22
1903,8,3,11
1903,4,3,7
1903,4,0,4
1903,5,10,15
1903,5,1,6
1903,6,3,9
1903,3,2,5
1903,7,2,9
1903,3,1,4
1903,6,4,10
1903,6,5,11
1903,4,1,5
1903,4,3,7
1903,5,0,5
1903,5,3,8
1903,6,1,7
1903,8,1,9
1903,4,1,5
1903,3,11,14
1903,5,2,7
1903,8,3,11
1903,6,3,9
1903,20,2,22
1903,9,10,19
1903,6,1,7
1903,4,11,15
1903,6,2,8
1903,12,1,13
1903,4,2,6
1903,6,5,11
1903,8,4,12
1903,5,19,24
1903,8,11,19
1903,10,1,11
1903,6,1,7
1903,8,1,9
1903,13,12,25
1903,7,6,13
1903,7,3,10
1903,5,3,8
1903,9,4,13
1903,3,2,5
1903,5,12,17
1903,7,6,13
1903,5,3,8
1903,13,1,14
1903,3,10,13
1903,4,13,17
1903,8,15,23
1903,5,3,8
1903,6,4,10
1903,1,0,1
1903,6,2,8
1903,6,3,9
1903,8,13,21
1903,4,2,6
1903,6,5,11
1903,8,2,10
1903,9,1,10
1903,3,1,4
1903,2,0,2
1903,6,3,9
1903,7,6,13
1903,3,2,5
1903,5,10,15
1903,8,4,12
1903,4,1,5
1903,8,5,13
1903,2,13,15
1903,3,1,4
1903,9,5,14
1903,6,0,6
1903,2,1,3
1903,7,1,8
1903,5,2,7
1903,12,11,23
1903,3,0,3
1903,4,3,7
1903,3,2,5
1903,9,3,12
1903,4,10,14
1903,9,6,15
1903,3,0,3
1903,5,1,6
1903,4,3,7
1903,7,4,11
1903,10,0,10
1903,7,4,11
1903,5,3,8
1903,8,6,14
1903,5,4,9
1903,2,13,15
1903,4,2,6
1903,8,4,12
1903,6,1,7
1903,4,3,7
1903,3,2,5
1903,9,6,15
1903,7,3,10
1903,6,2,8
1903,2,0,2
1903,6,2,8
1903,9,2,11
1903,9,3,12
1903,7,3,10
1903,4,2,6
1903,7,1,8
1903,7,3,10
1903,12,1,13
1903,3,2,5
1903,5,3,8
1903,3,2,5
1903,9,1,10
1903,3,2,5
1903,4,3,7
1903,6,4,10
1903,7,4,11
1903,2,10,12
1903,2,0,2
1903,5,2,7
1903,5,4,9
1903,3,1,4
1903,2,0,2
1903,4,1,5
1903,4,3,7
1903,6,11,17
1903,3,0,3
1903,5,2,7
1903,5,3,8
1903,9,4,13
1903,6,11,17
1903,5,12,17
1903,8,4,12
1903,2,1,3
1903,8,1,9
1903,8,4,12
1903,6,4,10
1903,5,4,9
1903,8,2,10
1903,4,1,5
1903,4,2,6
1903,4,3,7
1903,4,3,7
1903,14,1,15
1903,3,1,4
1903,7,0,7
1903,5,4,9
1903,4,1,5
1903,5,0,5
1903,3,2,5
1903,2,1,3
1903,5,1,6
1903,4,13,17
1903,8,4,12
1903,6,1,7
1903,6,13,19
1903,4,10,14
1903,3,2,5
1903,8,2,10
1903,3,0,3
1903,4,3,7
1903,10,1,11
1903,3,1,4
1903,7,1,8
1903,1,0,1
1903,5,4,9
1903,2,2,4
1903,5,4,9
1903,5,4,9
1903,7,6,13
1903,7,2,9
1903,7,1,8
1903,5,2,7
1903,6,3,9
1903,7,2,9
1903,8,4,12
1903,3,2,5
1903,7,3,10
1903,3,0,3
1903,3,2,5
1903,3,2,5
1903,4,0,4
1903,4,3,7
1903,9,5,14
1903,5,2,7
1903,2,1,3
1903,3,2,5
1903,4,15,19
1903,9,2,11
1903,2,0,2
1903,1,0,1
1903,4,3,7
1903,3,2,5
1903,4,3,7
1903,2,1,3
1903,5,0,5
1903,4,1,5
1903,4,17,21
1903,3,2,5
1903,7,6,13
1903,8,2,10
1903,2,10,12
1903,1,0,1
1903,3,2,5
1903,4,3,7
1903,4,1,5
1903,3,11,14
1903,9,0,9
1903,7,0,7
1903,1,0,1
1903,3,12,15
1903,3,11,14
1903,6,0,6
1903,9,3,12
1903,5,0,5
1903,4,3,7
1903,5,2,7
1903,3,10,13
1903,9,1,10
1903,6,3,9
1903,6,4,10
1903,5,0,5
1903,5,2,7
1903,9,1,10
1903,8,10,18
1903,5,2,7
1903,8,7,15
1903,4,3,7
1903,9,0,9
1903,3,1,4
1903,2,10,12
1903,7,4,11
1903,8,4,12
1903,3,2,5
1903,4,0,4
1903,4,1,5
1903,10,0,10
1903,9,4,13
1903,3,1,4
1903,4,2,6
1903,6,4,10
1903,6,1,7
1903,8,6,14
1903,1,0,1
1903,5,1,6
1903,2,0,2
1903,6,2,8
1903,7,3,10
1903,4,1,5
1903,3,1,4
1903,7,1,8
1903,7,3,10
1903,2,11,13
1903,8,6,14
1903,5,0,5
1903,7,3,10
1903,7,0,7
1903,7,4,11
1903,1,0,1
1903,8,6,14
1903,2,0,2
1903,2,0,2
1903,4,3,7
1903,3,2,5
1903,9,0,9
1903,8,6,14
1903,5,12,17
1903,2,1,3
1903,3,12,15
1903,6,11,17
1903,7,0,7
1903,3,2,5
1903,4,0,4
1903,3,2,5
1903,12,1,13
1903,4,3,7
1903,10,0,10
1903,4,2,6
1903,7,6,13
1903,5,1,6
1903,4,3,7
1903,2,1,3
1903,3,0,3
1903,2,1,3
1903,7,0,7
1903,1,0,1
1903,9,3,12
1903,2,1,3
1903,6,3,9
1903,5,1,6
1903,3,1,4
1903,6,1,7
1903,3,2,5
1903,6,14,20
1903,1,0,1
1903,11,1,12
1903,7,4,11
1903,7,2,9
1903,5,4,9
1903,1,0,1
1903,2,11,13
1903,2,12,14
1903,2,1,3
1903,5,3,8
1903,7,0,7
1903,9,3,12
1903,4,0,4
1903,8,4,12
1903,4,1,5
1903,5,4,9
1903,7,6,13
1903,11,1,12
1903,7,12,19
1903,2,1,3
1903,5,2,7
1903,8,7,15
1903,5,4,9
1903,6,10,16
1903,2,1,3
1903,6,6,12
1903,3,0,3
1903,7,2,9
1903,1,0,1
1903,6,5,11
1903,4,1,5
1903,6,3,9
1903,3,0,3
1903,2,1,3
1903,4,3,7
1903,7,10,17
1903,3,1,4
1903,1,0,1
1903,5,3,8
1903,6,6,12
1903,4,0,4
1903,3,2,5
1903,5,0,5
1903,2,11,13
1903,4,3,7
1903,5,1,6
1903,7,1,8
1903,9,8,17
1903,5,4,9
1903,3,2,5
1903,1,0,1
1903,5,3,8
1903,8,2,10
1903,2,1,3
1903,5,2,7
1903,8,7,15
1903,7,1,8
1903,7,4,11
1903,8,0,8
1903,5,2,7
1903,2,1,3
1903,4,2,6
1903,7,4,11
1903,6,0,6
1903,2,12,14
1903,2,1,3
1903,7,3,10
1903,1,0,1
1903,3,0,3
1903,7,2,9
1903,4,2,6
1903,3,0,3
1903,3,2,5
1903,6,3,9
1903,8,17,25
1903,7,4,11
1903,3,10,13
1903,4,3,7
1903,8,0,8
1903,4,2,6
1903,7,2,9
1903,2,1,3
1903,5,4,9
1903,1,0,1
1903,9,8,17
1903,4,1,5
1903,5,2,7
1903,4,12,16
1903,7,3,10
1903,8,4,12
1903,2,0,2
1903,6,2,8
1903,6,11,17
1903,1,0,1
1903,7,2,9
1903,3,2,5
1903,7,3,10
1903,4,1,5
1903,2,0,2
1903,9,16,25
1903,3,13,16
1903,8,2,10
1903,5,3,8
1903,5,3,8
1903,4,3,7
1903,5,0,5
1903,7,0,7
1903,7,1,8
1903,5,1,6
1903,8,5,13
1903,3,10,13
1903,7,1,8
1903,16,12,28
1903,9,5,14
1903,8,6,14
1903,5,1,6
1903,9,3,12
1903,3,11,14
1903,4,2,6
1903,6,5,11
1903,4,3,7
1903,1,0,1
1903,3,1,4
1903,3,2,5
1903,6,3,9
1903,5,3,8
1903,3,2,5
1903,8,7,15
1903,5,2,7
1903,4,3,7
1903,5,2,7
1903,6,1,7
1903,7,5,12
1903,8,6,14
1903,6,1,7
1903,4,3,7
1903,5,0,5
1903,5,10,15
1903,7,5,12
1903,5,3,8
1903,6,1,7
1903,3,11,14
1903,5,3,8
1903,5,4,9
1903,9,8,17
1903,3,1,4
1903,4,2,6
1903,4,17,21
1903,8,4,12
1903,7,4,11
1903,6,5,11
1903,3,1,4
1903,4,1,5
1903,4,3,7
1903,6,10,16
1903,8,5,13
1903,2,0,2
1903,8,6,14
1903,5,4,9
1903,3,10,13
1903,2,10,12
1903,7,4,11
1903,4,0,4
1903,6,1,7
1903,7,5,12
1903,5,4,9
1903,6,4,10
1903,5,4,9
1903,4,3,7
1903,8,3,11
1903,6,4,10
1903,4,2,6
1903,4,3,7
1903,2,1,3
1903,3,10,13
1903,5,4,9
1903,2,0,2
1903,5,4,9
1903,4,2,6
1903,4,3,7
1903,4,2,6
1903,9,4,13
1903,7,4,11
1903,7,11,18
1903,5,2,7
1903,6,3,9
1903,7,5,12
1903,2,1,3
1903,4,11,15
1903,4,2,6
1903,4,1,5
1903,2,10,12
1903,6,11,17
1903,4,16,20
1903,5,4,9
1903,4,3,7
1903,1,0,1
1903,7,5,12
1903,4,11,15
1903,4,1,5
1903,6,5,11
1903,6,4,10
1903,5,3,8
1903,3,2,5
1903,5,4,9
1903,5,4,9
1903,6,3,9
1903,3,2,5
1903,8,4,12
1903,3,2,5
1903,3,1,4
1903,8,5,13
1903,9,5,14
1903,7,4,11
1903,5,4,9
1903,3,2,5
1903,3,2,5
1903,7,3,10
1903,2,0,2
1903,3,2,5
1903,5,1,6
1903,4,3,7
1903,4,1,5
1903,3,1,4
1903,9,3,12
1903,1,0,1
1903,3,11,14
1903,5,4,9
1903,7,10,17
1903,5,2,7
1903,7,0,7
1903,3,2,5
1903,8,7,15
1903,3,1,4
1903,5,2,7
1903,2,0,2
1903,5,0,5
1903,6,1,7
1903,4,2,6
1903,5,1,6
1903,3,11,14
1903,7,3,10
1903,8,5,13
1903,2,0,2
1903,4,3,7
1903,8,2,10
1903,3,0,3
1903,7,4,11
1903,5,4,9
1903,4,3,7
1903,13,10,23
1903,6,3,9
1903,8,3,11
1903,7,4,11
1903,5,4,9
1903,7,5,12
1903,5,4,9
1903,6,14,20
1903,2,1,3
1903,1,0,1
1903,4,2,6
1903,9,1,10
1903,5,2,7
1903,5,3,8
1903,5,0,5
1903,5,0,5
1903,8,3,11
1903,4,3,7
1903,3,10,13
1903,9,11,20
1903,3,0,3
1903,9,5,14
1903,3,0,3
1903,15,10,25
1903,9,2,11
1903,5,10,15
1903,5,3,8
1903,4,3,7
1903,2,10,12
1903,15,14,29
1903,7,12,19
1903,3,2,5
1903,7,3,10
1903,5,1,6
1903,5,2,7
1903,4,4,8
1903,12,1,13
1903,6,4,10
1903,10,0,10
1903,15,0,15
1903,1,0,1
1903,12,1,13
1903,6,5,11
1903,4,10,14
1903,4,1,5
1903,5,2,7
1903,4,10,14
1903,3,10,13
1903,3,1,4
1903,2,1,3
1903,6,5,11
1903,4,4,8
1903,4,1,5
1903,5,2,7
1903,5,0,5
1903,4,13,17
1903,8,2,10
1903,7,4,11
1903,3,2,5
1903,4,14,18
1903,7,3,10
1903,1,0,1
1903,5,1,6
1903,2,0,2
1903,5,0,5
1903,3,1,4
1903,4,13,17
1903,4,1,5
1903,5,4,9
1903,5,2,7
1903,7,4,11
1903,5,3,8
1903,3,2,5
1903,5,2,7
1903,1,0,1
1903,5,2,7
1903,3,0,3
1903,4,1,5
1903,9,2,11
1903,8,2,10
1903,3,0,3
1903,2,1,3
1903,5,1,6
1903,7,6,13
1903,4,3,7
1903,5,3,8
1903,4,0,4
1903,6,4,10
1903,6,3,9
1903,3,1,4
1903,5,3,8
1903,7,5,12
1903,6,2,8
1903,3,11,14
1903,4,2,6
1903,4,10,14
1903,6,11,17
1903,4,2,6
1903,2,1,3
1903,6,5,11
1903,6,1,7
1903,4,3,7
1903,7,2,9
1903,5,4,9
1903,5,3,8
1903,11,1,12
1903,3,1,4
1903,4,3,7
1903,5,2,7
1903,7,2,9
1903,3,1,4
1903,2,10,12
1903,6,1,7
1903,7,4,11
1903,5,1,6
1903,2,1,3
1903,4,2,6
1903,2,16,18
1903,6,5,11
1903,7,4,11
1903,11,10,21
1903,6,0,6
1903,4,14,18
1903,6,14,20
1903,7,3,10
1903,5,1,6
1903,5,2,7
1903,8,2,10
1903,3,1,4
1903,10,1,11
1903,6,2,8
1903,9,7,16
1903,2,0,2
1903,6,3,9
1903,6,0,6
1903,3,0,3
1903,6,3,9
1903,12,1,13
1903,1,0,1
1903,7,2,9
1903,7,0,7
1903,4,3,7
1903,5,1,6
1903,8,5,13
1903,5,1,6
1903,6,5,11
1903,6,3,9
1903,8,3,11
1903,5,1,6
1903,2,0,2
1903,3,1,4
1903,8,12,20
1903,6,3,9
1903,2,1,3
1903,6,3,9
1903,4,3,7
1903,8,4,12
1903,2,1,3
1903,9,3,12
1903,6,3,9
1903,7,4,11
1903,9,5,14
1903,3,2,5
1903,8,6,14
1903,3,0,3
1903,3,1,4
1903,2,10,12
1903,1,0,1
1903,8,1,9
1903,7,0,7
1903,5,3,8
1903,6,2,8
1903,6,5,11
1903,6,0,6
1903,4,3,7
1903,4,3,7
1903,2,0,2
1903,2,1,3
1903,9,5,14
1903,5,1,6
1903,3,0,3
1903,5,4,9
1903,7,13,20
1903,4,1,5
1903,8,5,13
1903,6,1,7
1903,4,2,6
1903,9,4,13
1903,7,4,11
1903,2,10,12
1903,3,11,14
1903,10,0,10
1903,1,0,1
1903,2,1,3
1903,3,0,3
1903,9,5,14
1903,7,3,10
1903,8,3,11
1903,8,3,11
1903,7,4,11
1903,4,1,5
1903,6,1,7
1903,9,6,15
1903,3,11,14
1903,3,0,3
1903,8,3,11
1903,6,4,10
1903,7,4,11
1903,2,1,3
1903,6,5,11
1903,3,1,4
1903,5,3,8
1903,4,2,6
1903,4,3,7
1903,6,4,10
1903,9,5,14
1903,3,0,3
1903,6,4,10
1903,3,2,5
1903,7,3,10
1903,8,1,9
1903,2,2,4
1903,5,1,6
1903,9,3,12
1903,2,0,2
1903,5,4,9
1903,6,0,6
1903,5,3,8
1903,6,5,11
1903,3,2,5
1903,4,12,16
1903,4,3,7
1903,2,1,3
1903,3,0,3
1903,11,10,21
1903,3,1,4
1903,7,1,8
1903,8,1,9
1903,6,5,11
1903,4,2,6
1903,6,12,18
1903,5,3,8
1903,4,1,5
1903,5,2,7
1903,6,2,8
1903,4,0,4
1903,3,2,5
1903,1,1,2
1903,3,2,5
1903,6,2,8
1903,3,2,5
1903,7,4,11
1903,10,1,11
1903,3,0,3
1903,4,14,18
1903,6,3,9
1903,4,1,5
1903,9,2,11
1903,8,3,11
1903,6,2,8
1903,9,6,15
1903,2,1,3
1903,5,2,7
1903,8,3,11
1903,5,0,5
1903,3,0,3
1903,7,3,10
1903,5,1,6
1903,1,1,2
1903,4,0,4
1903,2,1,3
1903,2,1,3
1903,5,1,6
1903,4,2,6
1903,4,1,5
1903,3,1,4
1903,3,2,5
1903,4,1,5
1903,3,11,14
1903,6,5,11
1903,6,0,6
1903,1,0,1
1903,5,2,7
1903,1,0,1
1903,4,1,5
1903,2,0,2
1903,6,3,9
1903,3,1,4
1903,3,11,14
1903,7,6,13
1903,7,2,9
1903,6,4,10
1903,9,0,9
1903,3,1,4
1903,8,1,9
1903,12,1,13
1903,3,1,4
1903,6,6,12
1903,2,1,3
1903,3,2,5
1903,6,4,10
1903,3,10,13
1903,7,6,13
1903,7,3,10
1903,3,2,5
1903,1,0,1
1903,5,1,6
1903,8,3,11
1903,1,0,1
1903,5,1,6
1903,6,4,10
1903,8,4,12
1903,5,3,8
1903,2,1,3
1903,7,3,10
1903,4,1,5
1903,7,0,7
1903,3,0,3
1903,4,0,4
1903,5,0,5
1903,6,0,6
1903,3,2,5
1903,8,13,21
1903,7,6,13
1903,2,1,3
1903,1,0,1
1903,2,0,2
1903,6,3,9
1903,6,0,6
1903,4,4,8
1903,1,0,1
1903,7,6,13
1903,9,4,13
1903,3,2,5
1903,1,0,1
1903,4,1,5
1903,6,0,6
1903,2,1,3
1903,4,0,4
1903,6,3,9
1903,3,1,4
1903,5,18,23
1903,5,1,6
1903,3,0,3
1903,5,2,7
1903,5,3,8
1903,3,1,4
1903,3,2,5
1903,2,1,3
1903,3,2,5
1903,3,0,3
1903,6,0,6
1903,7,4,11
1903,7,2,9
1903,6,1,7
1903,10,1,11
1903,7,5,12
1903,8,5,13
1903,3,2,5
1903,4,0,4
1903,6,5,11
1903,11,0,11
1903,4,3,7
1903,5,3,8
1903,5,4,9
1903,11,0,11
1903,4,2,6
1903,4,3,7
1903,2,1,3
1903,9,9,18
1903,4,2,6
1903,6,2,8
1903,4,11,15
1903,5,1,6
1903,8,10,18
1903,2,10,12
1903,8,2,10
1903,5,0,5
1903,13,1,14
1903,3,12,15
1903,8,0,8
1903,7,4,11
1903,3,1,4
1903,4,2,6
1903,7,14,21
1903,7,6,13
1903,6,13,19
1903,8,10,18
1903,3,14,17
1903,6,1,7
1903,6,5,11
1903,3,1,4
1903,5,5,10
1903,7,6,13
1903,6,5,11
1903,10,0,10
1903,7,5,12
1903,7,1,8
1903,6,3,9
1903,7,5,12
1903,9,2,11
1903,7,6,13
1903,6,5,11
1903,4,0,4
1903,6,5,11
1903,3,13,16
1903,3,0,3
1903,7,17,24
1903,4,10,14
1903,3,1,4
1903,6,4,10
1903,12,10,22
1903,8,2,10
1903,5,1,6
1903,9,1,10
1903,6,2,8
1903,8,4,12
1903,7,10,17
1903,7,3,10
1903,8,3,11
1903,4,3,7
1903,8,3,11
1903,2,11,13
1903,14,13,27
1903,8,4,12
1903,5,1,6
1903,9,4,13
1903,7,3,10
1903,6,4,10
1903,7,0,7
1903,6,1,7
1903,7,12,19
1903,8,1,9
1903,5,4,9
1903,7,4,11
1903,5,4,9
1903,10,1,11
1903,8,2,10
1903,5,4,9
1903,8,2,10
1903,7,4,11
1903,4,1,5
1903,2,1,3
1903,7,15,22
1903,7,5,12
1903,8,2,10
1903,7,4,11
1903,2,1,3
1903,6,2,8
1903,8,6,14
1903,4,3,7
1903,7,5,12
1903,7,2,9
1903,2,12,14
1903,6,6,12
1903,8,2,10
1903,8,10,18
1903,5,14,19
1903,6,2,8
1903,8,2,10
1903,4,3,7
1903,7,10,17
1903,8,13,21
1903,5,1,6
1903,4,2,6
1903,4,1,5
1903,7,2,9
1903,7,4,11
1903,3,10,13
1903,7,14,21
1903,7,6,13
1903,6,3,9
1903,5,3,8
1903,8,7,15
1903,6,0,6
1903,7,6,13
1903,4,3,7
1903,6,5,11
1903,3,10,13
1903,4,10,14
1903,7,5,12
1903,7,3,10
1903,3,0,3
1903,4,2,6
1903,5,4,9
1903,2,11,13
1903,6,3,9
1903,7,3,10
1903,3,0,3
1904,7,1,8
1904,6,1,7
1904,3,2,5
1904,8,2,10
1904,6,2,8
1904,7,2,9
1904,8,3,11
1904,5,2,7
1904,5,5,10
1904,4,1,5
1904,6,0,6
1904,5,4,9
1904,6,6,12
1904,3,1,4
1904,8,10,18
1904,7,10,17
1904,6,12,18
1904,8,7,15
1904,4,3,7
1904,7,5,12
1904,2,12,14
1904,9,1,10
1904,5,0,5
1904,3,12,15
1904,2,13,15
1904,6,5,11
1904,5,0,5
1904,9,2,11
1904,6,5,11
1904,5,1,6
1904,7,6,13
1904,4,10,14
1904,7,6,13
1904,1,0,1
1904,3,2,5
1904,5,4,9
1904,5,1,6
1904,4,18,22
1904,5,4,9
1904,1,1,2
1904,4,2,6
1904,9,3,12
1904,4,3,7
1904,6,4,10
1904,3,2,5
1904,4,1,5
1904,12,1,13
1904,3,2,5
1904,5,4,9
1904,6,2,8
1904,2,10,12
1904,4,4,8
1904,3,18,21
1904,3,1,4
1904,4,10,14
1904,2,0,2
1904,3,2,5
1904,2,1,3
1904,6,5,11
1904,3,1,4
1904,10,1,11
1904,3,1,4
1904,6,5,11
1904,4,3,7
1904,8,6,14
1904,5,4,9
1904,4,3,7
1904,6,5,11
1904,4,4,8
1904,5,0,5
1904,7,4,11
1904,4,2,6
1904,9,2,11
1904,2,0,2
1904,4,1,5
1904,3,1,4
1904,6,5,11
1904,4,2,6
1904,2,1,3
1904,5,2,7
1904,5,3,8
1904,8,2,10
1904,6,2,8
1904,6,4,10
1904,2,1,3
1904,4,3,7
1904,4,3,7
1904,7,1,8
1904,3,3,6
1904,10,1,11
1904,6,2,8
1904,3,2,5
1904,7,1,8
1904,4,1,5
1904,3,1,4
1904,13,0,13
1904,4,3,7
1904,3,0,3
1904,2,0,2
1904,8,3,11
1904,8,5,13
1904,6,2,8
1904,5,0,5
1904,3,0,3
1904,9,6,15
1904,4,2,6
1904,4,0,4
1904,3,15,18
1904,2,10,12
1904,8,2,10
1904,6,3,9
1904,2,1,3
1904,3,2,5
1904,3,11,14
1904,4,2,6
1904,6,3,9
1904,3,2,5
1904,6,3,9
1904,5,4,9
1904,5,1,6
1904,3,0,3
1904,5,10,15
1904,2,1,3
1904,3,0,3
1904,5,3,8
1904,9,4,13
1904,3,13,16
1904,5,2,7
1904,5,3,8
1904,7,4,11
1904,3,1,4
1904,6,16,22
1904,7,15,22
1904,6,3,9
1904,8,7,15
1904,6,5,11
1904,6,4,10
1904,5,2,7
1904,4,11,15
1904,2,0,2
1904,2,1,3
1904,3,0,3
1904,4,2,6
1904,4,1,5
1904,6,0,6
1904,3,2,5
1904,7,2,9
1904,6,3,9
1904,3,2,5
1904,5,1,6
1904,2,1,3
1904,7,1,8
1904,9,7,16
1904,2,0,2
1904,14,1,15
1904,1,0,1
1904,1,0,1
1904,14,10,24
1904,4,3,7
1904,6,5,11
1904,4,2,6
1904,3,2,5
1904,7,3,10
1904,8,1,9
1904,4,0,4
1904,7,13,20
1904,7,0,7
1904,9,3,12
1904,6,0,6
1904,2,1,3
1904,8,7,15
1904,2,1,3
1904,7,6,13
1904,3,2,5
1904,2,0,2
1904,3,2,5
1904,8,7,15
1904,4,12,16
1904,3,0,3
1904,10,1,11
1904,2,1,3
1904,4,3,7
1904,4,2,6
1904,2,13,15
1904,1,0,1
1904,9,4,13
1904,7,6,13
1904,2,1,3
1904,6,11,17
1904,5,4,9
1904,6,5,11
1904,4,3,7
1904,3,1,4
1904,4,3,7
1904,5,1,6
1904,2,0,2
1904,7,0,7
1904,9,5,14
1904,5,4,9
1904,6,1,7
1904,9,4,13
1904,3,2,5
1904,4,1,5
1904,4,3,7
1904,2,1,3
1904,9,2,11
1904,5,0,5
1904,2,0,2
1904,3,2,5
1904,10,0,10
1904,3,2,5
1904,8,5,13
1904,8,2,10
1904,4,0,4
1904,3,0,3
1904,5,3,8
1904,3,0,3
1904,8,10,18
1904,2,11,13
1904,7,0,7
1904,5,3,8
1904,3,2,5
1904,3,1,4
1904,4,3,7
1904,3,2,5
1904,2,1,3
1904,1,1,2
1904,5,1,6
1904,6,2,8
1904,4,3,7
1904,9,0,9
1904,7,4,11
1904,4,2,6
1904,6,2,8
1904,3,0,3
1904,6,4,10
1904,7,0,7
1904,6,10,16
1904,2,1,3
1904,5,3,8
1904,6,4,10
1904,7,4,11
1904,5,4,9
1904,2,1,3
1904,7,3,10
1904,3,0,3
1904,5,4,9
1904,6,5,11
1904,5,0,5
1904,9,1,10
1904,7,3,10
1904,4,2,6
1904,3,2,5
1904,5,2,7
1904,3,1,4
1904,7,5,12
1904,3,2,5
1904,2,0,2
1904,3,2,5
1904,3,2,5
1904,9,4,13
1904,4,1,5
1904,4,3,7
1904,1,0,1
1904,5,3,8
1904,9,4,13
1904,7,3,10
1904,4,3,7
1904,3,1,4
1904,2,1,3
1904,7,3,10
1904,8,2,10
1904,4,2,6
1904,8,3,11
1904,7,4,11
1904,5,2,7
1904,7,4,11
1904,1,0,1
1904,4,15,19
1904,5,4,9
1904,13,0,13
1904,8,1,9
1904,4,3,7
1904,1,0,1
1904,1,0,1
1904,4,2,6
1904,5,3,8
1904,3,1,4
1904,7,13,20
1904,6,5,11
1904,5,4,9
1904,2,1,3
1904,5,4,9
1904,1,0,1
1904,5,1,6
1904,2,1,3
1904,5,4,9
1904,3,2,5
1904,4,3,7
1904,4,11,15
1904,3,2,5
1904,2,0,2
1904,3,2,5
1904,5,1,6
1904,2,2,4
1904,8,4,12
1904,5,2,7
1904,4,3,7
1904,2,14,16
1904,6,5,11
1904,5,2,7
1904,9,7,16
1904,6,3,9
1904,5,1,6
1904,3,0,3
1904,2,15,17
1904,6,14,20
1904,5,3,8
1904,2,1,3
1904,2,0,2
1904,6,1,7
1904,4,3,7
1904,2,0,2
1904,8,3,11
1904,6,3,9
1904,5,1,6
1904,6,5,11
1904,8,2,10
1904,4,1,5
1904,3,2,5
1904,2,0,2
1904,4,3,7
1904,12,0,12
1904,9,3,12
1904,3,2,5
1904,6,3,9
1904,4,3,7
1904,8,4,12
1904,8,5,13
1904,3,1,4
1904,4,1,5
1904,5,0,5
1904,7,1,8
1904,5,2,7
1904,19,1,20
1904,6,3,9
1904,1,0,1
1904,8,3,11
1904,1,0,1
1904,7,2,9
1904,7,1,8
1904,4,3,7
1904,2,0,2
1904,2,1,3
1904,6,4,10
1904,2,1,3
1904,9,2,11
1904,3,0,3
1904,3,2,5
1904,6,4,10
1904,6,2,8
1904,5,4,9
1904,6,2,8
1904,4,0,4
1904,5,5,10
1904,6,1,7
1904,6,0,6
1904,4,0,4
1904,5,10,15
1904,4,3,7
1904,3,0,3
1904,8,0,8
1904,1,0,1
1904,5,2,7
1904,9,3,12
1904,6,1,7
1904,5,1,6
1904,5,3,8
1904,5,3,8
1904,6,5,11
1904,4,3,7
1904,5,1,6
1904,3,10,13
1904,4,2,6
1904,7,12,19
1904,2,10,12
1904,7,1,8
1904,2,0,2
1904,6,3,9
1904,7,0,7
1904,13,10,23
1904,4,1,5
1904,8,4,12
1904,7,3,10
1904,5,1,6
1904,5,10,15
1904,11,0,11
1904,2,0,2
1904,3,0,3
1904,4,3,7
1904,1,0,1
1904,4,3,7
1904,5,2,7
1904,6,3,9
1904,9,0,9
1904,3,1,4
1904,4,12,16
1904,3,11,14
1904,3,0,3
1904,4,3,7
1904,6,2,8
1904,2,1,3
1904,3,0,3
1904,3,0,3
1904,9,6,15
1904,3,0,3
1904,1,0,1
1904,10,1,11
1904,6,5,11
1904,8,1,9
1904,7,6,13
1904,5,4,9
1904,6,11,17
1904,5,4,9
1904,6,2,8
1904,2,1,3
1904,6,4,10
1904,5,1,6
1904,3,1,4
1904,2,0,2
1904,7,4,11
1904,4,3,7
1904,5,3,8
1904,4,0,4
1904,8,4,12
1904,4,1,5
1904,5,3,8
1904,5,3,8
1904,9,6,15
1904,2,10,12
1904,4,2,6
1904,9,6,15
1904,6,3,9
1904,2,0,2
1904,5,2,7
1904,8,2,10
1904,5,4,9
1904,3,2,5
1904,7,1,8
1904,7,5,12
1904,7,4,11
1904,8,4,12
1904,2,1,3
1904,5,4,9
1904,6,18,24
1904,2,10,12
1904,3,2,5
1904,5,2,7
1904,6,4,10
1904,9,5,14
1904,5,2,7
1904,4,3,7
1904,9,6,15
1904,4,0,4
1904,2,1,3
1904,7,6,13
1904,4,1,5
1904,8,6,14
1904,8,1,9
1904,4,3,7
1904,3,0,3
1904,5,1,6
1904,5,4,9
1904,5,0,5
1904,7,1,8
1904,8,3,11
1904,2,13,15
1904,2,10,12
1904,2,1,3
1904,4,2,6
1904,3,2,5
1904,5,2,7
1904,14,1,15
1904,3,2,5
1904,6,11,17
1904,2,0,2
1904,2,13,15
1904,2,14,16
1904,3,2,5
1904,4,0,4
1904,2,19,21
1904,2,0,2
1904,3,1,4
1904,6,2,8
1904,10,1,11
1904,5,2,7
1904,6,1,7
1904,12,10,22
1904,9,4,13
1904,4,1,5
1904,3,11,14
1904,9,3,12
1904,5,2,7
1904,7,2,9
1904,6,11,17
1904,7,3,10
1904,8,2,10
1904,5,2,7
1904,7,3,10
1904,4,14,18
1904,6,3,9
1904,6,5,11
1904,6,2,8
1904,3,2,5
1904,7,1,8
1904,3,12,15
1904,4,3,7
1904,3,0,3
1904,6,3,9
1904,3,0,3
1904,4,2,6
1904,4,1,5
1904,1,0,1
1904,1,0,1
1904,3,1,4
1904,3,1,4
1904,2,1,3
1904,3,12,15
1904,2,1,3
1904,5,10,15
1904,4,3,7
1904,5,2,7
1904,5,3,8
1904,2,1,3
1904,3,0,3
1904,3,11,14
1904,6,0,6
1904,1,0,1
1904,5,2,7
1904,5,3,8
1904,3,2,5
1904,4,1,5
1904,7,1,8
1904,2,1,3
1904,6,5,11
1904,3,2,5
1904,3,1,4
1904,4,2,6
1904,11,1,12
1904,10,1,11
1904,3,1,4
1904,4,10,14
1904,6,12,18
1904,5,3,8
1904,7,4,11
1904,3,1,4
1904,6,4,10
1904,4,0,4
1904,6,2,8
1904,3,2,5
1904,7,4,11
1904,4,3,7
1904,3,16,19
1904,3,0,3
1904,11,0,11
1904,2,1,3
1904,9,4,13
1904,4,1,5
1904,14,0,14
1904,2,11,13
1904,3,21,24
1904,2,1,3
1904,8,3,11
1904,2,1,3
1904,5,2,7
1904,4,3,7
1904,4,3,7
1904,5,2,7
1904,3,2,5
1904,5,1,6
1904,3,1,4
1904,1,0,1
1904,7,2,9
1904,3,13,16
1904,1,0,1
1904,4,2,6
1904,9,8,17
1904,8,1,9
1904,7,6,13
1904,5,3,8
1904,3,0,3
1904,9,6,15
1904,4,2,6
1904,3,1,4
1904,6,3,9
1904,4,3,7
1904,6,5,11
1904,8,4,12
1904,5,4,9
1904,4,1,5
1904,12,1,13
1904,3,1,4
1904,1,0,1
1904,7,2,9
1904,2,1,3
1904,1,0,1
1904,2,1,3
1904,9,2,11
1904,5,1,6
1904,5,1,6
1904,9,0,9
1904,5,4,9
1904,5,4,9
1904,4,11,15
1904,2,0,2
1904,4,3,7
1904,8,0,8
1904,8,4,12
1904,4,3,7
1904,2,1,3
1904,4,2,6
1904,5,3,8
1904,8,14,22
1904,4,1,5
1904,5,11,16
1904,5,2,7
1904,6,4,10
1904,4,3,7
1904,7,12,19
1904,6,5,11
1904,4,0,4
1904,7,2,9
1904,5,11,16
1904,5,2,7
1904,5,1,6
1904,3,1,4
1904,15,1,16
1904,5,4,9
1904,3,2,5
1904,4,1,5
1904,2,1,3
1904,9,7,16
1904,7,2,9
1904,3,2,5
1904,3,2,5
1904,6,4,10
1904,4,11,15
1904,5,10,15
1904,4,2,6
1904,4,3,7
1904,4,3,7
1904,1,0,1
1904,3,0,3
1904,4,1,5
1904,4,3,7
1904,8,7,15
1904,3,1,4
1904,2,1,3
1904,6,1,7
1904,2,1,3
1904,8,5,13
1904,2,11,13
1904,5,0,5
1904,5,4,9
1904,3,2,5
1904,7,0,7
1904,7,1,8
1904,4,0,4
1904,8,2,10
1904,4,0,4
1904,4,3,7
1904,1,0,1
1904,2,0,2
1904,2,0,2
1904,2,0,2
1904,2,0,2
1904,10,1,11
1904,8,5,13
1904,1,0,1
1904,6,2,8
1904,6,4,10
1904,6,0,6
1904,3,0,3
1904,9,4,13
1904,6,4,10
1904,3,2,5
1904,9,2,11
1904,4,1,5
1904,5,2,7
1904,2,1,3
1904,9,5,14
1904,8,1,9
1904,4,2,6
1904,8,0,8
1904,8,6,14
1904,4,0,4
1904,4,0,4
1904,5,1,6
1904,4,1,5
1904,2,1,3
1904,9,3,12
1904,3,2,5
1904,7,6,13
1904,6,3,9
1904,3,2,5
1904,7,2,9
1904,5,2,7
1904,4,3,7
1904,5,0,5
1904,6,5,11
1904,4,10,14
1904,4,1,5
1904,2,1,3
1904,1,0,1
1904,10,1,11
1904,11,1,12
1904,6,1,7
1904,3,2,5
1904,3,0,3
1904,2,1,3
1904,4,3,7
1904,3,2,5
1904,4,3,7
1904,5,0,5
1904,4,3,7
1904,5,2,7
1904,5,4,9
1904,4,1,5
1904,9,4,13
1904,8,1,9
1904,4,3,7
1904,7,4,11
1904,8,1,9
1904,6,4,10
1904,2,1,3
1904,5,2,7
1904,7,2,9
1904,4,1,5
1904,4,1,5
1904,6,5,11
1904,9,1,10
1904,2,0,2
1904,4,3,7
1904,5,15,20
1904,9,1,10
1904,7,4,11
1904,1,0,1
1904,6,3,9
1904,4,2,6
1904,5,3,8
1904,5,4,9
1904,5,1,6
1904,4,1,5
1904,6,3,9
1904,8,4,12
1904,4,3,7
1904,7,2,9
1904,1,0,1
1904,2,1,3
1904,7,3,10
1904,5,2,7
1904,6,1,7
1904,5,12,17
1904,2,0,2
1904,2,14,16
1904,2,1,3
1904,5,0,5
1904,3,2,5
1904,2,1,3
1904,3,2,5
1904,2,1,3
1904,2,0,2
1904,3,1,4
1904,1,0,1
1904,3,3,6
1904,7,2,9
1904,4,2,6
1904,2,1,3
1904,2,1,3
1904,5,0,5
1904,4,0,4
1904,4,1,5
1904,5,2,7
1904,2,1,3
1904,3,2,5
1904,2,1,3
1904,3,2,5
1904,1,0,1
1904,2,0,2
1904,4,1,5
1904,3,2,5
1904,3,1,4
1904,6,0,6
1904,3,0,3
1904,5,4,9
1904,6,0,6
1904,7,1,8
1904,6,3,9
1904,7,2,9
1904,4,1,5
1904,6,1,7
1904,7,1,8
1904,4,1,5
1904,9,3,12
1904,6,3,9
1904,6,4,10
1904,6,0,6
1904,3,2,5
1904,3,3,6
1904,9,6,15
1904,9,7,16
1904,3,1,4
1904,2,0,2
1904,4,2,6
1904,6,1,7
1904,8,1,9
1904,6,0,6
1904,3,1,4
1904,4,2,6
1904,5,2,7
1904,3,2,5
1904,6,1,7
1904,2,1,3
1904,5,0,5
1904,1,0,1
1904,2,1,3
1904,4,2,6
1904,2,0,2
1904,5,0,5
1904,8,3,11
1904,12,1,13
1904,5,4,9
1904,4,1,5
1904,4,3,7
1904,5,2,7
1904,5,4,9
1904,8,0,8
1904,3,0,3
1904,7,5,12
1904,4,3,7
1904,3,1,4
1904,3,13,16
1904,14,1,15
1904,1,0,1
1904,4,3,7
1904,5,3,8
1904,4,0,4
1904,7,2,9
1904,5,2,7
1904,4,3,7
1904,3,0,3
1904,2,2,4
1904,8,3,11
1904,9,1,10
1904,7,5,12
1904,6,3,9
1904,3,1,4
1904,1,1,2
1904,2,1,3
1904,3,2,5
1904,4,1,5
1904,12,1,13
1904,4,2,6
1904,2,1,3
1904,7,2,9
1904,8,11,19
1904,10,1,11
1904,5,2,7
1904,6,1,7
1904,8,4,12
1904,3,1,4
1904,5,0,5
1904,3,2,5
1904,7,4,11
1904,6,2,8
1904,6,2,8
1904,1,0,1
1904,2,1,3
1904,5,2,7
1904,7,1,8
1904,7,2,9
1904,4,3,7
1904,4,3,7
1904,6,5,11
1904,9,3,12
1904,1,0,1
1904,4,1,5
1904,6,19,25
1904,6,0,6
1904,8,3,11
1904,1,0,1
1904,2,0,2
1904,4,3,7
1904,4,2,6
1904,4,1,5
1904,7,11,18
1904,3,2,5
1904,2,1,3
1904,7,2,9
1904,13,0,13
1904,8,4,12
1904,3,1,4
1904,1,0,1
1904,3,0,3
1904,4,1,5
1904,4,2,6
1904,3,2,5
1904,4,1,5
1904,2,10,12
1904,2,0,2
1904,3,2,5
1904,4,1,5
1904,3,1,4
1904,1,0,1
1904,7,3,10
1904,7,1,8
1904,2,1,3
1904,4,1,5
1904,5,1,6
1904,3,0,3
1904,4,2,6
1904,2,0,2
1904,5,2,7
1904,1,0,1
1904,4,3,7
1904,4,1,5
1904,6,12,18
1904,2,1,3
1904,5,2,7
1904,9,1,10
1904,3,1,4
1904,3,1,4
1904,2,1,3
1904,4,2,6
1904,5,2,7
1904,6,0,6
1904,6,1,7
1904,5,4,9
1904,5,10,15
1904,4,4,8
1904,5,12,17
1904,8,3,11
1904,4,3,7
1904,5,2,7
1904,5,2,7
1904,4,0,4
1904,6,1,7
1904,4,3,7
1904,2,1,3
1904,7,2,9
1904,5,4,9
1904,3,2,5
1904,5,3,8
1904,1,0,1
1904,3,1,4
1904,4,2,6
1904,4,1,5
1904,6,3,9
1904,6,3,9
1904,4,0,4
1904,8,7,15
1904,5,2,7
1904,2,1,3
1904,5,1,6
1904,7,3,10
1904,5,10,15
1904,6,2,8
1904,5,3,8
1904,1,1,2
1904,5,1,6
1904,9,7,16
1904,6,3,9
1904,3,0,3
1904,4,3,7
1904,4,1,5
1904,8,3,11
1904,6,1,7
1904,6,2,8
1904,7,1,8
1904,4,1,5
1904,6,0,6
1904,3,2,5
1904,3,0,3
1904,6,3,9
1904,9,8,17
1904,4,1,5
1904,3,2,5
1904,5,1,6
1904,8,2,10
1904,3,1,4
1904,4,0,4
1904,5,3,8
1904,3,1,4
1904,5,0,5
1904,6,4,10
1904,3,2,5
1904,5,1,6
1904,3,1,4
1904,7,0,7
1904,6,5,11
1904,6,2,8
1904,6,10,16
1904,5,4,9
1904,6,11,17
1904,2,0,2
1904,1,0,1
1904,5,4,9
1904,6,5,11
1904,3,2,5
1904,6,5,11
1904,1,0,1
1904,2,1,3
1904,5,0,5
1904,5,1,6
1904,4,2,6
1904,8,5,13
1904,2,1,3
1904,7,3,10
1904,8,4,12
1904,5,12,17
1904,3,1,4
1904,1,0,1
1904,3,2,5
1904,4,2,6
1904,6,4,10
1904,6,2,8
1904,4,3,7
1904,5,2,7
1904,3,1,4
1904,9,2,11
1904,2,1,3
1904,4,2,6
1904,3,1,4
1904,1,1,2
1904,2,1,3
1904,3,1,4
1904,6,2,8
1904,7,11,18
1904,5,4,9
1904,3,2,5
1904,1,1,2
1904,5,2,7
1904,7,14,21
1904,2,1,3
1904,3,2,5
1904,8,4,12
1904,4,3,7
1904,6,4,10
1904,4,2,6
1904,3,2,5
1904,1,0,1
1904,3,2,5
1904,2,1,3
1904,5,3,8
1904,5,3,8
1904,1,0,1
1904,10,1,11
1904,4,3,7
1904,3,0,3
1904,5,3,8
1904,7,5,12
1904,9,5,14
1904,6,5,11
1904,5,4,9
1904,3,2,5
1904,2,0,2
1904,6,5,11
1904,6,4,10
1904,1,0,1
1904,2,1,3
1904,6,1,7
1904,3,0,3
1904,4,2,6
1904,5,4,9
1904,2,1,3
1904,4,3,7
1904,11,1,12
1904,4,3,7
1904,1,1,2
1904,4,1,5
1904,2,1,3
1904,1,0,1
1904,3,2,5
1904,5,1,6
1904,5,1,6
1904,4,3,7
1904,5,1,6
1904,2,1,3
1904,9,1,10
1904,4,2,6
1904,6,4,10
1904,2,0,2
1904,7,4,11
1904,3,0,3
1904,9,1,10
1904,4,2,6
1904,2,0,2
1904,3,1,4
1904,3,2,5
1904,4,2,6
1904,7,5,12
1904,7,3,10
1904,4,2,6
1904,6,2,8
1904,3,2,5
1904,2,1,3
1904,1,1,2
1904,4,3,7
1904,7,0,7
1904,8,6,14
1904,4,0,4
1904,6,4,10
1904,5,3,8
1904,8,4,12
1904,4,0,4
1904,3,1,4
1904,3,2,5
1904,2,0,2
1904,4,0,4
1904,1,0,1
1904,1,0,1
1904,4,0,4
1904,1,0,1
1904,3,1,4
1904,2,1,3
1904,4,3,7
1904,6,2,8
1904,2,0,2
1904,5,3,8
1904,5,3,8
1904,1,0,1
1904,2,2,4
1904,4,2,6
1904,2,1,3
1904,2,1,3
1904,3,1,4
1904,4,1,5
1904,5,2,7
1904,6,1,7
1904,4,2,6
1904,7,3,10
1904,4,3,7
1904,4,0,4
1904,4,3,7
1904,5,0,5
1904,5,0,5
1904,7,2,9
1904,4,3,7
1904,5,1,6
1904,5,0,5
1904,3,0,3
1904,3,0,3
1904,3,1,4
1904,5,0,5
1904,7,3,10
1904,4,2,6
1904,3,1,4
1904,1,0,1
1904,6,1,7
1904,4,0,4
1904,8,2,10
1904,7,3,10
1904,4,0,4
1904,3,0,3
1904,9,4,13
1904,5,4,9
1904,9,12,21
1904,5,3,8
1904,3,0,3
1904,3,0,3
1904,4,3,7
1904,5,4,9
1904,7,2,9
1904,4,0,4
1904,9,2,11
1904,3,2,5
1904,2,1,3
1904,5,1,6
1904,8,6,14
1904,3,11,14
1904,3,10,13
1904,6,1,7
1904,7,1,8
1904,6,3,9
1904,2,0,2
1904,5,0,5
1904,5,1,6
1904,5,16,21
1904,4,1,5
1904,2,0,2
1904,7,2,9
1904,3,2,5
1904,3,1,4
1904,2,1,3
1904,4,16,20
1904,3,0,3
1904,4,3,7
1904,5,2,7
1904,4,0,4
1904,7,3,10
1904,4,3,7
1904,6,0,6
1904,2,0,2
1904,3,0,3
1904,4,1,5
1904,1,1,2
1904,8,1,9
1904,6,2,8
1904,8,0,8
1904,6,3,9
1904,10,1,11
1904,5,2,7
1904,8,1,9
1904,9,0,9
1904,3,2,5
1904,2,2,4
1904,6,1,7
1904,3,2,5
1904,3,2,5
1904,2,13,15
1904,1,0,1
1904,5,0,5
1904,5,2,7
1904,2,1,3
1904,3,0,3
1904,3,2,5
1904,4,0,4
1904,8,2,10
1904,6,0,6
1904,8,1,9
1904,5,12,17
1904,2,0,2
1904,6,2,8
1904,1,0,1
1904,2,1,3
1904,3,0,3
1904,1,0,1
1904,3,2,5
1904,1,0,1
1904,7,6,13
1904,4,3,7
1905,8,12,20
1905,2,1,3
1905,9,4,13
1905,10,1,11
1905,3,2,5
1905,6,1,7
1905,4,2,6
1905,8,3,11
1905,3,2,5
1905,7,0,7
1905,6,2,8
1905,15,0,15
1905,6,5,11
1905,2,1,3
1905,4,0,4
1905,5,0,5
1905,9,4,13
1905,4,3,7
1905,7,4,11
1905,1,0,1
1905,6,4,10
1905,9,5,14
1905,7,13,20
1905,4,2,6
1905,1,0,1
1905,2,1,3
1905,1,0,1
1905,5,1,6
1905,3,0,3
1905,6,5,11
1905,7,6,13
1905,8,4,12
1905,2,0,2
1905,3,2,5
1905,7,2,9
1905,4,3,7
1905,8,1,9
1905,3,1,4
1905,5,4,9
1905,5,2,7
1905,3,0,3
1905,4,0,4
1905,5,3,8
1905,6,3,9
1905,5,3,8
1905,2,10,12
1905,6,4,10
1905,2,1,3
1905,4,0,4
1905,3,2,5
1905,1,0,1
1905,8,12,20
1905,1,0,1
1905,3,1,4
1905,4,3,7
1905,7,1,8
1905,8,0,8
1905,2,0,2
1905,4,3,7
1905,5,4,9
1905,6,1,7
1905,6,10,16
1905,3,1,4
1905,2,12,14
1905,1,0,1
1905,6,5,11
1905,8,1,9
1905,2,1,3
1905,3,2,5
1905,5,0,5
1905,4,3,7
1905,3,3,6
1905,2,1,3
1905,2,1,3
1905,4,0,4
1905,2,0,2
1905,1,0,1
1905,4,3,7
1905,1,0,1
1905,3,2,5
1905,5,10,15
1905,3,2,5
1905,7,5,12
1905,2,0,2
1905,4,2,6
1905,4,2,6
1905,5,15,20
1905,7,5,12
1905,6,4,10
1905,3,2,5
1905,2,1,3
1905,5,3,8
1905,6,0,6
1905,8,5,13
1905,11,1,12
1905,4,10,14
1905,4,2,6
1905,8,2,10
1905,6,0,6
1905,6,0,6
1905,4,3,7
1905,5,4,9
1905,2,1,3
1905,8,3,11
1905,7,6,13
1905,4,3,7
1905,3,1,4
1905,4,0,4
1905,9,4,13
1905,9,5,14
1905,3,1,4
1905,9,13,22
1905,3,16,19
1905,3,0,3
1905,3,2,5
1905,7,5,12
1905,3,2,5
1905,5,4,9
1905,5,4,9
1905,6,1,7
1905,3,1,4
1905,5,0,5
1905,4,2,6
1905,9,4,13
1905,6,0,6
1905,4,2,6
1905,6,10,16
1905,4,1,5
1905,5,1,6
1905,7,4,11
1905,4,2,6
1905,7,11,18
1905,4,2,6
1905,8,2,10
1905,5,3,8
1905,2,1,3
1905,11,0,11
1905,3,2,5
1905,9,4,13
1905,2,1,3
1905,4,2,6
1905,2,0,2
1905,3,0,3
1905,4,3,7
1905,2,1,3
1905,9,3,12
1905,6,3,9
1905,9,1,10
1905,7,2,9
1905,2,1,3
1905,3,2,5
1905,5,2,7
1905,6,4,10
1905,3,2,5
1905,8,7,15
1905,9,6,15
1905,3,1,4
1905,5,0,5
1905,4,3,7
1905,4,2,6
1905,4,3,7
1905,3,10,13
1905,8,7,15
1905,5,0,5
1905,4,0,4
1905,4,3,7
1905,2,1,3
1905,5,4,9
1905,7,3,10
1905,5,4,9
1905,8,1,9
1905,6,5,11
1905,6,4,10
1905,4,1,5
1905,7,3,10
1905,3,2,5
1905,2,1,3
1905,3,2,5
1905,1,0,1
1905,3,2,5
1905,5,1,6
1905,9,3,12
1905,2,10,12
1905,4,1,5
1905,2,1,3
1905,4,10,14
1905,6,0,6
1905,6,2,8
1905,4,0,4
1905,5,3,8
1905,4,0,4
1905,9,7,16
1905,4,0,4
1905,8,11,19
1905,3,2,5
1905,4,2,6
1905,2,10,12
1905,4,1,5
1905,5,2,7
1905,3,0,3
1905,5,0,5
1905,7,2,9
1905,5,3,8
1905,3,1,4
1905,2,1,3
1905,5,3,8
1905,2,1,3
1905,4,11,15
1905,4,2,6
1905,2,10,12
1905,7,1,8
1905,9,4,13
1905,3,0,3
1905,4,3,7
1905,3,2,5
1905,8,1,9
1905,4,1,5
1905,6,0,6
1905,5,4,9
1905,7,11,18
1905,3,2,5
1905,2,11,13
1905,2,1,3
1905,3,2,5
1905,6,4,10
1905,6,1,7
1905,3,0,3
1905,2,1,3
1905,5,4,9
1905,5,4,9
1905,1,0,1
1905,3,2,5
1905,7,4,11
1905,5,4,9
1905,7,0,7
1905,8,5,13
1905,5,3,8
1905,3,1,4
1905,11,1,12
1905,7,4,11
1905,6,5,11
1905,6,12,18
1905,4,3,7
1905,6,2,8
1905,5,3,8
1905,3,0,3
1905,6,2,8
1905,9,1,10
1905,9,7,16
1905,5,1,6
1905,9,4,13
1905,1,0,1
1905,1,0,1
1905,5,2,7
1905,6,0,6
1905,3,1,4
1905,4,2,6
1905,9,2,11
1905,8,4,12
1905,6,3,9
1905,3,2,5
1905,4,1,5
1905,3,0,3
1905,8,3,11
1905,2,1,3
1905,8,5,13
1905,6,1,7
1905,3,12,15
1905,5,1,6
1905,7,10,17
1905,9,1,10
1905,6,3,9
1905,5,3,8
1905,8,5,13
1905,2,1,3
1905,6,3,9
1905,3,15,18
1905,2,1,3
1905,1,0,1
1905,3,2,5
1905,1,0,1
1905,6,3,9
1905,1,0,1
1905,7,2,9
1905,4,3,7
1905,6,5,11
1905,6,0,6
1905,9,5,14
1905,4,3,7
1905,2,0,2
1905,3,0,3
1905,6,0,6
1905,2,0,2
1905,11,10,21
1905,3,2,5
1905,4,12,16
1905,8,3,11
1905,9,10,19
1905,3,2,5
1905,8,2,10
1905,9,5,14
1905,9,3,12
1905,5,15,20
1905,6,5,11
1905,4,0,4
1905,5,2,7
1905,8,3,11
1905,3,1,4
1905,5,1,6
1905,2,0,2
1905,2,0,2
1905,8,3,11
1905,5,4,9
1905,3,10,13
1905,8,1,9
1905,4,0,4
1905,5,4,9
1905,1,0,1
1905,4,2,6
1905,8,2,10
1905,5,4,9
1905,9,0,9
1905,8,1,9
1905,2,1,3
1905,2,11,13
1905,4,3,7
1905,5,2,7
1905,6,4,10
1905,3,2,5
1905,4,1,5
1905,5,4,9
1905,2,1,3
1905,7,3,10
1905,2,1,3
1905,2,10,12
1905,5,4,9
1905,8,0,8
1905,5,3,8
1905,7,4,11
1905,4,3,7
1905,2,11,13
1905,2,11,13
1905,4,0,4
1905,6,3,9
1905,4,1,5
1905,5,2,7
1905,6,5,11
1905,7,1,8
1905,3,2,5
1905,2,14,16
1905,4,2,6
1905,3,2,5
1905,6,12,18
1905,7,2,9
1905,7,6,13
1905,9,3,12
1905,7,0,7
1905,9,3,12
1905,8,15,23
1905,5,0,5
1905,7,1,8
1905,5,4,9
1905,4,0,4
1905,6,1,7
1905,6,4,10
1905,5,1,6
1905,3,1,4
1905,4,3,7
1905,9,0,9
1905,5,3,8
1905,2,11,13
1905,1,0,1
1905,5,1,6
1905,1,0,1
1905,6,0,6
1905,6,1,7
1905,7,0,7
1905,2,1,3
1905,1,0,1
1905,6,2,8
1905,7,5,12
1905,4,1,5
1905,5,3,8
1905,3,1,4
1905,5,3,8
1905,5,1,6
1905,4,10,14
1905,3,2,5
1905,5,1,6
1905,5,0,5
1905,7,0,7
1905,5,4,9
1905,2,0,2
1905,5,2,7
1905,4,0,4
1905,4,3,7
1905,3,0,3
1905,10,1,11
1905,5,4,9
1905,9,4,13
1905,5,1,6
1905,7,2,9
1905,6,5,11
1905,5,2,7
1905,6,3,9
1905,3,1,4
1905,3,2,5
1905,7,2,9
1905,3,2,5
1905,4,1,5
1905,2,11,13
1905,8,2,10
1905,3,2,5
1905,7,17,24
1905,9,6,15
1905,5,4,9
1905,7,2,9
1905,6,10,16
1905,3,12,15
1905,3,2,5
1905,8,3,11
1905,5,3,8
1905,3,2,5
1905,9,2,11
1905,3,12,15
1905,3,0,3
1905,6,3,9
1905,7,3,10
1905,4,2,6
1905,9,3,12
1905,1,1,2
1905,4,0,4
1905,2,1,3
1905,2,0,2
1905,2,10,12
1905,3,1,4
1905,3,1,4
1905,7,0,7
1905,3,0,3
1905,5,1,6
1905,4,1,5
1905,3,0,3
1905,8,2,10
1905,2,1,3
1905,2,1,3
1905,7,4,11
1905,6,13,19
1905,8,2,10
1905,2,1,3
1905,8,2,10
1905,2,18,20
1905,8,1,9
1905,5,0,5
1905,9,1,10
1905,5,14,19
1905,3,10,13
1905,3,2,5
1905,3,2,5
1905,6,0,6
1905,8,1,9
1905,2,1,3
1905,9,0,9
1905,4,2,6
1905,9,4,13
1905,1,0,1
1905,5,2,7
1905,3,1,4
1905,8,4,12
1905,3,2,5
1905,4,1,5
1905,7,4,11
1905,2,1,3
1905,6,3,9
1905,4,3,7
1905,11,1,12
1905,4,2,6
1905,8,3,11
1905,3,2,5
1905,4,13,17
1905,3,2,5
1905,2,1,3
1905,2,1,3
1905,6,5,11
1905,2,0,2
1905,7,4,11
1905,7,3,10
1905,3,2,5
1905,4,2,6
1905,7,5,12
1905,5,13,18
1905,3,14,17
1905,1,0,1
1905,3,2,5
1905,9,5,14
1905,3,2,5
1905,2,0,2
1905,1,0,1
1905,4,1,5
1905,3,2,5
1905,7,4,11
1905,2,0,2
1905,6,2,8
1905,2,1,3
1905,3,0,3
1905,9,1,10
1905,4,3,7
1905,5,2,7
1905,4,2,6
1905,8,0,8
1905,2,1,3
1905,3,2,5
1905,11,1,12
1905,8,2,10
1905,5,2,7
1905,4,1,5
1905,11,0,11
1905,8,5,13
1905,3,2,5
1905,2,0,2
1905,6,3,9
1905,8,2,10
1905,8,1,9
1905,4,3,7
1905,7,0,7
1905,8,3,11
1905,9,5,14
1905,6,1,7
1905,2,1,3
1905,8,1,9
1905,9,7,16
1905,2,0,2
1905,5,2,7
1905,6,1,7
1905,7,2,9
1905,4,3,7
1905,8,1,9
1905,7,4,11
1905,7,5,12
1905,9,4,13
1905,4,1,5
1905,6,2,8
1905,2,1,3
1905,3,12,15
1905,3,0,3
1905,5,1,6
1905,4,3,7
1905,8,1,9
1905,5,1,6
1905,6,3,9
1905,3,3,6
1905,8,11,19
1905,4,11,15
1905,6,5,11
1905,6,4,10
1905,5,5,10
1905,1,0,1
1905,2,2,4
1905,6,1,7
1905,5,3,8
1905,9,3,12
1905,3,2,5
1905,6,3,9
1905,3,0,3
1905,4,1,5
1905,2,11,13
1905,6,1,7
1905,7,0,7
1905,3,1,4
1905,6,5,11
1905,4,10,14
1905,5,2,7
1905,8,6,14
1905,3,15,18
1905,3,2,5
1905,1,0,1
1905,4,1,5
1905,7,0,7
1905,8,1,9
1905,6,1,7
1905,5,3,8
1905,6,1,7
1905,2,1,3
1905,9,3,12
1905,6,3,9
1905,4,1,5
1905,3,0,3
1905,2,1,3
1905,7,4,11
1905,5,1,6
1905,4,2,6
1905,4,3,7
1905,2,0,2
1905,7,2,9
1905,3,2,5
1905,7,2,9
1905,5,2,7
1905,8,0,8
1905,8,11,19
1905,2,1,3
1905,6,5,11
1905,5,2,7
1905,9,1,10
1905,8,7,15
1905,7,5,12
1905,2,1,3
1905,4,1,5
1905,5,2,7
1905,1,0,1
1905,4,3,7
1905,7,4,11
1905,4,1,5
1905,4,3,7
1905,3,0,3
1905,1,0,1
1905,3,2,5
1905,2,12,14
1905,5,1,6
1905,10,1,11
1905,2,0,2
1905,6,3,9
1905,2,1,3
1905,5,4,9
1905,7,4,11
1905,2,1,3
1905,8,1,9
1905,5,1,6
1905,6,2,8
1905,8,5,13
1905,6,4,10
1905,7,3,10
1905,2,1,3
1905,3,1,4
1905,5,4,9
1905,6,4,10
1905,7,3,10
1905,8,4,12
1905,7,6,13
1905,7,4,11
1905,2,1,3
1905,7,5,12
1905,5,1,6
1905,3,2,5
1905,2,1,3
1905,6,0,6
1905,8,7,15
1905,2,14,16
1905,7,3,10
1905,5,1,6
1905,3,2,5
1905,6,1,7
1905,7,1,8
1905,2,1,3
1905,2,1,3
1905,5,3,8
1905,8,6,14
1905,4,3,7
1905,9,4,13
1905,6,0,6
1905,3,2,5
1905,1,0,1
1905,6,1,7
1905,5,2,7
1905,8,7,15
1905,8,1,9
1905,2,1,3
1905,7,1,8
1905,7,1,8
1905,4,3,7
1905,7,0,7
1905,5,10,15
1905,4,3,7
1905,7,0,7
1905,8,2,10
1905,9,0,9
1905,7,2,9
1905,2,1,3
1905,4,10,14
1905,6,1,7
1905,8,2,10
1905,5,2,7
1905,3,2,5
1905,7,1,8
1905,8,3,11
1905,4,0,4
1905,6,5,11
1905,3,2,5
1905,4,3,7
1905,2,1,3
1905,4,4,8
1905,4,1,5
1905,9,3,12
1905,9,4,13
1905,7,3,10
1905,8,6,14
1905,4,3,7
1905,3,0,3
1905,7,0,7
1905,9,10,19
1905,5,2,7
1905,13,0,13
1905,4,2,6
1905,1,0,1
1905,2,1,3
1905,6,2,8
1905,1,0,1
1905,6,5,11
1905,3,2,5
1905,6,2,8
1905,4,1,5
1905,1,0,1
1905,7,1,8
1905,5,1,6
1905,7,6,13
1905,5,10,15
1905,3,2,5
1905,5,4,9
1905,4,10,14
1905,4,0,4
1905,4,2,6
1905,4,3,7
1905,4,3,7
1905,8,7,15
1905,4,3,7
1905,4,3,7
1905,3,1,4
1905,4,2,6
1905,2,1,3
1905,5,0,5
1905,5,0,5
1905,5,4,9
1905,3,2,5
1905,4,10,14
1905,6,0,6
1905,7,5,12
1905,2,1,3
1905,7,3,10
1905,8,0,8
1905,3,2,5
1905,7,5,12
1905,6,5,11
1905,8,4,12
1905,6,0,6
1905,5,1,6
1905,6,19,25
1905,3,1,4
1905,6,5,11
1905,5,3,8
1905,5,5,10
1905,6,2,8
1905,7,2,9
1905,9,1,10
1905,8,0,8
1905,6,3,9
1905,2,0,2
1905,6,5,11
1905,2,1,3
1905,4,3,7
1905,4,0,4
1905,7,13,20
1905,4,14,18
1905,9,3,12
1905,3,0,3
1905,3,2,5
1905,9,7,16
1905,3,0,3
1905,4,3,7
1905,2,1,3
1905,5,4,9
1905,5,4,9
1905,5,2,7
1905,7,2,9
1905,2,1,3
1905,7,2,9
1905,8,3,11
1905,5,3,8
1905,5,4,9
1905,4,12,16
1905,2,1,3
1905,5,3,8
1905,1,0,1
1905,4,1,5
1905,8,2,10
1905,7,4,11
1905,5,4,9
1905,5,2,7
1905,3,2,5
1905,4,1,5
1905,2,1,3
1905,7,6,13
1905,1,0,1
1905,7,1,8
1905,4,1,5
1905,5,4,9
1905,2,10,12
1905,2,0,2
1905,2,1,3
1905,2,1,3
1905,6,4,10
1905,8,3,11
1905,2,0,2
1905,2,1,3
1905,15,1,16
1905,7,2,9
1905,10,1,11
1905,5,0,5
1905,6,1,7
1905,5,3,8
1905,7,1,8
1905,2,1,3
1905,5,0,5
1905,3,2,5
1905,6,4,10
1905,2,0,2
1905,3,1,4
1905,7,0,7
1905,6,4,10
1905,5,10,15
1905,6,4,10
1905,7,1,8
1905,5,4,9
1905,5,3,8
1905,2,1,3
1905,6,2,8
1905,3,0,3
1905,4,1,5
1905,2,1,3
1905,12,0,12
1905,8,7,15
1905,6,0,6
1905,5,0,5
1905,2,1,3
1905,5,4,9
1905,9,11,20
1905,3,3,6
1905,3,2,5
1905,5,1,6
1905,4,2,6
1905,8,2,10
1905,7,2,9
1905,1,0,1
1905,2,1,3
1905,3,2,5
1905,6,4,10
1905,2,12,14
1905,1,0,1
1905,5,3,8
1905,9,0,9
1905,2,1,3
1905,3,0,3
1905,5,0,5
1905,2,10,12
1905,5,1,6
1905,4,2,6
1905,6,3,9
1905,6,5,11
1905,1,0,1
1905,4,0,4
1905,2,1,3
1905,2,1,3
1905,5,1,6
1905,9,6,15
1905,9,10,19
1905,6,2,8
1905,3,1,4
1905,4,2,6
1905,7,4,11
1905,2,1,3
1905,5,4,9
1905,7,2,9
1905,9,6,15
1905,5,0,5
1905,1,0,1
1905,4,0,4
1905,6,1,7
1905,7,4,11
1905,5,0,5
1905,8,6,14
1905,3,2,5
1905,8,0,8
1905,6,6,12
1905,2,1,3
1905,2,1,3
1905,3,1,4
1905,5,4,9
1905,3,2,5
1905,3,2,5
1905,3,1,4
1905,6,3,9
1905,1,0,1
1905,2,1,3
1905,4,1,5
1905,4,0,4
1905,2,1,3
1905,4,3,7
1905,1,0,1
1905,5,4,9
1905,2,0,2
1905,6,5,11
1905,4,3,7
1905,4,0,4
1905,8,7,15
1905,2,0,2
1905,7,2,9
1905,6,3,9
1905,3,1,4
1905,3,1,4
1905,6,10,16
1905,4,2,6
1905,3,1,4
1905,5,4,9
1905,5,4,9
1905,8,1,9
1905,4,2,6
1905,7,3,10
1905,2,10,12
1905,8,4,12
1905,6,0,6
1905,4,2,6
1905,2,0,2
1905,5,4,9
1905,3,2,5
1905,6,5,11
1905,2,0,2
1905,3,1,4
1905,1,1,2
1905,6,2,8
1905,5,3,8
1905,4,0,4
1905,2,0,2
1905,2,0,2
1905,5,0,5
1905,8,5,13
1905,2,1,3
1905,6,10,16
1905,3,2,5
1905,4,2,6
1905,3,0,3
1905,6,1,7
1905,4,1,5
1905,6,0,6
1905,1,0,1
1905,3,2,5
1905,6,3,9
1905,1,0,1
1905,5,4,9
1905,10,1,11
1905,3,1,4
1905,1,0,1
1905,1,0,1
1905,3,2,5
1905,4,0,4
1905,2,1,3
1905,7,0,7
1905,5,1,6
1905,3,2,5
1905,7,1,8
1905,6,11,17
1905,9,4,13
1905,8,5,13
1905,5,0,5
1905,5,4,9
1905,3,2,5
1905,4,3,7
1905,9,2,11
1905,3,2,5
1905,3,2,5
1905,6,0,6
1905,6,5,11
1905,3,2,5
1905,7,3,10
1905,6,4,10
1905,5,12,17
1905,6,2,8
1905,6,4,10
1905,2,1,3
1905,6,4,10
1905,2,0,2
1905,15,0,15
1905,3,0,3
1905,2,0,2
1905,3,2,5
1905,4,1,5
1905,1,0,1
1905,3,0,3
1905,5,4,9
1905,7,11,18
1905,6,11,17
1905,2,10,12
1905,5,3,8
1905,2,12,14
1905,1,0,1
1905,6,3,9
1905,6,0,6
1905,8,3,11
1905,8,3,11
1905,6,5,11
1905,8,7,15
1905,5,2,7
1905,8,1,9
1905,4,2,6
1905,6,5,11
1905,6,2,8
1905,7,7,14
1905,4,2,6
1905,8,2,10
1905,5,12,17
1905,3,1,4
1905,5,2,7
1905,5,2,7
1905,2,2,4
1905,5,3,8
1905,6,3,9
1905,14,0,14
1905,3,2,5
1905,12,0,12
1905,2,1,3
1905,2,1,3
1905,4,3,7
1905,3,2,5
1905,8,5,13
1905,4,3,7
1905,7,4,11
1905,8,2,10
1905,2,1,3
1905,5,4,9
1905,3,2,5
1905,7,2,9
1905,9,2,11
1905,6,1,7
1905,1,0,1
1905,2,10,12
1905,5,2,7
1905,3,2,5
1905,6,0,6
1905,7,6,13
1905,4,3,7
1905,4,2,6
1905,5,3,8
1905,8,7,15
1905,6,2,8
1905,4,3,7
1905,3,2,5
1905,4,3,7
1905,8,2,10
1905,4,4,8
1905,7,1,8
1905,3,1,4
1905,2,12,14
1905,6,0,6
1905,6,2,8
1905,5,2,7
1905,3,0,3
1905,6,2,8
1905,4,2,6
1905,3,2,5
1905,4,3,7
1905,2,1,3
1905,9,2,11
1905,4,1,5
1905,4,2,6
1905,3,0,3
1905,3,2,5
1905,4,2,6
1905,3,16,19
1905,8,6,14
1905,2,1,3
1905,4,2,6
1905,5,0,5
1905,3,0,3
1905,3,2,5
1905,2,1,3
1905,8,3,11
1905,1,0,1
1905,7,6,13
1905,6,5,11
1905,1,1,2
1905,5,4,9
1905,9,6,15
1905,1,0,1
1905,6,3,9
1905,7,1,8
1905,7,1,8
1905,5,3,8
1905,3,2,5
1905,6,2,8
1905,2,1,3
1905,8,3,11
1905,6,1,7
1905,5,1,6
1905,2,0,2
1905,2,1,3
1905,7,4,11
1905,11,1,12
1905,5,2,7
1905,8,4,12
1905,2,1,3
1905,6,5,11
1905,5,10,15
1905,6,4,10
1905,7,2,9
1905,5,0,5
1905,1,0,1
1905,7,12,19
1905,3,1,4
1905,10,1,11
1905,5,2,7
1905,3,2,5
1905,2,0,2
1905,2,1,3
1905,8,5,13
1905,3,1,4
1905,5,10,15
1905,8,3,11
1905,8,7,15
1905,5,3,8
1905,3,1,4
1905,7,4,11
1905,2,0,2
1905,3,2,5
1905,5,0,5
1905,4,3,7
1905,13,10,23
1905,3,2,5
1905,4,10,14
1905,9,4,13
1905,5,10,15
1905,3,1,4
1905,1,0,1
1905,13,1,14
1905,6,3,9
1905,7,2,9
1905,6,4,10
1905,9,5,14
1905,9,2,11
1905,2,0,2
1905,6,13,19
1905,2,0,2
1905,15,1,16
1905,7,2,9
1905,14,10,24
1905,7,2,9
1905,8,7,15
1905,5,3,8
1905,6,0,6
1905,6,0,6
1905,4,3,7
1905,7,4,11
1905,5,1,6
1905,9,4,13
1905,3,1,4
1905,3,2,5
1905,4,10,14
1905,1,0,1
1905,8,3,11
1905,4,1,5
1905,7,2,9
1905,1,0,1
1905,11,1,12
1905,6,5,11
1905,5,1,6
1905,6,11,17
1905,3,2,5
1905,4,1,5
1905,2,0,2
1905,3,15,18
1905,7,5,12
1905,1,0,1
1905,4,3,7
1905,8,3,11
1905,2,2,4
1905,9,2,11
1905,5,2,7
1905,9,10,19
1905,3,2,5
1905,6,0,6
1905,5,4,9
1905,4,3,7
1905,2,1,3
1905,5,3,8
1905,8,3,11
1905,8,4,12
1905,7,2,9
1905,7,1,8
1905,5,0,5
1905,3,2,5
1905,7,4,11
1905,5,5,10
1905,4,2,6
1905,4,4,8
1905,3,0,3
1905,10,1,11
1905,5,2,7
1905,2,10,12
1905,4,3,7
1905,4,0,4
1905,3,2,5
1905,3,1,4
1905,9,1,10
1905,4,1,5
1905,1,0,1
1905,4,3,7
1905,5,10,15
1905,5,11,16
1905,2,1,3
1905,7,0,7
1905,4,1,5
1905,5,3,8
1905,8,0,8
1905,9,7,16
1905,3,1,4
1905,7,3,10
1905,5,3,8
1905,5,4,9
1905,7,3,10
1905,6,2,8
1905,4,10,14
1905,7,6,13
1905,9,12,21
1905,4,10,14
1905,7,11,18
1905,7,3,10
1905,6,3,9
1905,7,1,8
1905,4,3,7
1905,6,1,7
1905,2,1,3
1905,2,1,3
1905,7,7,14
1905,5,4,9
1905,3,3,6
1905,5,4,9
1905,6,3,9
1905,3,1,4
1905,4,1,5
1905,5,3,8
1905,3,1,4
1905,3,0,3
1905,3,0,3
1905,9,0,9
1905,1,0,1
1905,2,0,2
1906,2,0,2
1906,7,2,9
1906,3,2,5
1906,2,1,3
1906,7,4,11
1906,5,1,6
1906,5,4,9
1906,1,0,1
1906,1,0,1
1906,2,1,3
1906,2,1,3
1906,4,3,7
1906,5,3,8
1906,8,5,13
1906,5,3,8
1906,3,2,5
1906,4,3,7
1906,4,2,6
1906,5,3,8
1906,4,3,7
1906,3,1,4
1906,6,3,9
1906,5,3,8
1906,1,0,1
1906,3,2,5
1906,3,1,4
1906,5,2,7
1906,3,3,6
1906,4,1,5
1906,11,1,12
1906,3,2,5
1906,4,2,6
1906,7,4,11
1906,4,0,4
1906,2,0,2
1906,3,1,4
1906,8,5,13
1906,4,1,5
1906,3,1,4
1906,11,10,21
1906,4,1,5
1906,8,2,10
1906,5,1,6
1906,7,3,10
1906,6,1,7
1906,8,2,10
1906,3,11,14
1906,6,4,10
1906,10,1,11
1906,8,18,26
1906,4,3,7
1906,5,2,7
1906,2,1,3
1906,3,1,4
1906,5,3,8
1906,5,1,6
1906,4,3,7
1906,7,6,13
1906,3,1,4
1906,7,6,13
1906,4,3,7
1906,1,0,1
1906,3,1,4
1906,7,5,12
1906,7,2,9
1906,6,4,10
1906,6,3,9
1906,9,3,12
1906,8,7,15
1906,7,4,11
1906,2,0,2
1906,2,19,21
1906,3,2,5
1906,4,3,7
1906,8,5,13
1906,2,2,4
1906,9,7,16
1906,5,0,5
1906,4,2,6
1906,7,2,9
1906,3,1,4
1906,4,2,6
1906,3,2,5
1906,4,3,7
1906,12,0,12
1906,3,1,4
1906,5,3,8
1906,9,10,19
1906,7,6,13
1906,7,4,11
1906,3,1,4
1906,3,0,3
1906,8,2,10
1906,5,10,15
1906,5,2,7
1906,4,0,4
1906,1,0,1
1906,7,14,21
1906,7,2,9
1906,7,6,13
1906,10,0,10
1906,5,4,9
1906,5,1,6
1906,1,0,1
1906,2,1,3
1906,6,11,17
1906,3,10,13
1906,4,2,6
1906,6,2,8
1906,8,2,10
1906,2,1,3
1906,3,0,3
1906,4,3,7
1906,4,13,17
1906,6,3,9
1906,6,0,6
1906,7,5,12
1906,8,3,11
1906,3,1,4
1906,8,0,8
1906,2,16,18
1906,5,1,6
1906,3,2,5
1906,4,3,7
1906,4,1,5
1906,2,1,3
1906,5,2,7
1906,5,1,6
1906,6,4,10
1906,3,0,3
1906,6,0,6
1906,9,2,11
1906,6,5,11
1906,5,4,9
1906,4,1,5
1906,4,2,6
1906,10,1,11
1906,2,1,3
1906,6,2,8
1906,5,4,9
1906,7,2,9
1906,6,3,9
1906,3,3,6
1906,7,7,14
1906,6,4,10
1906,9,3,12
1906,4,3,7
1906,8,5,13
1906,4,2,6
1906,2,10,12
1906,6,0,6
1906,5,1,6
1906,2,1,3
1906,5,3,8
1906,4,0,4
1906,6,0,6
1906,10,0,10
1906,2,2,4
1906,8,3,11
1906,7,2,9
1906,3,2,5
1906,3,2,5
1906,4,11,15
1906,5,4,9
1906,8,3,11
1906,7,1,8
1906,3,2,5
1906,9,6,15
1906,6,2,8
1906,2,1,3
1906,5,1,6
1906,15,1,16
1906,2,1,3
1906,8,5,13
1906,8,3,11
1906,6,3,9
1906,2,0,2
1906,8,4,12
1906,4,0,4
1906,9,1,10
1906,8,0,8
1906,3,2,5
1906,2,0,2
1906,4,0,4
1906,6,2,8
1906,5,2,7
1906,4,0,4
1906,5,4,9
1906,8,4,12
1906,3,1,4
1906,11,1,12
1906,10,1,11
1906,6,3,9
1906,7,6,13
1906,6,1,7
1906,3,1,4
1906,9,5,14
1906,2,1,3
1906,4,1,5
1906,5,4,9
1906,1,0,1
1906,5,4,9
1906,5,3,8
1906,5,0,5
1906,7,6,13
1906,1,0,1
1906,6,5,11
1906,5,2,7
1906,9,2,11
1906,11,0,11
1906,3,0,3
1906,6,5,11
1906,7,4,11
1906,3,1,4
1906,2,0,2
1906,4,2,6
1906,5,0,5
1906,2,0,2
1906,3,2,5
1906,6,2,8
1906,14,1,15
1906,5,14,19
1906,7,6,13
1906,4,14,18
1906,4,3,7
1906,7,6,13
1906,7,2,9
1906,10,0,10
1906,3,2,5
1906,8,0,8
1906,15,0,15
1906,8,3,11
1906,2,1,3
1906,5,1,6
1906,7,5,12
1906,3,1,4
1906,4,10,14
1906,3,11,14
1906,5,3,8
1906,2,1,3
1906,6,4,10
1906,6,4,10
1906,7,6,13
1906,2,1,3
1906,8,0,8
1906,1,0,1
1906,9,1,10
1906,6,3,9
1906,8,2,10
1906,6,4,10
1906,8,2,10
1906,8,5,13
1906,1,0,1
1906,7,0,7
1906,6,4,10
1906,3,2,5
1906,4,1,5
1906,4,1,5
1906,4,3,7
1906,5,0,5
1906,3,0,3
1906,7,10,17
1906,7,5,12
1906,6,5,11
1906,8,6,14
1906,9,7,16
1906,6,5,11
1906,11,1,12
1906,5,3,8
1906,3,0,3
1906,2,1,3
1906,3,1,4
1906,5,15,20
1906,6,2,8
1906,2,0,2
1906,4,3,7
1906,4,0,4
1906,4,2,6
1906,9,4,13
1906,5,0,5
1906,2,10,12
1906,3,2,5
1906,4,2,6
1906,5,4,9
1906,6,4,10
1906,4,3,7
1906,5,10,15
1906,4,2,6
1906,5,3,8
1906,5,4,9
1906,2,1,3
1906,3,0,3
1906,5,2,7
1906,8,7,15
1906,5,1,6
1906,5,3,8
1906,2,0,2
1906,5,2,7
1906,4,2,6
1906,6,1,7
1906,7,2,9
1906,6,4,10
1906,4,1,5
1906,8,2,10
1906,7,6,13
1906,7,2,9
1906,3,0,3
1906,7,5,12
1906,9,1,10
1906,9,2,11
1906,1,0,1
1906,8,3,11
1906,4,3,7
1906,4,2,6
1906,6,4,10
1906,7,3,10
1906,5,1,6
1906,3,0,3
1906,4,0,4
1906,8,12,20
1906,5,0,5
1906,3,2,5
1906,2,10,12
1906,6,0,6
1906,5,4,9
1906,4,1,5
1906,6,2,8
1906,2,1,3
1906,6,1,7
1906,8,5,13
1906,4,14,18
1906,7,1,8
1906,2,0,2
1906,2,10,12
1906,2,0,2
1906,3,1,4
1906,2,0,2
1906,4,1,5
1906,4,2,6
1906,3,0,3
1906,6,1,7
1906,3,2,5
1906,6,5,11
1906,4,13,17
1906,9,6,15
1906,1,0,1
1906,3,2,5
1906,9,3,12
1906,7,1,8
1906,6,0,6
1906,9,8,17
1906,9,5,14
1906,5,0,5
1906,8,0,8
1906,4,3,7
1906,3,1,4
1906,2,1,3
1906,3,11,14
1906,3,0,3
1906,5,0,5
1906,7,3,10
1906,4,0,4
1906,7,1,8
1906,19,0,19
1906,3,2,5
1906,6,4,10
1906,5,3,8
1906,4,10,14
1906,6,2,8
1906,8,4,12
1906,4,2,6
1906,7,3,10
1906,2,1,3
1906,2,0,2
1906,6,3,9
1906,2,1,3
1906,3,1,4
1906,7,6,13
1906,7,1,8
1906,7,1,8
1906,2,0,2
1906,1,0,1
1906,5,2,7
1906,8,3,11
1906,8,1,9
1906,3,0,3
1906,6,4,10
1906,7,5,12
1906,1,0,1
1906,5,3,8
1906,5,1,6
1906,1,0,1
1906,5,2,7
1906,3,2,5
1906,5,4,9
1906,8,7,15
1906,6,1,7
1906,2,0,2
1906,3,15,18
1906,6,2,8
1906,2,1,3
1906,3,0,3
1906,3,2,5
1906,5,4,9
1906,2,1,3
1906,3,0,3
1906,1,0,1
1906,6,1,7
1906,2,1,3
1906,2,0,2
1906,3,2,5
1906,5,4,9
1906,6,4,10
1906,5,1,6
1906,4,1,5
1906,3,1,4
1906,2,10,12
1906,5,2,7
1906,4,0,4
1906,2,1,3
1906,1,0,1
1906,3,2,5
1906,8,4,12
1906,6,0,6
1906,9,4,13
1906,6,2,8
1906,2,11,13
1906,5,3,8
1906,3,0,3
1906,3,1,4
1906,7,3,10
1906,2,1,3
1906,4,3,7
1906,3,2,5
1906,9,2,11
1906,6,3,9
1906,5,0,5
1906,2,0,2
1906,4,1,5
1906,3,1,4
1906,3,2,5
1906,3,1,4
1906,11,1,12
1906,2,1,3
1906,7,3,10
1906,3,1,4
1906,2,15,17
1906,8,3,11
1906,10,1,11
1906,9,0,9
1906,3,2,5
1906,5,4,9
1906,3,2,5
1906,1,1,2
1906,9,1,10
1906,5,0,5
1906,4,1,5
1906,6,4,10
1906,2,1,3
1906,2,12,14
1906,2,1,3
1906,3,2,5
1906,3,2,5
1906,3,1,4
1906,5,0,5
1906,8,0,8
1906,2,0,2
1906,9,0,9
1906,3,2,5
1906,3,2,5
1906,8,7,15
1906,4,3,7
1906,2,0,2
1906,2,1,3
1906,4,2,6
1906,3,1,4
1906,3,12,15
1906,1,0,1
1906,6,4,10
1906,2,0,2
1906,4,1,5
1906,1,0,1
1906,6,4,10
1906,5,4,9
1906,2,1,3
1906,3,1,4
1906,4,0,4
1906,6,4,10
1906,3,1,4
1906,5,3,8
1906,6,5,11
1906,10,0,10
1906,3,0,3
1906,5,0,5
1906,4,2,6
1906,2,1,3
1906,2,1,3
1906,5,0,5
1906,5,2,7
1906,7,4,11
1906,10,1,11
1906,3,1,4
1906,4,2,6
1906,3,2,5
1906,9,2,11
1906,7,3,10
1906,8,4,12
1906,5,1,6
1906,5,2,7
1906,9,5,14
1906,6,5,11
1906,2,1,3
1906,6,4,10
1906,12,11,23
1906,2,1,3
1906,3,2,5
1906,4,3,7
1906,5,4,9
1906,6,3,9
1906,6,5,11
1906,6,5,11
1906,1,0,1
1906,3,2,5
1906,6,1,7
1906,3,1,4
1906,1,0,1
1906,1,0,1
1906,4,3,7
1906,7,1,8
1906,5,4,9
1906,5,1,6
1906,8,4,12
1906,4,3,7
1906,3,17,20
1906,4,3,7
1906,5,3,8
1906,3,0,3
1906,5,0,5
1906,5,0,5
1906,3,2,5
1906,5,0,5
1906,3,0,3
1906,5,1,6
1906,3,2,5
1906,2,1,3
1906,3,2,5
1906,3,1,4
1906,2,1,3
1906,1,0,1
1906,1,0,1
1906,12,0,12
1906,2,1,3
1906,8,1,9
1906,9,3,12
1906,8,3,11
1906,6,5,11
1906,4,3,7
1906,5,4,9
1906,1,0,1
1906,3,0,3
1906,6,3,9
1906,4,3,7
1906,4,0,4
1906,8,0,8
1906,10,0,10
1906,2,1,3
1906,2,1,3
1906,3,2,5
1906,12,0,12
1906,12,0,12
1906,5,4,9
1906,8,6,14
1906,3,2,5
1906,5,0,5
1906,4,13,17
1906,9,3,12
1906,3,1,4
1906,1,0,1
1906,5,2,7
1906,8,4,12
1906,5,3,8
1906,2,0,2
1906,6,0,6
1906,9,0,9
1906,7,4,11
1906,6,3,9
1906,2,0,2
1906,6,2,8
1906,7,6,13
1906,3,1,4
1906,4,3,7
1906,2,1,3
1906,8,0,8
1906,2,1,3
1906,3,2,5
1906,4,2,6
1906,6,0,6
1906,5,1,6
1906,3,1,4
1906,5,1,6
1906,6,2,8
1906,4,1,5
1906,4,1,5
1906,8,2,10
1906,16,11,27
1906,4,3,7
1906,2,1,3
1906,9,6,15
1906,7,6,13
1906,6,0,6
1906,8,1,9
1906,4,3,7
1906,8,6,14
1906,3,1,4
1906,4,3,7
1906,3,2,5
1906,8,4,12
1906,3,0,3
1906,1,1,2
1906,9,8,17
1906,5,4,9
1906,2,0,2
1906,5,1,6
1906,4,0,4
1906,3,2,5
1906,6,4,10
1906,4,3,7
1906,4,2,6
1906,9,4,13
1906,7,3,10
1906,2,0,2
1906,3,1,4
1906,7,6,13
1906,7,4,11
1906,2,1,3
1906,3,1,4
1906,5,0,5
1906,5,3,8
1906,6,2,8
1906,4,12,16
1906,4,1,5
1906,7,1,8
1906,5,2,7
1906,3,3,6
1906,5,4,9
1906,6,4,10
1906,4,2,6
1906,5,10,15
1906,9,3,12
1906,6,5,11
1906,6,3,9
1906,6,1,7
1906,5,2,7
1906,4,2,6
1906,5,0,5
1906,3,2,5
1906,4,0,4
1906,6,3,9
1906,6,3,9
1906,6,4,10
1906,3,0,3
1906,4,3,7
1906,6,3,9
1906,5,4,9
1906,5,2,7
1906,3,1,4
1906,2,0,2
1906,1,0,1
1906,6,3,9
1906,2,1,3
1906,6,1,7
1906,3,2,5
1906,8,2,10
1906,5,1,6
1906,6,3,9
1906,8,13,21
1906,3,10,13
1906,4,1,5
1906,3,1,4
1906,4,3,7
1906,4,2,6
1906,4,0,4
1906,5,0,5
1906,7,1,8
1906,5,3,8
1906,3,2,5
1906,5,1,6
1906,9,2,11
1906,3,10,13
1906,4,3,7
1906,1,0,1
1906,7,1,8
1906,4,3,7
1906,1,0,1
1906,3,2,5
1906,3,2,5
1906,5,4,9
1906,9,0,9
1906,5,1,6
1906,4,2,6
1906,3,0,3
1906,2,0,2
1906,7,4,11
1906,6,2,8
1906,4,13,17
1906,7,4,11
1906,2,1,3
1906,7,2,9
1906,6,4,10
1906,9,1,10
1906,3,1,4
1906,5,0,5
1906,2,10,12
1906,1,0,1
1906,5,2,7
1906,8,0,8
1906,6,4,10
1906,8,2,10
1906,2,1,3
1906,9,3,12
1906,5,1,6
1906,5,3,8
1906,8,5,13
1906,9,1,10
1906,5,2,7
1906,4,1,5
1906,6,4,10
1906,6,3,9
1906,9,1,10
1906,5,3,8
1906,3,2,5
1906,4,3,7
1906,4,3,7
1906,2,0,2
1906,5,3,8
1906,3,0,3
1906,2,1,3
1906,2,1,3
1906,1,0,1
1906,6,1,7
1906,3,1,4
1906,8,3,11
1906,2,1,3
1906,7,1,8
1906,5,3,8
1906,3,2,5
1906,7,3,10
1906,3,0,3
1906,3,2,5
1906,11,1,12
1906,2,11,13
1906,2,1,3
1906,2,1,3
1906,4,0,4
1906,7,10,17
1906,3,2,5
1906,2,1,3
1906,1,0,1
1906,7,0,7
1906,1,0,1
1906,4,0,4
1906,2,1,3
1906,1,0,1
1906,1,0,1
1906,8,1,9
1906,2,1,3
1906,7,4,11
1906,7,1,8
1906,2,0,2
1906,2,10,12
1906,2,1,3
1906,2,0,2
1906,3,0,3
1906,7,3,10
1906,7,2,9
1906,4,0,4
1906,5,4,9
1906,3,1,4
1906,4,2,6
1906,4,1,5
1906,8,6,14
1906,8,1,9
1906,7,5,12
1906,4,0,4
1906,6,5,11
1906,1,0,1
1906,2,0,2
1906,1,0,1
1906,3,1,4
1906,1,0,1
1906,6,0,6
1906,7,4,11
1906,3,2,5
1906,2,1,3
1906,5,3,8
1906,2,1,3
1906,3,2,5
1906,8,5,13
1906,6,0,6
1906,4,2,6
1906,2,0,2
1906,2,0,2
1906,2,1,3
1906,4,3,7
1906,1,0,1
1906,4,1,5
1906,1,0,1
1906,6,0,6
1906,3,2,5
1906,5,4,9
1906,8,1,9
1906,3,1,4
1906,3,2,5
1906,7,3,10
1906,2,1,3
1906,1,0,1
1906,5,4,9
1906,3,0,3
1906,7,4,11
1906,3,11,14
1906,3,1,4
1906,5,4,9
1906,6,1,7
1906,2,1,3
1906,4,0,4
1906,8,0,8
1906,5,1,6
1906,9,8,17
1906,4,0,4
1906,6,0,6
1906,7,10,17
1906,3,1,4
1906,2,10,12
1906,3,3,6
1906,5,3,8
1906,4,10,14
1906,4,2,6
1906,9,4,13
1906,8,1,9
1906,2,1,3
1906,4,1,5
1906,2,1,3
1906,8,0,8
1906,5,10,15
1906,3,1,4
1906,6,1,7
1906,4,3,7
1906,5,2,7
1906,4,2,6
1906,2,1,3
1906,6,0,6
1906,6,4,10
1906,4,2,6
1906,4,2,6
1906,6,4,10
1906,3,2,5
1906,4,3,7
1906,8,4,12
1906,6,2,8
1906,6,2,8
1906,10,0,10
1906,9,4,13
1906,7,2,9
1906,2,11,13
1906,4,2,6
1906,7,0,7
1906,9,4,13
1906,4,2,6
1906,6,1,7
1906,5,4,9
1906,6,4,10
1906,3,0,3
1906,2,1,3
1906,4,1,5
1906,7,1,8
1906,2,1,3
1906,5,2,7
1906,4,2,6
1906,1,1,2
1906,8,7,15
1906,2,0,2
1906,2,1,3
1906,3,2,5
1906,4,3,7
1906,7,4,11
1906,6,1,7
1906,6,11,17
1906,5,3,8
1906,2,1,3
1906,3,2,5
1906,4,0,4
1906,3,1,4
1906,5,3,8
1906,3,1,4
1906,7,6,13
1906,7,3,10
1906,8,1,9
1906,4,1,5
1906,7,5,12
1906,5,0,5
1906,7,3,10
1906,6,4,10
1906,1,0,1
1906,3,0,3
1906,6,1,7
1906,3,1,4
1906,4,3,7
1906,8,3,11
1906,2,0,2
1906,2,0,2
1906,4,3,7
1906,8,3,11
1906,3,2,5
1906,5,4,9
1906,4,3,7
1906,7,0,7
1906,7,5,12
1906,1,0,1
1906,6,5,11
1906,5,2,7
1906,2,1,3
1906,1,0,1
1906,5,2,7
1906,5,4,9
1906,10,1,11
1906,9,3,12
1906,8,0,8
1906,3,1,4
1906,5,3,8
1906,2,0,2
1906,6,2,8
1906,4,3,7
1906,3,1,4
1906,5,4,9
1906,4,3,7
1906,1,0,1
1906,3,2,5
1906,8,5,13
1906,3,2,5
1906,5,0,5
1906,9,8,17
1906,2,0,2
1906,1,0,1
1906,5,4,9
1906,8,1,9
1906,6,5,11
1906,8,1,9
1906,5,4,9
1906,5,1,6
1906,7,5,12
1906,5,20,25
1906,4,2,6
1906,7,5,12
1906,4,1,5
1906,8,1,9
1906,9,7,16
1906,7,0,7
1906,3,0,3
1906,7,2,9
1906,5,4,9
1906,5,3,8
1906,6,3,9
1906,4,1,5
1906,5,2,7
1906,4,2,6
1906,1,0,1
1906,3,1,4
1906,6,3,9
1906,7,0,7
1906,5,2,7
1906,3,10,13
1906,4,3,7
1906,5,2,7
1906,5,0,5
1906,4,0,4
1906,3,2,5
1906,4,3,7
1906,3,3,6
1906,8,0,8
1906,10,0,10
1906,2,1,3
1906,7,1,8
1906,7,0,7
1906,1,0,1
1906,3,1,4
1906,4,3,7
1906,6,11,17
1906,6,2,8
1906,5,1,6
1906,3,10,13
1906,6,1,7
1906,1,0,1
1906,2,0,2
1906,4,3,7
1906,2,1,3
1906,8,5,13
1906,9,4,13
1906,3,1,4
1906,6,2,8
1906,2,0,2
1906,7,2,9
1906,2,0,2
1906,9,3,12
1906,5,13,18
1906,6,5,11
1906,2,1,3
1906,4,0,4
1906,4,1,5
1906,4,2,6
1906,9,1,10
1906,3,2,5
1906,1,0,1
1906,7,3,10
1906,5,2,7
1906,6,0,6
1906,1,0,1
1906,3,0,3
1906,4,0,4
1906,4,3,7
1906,4,11,15
1906,4,0,4
1906,4,0,4
1906,7,2,9
1906,3,0,3
1906,3,1,4
1906,4,0,4
1906,3,1,4
1906,8,1,9
1906,4,0,4
1906,2,1,3
1906,4,1,5
1906,2,1,3
1906,5,3,8
1906,3,0,3
1906,7,3,10
1906,4,3,7
1906,3,11,14
1906,4,1,5
1906,4,3,7
1906,9,7,16
1906,5,13,18
1906,5,4,9
1906,4,2,6
1906,5,1,6
1906,6,5,11
1906,4,2,6
1906,8,0,8
1906,4,3,7
1906,5,3,8
1906,3,0,3
1906,6,2,8
1906,4,2,6
1906,4,2,6
1906,4,3,7
1906,3,0,3
1906,2,1,3
1906,6,0,6
1906,5,3,8
1906,1,0,1
1906,4,0,4
1906,3,0,3
1906,5,1,6
1906,7,1,8
1906,6,4,10
1906,7,2,9
1906,6,2,8
1906,9,5,14
1906,3,1,4
1906,2,0,2
1906,4,1,5
1906,6,2,8
1906,4,0,4
1906,3,1,4
1906,6,1,7
1906,2,0,2
1906,5,1,6
1906,2,1,3
1906,2,2,4
1906,2,0,2
1906,5,4,9
1906,4,2,6
1906,7,2,9
1906,2,13,15
1906,4,3,7
1906,4,2,6
1906,2,0,2
1906,6,4,10
1906,7,0,7
1906,8,5,13
1906,7,2,9
1906,7,5,12
1906,3,2,5
1906,3,2,5
1906,7,2,9
1906,3,2,5
1906,1,0,1
1906,3,1,4
1906,4,3,7
1906,3,1,4
1906,9,2,11
1906,5,4,9
1906,5,4,9
1906,4,0,4
1906,3,0,3
1906,6,3,9
1906,1,0,1
1906,7,2,9
1906,4,3,7
1906,7,0,7
1906,4,10,14
1906,3,2,5
1906,9,1,10
1906,5,5,10
1906,3,2,5
1906,5,1,6
1906,6,3,9
1906,4,1,5
1906,5,1,6
1906,4,1,5
1906,5,4,9
1906,5,4,9
1906,2,1,3
1906,11,1,12
1906,7,1,8
1906,7,0,7
1906,5,3,8
1906,4,3,7
1906,6,2,8
1906,7,5,12
1906,1,0,1
1906,5,0,5
1906,6,5,11
1906,1,1,2
1906,6,5,11
1906,6,0,6
1906,4,1,5
1906,7,0,7
1906,7,4,11
1906,6,2,8
1906,5,10,15
1906,9,7,16
1906,2,0,2
1906,1,0,1
1906,4,3,7
1906,3,2,5
1906,5,0,5
1906,6,5,11
1906,2,1,3
1906,4,3,7
1906,5,4,9
1906,7,12,19
1906,6,3,9
1906,2,0,2
1906,5,3,8
1906,2,0,2
1906,6,4,10
1906,5,0,5
1906,8,0,8
1906,5,1,6
1906,4,0,4
1906,4,2,6
1906,10,1,11
1906,2,2,4
1906,3,0,3
1906,9,3,12
1906,9,3,12
1906,5,4,9
1906,1,0,1
1906,2,1,3
1906,2,0,2
1906,2,1,3
1906,7,4,11
1906,8,2,10
1906,7,3,10
1906,3,0,3
1906,6,5,11
1906,7,3,10
1906,4,1,5
1906,6,2,8
1906,1,0,1
1906,6,2,8
1906,3,1,4
1906,8,5,13
1906,3,0,3
1906,7,1,8
1906,2,0,2
1906,5,1,6
1906,4,2,6
1906,3,2,5
1906,3,0,3
1906,2,0,2
1906,4,0,4
1906,4,3,7
1906,1,0,1
1906,2,0,2
1906,2,2,4
1906,7,1,8
1906,4,3,7
1906,4,0,4
1906,6,5,11
1906,4,13,17
1906,4,3,7
1906,3,1,4
1906,7,5,12
1906,3,0,3
1906,2,1,3
1906,2,1,3
1906,3,2,5
1906,2,1,3
1906,3,1,4
1906,7,6,13
1906,4,0,4
1906,6,4,10
1906,9,5,14
1906,7,1,8
1906,5,4,9
1906,5,3,8
1906,7,3,10
1906,4,2,6
1906,6,1,7
1906,5,2,7
1906,7,3,10
1906,3,3,6
1906,2,1,3
1906,7,1,8
1906,3,0,3
1906,1,0,1
1906,8,6,14
1906,8,3,11
1907,6,1,7
1907,4,3,7
1907,2,0,2
1907,3,0,3
1907,8,4,12
1907,1,0,1
1907,3,2,5
1907,1,0,1
1907,9,3,12
1907,4,2,6
1907,6,4,10
1907,4,4,8
1907,2,0,2
1907,6,2,8
1907,3,2,5
1907,9,1,10
1907,2,1,3
1907,6,5,11
1907,3,2,5
1907,9,4,13
1907,4,2,6
1907,4,1,5
1907,3,0,3
1907,9,6,15
1907,6,5,11
1907,2,1,3
1907,2,1,3
1907,8,3,11
1907,4,1,5
1907,5,4,9
1907,2,1,3
1907,6,2,8
1907,5,2,7
1907,4,0,4
1907,3,0,3
1907,2,0,2
1907,2,0,2
1907,8,4,12
1907,8,10,18
1907,1,0,1
1907,4,1,5
1907,1,0,1
1907,4,1,5
1907,4,1,5
1907,2,0,2
1907,2,13,15
1907,7,1,8
1907,4,1,5
1907,8,1,9
1907,6,5,11
1907,5,1,6
1907,2,1,3
1907,9,1,10
1907,5,3,8
1907,6,5,11
1907,8,0,8
1907,1,0,1
1907,3,2,5
1907,9,4,13
1907,8,7,15
1907,8,7,15
1907,8,2,10
1907,4,2,6
1907,4,3,7
1907,7,4,11
1907,7,5,12
1907,6,1,7
1907,1,1,2
1907,2,12,14
1907,2,1,3
1907,3,0,3
1907,5,1,6
1907,3,1,4
1907,3,0,3
1907,4,2,6
1907,6,1,7
1907,2,11,13
1907,6,3,9
1907,1,0,1
1907,4,2,6
1907,2,1,3
1907,3,1,4
1907,4,0,4
1907,5,4,9
1907,5,3,8
1907,5,2,7
1907,2,1,3
1907,6,2,8
1907,5,13,18
1907,3,2,5
1907,4,3,7
1907,4,1,5
1907,4,3,7
1907,3,1,4
1907,5,1,6
1907,3,0,3
1907,2,1,3
1907,3,2,5
1907,1,0,1
1907,2,1,3
1907,1,0,1
1907,3,1,4
1907,6,0,6
1907,3,1,4
1907,3,1,4
1907,4,3,7
1907,3,2,5
1907,4,2,6
1907,3,2,5
1907,4,3,7
1907,2,0,2
1907,3,3,6
1907,7,4,11
1907,3,0,3
1907,5,2,7
1907,3,1,4
1907,4,3,7
1907,4,2,6
1907,4,1,5
1907,3,1,4
1907,5,4,9
1907,4,1,5
1907,6,2,8
1907,5,10,15
1907,9,4,13
1907,2,1,3
1907,1,0,1
1907,4,3,7
1907,3,0,3
1907,1,0,1
1907,5,1,6
1907,2,1,3
1907,10,0,10
1907,8,0,8
1907,6,0,6
1907,4,1,5
1907,3,1,4
1907,2,11,13
1907,5,3,8
1907,3,1,4
1907,9,1,10
1907,2,1,3
1907,4,3,7
1907,4,12,16
1907,6,0,6
1907,7,5,12
1907,4,0,4
1907,6,4,10
1907,4,3,7
1907,6,0,6
1907,5,2,7
1907,3,2,5
1907,9,4,13
1907,6,5,11
1907,5,1,6
1907,4,1,5
1907,1,0,1
1907,2,0,2
1907,7,2,9
1907,6,2,8
1907,4,1,5
1907,9,6,15
1907,8,4,12
1907,5,4,9
1907,3,10,13
1907,2,0,2
1907,3,2,5
1907,14,11,25
1907,9,1,10
1907,7,1,8
1907,4,1,5
1907,1,0,1
1907,5,2,7
1907,5,4,9
1907,10,0,10
1907,6,3,9
1907,9,4,13
1907,4,3,7
1907,5,2,7
1907,9,0,9
1907,4,3,7
1907,2,1,3
1907,4,3,7
1907,4,2,6
1907,8,5,13
1907,7,0,7
1907,7,2,9
1907,2,1,3
1907,1,0,1
1907,4,0,4
1907,1,0,1
1907,5,1,6
1907,4,1,5
1907,6,5,11
1907,5,3,8
1907,2,1,3
1907,4,0,4
1907,4,12,16
1907,13,1,14
1907,3,1,4
1907,1,0,1
1907,2,1,3
1907,3,2,5
1907,5,4,9
1907,8,15,23
1907,6,2,8
1907,3,2,5
1907,4,3,7
1907,4,0,4
1907,7,5,12
1907,3,0,3
1907,6,1,7
1907,4,0,4
1907,8,0,8
1907,1,0,1
1907,6,4,10
1907,4,2,6
1907,3,2,5
1907,5,2,7
1907,5,15,20
1907,3,1,4
1907,4,1,5
1907,3,0,3
1907,3,2,5
1907,3,2,5
1907,3,0,3
1907,2,1,3
1907,2,10,12
1907,3,2,5
1907,6,5,11
1907,7,1,8
1907,7,4,11
1907,3,0,3
1907,4,1,5
1907,5,0,5
1907,10,0,10
1907,5,2,7
1907,3,0,3
1907,6,0,6
1907,3,0,3
1907,9,2,11
1907,7,5,12
1907,6,3,9
1907,3,2,5
1907,4,0,4
1907,3,1,4
1907,5,0,5
1907,5,2,7
1907,9,1,10
1907,6,5,11
1907,7,4,11
1907,6,3,9
1907,8,1,9
1907,8,1,9
1907,9,3,12
1907,8,3,11
1907,5,11,16
1907,3,2,5
1907,2,0,2
1907,7,1,8
1907,9,10,19
1907,2,10,12
1907,6,5,11
1907,9,12,21
1907,2,1,3
1907,10,1,11
1907,2,1,3
1907,8,5,13
1907,6,5,11
1907,9,5,14
1907,15,1,16
1907,4,0,4
1907,4,3,7
1907,1,0,1
1907,2,0,2
1907,4,0,4
1907,4,3,7
1907,8,2,10
1907,2,0,2
1907,1,0,1
1907,6,0,6
1907,5,2,7
1907,6,1,7
1907,3,1,4
1907,6,4,10
1907,6,4,10
1907,7,1,8
1907,7,5,12
1907,7,1,8
1907,3,1,4
1907,9,2,11
1907,4,1,5
1907,6,0,6
1907,2,1,3
1907,3,2,5
1907,6,3,9
1907,9,2,11
1907,8,2,10
1907,2,0,2
1907,1,0,1
1907,7,5,12
1907,4,3,7
1907,4,3,7
1907,1,0,1
1907,4,1,5
1907,3,2,5
1907,1,0,1
1907,5,1,6
1907,2,1,3
1907,4,3,7
1907,2,0,2
1907,2,1,3
1907,8,4,12
1907,7,5,12
1907,4,3,7
1907,6,10,16
1907,7,1,8
1907,8,2,10
1907,1,0,1
1907,8,2,10
1907,10,1,11
1907,6,2,8
1907,3,2,5
1907,4,4,8
1907,5,0,5
1907,3,0,3
1907,6,0,6
1907,4,2,6
1907,5,2,7
1907,5,3,8
1907,6,4,10
1907,5,4,9
1907,5,4,9
1907,2,1,3
1907,4,1,5
1907,4,3,7
1907,2,0,2
1907,6,0,6
1907,4,2,6
1907,4,2,6
1907,4,1,5
1907,3,0,3
1907,8,2,10
1907,4,2,6
1907,3,1,4
1907,2,11,13
1907,3,0,3
1907,5,0,5
1907,9,3,12
1907,3,0,3
1907,3,14,17
1907,8,2,10
1907,2,1,3
1907,2,0,2
1907,6,5,11
1907,2,1,3
1907,7,3,10
1907,2,10,12
1907,3,0,3
1907,7,4,11
1907,8,7,15
1907,6,12,18
1907,4,16,20
1907,3,0,3
1907,5,4,9
1907,13,1,14
1907,4,2,6
1907,5,2,7
1907,4,3,7
1907,6,5,11
1907,1,0,1
1907,4,3,7
1907,4,2,6
1907,5,4,9
1907,2,1,3
1907,6,3,9
1907,4,0,4
1907,4,3,7
1907,8,3,11
1907,2,0,2
1907,8,6,14
1907,4,3,7
1907,4,1,5
1907,10,0,10
1907,11,1,12
1907,2,0,2
1907,2,0,2
1907,4,11,15
1907,3,1,4
1907,2,1,3
1907,9,1,10
1907,4,3,7
1907,4,1,5
1907,7,3,10
1907,2,0,2
1907,5,4,9
1907,6,3,9
1907,3,1,4
1907,4,3,7
1907,6,1,7
1907,6,2,8
1907,7,5,12
1907,1,0,1
1907,2,1,3
1907,8,2,10
1907,5,4,9
1907,3,2,5
1907,9,0,9
1907,4,1,5
1907,2,1,3
1907,4,12,16
1907,1,0,1
1907,2,0,2
1907,4,0,4
1907,6,5,11
1907,9,6,15
1907,4,0,4
1907,4,2,6
1907,3,1,4
1907,4,2,6
1907,4,4,8
1907,2,0,2
1907,7,3,10
1907,5,2,7
1907,6,1,7
1907,9,0,9
1907,2,12,14
1907,6,5,11
1907,5,1,6
1907,3,0,3
1907,1,1,2
1907,4,3,7
1907,11,10,21
1907,4,0,4
1907,6,2,8
1907,7,5,12
1907,2,1,3
1907,6,3,9
1907,3,0,3
1907,2,1,3
1907,9,8,17
1907,3,11,14
1907,2,1,3
1907,3,2,5
1907,4,1,5
1907,8,10,18
1907,9,2,11
1907,6,3,9
1907,5,12,17
1907,3,2,5
1907,5,11,16
1907,8,2,10
1907,9,4,13
1907,5,0,5
1907,3,1,4
1907,3,2,5
1907,4,2,6
1907,6,5,11
1907,4,2,6
1907,4,2,6
1907,6,2,8
1907,7,6,13
1907,4,1,5
1907,4,1,5
1907,1,0,1
1907,1,0,1
1907,4,1,5
1907,3,0,3
1907,2,1,3
1907,5,4,9
1907,7,15,22
1907,2,0,2
1907,7,4,11
1907,4,3,7
1907,6,5,11
1907,3,1,4
1907,2,0,2
1907,5,16,21
1907,3,2,5
1907,6,2,8
1907,3,0,3
1907,2,1,3
1907,4,3,7
1907,2,12,14
1907,9,0,9
1907,2,0,2
1907,5,3,8
1907,4,4,8
1907,4,1,5
1907,6,3,9
1907,3,1,4
1907,5,1,6
1907,6,3,9
1907,3,2,5
1907,4,2,6
1907,5,2,7
1907,16,15,31
1907,8,4,12
1907,2,1,3
1907,2,0,2
1907,5,2,7
1907,6,2,8
1907,8,2,10
1907,5,3,8
1907,4,0,4
1907,8,5,13
1907,8,7,15
1907,2,1,3
1907,4,3,7
1907,6,4,10
1907,1,0,1
1907,3,1,4
1907,2,1,3
1907,8,4,12
1907,3,1,4
1907,6,0,6
1907,5,4,9
1907,3,1,4
1907,7,0,7
1907,1,0,1
1907,5,3,8
1907,5,1,6
1907,2,0,2
1907,3,2,5
1907,7,1,8
1907,9,4,13
1907,7,6,13
1907,3,1,4
1907,7,3,10
1907,5,4,9
1907,2,1,3
1907,4,0,4
1907,9,5,14
1907,2,1,3
1907,9,5,14
1907,3,1,4
1907,2,1,3
1907,5,2,7
1907,6,0,6
1907,7,5,12
1907,1,1,2
1907,4,0,4
1907,6,3,9
1907,6,3,9
1907,7,5,12
1907,9,5,14
1907,6,0,6
1907,6,12,18
1907,5,0,5
1907,2,0,2
1907,4,0,4
1907,5,2,7
1907,5,4,9
1907,6,5,11
1907,2,0,2
1907,3,0,3
1907,3,2,5
1907,7,1,8
1907,5,1,6
1907,5,1,6
1907,3,1,4
1907,7,3,10
1907,5,3,8
1907,6,5,11
1907,8,4,12
1907,2,0,2
1907,5,4,9
1907,1,0,1
1907,5,4,9
1907,2,1,3
1907,5,0,5
1907,2,0,2
1907,9,4,13
1907,7,1,8
1907,3,2,5
1907,2,10,12
1907,1,0,1
1907,10,0,10
1907,6,3,9
1907,6,5,11
1907,5,0,5
1907,9,2,11
1907,2,1,3
1907,1,0,1
1907,8,3,11
1907,3,2,5
1907,3,0,3
1907,9,1,10
1907,5,0,5
1907,9,1,10
1907,6,0,6
1907,2,0,2
1907,6,4,10
1907,8,1,9
1907,7,3,10
1907,4,0,4
1907,3,2,5
1907,2,1,3
1907,3,1,4
1907,5,3,8
1907,4,1,5
1907,1,0,1
1907,4,2,6
1907,15,0,15
1907,5,2,7
1907,1,0,1
1907,5,2,7
1907,3,2,5
1907,4,3,7
1907,3,2,5
1907,3,2,5
1907,3,0,3
1907,6,1,7
1907,6,2,8
1907,7,4,11
1907,6,3,9
1907,2,1,3
1907,4,0,4
1907,3,2,5
1907,5,4,9
1907,5,1,6
1907,5,1,6
1907,2,13,15
1907,2,0,2
1907,7,1,8
1907,4,3,7
1907,3,2,5
1907,2,0,2
1907,2,11,13
1907,4,0,4
1907,5,0,5
1907,5,2,7
1907,2,11,13
1907,4,2,6
1907,8,1,9
1907,2,0,2
1907,6,1,7
1907,3,12,15
1907,5,0,5
1907,4,2,6
1907,2,1,3
1907,3,1,4
1907,3,0,3
1907,4,1,5
1907,4,3,7
1907,1,0,1
1907,6,2,8
1907,3,0,3
1907,4,2,6
1907,7,2,9
1907,2,1,3
1907,5,4,9
1907,1,1,2
1907,6,2,8
1907,6,3,9
1907,2,0,2
1907,2,1,3
1907,5,1,6
1907,6,4,10
1907,2,0,2
1907,5,3,8
1907,3,1,4
1907,1,0,1
1907,4,3,7
1907,7,6,13
1907,3,1,4
1907,6,5,11
1907,2,1,3
1907,3,2,5
1907,8,0,8
1907,4,3,7
1907,9,4,13
1907,2,0,2
1907,7,3,10
1907,5,4,9
1907,5,3,8
1907,3,1,4
1907,9,7,16
1907,7,5,12
1907,8,3,11
1907,4,3,7
1907,3,2,5
1907,5,4,9
1907,5,4,9
1907,4,0,4
1907,3,2,5
1907,11,10,21
1907,7,2,9
1907,6,3,9
1907,3,0,3
1907,4,2,6
1907,8,1,9
1907,5,2,7
1907,8,3,11
1907,3,1,4
1907,1,0,1
1907,4,2,6
1907,4,2,6
1907,2,1,3
1907,2,1,3
1907,6,3,9
1907,4,3,7
1907,3,0,3
1907,7,6,13
1907,8,0,8
1907,6,1,7
1907,2,1,3
1907,3,12,15
1907,5,11,16
1907,4,2,6
1907,6,4,10
1907,4,2,6
1907,4,1,5
1907,2,1,3
1907,8,7,15
1907,7,4,11
1907,15,1,16
1907,4,3,7
1907,4,3,7
1907,3,0,3
1907,14,1,15
1907,7,2,9
1907,4,0,4
1907,1,0,1
1907,4,3,7
1907,2,0,2
1907,4,2,6
1907,8,7,15
1907,7,3,10
1907,3,11,14
1907,5,0,5
1907,5,3,8
1907,7,5,12
1907,9,1,10
1907,6,3,9
1907,5,1,6
1907,3,2,5
1907,9,6,15
1907,6,1,7
1907,3,2,5
1907,4,3,7
1907,6,3,9
1907,5,3,8
1907,5,3,8
1907,7,5,12
1907,2,0,2
1907,4,12,16
1907,2,1,3
1907,4,1,5
1907,7,2,9
1907,1,0,1
1907,3,2,5
1907,5,4,9
1907,8,4,12
1907,6,2,8
1907,6,12,18
1907,5,2,7
1907,8,2,10
1907,5,2,7
1907,5,1,6
1907,2,0,2
1907,4,3,7
1907,2,1,3
1907,6,2,8
1907,4,2,6
1907,3,1,4
1907,8,0,8
1907,2,1,3
1907,3,0,3
1907,4,2,6
1907,8,4,12
1907,4,2,6
1907,7,2,9
1907,6,1,7
1907,6,4,10
1907,2,0,2
1907,6,2,8
1907,6,5,11
1907,5,3,8
1907,4,3,7
1907,7,0,7
1907,3,0,3
1907,4,2,6
1907,7,6,13
1907,3,1,4
1907,5,2,7
1907,5,4,9
1907,4,2,6
1907,4,2,6
1907,2,1,3
1907,7,5,12
1907,6,6,12
1907,1,0,1
1907,3,2,5
1907,3,2,5
1907,2,1,3
1907,1,0,1
1907,1,0,1
1907,5,1,6
1907,2,1,3
1907,5,4,9
1907,4,0,4
1907,5,3,8
1907,5,3,8
1907,7,3,10
1907,5,3,8
1907,7,3,10
1907,9,4,13
1907,7,4,11
1907,6,15,21
1907,3,0,3
1907,5,3,8
1907,6,3,9
1907,8,0,8
1907,6,5,11
1907,8,0,8
1907,6,3,9
1907,6,5,11
1907,2,1,3
1907,9,2,11
1907,9,4,13
1907,4,2,6
1907,1,0,1
1907,8,0,8
1907,2,1,3
1907,3,1,4
1907,3,2,5
1907,2,1,3
1907,4,3,7
1907,5,1,6
1907,7,4,11
1907,4,3,7
1907,3,2,5
1907,8,7,15
1907,7,2,9
1907,4,2,6
1907,4,4,8
1907,1,0,1
1907,5,0,5
1907,4,3,7
1907,3,0,3
1907,5,1,6
1907,2,0,2
1907,6,0,6
1907,5,3,8
1907,3,2,5
1907,5,0,5
1907,6,1,7
1907,1,0,1
1907,5,2,7
1907,6,13,19
1907,1,0,1
1907,2,1,3
1907,5,2,7
1907,3,10,13
1907,2,16,18
1907,8,10,18
1907,4,3,7
1907,2,1,3
1907,5,2,7
1907,1,0,1
1907,9,3,12
1907,9,8,17
1907,4,1,5
1907,3,0,3
1907,1,1,2
1907,3,0,3
1907,6,2,8
1907,3,1,4
1907,6,3,9
1907,7,4,11
1907,1,0,1
1907,2,1,3
1907,6,4,10
1907,5,4,9
1907,4,12,16
1907,4,3,7
1907,7,6,13
1907,3,2,5
1907,2,0,2
1907,2,1,3
1907,8,7,15
1907,5,20,25
1907,5,2,7
1907,2,1,3
1907,9,2,11
1907,9,3,12
1907,4,0,4
1907,2,1,3
1907,3,1,4
1907,4,2,6
1907,1,0,1
1907,6,10,16
1907,1,0,1
1907,5,1,6
1907,7,5,12
1907,5,2,7
1907,7,3,10
1907,8,5,13
1907,7,4,11
1907,5,4,9
1907,6,0,6
1907,6,4,10
1907,6,4,10
1907,3,2,5
1907,7,1,8
1907,2,1,3
1907,1,0,1
1907,3,1,4
1907,4,1,5
1907,5,3,8
1907,7,4,11
1907,8,5,13
1907,2,0,2
1907,4,3,7
1907,1,0,1
1907,3,2,5
1907,4,3,7
1907,1,0,1
1907,5,1,6
1907,5,2,7
1907,6,4,10
1907,5,4,9
1907,5,0,5
1907,4,3,7
1907,8,2,10
1907,5,3,8
1907,1,0,1
1907,7,1,8
1907,5,0,5
1907,8,3,11
1907,4,1,5
1907,4,3,7
1907,5,2,7
1907,3,2,5
1907,3,2,5
1907,2,1,3
1907,3,1,4
1907,6,3,9
1907,4,3,7
1907,2,1,3
1907,6,0,6
1907,4,3,7
1907,3,2,5
1907,9,6,15
1907,2,1,3
1907,2,2,4
1907,5,0,5
1907,3,0,3
1907,5,1,6
1907,7,3,10
1907,5,4,9
1907,1,0,1
1907,3,1,4
1907,7,2,9
1907,6,1,7
1907,2,2,4
1907,2,1,3
1907,2,1,3
1907,6,5,11
1907,4,2,6
1907,3,2,5
1907,4,1,5
1907,12,1,13
1907,3,1,4
1907,3,2,5
1907,5,4,9
1907,6,0,6
1907,9,0,9
1907,9,6,15
1907,1,0,1
1907,2,0,2
1907,1,0,1
1907,3,2,5
1907,5,10,15
1907,6,15,21
1907,9,1,10
1907,4,2,6
1907,5,0,5
1907,2,1,3
1907,6,5,11
1907,4,1,5
1907,4,3,7
1907,4,2,6
1907,2,0,2
1907,5,2,7
1907,8,2,10
1907,2,1,3
1907,4,3,7
1907,3,0,3
1907,5,2,7
1907,6,3,9
1907,2,2,4
1907,5,0,5
1907,6,5,11
1907,9,2,11
1907,3,2,5
1907,3,3,6
1907,7,4,11
1907,6,5,11
1907,2,0,2
1907,6,4,10
1907,6,2,8
1907,6,4,10
1907,6,0,6
1907,1,0,1
1907,4,1,5
1907,3,1,4
1907,2,0,2
1907,4,0,4
1907,4,3,7
1907,1,0,1
1907,9,5,14
1907,8,3,11
1907,5,4,9
1907,4,3,7
1907,6,3,9
1907,3,2,5
1907,3,0,3
1907,3,1,4
1907,3,2,5
1907,6,0,6
1907,2,1,3
1907,5,3,8
1907,10,0,10
1907,1,0,1
1907,7,5,12
1907,10,0,10
1907,2,0,2
1907,5,0,5
1907,3,0,3
1907,3,2,5
1907,5,3,8
1907,1,0,1
1907,5,3,8
1907,5,4,9
1907,4,4,8
1907,2,1,3
1907,3,0,3
1907,2,0,2
1907,5,4,9
1907,4,2,6
1907,5,0,5
1907,4,2,6
1907,3,2,5
1907,3,1,4
1907,3,2,5
1907,2,2,4
1907,2,0,2
1907,7,1,8
1907,3,2,5
1907,2,1,3
1907,6,2,8
1907,3,3,6
1907,3,2,5
1907,4,1,5
1907,10,0,10
1907,2,10,12
1907,6,6,12
1907,4,0,4
1907,3,0,3
1907,8,7,15
1907,2,0,2
1907,3,1,4
1907,9,1,10
1907,7,2,9
1907,5,12,17
1907,8,2,10
1907,7,6,13
1907,5,2,7
1907,6,1,7
1907,4,1,5
1907,4,3,7
1907,3,2,5
1907,8,1,9
1907,6,3,9
1907,3,2,5
1907,8,1,9
1907,5,3,8
1907,2,0,2
1907,3,1,4
1907,3,2,5
1907,5,2,7
1907,2,2,4
1907,7,0,7
1907,3,2,5
1907,4,2,6
1907,5,1,6
1907,3,2,5
1907,6,0,6
1907,6,1,7
1907,6,3,9
1907,2,0,2
1907,6,5,11
1907,9,1,10
1907,3,11,14
1907,2,0,2
1907,9,1,10
1907,2,10,12
1907,2,1,3
1907,2,0,2
1907,3,2,5
1907,3,2,5
1907,2,1,3
1907,6,1,7
1907,2,1,3
1907,4,3,7
1907,4,1,5
1907,5,3,8
1907,1,0,1
1907,4,1,5
1907,2,1,3
1907,8,3,11
1907,2,1,3
1907,6,13,19
1907,5,1,6
1907,8,3,11
1907,6,2,8
1907,8,2,10
1907,7,2,9
1907,6,0,6
1907,1,0,1
1907,4,2,6
1907,5,3,8
1907,8,7,15
1907,4,2,6
1907,1,0,1
1907,2,1,3
1907,7,4,11
1907,4,1,5
1907,6,11,17
1907,2,1,3
1907,9,1,10
1907,8,3,11
1907,4,10,14
1907,4,2,6
1907,8,3,11
1907,2,0,2
1907,5,1,6
1907,3,10,13
1907,4,3,7
1907,5,0,5
1907,6,0,6
1907,9,5,14
1907,3,1,4
1907,5,0,5
1907,14,1,15
1907,3,1,4
1907,5,4,9
1907,9,5,14
1907,6,0,6
1907,3,1,4
1907,5,4,9
1907,2,1,3
1907,4,2,6
1907,7,6,13
1907,5,4,9
1907,5,5,10
1907,3,0,3
1907,9,4,13
1907,2,1,3
1907,3,1,4
1907,5,2,7
1907,7,2,9
1907,6,5,11
1907,6,0,6
1907,3,1,4
1907,5,2,7
1907,2,2,4
1907,1,0,1
1907,4,3,7
1907,7,5,12
1907,1,0,1
1907,3,3,6
1907,6,0,6
1907,6,3,9
1907,4,2,6
1907,9,9,18
1907,3,2,5
1907,5,1,6
1907,6,0,6
1907,2,1,3
1907,2,1,3
1907,3,0,3
1907,3,1,4
1907,4,0,4
1907,5,12,17
1907,2,1,3
1907,5,3,8
1907,4,2,6
1907,7,13,20
1907,4,3,7
1907,4,3,7
1907,4,1,5
1907,9,5,14
1907,2,10,12
1907,1,0,1
1907,8,0,8
1907,4,0,4
1907,1,0,1
1907,9,3,12
1907,4,3,7
1907,2,1,3
1907,6,1,7
1907,3,1,4
1907,2,1,3
1907,12,1,13
1907,2,1,3
1907,8,0,8
1907,6,5,11
1907,11,0,11
1907,5,4,9
1907,1,0,1
1907,4,1,5
1907,3,3,6
1907,7,3,10
1907,3,2,5
1907,2,10,12
1907,2,0,2
1907,4,3,7
1907,4,2,6
1907,4,0,4
1907,4,2,6
1907,4,3,7
1907,13,1,14
1907,4,10,14
1907,3,10,13
1907,7,1,8
1907,1,0,1
1907,3,3,6
1907,3,1,4
1907,5,1,6
1907,6,1,7
1907,2,0,2
1908,3,1,4
1908,9,3,12
1908,8,15,23
1908,6,5,11
1908,2,1,3
1908,1,0,1
1908,3,1,4
1908,3,1,4
1908,3,1,4
1908,3,1,4
1908,4,2,6
1908,7,4,11
1908,6,2,8
1908,2,1,3
1908,6,3,9
1908,9,6,15
1908,2,1,3
1908,3,2,5
1908,1,0,1
1908,1,0,1
1908,8,12,20
1908,8,2,10
1908,2,14,16
1908,3,0,3
1908,4,2,6
1908,4,0,4
1908,3,0,3
1908,6,5,11
1908,3,2,5
1908,3,2,5
1908,4,0,4
1908,4,3,7
1908,4,3,7
1908,8,1,9
1908,5,3,8
1908,4,1,5
1908,7,1,8
1908,2,1,3
1908,6,2,8
1908,4,3,7
1908,4,3,7
1908,2,0,2
1908,4,0,4
1908,6,1,7
1908,9,4,13
1908,5,1,6
1908,8,5,13
1908,16,13,29
1908,3,1,4
1908,7,1,8
1908,7,3,10
1908,4,0,4
1908,7,3,10
1908,3,2,5
1908,3,2,5
1908,5,1,6
1908,5,3,8
1908,9,0,9
1908,2,1,3
1908,5,0,5
1908,5,2,7
1908,4,1,5
1908,5,3,8
1908,1,0,1
1908,6,4,10
1908,5,3,8
1908,4,2,6
1908,2,1,3
1908,4,1,5
1908,3,2,5
1908,3,0,3
1908,2,1,3
1908,7,0,7
1908,3,2,5
1908,3,2,5
1908,4,1,5
1908,9,5,14
1908,3,2,5
1908,6,2,8
1908,3,1,4
1908,4,0,4
1908,6,5,11
1908,2,0,2
1908,9,2,11
1908,3,1,4
1908,1,0,1
1908,2,1,3
1908,6,5,11
1908,5,1,6
1908,3,2,5
1908,5,11,16
1908,7,4,11
1908,6,4,10
1908,4,3,7
1908,3,1,4
1908,7,6,13
1908,2,1,3
1908,6,3,9
1908,5,1,6
1908,3,2,5
1908,6,3,9
1908,2,0,2
1908,3,2,5
1908,3,1,4
1908,2,1,3
1908,9,1,10
1908,8,7,15
1908,4,2,6
1908,5,4,9
1908,9,4,13
1908,2,1,3
1908,3,2,5
1908,2,1,3
1908,2,0,2
1908,3,2,5
1908,6,3,9
1908,3,0,3
1908,4,2,6
1908,3,2,5
1908,1,0,1
1908,6,2,8
1908,2,12,14
1908,3,2,5
1908,1,0,1
1908,5,11,16
1908,7,1,8
1908,4,0,4
1908,5,2,7
1908,2,1,3
1908,4,0,4
1908,5,2,7
1908,3,0,3
1908,4,3,7
1908,3,2,5
1908,3,2,5
1908,2,1,3
1908,2,1,3
1908,6,3,9
1908,4,3,7
1908,5,2,7
1908,7,3,10
1908,1,0,1
1908,1,0,1
1908,3,1,4
1908,6,2,8
1908,3,1,4
1908,2,0,2
1908,6,2,8
1908,1,0,1
1908,6,2,8
1908,4,11,15
1908,3,0,3
1908,8,7,15
1908,3,0,3
1908,5,1,6
1908,5,2,7
1908,2,1,3
1908,7,2,9
1908,4,2,6
1908,6,2,8
1908,8,4,12
1908,2,0,2
1908,8,3,11
1908,8,2,10
1908,2,0,2
1908,6,3,9
1908,3,10,13
1908,6,1,7
1908,7,2,9
1908,2,1,3
1908,5,1,6
1908,5,2,7
1908,2,1,3
1908,2,0,2
1908,3,1,4
1908,1,0,1
1908,5,2,7
1908,4,0,4
1908,6,4,10
1908,5,3,8
1908,9,2,11
1908,11,0,11
1908,3,0,3
1908,4,1,5
1908,4,3,7
1908,3,1,4
1908,7,6,13
1908,1,0,1
1908,9,0,9
1908,4,1,5
1908,5,0,5
1908,5,0,5
1908,7,2,9
1908,1,0,1
1908,3,0,3
1908,9,5,14
1908,6,11,17
1908,12,10,22
1908,2,0,2
1908,9,1,10
1908,5,1,6
1908,7,2,9
1908,6,1,7
1908,5,2,7
1908,2,0,2
1908,4,3,7
1908,5,3,8
1908,3,0,3
1908,3,1,4
1908,2,1,3
1908,1,0,1
1908,3,11,14
1908,6,5,11
1908,9,2,11
1908,1,0,1
1908,8,4,12
1908,1,0,1
1908,2,1,3
1908,7,1,8
1908,5,2,7
1908,1,0,1
1908,5,3,8
1908,4,1,5
1908,6,2,8
1908,6,4,10
1908,8,2,10
1908,4,0,4
1908,4,2,6
1908,5,0,5
1908,6,2,8
1908,2,0,2
1908,3,2,5
1908,6,4,10
1908,2,0,2
1908,1,0,1
1908,4,2,6
1908,8,7,15
1908,9,3,12
1908,3,2,5
1908,3,2,5
1908,1,0,1
1908,1,0,1
1908,5,16,21
1908,7,4,11
1908,4,2,6
1908,5,3,8
1908,1,0,1
1908,8,1,9
1908,2,0,2
1908,3,2,5
1908,3,2,5
1908,1,0,1
1908,8,2,10
1908,7,2,9
1908,5,4,9
1908,5,2,7
1908,3,2,5
1908,2,1,3
1908,4,3,7
1908,2,10,12
1908,3,1,4
1908,8,2,10
1908,8,2,10
1908,6,1,7
1908,7,5,12
1908,1,0,1
1908,1,0,1
1908,6,5,11
1908,1,0,1
1908,8,0,8
1908,5,1,6
1908,4,3,7
1908,6,0,6
1908,7,4,11
1908,5,0,5
1908,5,3,8
1908,6,4,10
1908,6,3,9
1908,9,5,14
1908,1,0,1
1908,4,1,5
1908,2,10,12
1908,2,11,13
1908,1,0,1
1908,2,1,3
1908,6,3,9
1908,3,13,16
1908,5,4,9
1908,3,2,5
1908,2,1,3
1908,4,0,4
1908,8,6,14
1908,3,2,5
1908,1,0,1
1908,9,1,10
1908,2,0,2
1908,6,1,7
1908,9,6,15
1908,3,0,3
1908,4,3,7
1908,6,12,18
1908,6,5,11
1908,6,1,7
1908,7,0,7
1908,6,5,11
1908,5,2,7
1908,2,1,3
1908,3,0,3
1908,2,1,3
1908,6,1,7
1908,5,11,16
1908,8,4,12
1908,6,1,7
1908,1,1,2
1908,10,1,11
1908,2,1,3
1908,7,5,12
1908,6,3,9
1908,2,1,3
1908,2,1,3
1908,4,1,5
1908,4,2,6
1908,2,1,3
1908,6,4,10
1908,8,7,15
1908,4,2,6
1908,4,1,5
1908,8,2,10
1908,14,0,14
1908,5,4,9
1908,6,2,8
1908,5,10,15
1908,3,2,5
1908,5,2,7
1908,2,0,2
1908,2,1,3
1908,9,5,14
1908,1,0,1
1908,3,2,5
1908,5,2,7
1908,2,1,3
1908,6,1,7
1908,4,0,4
1908,5,0,5
1908,10,0,10
1908,4,3,7
1908,5,2,7
1908,10,0,10
1908,6,15,21
1908,5,3,8
1908,8,2,10
1908,7,0,7
1908,4,3,7
1908,2,0,2
1908,8,5,13
1908,3,2,5
1908,8,4,12
1908,7,6,13
1908,1,0,1
1908,1,0,1
1908,4,2,6
1908,2,1,3
1908,5,1,6
1908,7,0,7
1908,2,0,2
1908,3,1,4
1908,5,2,7
1908,3,1,4
1908,6,3,9
1908,7,1,8
1908,1,0,1
1908,5,1,6
1908,4,2,6
1908,5,2,7
1908,4,0,4
1908,4,2,6
1908,7,5,12
1908,4,3,7
1908,5,3,8
1908,5,1,6
1908,1,0,1
1908,2,1,3
1908,3,2,5
1908,1,0,1
1908,6,5,11
1908,5,4,9
1908,5,3,8
1908,4,10,14
1908,5,3,8
1908,2,1,3
1908,2,1,3
1908,10,0,10
1908,4,2,6
1908,6,1,7
1908,3,2,5
1908,9,3,12
1908,7,3,10
1908,2,1,3
1908,9,1,10
1908,5,0,5
1908,4,14,18
1908,4,2,6
1908,5,2,7
1908,2,0,2
1908,4,3,7
1908,2,1,3
1908,4,2,6
1908,3,2,5
1908,8,6,14
1908,2,11,13
1908,6,5,11
1908,3,2,5
1908,5,0,5
1908,7,5,12
1908,1,0,1
1908,6,12,18
1908,3,2,5
1908,8,6,14
1908,6,4,10
1908,6,3,9
1908,5,0,5
1908,4,0,4
1908,2,1,3
1908,2,0,2
1908,9,3,12
1908,1,0,1
1908,4,2,6
1908,4,2,6
1908,4,0,4
1908,1,0,1
1908,7,0,7
1908,4,2,6
1908,7,3,10
1908,5,1,6
1908,5,2,7
1908,5,1,6
1908,1,0,1
1908,1,0,1
1908,9,2,11
1908,4,1,5
1908,7,1,8
1908,4,0,4
1908,3,2,5
1908,3,2,5
1908,5,3,8
1908,6,1,7
1908,6,3,9
1908,9,7,16
1908,9,6,15
1908,3,0,3
1908,7,3,10
1908,8,2,10
1908,3,1,4
1908,2,1,3
1908,6,0,6
1908,7,1,8
1908,4,0,4
1908,7,1,8
1908,6,6,12
1908,5,3,8
1908,2,1,3
1908,6,0,6
1908,7,0,7
1908,3,2,5
1908,4,1,5
1908,14,10,24
1908,7,4,11
1908,3,0,3
1908,2,1,3
1908,4,3,7
1908,8,0,8
1908,8,5,13
1908,4,2,6
1908,4,2,6
1908,2,0,2
1908,6,2,8
1908,10,1,11
1908,4,3,7
1908,5,2,7
1908,4,1,5
1908,4,1,5
1908,6,3,9
1908,1,0,1
1908,7,6,13
1908,6,0,6
1908,4,1,5
1908,5,10,15
1908,3,1,4
1908,2,0,2
1908,6,1,7
1908,6,3,9
1908,4,1,5
1908,7,11,18
1908,9,2,11
1908,5,3,8
1908,4,1,5
1908,4,0,4
1908,3,0,3
1908,2,1,3
1908,4,2,6
1908,8,0,8
1908,3,1,4
1908,2,1,3
1908,4,0,4
1908,6,1,7
1908,5,14,19
1908,3,1,4
1908,5,1,6
1908,4,3,7
1908,2,0,2
1908,2,1,3
1908,2,1,3
1908,5,1,6
1908,9,0,9
1908,11,1,12
1908,4,3,7
1908,4,1,5
1908,3,0,3
1908,9,4,13
1908,4,2,6
1908,4,3,7
1908,5,3,8
1908,3,1,4
1908,6,0,6
1908,8,3,11
1908,7,0,7
1908,7,4,11
1908,7,5,12
1908,5,1,6
1908,8,4,12
1908,8,1,9
1908,1,0,1
1908,5,3,8
1908,1,0,1
1908,9,3,12
1908,5,0,5
1908,4,3,7
1908,2,0,2
1908,9,3,12
1908,3,2,5
1908,6,3,9
1908,5,1,6
1908,6,2,8
1908,5,3,8
1908,5,10,15
1908,2,1,3
1908,3,0,3
1908,5,0,5
1908,5,4,9
1908,2,1,3
1908,6,5,11
1908,2,1,3
1908,8,6,14
1908,4,3,7
1908,8,3,11
1908,4,11,15
1908,3,2,5
1908,4,1,5
1908,1,0,1
1908,7,4,11
1908,2,0,2
1908,6,3,9
1908,8,3,11
1908,6,3,9
1908,2,0,2
1908,4,1,5
1908,8,5,13
1908,7,2,9
1908,7,1,8
1908,4,1,5
1908,4,3,7
1908,2,1,3
1908,8,10,18
1908,5,3,8
1908,5,2,7
1908,2,11,13
1908,5,3,8
1908,5,2,7
1908,3,2,5
1908,5,4,9
1908,8,2,10
1908,6,0,6
1908,7,6,13
1908,3,0,3
1908,2,2,4
1908,7,3,10
1908,6,2,8
1908,3,2,5
1908,3,2,5
1908,3,2,5
1908,5,4,9
1908,6,2,8
1908,1,0,1
1908,4,2,6
1908,3,0,3
1908,2,0,2
1908,4,0,4
1908,3,2,5
1908,6,2,8
1908,4,2,6
1908,6,5,11
1908,3,2,5
1908,3,0,3
1908,5,1,6
1908,9,2,11
1908,7,0,7
1908,7,4,11
1908,3,2,5
1908,3,2,5
1908,4,2,6
1908,5,3,8
1908,2,11,13
1908,9,2,11
1908,7,4,11
1908,5,1,6
1908,11,0,11
1908,7,6,13
1908,16,1,17
1908,3,2,5
1908,3,1,4
1908,7,2,9
1908,3,2,5
1908,8,1,9
1908,3,2,5
1908,2,0,2
1908,4,3,7
1908,8,4,12
1908,10,1,11
1908,5,3,8
1908,6,2,8
1908,7,4,11
1908,6,1,7
1908,4,3,7
1908,1,0,1
1908,2,0,2
1908,5,3,8
1908,21,2,23
1908,4,0,4
1908,3,0,3
1908,3,1,4
1908,7,2,9
1908,5,4,9
1908,4,3,7
1908,7,1,8
1908,5,11,16
1908,8,6,14
1908,2,1,3
1908,4,2,6
1908,3,1,4
1908,3,2,5
1908,4,1,5
1908,6,4,10
1908,8,1,9
1908,5,2,7
1908,4,3,7
1908,8,3,11
1908,4,1,5
1908,6,3,9
1908,5,3,8
1908,2,1,3
1908,3,2,5
1908,5,0,5
1908,3,2,5
1908,6,3,9
1908,6,3,9
1908,4,2,6
1908,2,0,2
1908,4,2,6
1908,3,1,4
1908,4,1,5
1908,4,2,6
1908,2,2,4
1908,2,1,3
1908,4,3,7
1908,2,1,3
1908,6,0,6
1908,4,2,6
1908,6,2,8
1908,6,3,9
1908,1,0,1
1908,4,3,7
1908,4,2,6
1908,2,1,3
1908,3,2,5
1908,4,0,4
1908,2,1,3
1908,2,12,14
1908,3,1,4
1908,5,3,8
1908,7,2,9
1908,5,2,7
1908,2,1,3
1908,6,2,8
1908,8,3,11
1908,3,1,4
1908,6,5,11
1908,10,1,11
1908,6,0,6
1908,2,1,3
1908,4,3,7
1908,4,2,6
1908,4,3,7
1908,2,1,3
1908,5,1,6
1908,6,0,6
1908,4,2,6
1908,4,2,6
1908,2,0,2
1908,5,3,8
1908,2,2,4
1908,1,0,1
1908,3,1,4
1908,2,1,3
1908,5,0,5
1908,6,0,6
1908,4,3,7
1908,1,0,1
1908,4,2,6
1908,5,4,9
1908,2,0,2
1908,4,13,17
1908,6,3,9
1908,5,4,9
1908,3,2,5
1908,3,2,5
1908,11,0,11
1908,5,0,5
1908,5,1,6
1908,6,2,8
1908,3,1,4
1908,4,1,5
1908,3,16,19
1908,9,5,14
1908,9,2,11
1908,3,0,3
1908,4,2,6
1908,5,2,7
1908,14,0,14
1908,5,3,8
1908,4,3,7
1908,3,0,3
1908,6,1,7
1908,6,0,6
1908,4,3,7
1908,2,1,3
1908,8,4,12
1908,6,5,11
1908,2,0,2
1908,7,4,11
1908,2,0,2
1908,6,0,6
1908,5,1,6
1908,3,0,3
1908,4,1,5
1908,4,1,5
1908,7,5,12
1908,4,3,7
1908,4,3,7
1908,4,1,5
1908,4,2,6
1908,3,2,5
1908,12,1,13
1908,5,3,8
1908,4,4,8
1908,5,2,7
1908,6,1,7
1908,2,0,2
1908,9,1,10
1908,2,1,3
1908,6,1,7
1908,5,0,5
1908,7,5,12
1908,5,3,8
1908,3,1,4
1908,5,3,8
1908,7,0,7
1908,2,1,3
1908,3,0,3
1908,8,6,14
1908,3,2,5
1908,5,10,15
1908,9,3,12
1908,4,1,5
1908,5,1,6
1908,18,1,19
1908,4,1,5
1908,4,2,6
1908,3,1,4
1908,4,3,7
1908,5,2,7
1908,8,2,10
1908,6,4,10
1908,9,3,12
1908,2,1,3
1908,2,0,2
1908,3,3,6
1908,3,2,5
1908,3,2,5
1908,5,4,9
1908,5,0,5
1908,2,0,2
1908,6,1,7
1908,6,1,7
1908,6,4,10
1908,3,2,5
1908,4,0,4
1908,5,1,6
1908,3,0,3
1908,4,3,7
1908,5,1,6
1908,3,2,5
1908,5,2,7
1908,3,0,3
1908,5,3,8
1908,2,0,2
1908,1,0,1
1908,7,1,8
1908,5,2,7
1908,4,2,6
1908,3,2,5
1908,2,1,3
1908,5,4,9
1908,1,0,1
1908,3,2,5
1908,4,3,7
1908,3,1,4
1908,2,1,3
1908,5,4,9
1908,1,0,1
1908,3,2,5
1908,5,1,6
1908,5,3,8
1908,1,0,1
1908,5,0,5
1908,5,1,6
1908,6,5,11
1908,3,2,5
1908,1,0,1
1908,5,1,6
1908,5,1,6
1908,2,2,4
1908,3,0,3
1908,4,4,8
1908,3,2,5
1908,8,3,11
1908,7,3,10
1908,7,2,9
1908,4,2,6
1908,3,3,6
1908,7,2,9
1908,5,1,6
1908,3,1,4
1908,8,0,8
1908,6,5,11
1908,4,0,4
1908,4,2,6
1908,4,1,5
1908,5,4,9
1908,2,10,12
1908,2,0,2
1908,4,3,7
1908,6,1,7
1908,6,1,7
1908,4,0,4
1908,2,0,2
1908,8,7,15
1908,5,3,8
1908,4,3,7
1908,8,7,15
1908,2,1,3
1908,4,3,7
1908,3,1,4
1908,7,6,13
1908,3,1,4
1908,5,1,6
1908,9,1,10
1908,1,0,1
1908,5,4,9
1908,6,4,10
1908,2,0,2
1908,2,0,2
1908,2,0,2
1908,10,0,10
1908,5,3,8
1908,6,4,10
1908,4,2,6
1908,2,1,3
1908,4,2,6
1908,6,4,10
1908,9,2,11
1908,4,1,5
1908,5,1,6
1908,3,2,5
1908,1,0,1
1908,2,1,3
1908,2,10,12
1908,4,2,6
1908,3,1,4
1908,3,2,5
1908,5,3,8
1908,4,1,5
1908,6,4,10
1908,4,3,7
1908,3,1,4
1908,3,1,4
1908,5,1,6
1908,7,4,11
1908,4,3,7
1908,2,1,3
1908,3,1,4
1908,1,0,1
1908,2,1,3
1908,1,0,1
1908,2,11,13
1908,1,0,1
1908,2,0,2
1908,8,0,8
1908,5,11,16
1908,3,2,5
1908,7,5,12
1908,1,0,1
1908,6,2,8
1908,4,0,4
1908,4,3,7
1908,1,0,1
1908,5,1,6
1908,4,2,6
1908,4,2,6
1908,3,0,3
1908,2,1,3
1908,3,0,3
1908,9,1,10
1908,2,0,2
1908,2,0,2
1908,5,0,5
1908,7,3,10
1908,1,0,1
1908,2,1,3
1908,4,0,4
1908,7,3,10
1908,4,1,5
1908,8,0,8
1908,5,4,9
1908,2,10,12
1908,9,2,11
1908,1,0,1
1908,4,3,7
1908,4,0,4
1908,4,2,6
1908,9,0,9
1908,3,13,16
1908,6,0,6
1908,8,0,8
1908,8,2,10
1908,5,3,8
1908,5,2,7
1908,3,2,5
1908,4,1,5
1908,3,2,5
1908,3,0,3
1908,8,5,13
1908,5,0,5
1908,8,2,10
1908,3,1,4
1908,2,1,3
1908,2,1,3
1908,7,5,12
1908,6,1,7
1908,4,3,7
1908,5,2,7
1908,7,1,8
1908,10,1,11
1908,3,2,5
1908,3,2,5
1908,3,0,3
1908,8,1,9
1908,1,0,1
1908,4,2,6
1908,3,2,5
1908,4,3,7
1908,6,0,6
1908,7,0,7
1908,6,5,11
1908,6,0,6
1908,5,1,6
1908,11,0,11
1908,2,1,3
1908,7,1,8
1908,1,1,2
1908,3,0,3
1908,8,7,15
1908,5,1,6
1908,3,1,4
1908,6,4,10
1908,6,1,7
1908,3,2,5
1908,1,0,1
1908,1,0,1
1908,6,0,6
1908,4,0,4
1908,6,0,6
1908,5,2,7
1908,4,3,7
1908,9,3,12
1908,4,0,4
1908,9,3,12
1908,5,0,5
1908,2,1,3
1908,9,7,16
1908,7,1,8
1908,6,4,10
1908,3,2,5
1908,2,0,2
1908,5,2,7
1908,1,0,1
1908,6,5,11
1908,2,0,2
1908,3,1,4
1908,5,2,7
1908,5,3,8
1908,1,0,1
1908,7,6,13
1908,7,3,10
1908,9,6,15
1908,11,1,12
1908,5,4,9
1908,6,5,11
1908,8,2,10
1908,5,2,7
1908,6,5,11
1908,3,1,4
1908,7,2,9
1908,7,1,8
1908,4,2,6
1908,5,1,6
1908,4,1,5
1908,4,2,6
1908,6,1,7
1908,7,2,9
1908,2,1,3
1908,8,3,11
1908,2,1,3
1908,7,0,7
1908,1,0,1
1908,5,4,9
1908,2,1,3
1908,6,3,9
1908,5,4,9
1908,3,1,4
1908,4,3,7
1908,7,3,10
1908,5,4,9
1908,3,2,5
1908,1,0,1
1908,3,2,5
1908,2,1,3
1908,3,0,3
1908,2,1,3
1908,4,10,14
1908,4,3,7
1908,4,3,7
1908,5,2,7
1908,2,1,3
1908,5,0,5
1908,1,0,1
1908,2,0,2
1908,3,2,5
1908,3,0,3
1908,5,4,9
1908,6,5,11
1908,8,7,15
1908,6,1,7
1908,3,0,3
1908,5,0,5
1908,7,1,8
1908,6,2,8
1908,5,2,7
1908,2,0,2
1908,4,1,5
1908,6,2,8
1908,4,1,5
1908,5,0,5
1908,1,0,1
1908,7,4,11
1908,5,10,15
1908,8,1,9
1908,4,2,6
1908,3,0,3
1908,6,13,19
1908,1,0,1
1908,2,1,3
1908,5,1,6
1908,7,0,7
1908,7,12,19
1908,2,1,3
1908,2,1,3
1908,5,4,9
1908,6,1,7
1908,1,0,1
1908,6,5,11
1908,7,2,9
1908,6,5,11
1908,6,5,11
1908,6,2,8
1908,4,2,6
1908,2,0,2
1908,1,0,1
1908,2,1,3
1908,2,1,3
1908,8,3,11
1908,8,5,13
1908,2,0,2
1908,5,3,8
1908,4,3,7
1908,2,1,3
1908,3,1,4
1908,3,2,5
1908,5,0,5
1908,3,2,5
1908,7,0,7
1908,7,0,7
1908,4,1,5
1908,4,3,7
1908,3,1,4
1908,2,10,12
1908,2,1,3
1908,7,2,9
1908,4,1,5
1908,3,2,5
1908,9,3,12
1908,4,1,5
1908,1,1,2
1908,1,0,1
1908,5,4,9
1908,6,1,7
1908,1,0,1
1908,2,1,3
1908,4,4,8
1908,5,4,9
1908,5,0,5
1908,3,0,3
1908,5,1,6
1908,2,1,3
1908,6,1,7
1908,6,1,7
1908,7,2,9
1908,1,0,1
1908,7,1,8
1908,5,2,7
1908,11,1,12
1908,3,1,4
1908,5,0,5
1908,3,0,3
1908,5,0,5
1908,12,0,12
1908,5,4,9
1908,3,2,5
1908,6,2,8
1908,3,1,4
1908,3,2,5
1908,1,0,1
1908,2,0,2
1908,3,0,3
1908,7,4,11
1908,6,1,7
1908,5,2,7
1908,3,2,5
1908,2,2,4
1908,4,1,5
1908,7,6,13
1908,12,1,13
1908,3,2,5
1908,5,2,7
1908,5,1,6
1908,2,0,2
1908,6,2,8
1908,5,4,9
1908,9,0,9
1908,4,1,5
1908,7,3,10
1908,6,2,8
1908,7,0,7
1908,7,0,7
1908,6,5,11
1908,6,0,6
1908,2,1,3
1908,2,1,3
1908,6,5,11
1908,6,1,7
1908,7,5,12
1908,2,1,3
1908,7,5,12
1908,2,1,3
1908,6,0,6
1908,2,1,3
1908,5,2,7
1908,4,3,7
1908,6,2,8
1908,3,2,5
1908,5,0,5
1908,1,0,1
1908,7,6,13
1908,2,12,14
1908,8,1,9
1908,7,2,9
1908,7,4,11
1908,2,1,3
1908,2,0,2
1908,2,16,18
1908,3,2,5
1908,6,0,6
1908,2,1,3
1908,3,2,5
1908,8,7,15
1908,5,0,5
1908,3,2,5
1908,3,2,5
1908,3,1,4
1908,5,2,7
1908,5,1,6
1908,3,3,6
1908,4,0,4
1908,6,1,7
1908,8,1,9
1908,6,1,7
1908,4,2,6
1908,3,1,4
1908,5,3,8
1908,3,0,3
1908,3,11,14
1908,7,0,7
1908,4,1,5
1908,9,4,13
1908,5,1,6
1908,3,2,5
1908,10,1,11
1908,5,3,8
1908,7,2,9
1908,4,2,6
1908,1,0,1
1908,9,4,13
1908,4,2,6
1908,7,5,12
1908,6,10,16
1908,6,1,7
1908,8,3,11
1908,3,0,3
1908,2,0,2
1909,8,1,9
1909,4,1,5
1909,4,2,6
1909,5,0,5
1909,9,5,14
1909,3,1,4
1909,3,0,3
1909,2,0,2
1909,4,2,6
1909,4,10,14
1909,7,2,9
1909,3,1,4
1909,3,0,3
1909,4,3,7
1909,4,1,5
1909,2,0,2
1909,3,1,4
1909,4,3,7
1909,2,10,12
1909,3,0,3
1909,1,0,1
1909,6,5,11
1909,3,2,5
1909,5,1,6
1909,4,1,5
1909,8,5,13
1909,6,5,11
1909,4,1,5
1909,6,4,10
1909,3,1,4
1909,6,1,7
1909,1,0,1
1909,5,3,8
1909,3,2,5
1909,6,2,8
1909,3,2,5
1909,5,0,5
1909,3,2,5
1909,3,2,5
1909,4,2,6
1909,8,4,12
1909,2,12,14
1909,6,2,8
1909,9,5,14
1909,1,0,1
1909,8,5,13
1909,3,1,4
1909,6,4,10
1909,8,1,9
1909,4,0,4
1909,7,4,11
1909,7,3,10
1909,3,1,4
1909,3,1,4
1909,2,1,3
1909,6,3,9
1909,4,1,5
1909,2,0,2
1909,3,1,4
1909,7,3,10
1909,17,0,17
1909,4,0,4
1909,4,0,4
1909,5,1,6
1909,1,0,1
1909,2,1,3
1909,3,0,3
1909,5,4,9
1909,1,0,1
1909,1,0,1
1909,6,2,8
1909,4,2,6
1909,3,2,5
1909,6,4,10
1909,4,3,7
1909,3,1,4
1909,4,3,7
1909,1,0,1
1909,10,0,10
1909,3,2,5
1909,7,6,13
1909,2,12,14
1909,6,5,11
1909,8,1,9
1909,5,3,8
1909,6,1,7
1909,8,2,10
1909,3,2,5
1909,4,10,14
1909,5,4,9
1909,3,2,5
1909,4,2,6
1909,2,1,3
1909,5,2,7
1909,8,7,15
1909,6,5,11
1909,5,2,7
1909,6,0,6
1909,1,0,1
1909,5,4,9
1909,8,13,21
1909,7,1,8
1909,9,7,16
1909,4,0,4
1909,9,2,11
1909,9,6,15
1909,5,1,6
1909,5,3,8
1909,1,0,1
1909,7,6,13
1909,5,2,7
1909,1,0,1
1909,2,10,12
1909,3,11,14
1909,5,2,7
1909,4,2,6
1909,8,3,11
1909,5,2,7
1909,6,5,11
1909,2,0,2
1909,4,3,7
1909,6,5,11
1909,3,1,4
1909,7,1,8
1909,2,1,3
1909,1,0,1
1909,4,2,6
1909,2,1,3
1909,4,3,7
1909,2,1,3
1909,6,5,11
1909,7,3,10
1909,4,1,5
1909,2,1,3
1909,5,0,5
1909,4,3,7
1909,1,0,1
1909,5,3,8
1909,8,2,10
1909,2,1,3
1909,6,3,9
1909,8,4,12
1909,6,4,10
1909,1,0,1
1909,8,0,8
1909,4,2,6
1909,4,1,5
1909,5,2,7
1909,4,2,6
1909,2,1,3
1909,1,0,1
1909,5,1,6
1909,2,1,3
1909,8,10,18
1909,5,3,8
1909,5,1,6
1909,5,16,21
1909,4,3,7
1909,7,1,8
1909,3,0,3
1909,10,0,10
1909,6,2,8
1909,6,2,8
1909,3,2,5
1909,4,11,15
1909,3,2,5
1909,3,1,4
1909,1,0,1
1909,2,1,3
1909,3,2,5
1909,1,1,2
1909,8,1,9
1909,6,4,10
1909,4,1,5
1909,6,4,10
1909,4,10,14
1909,7,4,11
1909,6,0,6
1909,2,0,2
1909,5,4,9
1909,6,5,11
1909,5,3,8
1909,3,2,5
1909,4,3,7
1909,5,4,9
1909,3,0,3
1909,7,1,8
1909,1,0,1
1909,3,2,5
1909,4,3,7
1909,11,1,12
1909,6,1,7
1909,1,0,1
1909,6,5,11
1909,5,3,8
1909,6,0,6
1909,8,1,9
1909,4,0,4
1909,8,5,13
1909,3,1,4
1909,5,0,5
1909,4,2,6
1909,5,3,8
1909,4,2,6
1909,3,2,5
1909,2,0,2
1909,2,0,2
1909,5,2,7
1909,7,4,11
1909,2,10,12
1909,3,18,21
1909,4,2,6
1909,5,1,6
1909,3,2,5
1909,6,2,8
1909,3,12,15
1909,3,2,5
1909,5,3,8
1909,2,1,3
1909,5,1,6
1909,2,1,3
1909,7,0,7
1909,6,3,9
1909,4,1,5
1909,8,4,12
1909,2,1,3
1909,2,1,3
1909,4,1,5
1909,7,1,8
1909,2,1,3
1909,7,3,10
1909,4,2,6
1909,1,0,1
1909,4,3,7
1909,6,2,8
1909,2,1,3
1909,6,2,8
1909,10,1,11
1909,3,1,4
1909,5,1,6
1909,4,3,7
1909,6,2,8
1909,2,13,15
1909,7,4,11
1909,1,0,1
1909,1,0,1
1909,5,0,5
1909,2,0,2
1909,9,4,13
1909,3,2,5
1909,3,1,4
1909,8,2,10
1909,5,2,7
1909,5,0,5
1909,7,0,7
1909,2,2,4
1909,5,2,7
1909,2,1,3
1909,11,1,12
1909,3,0,3
1909,3,1,4
1909,3,1,4
1909,4,1,5
1909,4,1,5
1909,4,2,6
1909,2,11,13
1909,4,3,7
1909,3,2,5
1909,6,2,8
1909,4,2,6
1909,8,3,11
1909,4,2,6
1909,3,1,4
1909,5,4,9
1909,4,2,6
1909,2,12,14
1909,2,0,2
1909,1,0,1
1909,3,0,3
1909,5,1,6
1909,7,7,14
1909,4,1,5
1909,3,2,5
1909,6,3,9
1909,5,1,6
1909,3,2,5
1909,5,4,9
1909,3,2,5
1909,2,1,3
1909,5,4,9
1909,4,2,6
1909,8,1,9
1909,9,3,12
1909,5,2,7
1909,1,0,1
1909,1,0,1
1909,4,0,4
1909,2,0,2
1909,6,5,11
1909,3,1,4
1909,5,4,9
1909,2,0,2
1909,4,0,4
1909,5,3,8
1909,4,3,7
1909,6,2,8
1909,7,5,12
1909,9,6,15
1909,9,8,17
1909,5,0,5
1909,2,0,2
1909,5,4,9
1909,3,1,4
1909,8,7,15
1909,6,3,9
1909,1,0,1
1909,5,3,8
1909,4,3,7
1909,12,1,13
1909,6,4,10
1909,6,1,7
1909,5,1,6
1909,3,1,4
1909,4,3,7
1909,2,0,2
1909,8,0,8
1909,4,3,7
1909,3,2,5
1909,5,4,9
1909,2,0,2
1909,4,3,7
1909,7,1,8
1909,3,2,5
1909,2,13,15
1909,6,0,6
1909,4,3,7
1909,5,0,5
1909,2,1,3
1909,3,1,4
1909,4,2,6
1909,6,3,9
1909,1,0,1
1909,2,1,3
1909,8,1,9
1909,4,0,4
1909,1,0,1
1909,4,0,4
1909,2,0,2
1909,2,0,2
1909,5,3,8
1909,4,1,5
1909,10,1,11
1909,3,2,5
1909,6,2,8
1909,9,7,16
1909,2,1,3
1909,4,10,14
1909,3,1,4
1909,2,1,3
1909,7,5,12
1909,6,11,17
1909,7,5,12
1909,7,1,8
1909,1,0,1
1909,7,6,13
1909,7,3,10
1909,3,1,4
1909,8,2,10
1909,2,1,3
1909,6,4,10
1909,3,1,4
1909,7,1,8
1909,4,3,7
1909,5,4,9
1909,8,2,10
1909,6,3,9
1909,3,2,5
1909,9,2,11
1909,6,1,7
1909,3,2,5
1909,3,2,5
1909,4,1,5
1909,4,3,7
1909,5,1,6
1909,4,1,5
1909,4,10,14
1909,3,1,4
1909,3,2,5
1909,5,0,5
1909,7,6,13
1909,5,10,15
1909,2,0,2
1909,3,2,5
1909,5,4,9
1909,7,4,11
1909,6,3,9
1909,2,1,3
1909,6,4,10
1909,4,0,4
1909,5,0,5
1909,6,1,7
1909,4,3,7
1909,6,4,10
1909,8,2,10
1909,8,3,11
1909,6,5,11
1909,4,1,5
1909,6,4,10
1909,3,2,5
1909,5,3,8
1909,2,0,2
1909,9,6,15
1909,3,2,5
1909,2,0,2
1909,1,0,1
1909,6,1,7
1909,5,14,19
1909,2,0,2
1909,5,1,6
1909,6,4,10
1909,4,3,7
1909,8,1,9
1909,5,4,9
1909,11,1,12
1909,3,0,3
1909,3,1,4
1909,6,3,9
1909,8,1,9
1909,2,1,3
1909,7,4,11
1909,5,12,17
1909,5,3,8
1909,3,2,5
1909,5,1,6
1909,6,0,6
1909,7,0,7
1909,4,1,5
1909,4,2,6
1909,9,1,10
1909,2,12,14
1909,2,1,3
1909,3,2,5
1909,6,3,9
1909,7,3,10
1909,4,0,4
1909,2,0,2
1909,6,2,8
1909,2,1,3
1909,3,0,3
1909,4,1,5
1909,6,5,11
1909,7,3,10
1909,1,0,1
1909,5,3,8
1909,2,1,3
1909,7,3,10
1909,6,0,6
1909,3,11,14
1909,8,5,13
1909,7,1,8
1909,5,3,8
1909,2,1,3
1909,3,2,5
1909,2,1,3
1909,6,0,6
1909,6,5,11
1909,9,0,9
1909,4,2,6
1909,2,1,3
1909,3,2,5
1909,3,1,4
1909,3,11,14
1909,4,3,7
1909,8,1,9
1909,8,4,12
1909,6,2,8
1909,7,2,9
1909,3,0,3
1909,4,3,7
1909,7,1,8
1909,4,2,6
1909,1,0,1
1909,3,2,5
1909,3,2,5
1909,3,1,4
1909,2,0,2
1909,9,3,12
1909,2,1,3
1909,1,0,1
1909,5,3,8
1909,3,15,18
1909,3,2,5
1909,3,0,3
1909,5,4,9
1909,3,0,3
1909,8,0,8
1909,4,2,6
1909,5,4,9
1909,6,4,10
1909,5,1,6
1909,5,3,8
1909,2,1,3
1909,4,0,4
1909,4,1,5
1909,5,2,7
1909,7,0,7
1909,7,6,13
1909,4,0,4
1909,6,0,6
1909,2,10,12
1909,7,13,20
1909,3,0,3
1909,3,2,5
1909,4,2,6
1909,3,1,4
1909,7,6,13
1909,8,1,9
1909,5,1,6
1909,3,1,4
1909,4,3,7
1909,4,2,6
1909,7,2,9
1909,4,3,7
1909,3,0,3
1909,3,2,5
1909,2,0,2
1909,6,1,7
1909,3,1,4
1909,3,2,5
1909,2,0,2
1909,2,1,3
1909,4,1,5
1909,6,0,6
1909,3,2,5
1909,3,1,4
1909,5,0,5
1909,5,4,9
1909,7,4,11
1909,5,1,6
1909,4,3,7
1909,9,6,15
1909,3,1,4
1909,6,2,8
1909,9,8,17
1909,6,10,16
1909,3,2,5
1909,3,1,4
1909,5,1,6
1909,8,3,11
1909,5,1,6
1909,1,0,1
1909,6,3,9
1909,4,3,7
1909,2,1,3
1909,4,3,7
1909,2,0,2
1909,9,5,14
1909,4,2,6
1909,5,1,6
1909,5,2,7
1909,8,0,8
1909,2,1,3
1909,6,0,6
1909,6,1,7
1909,4,0,4
1909,9,5,14
1909,8,2,10
1909,10,1,11
1909,4,0,4
1909,7,1,8
1909,8,2,10
1909,1,0,1
1909,11,1,12
1909,5,4,9
1909,4,3,7
1909,4,3,7
1909,3,0,3
1909,3,2,5
1909,9,0,9
1909,3,0,3
1909,5,0,5
1909,3,0,3
1909,3,2,5
1909,8,0,8
1909,5,1,6
1909,6,2,8
1909,1,0,1
1909,3,0,3
1909,8,4,12
1909,3,1,4
1909,6,5,11
1909,7,1,8
1909,7,2,9
1909,8,2,10
1909,4,3,7
1909,8,2,10
1909,4,3,7
1909,5,4,9
1909,6,4,10
1909,2,11,13
1909,5,1,6
1909,6,2,8
1909,9,0,9
1909,6,5,11
1909,9,5,14
1909,7,0,7
1909,2,1,3
1909,6,4,10
1909,7,6,13
1909,9,4,13
1909,1,0,1
1909,4,1,5
1909,3,1,4
1909,3,0,3
1909,2,1,3
1909,2,1,3
1909,1,0,1
1909,4,0,4
1909,1,0,1
1909,4,3,7
1909,6,4,10
1909,9,2,11
1909,7,1,8
1909,7,6,13
1909,2,0,2
1909,5,4,9
1909,3,0,3
1909,4,3,7
1909,5,4,9
1909,2,0,2
1909,5,0,5
1909,2,12,14
1909,6,1,7
1909,8,2,10
1909,5,3,8
1909,4,3,7
1909,3,0,3
1909,5,4,9
1909,4,3,7
1909,6,5,11
1909,2,1,3
1909,6,1,7
1909,4,0,4
1909,6,1,7
1909,4,3,7
1909,3,0,3
1909,2,0,2
1909,3,2,5
1909,7,2,9
1909,6,3,9
1909,4,2,6
1909,2,0,2
1909,7,11,18
1909,2,1,3
1909,9,0,9
1909,4,3,7
1909,1,0,1
1909,6,0,6
1909,3,1,4
1909,5,1,6
1909,3,0,3
1909,5,2,7
1909,4,2,6
1909,4,2,6
1909,1,0,1
1909,1,0,1
1909,7,3,10
1909,6,3,9
1909,5,1,6
1909,2,0,2
1909,3,2,5
1909,2,1,3
1909,4,1,5
1909,3,0,3
1909,9,6,15
1909,9,3,12
1909,3,0,3
1909,7,4,11
1909,4,0,4
1909,6,0,6
1909,3,3,6
1909,2,1,3
1909,7,2,9
1909,6,4,10
1909,7,4,11
1909,6,2,8
1909,3,1,4
1909,6,0,6
1909,7,0,7
1909,3,2,5
1909,5,1,6
1909,4,4,8
1909,8,2,10
1909,5,2,7
1909,7,4,11
1909,4,3,7
1909,5,4,9
1909,8,2,10
1909,4,0,4
1909,6,3,9
1909,6,1,7
1909,5,4,9
1909,7,1,8
1909,6,0,6
1909,6,3,9
1909,2,11,13
1909,2,1,3
1909,9,4,13
1909,4,3,7
1909,6,3,9
1909,3,2,5
1909,2,1,3
1909,7,1,8
1909,4,10,14
1909,5,2,7
1909,2,2,4
1909,6,0,6
1909,7,1,8
1909,3,1,4
1909,3,2,5
1909,6,1,7
1909,2,1,3
1909,7,2,9
1909,1,0,1
1909,1,0,1
1909,7,2,9
1909,7,4,11
1909,3,1,4
1909,4,3,7
1909,4,0,4
1909,3,2,5
1909,1,0,1
1909,4,0,4
1909,3,0,3
1909,7,6,13
1909,3,2,5
1909,3,1,4
1909,4,10,14
1909,2,1,3
1909,8,7,15
1909,7,1,8
1909,7,6,13
1909,5,4,9
1909,7,3,10
1909,2,1,3
1909,4,10,14
1909,9,1,10
1909,5,1,6
1909,6,0,6
1909,2,1,3
1909,3,10,13
1909,2,1,3
1909,8,3,11
1909,1,0,1
1909,4,1,5
1909,1,0,1
1909,6,2,8
1909,2,1,3
1909,4,0,4
1909,5,1,6
1909,5,0,5
1909,4,0,4
1909,3,0,3
1909,1,0,1
1909,4,1,5
1909,2,1,3
1909,9,4,13
1909,2,0,2
1909,8,1,9
1909,3,1,4
1909,1,0,1
1909,8,0,8
1909,3,1,4
1909,3,2,5
1909,3,0,3
1909,2,1,3
1909,3,0,3
1909,3,2,5
1909,2,1,3
1909,5,2,7
1909,5,3,8
1909,6,4,10
1909,3,1,4
1909,7,1,8
1909,6,1,7
1909,7,0,7
1909,6,2,8
1909,3,0,3
1909,2,1,3
1909,2,0,2
1909,3,0,3
1909,3,0,3
1909,7,1,8
1909,10,1,11
1909,4,3,7
1909,8,7,15
1909,3,2,5
1909,8,1,9
1909,2,0,2
1909,4,1,5
1909,3,1,4
1909,2,1,3
1909,6,5,11
1909,1,1,2
1909,4,2,6
1909,2,1,3
1909,1,0,1
1909,1,0,1
1909,3,19,22
1909,3,2,5
1909,5,4,9
1909,5,2,7
1909,3,0,3
1909,2,1,3
1909,8,2,10
1909,2,0,2
1909,4,10,14
1909,3,13,16
1909,5,4,9
1909,6,6,12
1909,6,1,7
1909,7,2,9
1909,6,2,8
1909,4,3,7
1909,8,5,13
1909,2,1,3
1909,5,4,9
1909,5,0,5
1909,3,1,4
1909,5,2,7
1909,1,0,1
1909,7,3,10
1909,2,1,3
1909,2,1,3
1909,4,3,7
1909,3,3,6
1909,9,0,9
1909,7,2,9
1909,3,1,4
1909,8,1,9
1909,9,3,12
1909,6,2,8
1909,2,2,4
1909,6,1,7
1909,2,0,2
1909,2,1,3
1909,7,3,10
1909,3,2,5
1909,8,11,19
1909,1,0,1
1909,1,0,1
1909,3,0,3
1909,3,2,5
1909,2,0,2
1909,3,0,3
1909,6,3,9
1909,14,1,15
1909,5,4,9
1909,6,3,9
1909,2,1,3
1909,2,1,3
1909,5,1,6
1909,1,0,1
1909,2,1,3
1909,1,0,1
1909,7,6,13
1909,2,1,3
1909,6,4,10
1909,1,0,1
1909,8,3,11
1909,3,1,4
1909,5,3,8
1909,5,0,5
1909,3,1,4
1909,3,11,14
1909,4,3,7
1909,1,0,1
1909,6,3,9
1909,8,3,11
1909,3,2,5
1909,5,4,9
1909,6,10,16
1909,9,7,16
1909,1,0,1
1909,6,5,11
1909,6,0,6
1909,6,5,11
1909,3,1,4
1909,9,3,12
1909,7,0,7
1909,9,1,10
1909,6,11,17
1909,5,1,6
1909,6,12,18
1909,6,11,17
1909,9,12,21
1909,2,0,2
1909,3,2,5
1909,2,0,2
1909,3,1,4
1909,5,2,7
1909,7,0,7
1909,7,6,13
1909,4,3,7
1909,3,11,14
1909,1,0,1
1909,3,0,3
1909,2,0,2
1909,9,8,17
1909,4,4,8
1909,6,5,11
1909,4,3,7
1909,3,2,5
1909,4,2,6
1909,1,0,1
1909,7,1,8
1909,8,10,18
1909,4,3,7
1909,3,0,3
1909,8,2,10
1909,6,0,6
1909,6,3,9
1909,8,7,15
1909,5,1,6
1909,5,0,5
1909,5,4,9
1909,5,3,8
1909,6,17,23
1909,8,6,14
1909,3,13,16
1909,2,1,3
1909,7,3,10
1909,3,0,3
1909,7,6,13
1909,6,4,10
1909,2,1,3
1909,4,3,7
1909,2,1,3
1909,6,1,7
1909,5,4,9
1909,6,0,6
1909,4,0,4
1909,1,0,1
1909,7,3,10
1909,5,2,7
1909,2,1,3
1909,5,3,8
1909,5,0,5
1909,4,2,6
1909,2,0,2
1909,5,0,5
1909,3,2,5
1909,8,0,8
1909,9,4,13
1909,7,2,9
1909,2,0,2
1909,4,1,5
1909,2,1,3
1909,7,4,11
1909,2,0,2
1909,6,11,17
1909,7,3,10
1909,12,0,12
1909,6,2,8
1909,5,4,9
1909,9,6,15
1909,7,6,13
1909,9,4,13
1909,7,6,13
1909,3,1,4
1909,1,0,1
1909,5,3,8
1909,6,3,9
1909,6,1,7
1909,2,1,3
1909,8,5,13
1909,5,2,7
1909,9,3,12
1909,5,3,8
1909,4,10,14
1909,4,3,7
1909,1,1,2
1909,7,4,11
1909,3,0,3
1909,6,5,11
1909,3,10,13
1909,8,6,14
1909,2,1,3
1909,3,0,3
1909,4,0,4
1909,4,3,7
1909,7,3,10
1909,8,4,12
1909,4,0,4
1909,2,0,2
1909,6,1,7
1909,5,1,6
1909,6,3,9
1909,5,1,6
1909,9,10,19
1909,9,6,15
1909,3,1,4
1909,6,2,8
1909,5,2,7
1909,5,3,8
1909,9,8,17
1909,7,1,8
1909,2,0,2
1909,5,4,9
1909,8,2,10
1909,6,5,11
1909,3,1,4
1909,6,3,9
1909,6,1,7
1909,6,5,11
1909,7,2,9
1909,6,4,10
1909,3,1,4
1909,8,6,14
1909,6,2,8
1909,6,11,17
1909,6,2,8
1909,5,3,8
1909,7,4,11
1909,7,6,13
1909,6,3,9
1909,8,6,14
1909,4,2,6
1909,4,2,6
1909,4,0,4
1909,6,3,9
1909,3,0,3
1909,2,1,3
1909,6,5,11
1909,3,11,14
1909,3,1,4
1909,1,1,2
1909,3,1,4
1909,3,1,4
1909,9,3,12
1909,2,1,3
1909,9,1,10
1909,4,3,7
1909,7,3,10
1909,2,0,2
1909,3,2,5
1909,1,0,1
1909,4,10,14
1909,7,1,8
1909,4,0,4
1909,10,1,11
1909,1,0,1
1909,1,0,1
1909,2,1,3
1909,2,1,3
1909,3,1,4
1909,3,0,3
1909,2,1,3
1909,1,0,1
1909,5,0,5
1909,5,11,16
1909,4,4,8
1909,4,3,7
1909,4,2,6
1909,6,1,7
1909,4,4,8
1909,2,0,2
1909,3,1,4
1909,2,10,12
1909,2,10,12
1909,7,0,7
1909,4,1,5
1909,5,2,7
1909,3,0,3
1909,4,4,8
1909,4,0,4
1909,3,2,5
1909,5,4,9
1909,3,2,5
1909,1,0,1
1909,7,4,11
1909,7,2,9
1909,3,2,5
1909,2,0,2
1909,7,5,12
1909,2,1,3
1909,9,3,12
1909,2,1,3
1909,2,1,3
1909,5,0,5
1909,4,2,6
1909,4,1,5
1909,10,0,10
1909,5,3,8
1909,6,3,9
1909,10,1,11
1909,7,0,7
1909,2,0,2
1909,2,0,2
1909,2,1,3
1909,8,5,13
1909,5,3,8
1909,2,0,2
1909,6,0,6
1909,7,2,9
1909,7,16,23
1909,4,4,8
1909,5,4,9
1909,5,3,8
1909,4,2,6
1909,6,5,11
1909,3,2,5
1909,9,4,13
1909,4,3,7
1909,3,12,15
1909,2,0,2
1909,3,2,5
1909,7,3,10
1909,4,3,7
1909,5,0,5
1909,2,1,3
1909,2,0,2
1909,5,0,5
1909,3,1,4
1909,2,0,2
1909,3,1,4
1909,4,4,8
1909,6,2,8
1909,7,12,19
1909,4,3,7
1909,8,3,11
1909,7,3,10
1909,4,1,5
1909,4,1,5
1909,2,12,14
1909,4,2,6
1909,7,1,8
1909,6,2,8
1909,5,0,5
1909,5,12,17
1909,8,1,9
1909,9,1,10
1909,9,12,21
1909,2,1,3
1909,6,12,18
1909,3,2,5
1909,4,3,7
1909,7,4,11
1909,5,2,7
1909,1,1,2
1909,2,1,3
1909,4,10,14
1909,5,0,5
1909,3,0,3
1909,5,0,5
1909,4,12,16
1909,2,1,3
1909,2,0,2
1909,3,2,5
1909,7,4,11
1909,3,0,3
1909,4,3,7
1909,1,0,1
1909,4,1,5
1909,4,3,7
1909,3,1,4
1909,4,1,5
1909,5,4,9
1909,6,1,7
1909,8,7,15
1909,8,1,9
1909,3,2,5
1909,4,1,5
1909,5,0,5
1909,7,0,7
1909,9,13,22
1909,2,1,3
1909,7,3,10
1909,5,1,6
1909,5,0,5
1909,8,3,11
1909,5,4,9
1909,6,3,9
1909,7,3,10
1909,5,2,7
1909,11,0,11
1909,2,1,3
1909,10,1,11
1909,6,1,7
1909,2,1,3
1909,2,1,3
1909,7,3,10
1909,9,7,16
1909,4,4,8
1909,8,3,11
1909,6,4,10
1909,6,2,8
1909,9,1,10
1909,4,2,6
1909,9,6,15
1909,6,5,11
1909,6,0,6
1909,4,11,15
1909,4,3,7
1909,4,2,6
1909,6,5,11
1909,6,1,7
1909,6,2,8
1909,1,0,1
1909,3,1,4
1909,8,3,11
1909,6,6,12
1909,9,2,11
1909,2,1,3
1909,6,5,11
1909,7,2,9
1909,3,1,4
1909,4,1,5
1909,6,4,10
1909,8,1,9
1909,6,4,10
1909,3,1,4
1909,4,2,6
1909,3,1,4
1909,8,2,10
1909,6,5,11
1909,1,1,2
1909,5,3,8
1909,5,4,9
1909,7,4,11
1909,6,1,7
1909,4,3,7
1909,4,1,5
1909,8,4,12
1909,2,1,3
1909,7,1,8
1909,8,0,8
1909,5,1,6
1909,7,5,12
1909,3,1,4
1909,4,1,5
1909,7,2,9
1909,8,6,14
1909,5,0,5
1909,8,4,12
1909,5,4,9
1909,8,0,8
1910,3,2,5
1910,3,0,3
1910,1,0,1
1910,9,7,16
1910,4,4,8
1910,2,0,2
1910,5,1,6
1910,3,0,3
1910,5,4,9
1910,5,4,9
1910,5,3,8
1910,6,2,8
1910,3,2,5
1910,7,4,11
1910,6,5,11
1910,8,2,10
1910,3,1,4
1910,5,10,15
1910,5,1,6
1910,4,2,6
1910,5,3,8
1910,4,3,7
1910,9,2,11
1910,4,2,6
1910,3,2,5
1910,2,1,3
1910,5,4,9
1910,2,1,3
1910,4,12,16
1910,6,2,8
1910,1,0,1
1910,4,0,4
1910,6,0,6
1910,4,2,6
1910,3,10,13
1910,1,0,1
1910,6,1,7
1910,5,0,5
1910,3,2,5
1910,1,0,1
1910,9,4,13
1910,4,1,5
1910,3,0,3
1910,5,2,7
1910,3,1,4
1910,3,0,3
1910,4,0,4
1910,3,1,4
1910,5,3,8
1910,5,0,5
1910,5,4,9
1910,4,0,4
1910,7,4,11
1910,6,10,16
1910,4,2,6
1910,8,3,11
1910,2,0,2
1910,3,1,4
1910,5,5,10
1910,6,5,11
1910,5,2,7
1910,9,8,17
1910,5,4,9
1910,9,7,16
1910,5,1,6
1910,1,0,1
1910,3,2,5
1910,3,2,5
1910,7,1,8
1910,11,1,12
1910,3,10,13
1910,2,1,3
1910,7,3,10
1910,5,2,7
1910,5,2,7
1910,7,1,8
1910,2,1,3
1910,1,0,1
1910,4,3,7
1910,6,0,6
1910,5,0,5
1910,9,3,12
1910,4,2,6
1910,1,0,1
1910,4,1,5
1910,4,2,6
1910,9,4,13
1910,1,0,1
1910,2,1,3
1910,5,3,8
1910,4,3,7
1910,2,1,3
1910,6,5,11
1910,5,4,9
1910,6,0,6
1910,9,8,17
1910,9,4,13
1910,3,2,5
1910,7,6,13
1910,5,2,7
1910,2,1,3
1910,4,3,7
1910,3,0,3
1910,8,3,11
1910,2,0,2
1910,2,1,3
1910,4,0,4
1910,4,2,6
1910,8,3,11
1910,3,3,6
1910,3,12,15
1910,1,0,1
1910,2,1,3
1910,5,3,8
1910,9,3,12
1910,10,1,11
1910,2,0,2
1910,5,2,7
1910,11,0,11
1910,8,5,13
1910,6,1,7
1910,4,3,7
1910,4,0,4
1910,3,2,5
1910,4,3,7
1910,4,1,5
1910,2,0,2
1910,4,1,5
1910,5,3,8
1910,7,2,9
1910,6,3,9
1910,2,0,2
1910,7,4,11
1910,6,2,8
1910,5,0,5
1910,10,0,10
1910,2,0,2
1910,6,4,10
1910,2,10,12
1910,7,6,13
1910,2,1,3
1910,4,3,7
1910,9,5,14
1910,8,6,14
1910,5,3,8
1910,1,1,2
1910,1,0,1
1910,5,3,8
1910,3,10,13
1910,3,10,13
1910,4,3,7
1910,2,0,2
1910,2,1,3
1910,9,1,10
1910,8,1,9
1910,5,3,8
1910,4,0,4
1910,9,11,20
1910,5,3,8
1910,8,1,9
1910,3,0,3
1910,8,2,10
1910,5,3,8
1910,7,2,9
1910,4,0,4
1910,4,13,17
1910,5,1,6
1910,5,3,8
1910,4,1,5
1910,3,0,3
1910,14,0,14
1910,4,3,7
1910,6,2,8
1910,9,3,12
1910,1,0,1
1910,4,0,4
1910,2,1,3
1910,8,3,11
1910,4,11,15
1910,4,3,7
1910,3,2,5
1910,5,3,8
1910,6,1,7
1910,7,4,11
1910,4,2,6
1910,3,1,4
1910,8,6,14
1910,8,7,15
1910,3,0,3
1910,3,0,3
1910,3,10,13
1910,2,1,3
1910,3,2,5
1910,6,10,16
1910,6,3,9
1910,4,2,6
1910,8,5,13
1910,5,2,7
1910,4,3,7
1910,3,0,3
1910,4,2,6
1910,8,7,15
1910,4,3,7
1910,2,14,16
1910,6,3,9
1910,9,1,10
1910,5,0,5
1910,4,2,6
1910,7,3,10
1910,3,2,5
1910,5,2,7
1910,8,5,13
1910,1,1,2
1910,6,3,9
1910,5,4,9
1910,7,4,11
1910,1,0,1
1910,4,3,7
1910,3,2,5
1910,7,3,10
1910,4,3,7
1910,2,1,3
1910,4,3,7
1910,6,5,11
1910,4,3,7
1910,7,1,8
1910,5,0,5
1910,7,2,9
1910,4,3,7
1910,6,3,9
1910,3,0,3
1910,5,5,10
1910,6,1,7
1910,6,0,6
1910,3,2,5
1910,6,1,7
1910,4,3,7
1910,5,0,5
1910,3,1,4
1910,4,3,7
1910,7,5,12
1910,2,0,2
1910,7,3,10
1910,2,0,2
1910,7,6,13
1910,4,3,7
1910,6,3,9
1910,4,1,5
1910,5,1,6
1910,1,1,2
1910,8,2,10
1910,2,1,3
1910,4,2,6
1910,6,1,7
1910,2,1,3
1910,9,3,12
1910,5,4,9
1910,9,0,9
1910,4,0,4
1910,5,1,6
1910,9,1,10
1910,4,3,7
1910,3,2,5
1910,4,3,7
1910,2,1,3
1910,7,10,17
1910,4,13,17
1910,5,1,6
1910,6,5,11
1910,2,0,2
1910,3,1,4
1910,6,1,7
1910,3,1,4
1910,4,3,7
1910,3,1,4
1910,3,0,3
1910,2,1,3
1910,4,3,7
1910,7,13,20
1910,7,4,11
1910,10,0,10
1910,9,4,13
1910,1,0,1
1910,4,2,6
1910,4,1,5
1910,5,1,6
1910,4,2,6
1910,3,1,4
1910,2,1,3
1910,5,1,6
1910,5,2,7
1910,5,10,15
1910,3,1,4
1910,2,1,3
1910,7,3,10
1910,4,3,7
1910,9,10,19
1910,9,0,9
1910,3,1,4
1910,7,2,9
1910,6,1,7
1910,9,4,13
1910,1,0,1
1910,3,2,5
1910,8,2,10
1910,7,10,17
1910,8,2,10
1910,4,1,5
1910,6,0,6
1910,2,0,2
1910,2,0,2
1910,2,1,3
1910,1,0,1
1910,1,0,1
1910,4,1,5
1910,5,1,6
1910,2,12,14
1910,2,1,3
1910,10,0,10
1910,3,1,4
1910,7,6,13
1910,6,4,10
1910,4,2,6
1910,5,4,9
1910,1,0,1
1910,4,0,4
1910,2,13,15
1910,4,0,4
1910,3,2,5
1910,5,4,9
1910,13,1,14
1910,5,1,6
1910,7,0,7
1910,7,3,10
1910,4,4,8
1910,7,5,12
1910,7,6,13
1910,3,0,3
1910,4,4,8
1910,7,1,8
1910,5,4,9
1910,5,4,9
1910,1,0,1
1910,3,1,4
1910,4,3,7
1910,6,5,11
1910,3,0,3
1910,4,3,7
1910,5,0,5
1910,6,2,8
1910,2,0,2
1910,8,3,11
1910,6,1,7
1910,4,1,5
1910,4,2,6
1910,5,2,7
1910,2,1,3
1910,9,7,16
1910,5,1,6
1910,6,2,8
1910,6,3,9
1910,6,1,7
1910,2,0,2
1910,6,0,6
1910,6,6,12
1910,9,4,13
1910,9,4,13
1910,7,2,9
1910,3,2,5
1910,2,0,2
1910,4,3,7
1910,3,0,3
1910,8,3,11
1910,5,1,6
1910,3,3,6
1910,5,4,9
1910,2,1,3
1910,5,3,8
1910,3,12,15
1910,10,0,10
1910,6,2,8
1910,1,0,1
1910,7,6,13
1910,4,1,5
1910,6,3,9
1910,7,3,10
1910,7,2,9
1910,8,2,10
1910,7,1,8
1910,5,2,7
1910,6,2,8
1910,7,1,8
1910,9,0,9
1910,4,2,6
1910,3,10,13
1910,9,10,19
1910,4,1,5
1910,4,1,5
1910,6,4,10
1910,1,0,1
1910,4,2,6
1910,5,2,7
1910,5,3,8
1910,3,2,5
1910,12,1,13
1910,1,0,1
1910,3,2,5
1910,3,0,3
1910,8,0,8
1910,7,4,11
1910,7,1,8
1910,12,0,12
1910,2,1,3
1910,6,5,11
1910,3,10,13
1910,6,0,6
1910,2,1,3
1910,6,3,9
1910,5,4,9
1910,3,2,5
1910,9,11,20
1910,8,0,8
1910,9,2,11
1910,3,1,4
1910,6,1,7
1910,2,1,3
1910,8,2,10
1910,9,0,9
1910,6,4,10
1910,4,10,14
1910,5,12,17
1910,4,0,4
1910,4,3,7
1910,2,1,3
1910,4,2,6
1910,8,1,9
1910,2,1,3
1910,6,4,10
1910,6,5,11
1910,4,2,6
1910,3,1,4
1910,4,0,4
1910,2,1,3
1910,4,1,5
1910,2,1,3
1910,8,2,10
1910,9,1,10
1910,6,4,10
1910,7,4,11
1910,5,4,9
1910,3,2,5
1910,6,3,9
1910,4,3,7
1910,3,2,5
1910,7,2,9
1910,2,0,2
1910,2,0,2
1910,6,2,8
1910,3,1,4
1910,7,3,10
1910,4,3,7
1910,2,1,3
1910,9,4,13
1910,11,1,12
1910,5,0,5
1910,8,5,13
1910,9,1,10
1910,4,3,7
1910,6,4,10
1910,9,7,16
1910,7,5,12
1910,4,3,7
1910,2,0,2
1910,3,2,5
1910,6,4,10
1910,6,2,8
1910,2,1,3
1910,2,1,3
1910,4,1,5
1910,4,0,4
1910,5,0,5
1910,6,3,9
1910,2,0,2
1910,8,3,11
1910,9,13,22
1910,6,2,8
1910,6,5,11
1910,2,0,2
1910,8,3,11
1910,5,4,9
1910,2,0,2
1910,4,3,7
1910,4,1,5
1910,2,0,2
1910,2,1,3
1910,5,0,5
1910,3,2,5
1910,4,11,15
1910,6,3,9
1910,8,3,11
1910,8,1,9
1910,5,1,6
1910,3,2,5
1910,4,1,5
1910,3,1,4
1910,2,10,12
1910,4,3,7
1910,5,3,8
1910,4,3,7
1910,6,5,11
1910,5,3,8
1910,7,4,11
1910,3,1,4
1910,5,3,8
1910,6,5,11
1910,12,1,13
1910,7,3,10
1910,8,1,9
1910,5,2,7
1910,7,2,9
1910,8,3,11
1910,6,4,10
1910,3,2,5
1910,6,3,9
1910,8,4,12
1910,6,5,11
1910,5,2,7
1910,3,2,5
1910,3,2,5
1910,3,11,14
1910,5,3,8
1910,3,2,5
1910,8,3,11
1910,5,4,9
1910,7,4,11
1910,3,2,5
1910,5,3,8
1910,6,2,8
1910,3,2,5
1910,1,0,1
1910,3,2,5
1910,5,4,9
1910,5,2,7
1910,1,0,1
1910,4,13,17
1910,2,0,2
1910,7,4,11
1910,4,1,5
1910,3,1,4
1910,6,2,8
1910,3,2,5
1910,4,13,17
1910,4,3,7
1910,6,5,11
1910,3,12,15
1910,5,4,9
1910,7,3,10
1910,4,3,7
1910,5,2,7
1910,3,2,5
1910,5,0,5
1910,7,1,8
1910,2,1,3
1910,9,6,15
1910,3,2,5
1910,9,10,19
1910,2,0,2
1910,5,2,7
1910,5,4,9
1910,3,1,4
1910,4,2,6
1910,2,1,3
1910,8,4,12
1910,9,8,17
1910,18,0,18
1910,9,6,15
1910,6,2,8
1910,5,17,22
1910,1,0,1
1910,4,3,7
1910,6,4,10
1910,7,5,12
1910,4,4,8
1910,5,1,6
1910,2,1,3
1910,2,0,2
1910,7,6,13
1910,9,2,11
1910,2,1,3
1910,4,0,4
1910,9,3,12
1910,1,0,1
1910,6,2,8
1910,5,1,6
1910,5,4,9
1910,7,0,7
1910,7,1,8
1910,4,1,5
1910,5,4,9
1910,4,3,7
1910,3,1,4
1910,6,2,8
1910,5,1,6
1910,7,3,10
1910,8,7,15
1910,2,0,2
1910,8,7,15
1910,3,1,4
1910,3,2,5
1910,5,3,8
1910,9,4,13
1910,2,1,3
1910,6,3,9
1910,3,2,5
1910,5,3,8
1910,6,0,6
1910,7,4,11
1910,5,0,5
1910,1,0,1
1910,6,3,9
1910,9,4,13
1910,3,1,4
1910,3,13,16
1910,3,1,4
1910,4,3,7
1910,5,2,7
1910,4,2,6
1910,4,0,4
1910,3,2,5
1910,2,1,3
1910,4,2,6
1910,4,3,7
1910,6,4,10
1910,5,1,6
1910,4,0,4
1910,5,4,9
1910,2,0,2
1910,7,0,7
1910,5,2,7
1910,3,2,5
1910,1,0,1
1910,6,5,11
1910,2,1,3
1910,2,0,2
1910,3,2,5
1910,2,11,13
1910,8,4,12
1910,4,0,4
1910,3,0,3
1910,3,2,5
1910,2,19,21
1910,3,2,5
1910,5,1,6
1910,7,0,7
1910,2,0,2
1910,8,1,9
1910,6,3,9
1910,6,4,10
1910,8,11,19
1910,7,6,13
1910,1,1,2
1910,14,1,15
1910,4,0,4
1910,5,1,6
1910,2,0,2
1910,3,0,3
1910,7,6,13
1910,3,2,5
1910,6,2,8
1910,2,0,2
1910,7,2,9
1910,9,2,11
1910,4,1,5
1910,5,3,8
1910,5,0,5
1910,6,4,10
1910,4,1,5
1910,4,2,6
1910,8,4,12
1910,4,2,6
1910,4,0,4
1910,3,2,5
1910,4,2,6
1910,5,1,6
1910,6,4,10
1910,2,1,3
1910,1,0,1
1910,6,4,10
1910,8,2,10
1910,5,2,7
1910,3,2,5
1910,5,4,9
1910,6,3,9
1910,8,4,12
1910,6,2,8
1910,5,4,9
1910,8,6,14
1910,5,4,9
1910,1,0,1
1910,4,2,6
1910,2,1,3
1910,2,0,2
1910,3,1,4
1910,6,5,11
1910,3,0,3
1910,3,1,4
1910,5,2,7
1910,1,0,1
1910,5,2,7
1910,4,0,4
1910,7,3,10
1910,5,2,7
1910,5,4,9
1910,2,1,3
1910,4,2,6
1910,2,1,3
1910,4,1,5
1910,4,0,4
1910,7,5,12
1910,4,2,6
1910,4,1,5
1910,6,5,11
1910,3,2,5
1910,5,4,9
1910,2,0,2
1910,9,3,12
1910,4,0,4
1910,8,5,13
1910,6,1,7
1910,4,2,6
1910,6,1,7
1910,4,0,4
1910,5,4,9
1910,3,1,4
1910,5,4,9
1910,6,1,7
1910,3,2,5
1910,5,2,7
1910,4,3,7
1910,5,4,9
1910,6,1,7
1910,5,3,8
1910,5,3,8
1910,5,4,9
1910,5,0,5
1910,2,1,3
1910,4,2,6
1910,3,0,3
1910,4,1,5
1910,5,4,9
1910,6,5,11
1910,4,2,6
1910,5,1,6
1910,6,0,6
1910,9,1,10
1910,5,0,5
1910,3,0,3
1910,8,1,9
1910,6,3,9
1910,4,0,4
1910,5,2,7
1910,7,3,10
1910,8,3,11
1910,9,6,15
1910,10,1,11
1910,7,1,8
1910,9,5,14
1910,3,1,4
1910,2,10,12
1910,5,1,6
1910,5,2,7
1910,6,4,10
1910,5,0,5
1910,5,4,9
1910,9,2,11
1910,6,3,9
1910,4,0,4
1910,4,1,5
1910,6,0,6
1910,6,0,6
1910,3,2,5
1910,3,1,4
1910,2,1,3
1910,6,2,8
1910,1,0,1
1910,7,2,9
1910,10,0,10
1910,7,4,11
1910,7,1,8
1910,1,0,1
1910,3,1,4
1910,9,4,13
1910,3,1,4
1910,14,1,15
1910,1,0,1
1910,8,0,8
1910,3,2,5
1910,2,1,3
1910,3,2,5
1910,8,3,11
1910,6,10,16
1910,3,0,3
1910,3,0,3
1910,1,0,1
1910,6,0,6
1910,4,3,7
1910,5,4,9
1910,5,4,9
1910,3,2,5
1910,6,3,9
1910,3,1,4
1910,3,2,5
1910,5,3,8
1910,4,3,7
1910,9,0,9
1910,7,4,11
1910,5,4,9
1910,2,11,13
1910,5,4,9
1910,3,2,5
1910,8,8,16
1910,3,2,5
1910,2,11,13
1910,1,0,1
1910,3,2,5
1910,14,1,15
1910,5,3,8
1910,3,2,5
1910,8,4,12
1910,7,4,11
1910,2,0,2
1910,4,1,5
1910,5,1,6
1910,3,0,3
1910,7,4,11
1910,5,4,9
1910,14,0,14
1910,9,1,10
1910,9,6,15
1910,8,1,9
1910,3,2,5
1910,5,2,7
1910,7,3,10
1910,2,1,3
1910,2,1,3
1910,2,1,3
1910,6,4,10
1910,7,5,12
1910,7,3,10
1910,7,1,8
1910,3,18,21
1910,2,1,3
1910,6,3,9
1910,4,1,5
1910,2,0,2
1910,8,3,11
1910,7,5,12
1910,2,0,2
1910,4,3,7
1910,5,2,7
1910,2,1,3
1910,7,3,10
1910,4,3,7
1910,4,2,6
1910,6,1,7
1910,2,1,3
1910,2,10,12
1910,6,1,7
1910,4,2,6
1910,5,3,8
1910,9,3,12
1910,6,0,6
1910,6,1,7
1910,8,6,14
1910,3,1,4
1910,10,0,10
1910,9,0,9
1910,2,11,13
1910,3,0,3
1910,5,3,8
1910,2,1,3
1910,6,4,10
1910,3,2,5
1910,5,0,5
1910,9,5,14
1910,3,2,5
1910,6,2,8
1910,3,10,13
1910,9,10,19
1910,8,2,10
1910,7,0,7
1910,8,5,13
1910,8,5,13
1910,7,6,13
1910,6,5,11
1910,8,4,12
1910,4,11,15
1910,4,3,7
1910,13,11,24
1910,3,2,5
1910,5,1,6
1910,3,2,5
1910,2,1,3
1910,6,2,8
1910,4,1,5
1910,1,0,1
1910,5,2,7
1910,11,1,12
1910,1,0,1
1910,6,0,6
1910,3,1,4
1910,5,10,15
1910,4,2,6
1910,3,2,5
1910,7,4,11
1910,6,1,7
1910,7,2,9
1910,8,4,12
1910,9,6,15
1910,4,3,7
1910,2,1,3
1910,3,2,5
1910,3,0,3
1910,3,1,4
1910,8,1,9
1910,6,0,6
1910,4,2,6
1910,7,1,8
1910,9,18,27
1910,5,2,7
1910,4,3,7
1910,6,6,12
1910,5,1,6
1910,7,5,12
1910,7,1,8
1910,5,4,9
1910,3,1,4
1910,5,4,9
1910,2,10,12
1910,8,2,10
1910,6,5,11
1910,3,10,13
1910,6,5,11
1910,9,4,13
1910,3,3,6
1910,7,4,11
1910,2,1,3
1910,8,3,11
1910,8,4,12
1910,4,0,4
1910,5,4,9
1910,4,0,4
1910,3,1,4
1910,6,2,8
1910,2,1,3
1910,4,1,5
1910,5,0,5
1910,7,1,8
1910,5,2,7
1910,3,14,17
1910,4,0,4
1910,8,0,8
1910,2,1,3
1910,4,1,5
1910,8,0,8
1910,4,1,5
1910,3,2,5
1910,8,0,8
1910,3,2,5
1910,6,5,11
1910,7,3,10
1910,6,5,11
1910,3,2,5
1910,5,4,9
1910,5,1,6
1910,2,1,3
1910,9,6,15
1910,2,0,2
1910,4,12,16
1910,4,2,6
1910,4,2,6
1910,3,1,4
1910,6,0,6
1910,7,3,10
1910,4,1,5
1910,5,0,5
1910,5,1,6
1910,3,2,5
1910,5,0,5
1910,5,10,15
1910,4,3,7
1910,9,5,14
1910,4,1,5
1910,4,3,7
1910,5,2,7
1910,2,1,3
1910,6,3,9
1910,13,0,13
1910,9,8,17
1910,4,11,15
1910,5,2,7
1910,6,2,8
1910,6,2,8
1910,3,2,5
1910,5,1,6
1910,2,1,3
1910,5,2,7
1910,2,1,3
1910,7,6,13
1910,4,3,7
1910,2,0,2
1910,4,3,7
1910,6,11,17
1910,3,11,14
1910,2,1,3
1910,3,2,5
1910,8,3,11
1910,7,4,11
1910,1,1,2
1910,8,1,9
1910,4,2,6
1910,1,0,1
1910,6,4,10
1910,8,2,10
1910,2,0,2
1910,5,2,7
1910,3,1,4
1910,3,2,5
1910,8,1,9
1910,5,2,7
1910,3,1,4
1910,6,3,9
1910,5,3,8
1910,7,2,9
1910,7,1,8
1910,5,4,9
1910,7,14,21
1910,3,15,18
1910,6,1,7
1910,3,1,4
1910,3,2,5
1910,7,6,13
1910,7,2,9
1910,2,0,2
1910,5,2,7
1910,8,6,14
1910,3,0,3
1910,7,5,12
1910,4,0,4
1910,6,5,11
1910,3,0,3
1910,5,1,6
1910,6,0,6
1910,4,0,4
1910,7,5,12
1910,3,2,5
1910,1,0,1
1910,8,7,15
1910,11,1,12
1910,3,15,18
1910,6,0,6
1910,4,3,7
1910,2,10,12
1910,9,8,17
1910,3,2,5
1910,5,0,5
1910,5,2,7
1910,7,2,9
1910,7,5,12
1910,5,1,6
1910,4,2,6
1910,3,0,3
1910,7,1,8
1910,3,11,14
1910,6,1,7
1910,7,5,12
1910,9,3,12
1910,7,3,10
1910,7,5,12
1910,6,5,11
1910,10,0,10
1910,3,1,4
1910,4,3,7
1910,5,3,8
1910,3,2,5
1910,5,4,9
1910,4,3,7
1910,7,2,9
1910,3,10,13
1910,1,0,1
1910,3,11,14
1910,8,3,11
1910,5,1,6
1910,6,0,6
1910,4,1,5
1910,6,3,9
1910,1,0,1
1910,5,4,9
1910,6,6,12
1910,4,2,6
1910,6,3,9
1910,5,4,9
1910,3,0,3
1910,9,2,11
1910,7,4,11
1910,3,0,3
1910,6,3,9
1910,4,3,7
1910,6,1,7
1910,5,1,6
1910,3,2,5
1910,2,0,2
1910,9,5,14
1910,4,1,5
1910,6,4,10
1910,5,4,9
1910,13,11,24
1910,4,2,6
1910,6,3,9
1910,4,3,7
1910,7,5,12
1910,2,1,3
1910,5,1,6
1910,5,1,6
1910,6,5,11
1910,6,2,8
1910,8,2,10
1910,7,2,9
1910,6,4,10
1910,2,1,3
1910,4,3,7
1910,4,2,6
1910,4,2,6
1910,8,4,12
1910,3,2,5
1910,8,5,13
1910,3,2,5
1910,6,5,11
1910,6,1,7
1910,6,3,9
1910,3,1,4
1910,5,2,7
1910,4,2,6
1910,2,1,3
1910,3,0,3
1910,4,1,5
1910,4,1,5
1910,5,3,8
1910,5,5,10
1910,3,1,4
1910,9,1,10
1910,4,3,7
1910,2,0,2
1910,3,2,5
1910,5,3,8
1910,7,5,12
1910,2,10,12
1910,4,2,6
1910,4,2,6
1910,6,5,11
1910,6,0,6
1910,5,4,9
1910,2,0,2
1910,3,2,5
1910,11,0,11
1910,5,1,6
1910,4,3,7
1910,6,5,11
1910,4,16,20
1910,5,4,9
1910,2,1,3
1910,7,2,9
1910,8,3,11
1910,2,1,3
1910,5,4,9
1910,6,1,7
1910,4,1,5
1910,9,9,18
1910,8,17,25
1910,6,3,9
1910,4,1,5
1910,9,1,10
1910,9,4,13
1910,8,0,8
1910,4,12,16
1910,8,5,13
1910,9,6,15
1910,7,2,9
1910,3,0,3
1910,3,2,5
1910,3,1,4
1910,4,0,4
1910,8,4,12
1910,7,12,19
1910,5,0,5
1910,12,0,12
1910,4,3,7
1910,5,3,8
1910,4,0,4
1910,8,5,13
1910,5,2,7
1910,9,17,26
1910,3,2,5
1910,8,5,13
1910,3,1,4
1910,2,1,3
1910,8,3,11
1910,4,2,6
1910,7,4,11
1910,5,5,10
1910,7,20,27
1910,5,11,16
1910,4,0,4
1910,9,3,12
1910,3,1,4
1910,6,5,11
1910,5,2,7
1910,6,5,11
1910,2,0,2
1910,1,0,1
1910,2,1,3
1910,2,0,2
1910,5,1,6
1910,3,3,6
1910,4,0,4
1910,6,5,11
1910,4,1,5
1910,6,5,11
1910,5,3,8
1910,2,0,2
1910,2,1,3
1910,4,3,7
1910,7,1,8
1910,5,4,9
1910,3,0,3
1910,7,15,22
1910,8,2,10
1910,4,3,7
1910,7,12,19
1910,6,1,7
1910,9,2,11
1910,3,2,5
1910,2,12,14
1910,8,11,19
1910,4,1,5
1910,4,1,5
1910,9,3,12
1910,5,12,17
1910,4,3,7
1910,7,2,9
1911,2,1,3
1911,3,3,6
1911,14,0,14
1911,2,0,2
1911,2,1,3
1911,3,12,15
1911,8,5,13
1911,7,2,9
1911,4,2,6
1911,6,1,7
1911,3,1,4
1911,3,1,4
1911,3,2,5
1911,2,15,17
1911,2,1,3
1911,6,0,6
1911,7,5,12
1911,5,4,9
1911,3,3,6
1911,3,2,5
1911,2,0,2
1911,6,3,9
1911,7,4,11
1911,7,3,10
1911,6,2,8
1911,4,1,5
1911,5,2,7
1911,5,2,7
1911,7,1,8
1911,2,10,12
1911,7,2,9
1911,5,1,6
1911,3,1,4
1911,1,0,1
1911,8,0,8
1911,6,3,9
1911,9,10,19
1911,3,0,3
1911,1,1,2
1911,5,1,6
1911,7,1,8
1911,5,13,18
1911,2,0,2
1911,5,3,8
1911,7,6,13
1911,4,3,7
1911,6,3,9
1911,6,3,9
1911,4,3,7
1911,9,1,10
1911,9,5,14
1911,4,13,17
1911,9,5,14
1911,6,5,11
1911,1,0,1
1911,3,0,3
1911,6,1,7
1911,4,3,7
1911,3,2,5
1911,7,4,11
1911,5,2,7
1911,1,0,1
1911,4,3,7
1911,7,0,7
1911,5,1,6
1911,3,0,3
1911,5,2,7
1911,7,4,11
1911,7,6,13
1911,5,3,8
1911,4,1,5
1911,6,5,11
1911,5,3,8
1911,4,3,7
1911,5,2,7
1911,5,4,9
1911,9,11,20
1911,3,1,4
1911,2,11,13
1911,9,4,13
1911,8,11,19
1911,3,10,13
1911,8,10,18
1911,9,6,15
1911,6,3,9
1911,7,2,9
1911,2,1,3
1911,4,3,7
1911,4,2,6
1911,4,14,18
1911,4,2,6
1911,6,3,9
1911,5,12,17
1911,9,6,15
1911,2,1,3
1911,5,0,5
1911,5,3,8
1911,9,3,12
1911,2,1,3
1911,4,3,7
1911,4,3,7
1911,7,3,10
1911,1,0,1
1911,2,1,3
1911,6,10,16
1911,7,4,11
1911,8,3,11
1911,9,1,10
1911,6,4,10
1911,5,4,9
1911,3,2,5
1911,5,14,19
1911,3,1,4
1911,3,0,3
1911,5,4,9
1911,2,1,3
1911,6,5,11
1911,7,1,8
1911,6,3,9
1911,3,0,3
1911,6,2,8
1911,8,7,15
1911,4,13,17
1911,4,3,7
1911,8,4,12
1911,5,2,7
1911,7,2,9
1911,9,5,14
1911,7,1,8
1911,2,0,2
1911,6,0,6
1911,17,1,18
1911,4,2,6
1911,6,2,8
1911,6,5,11
1911,2,13,15
1911,2,1,3
1911,6,14,20
1911,5,0,5
1911,2,1,3
1911,9,0,9
1911,9,15,24
1911,5,4,9
1911,5,5,10
1911,6,3,9
1911,2,12,14
1911,3,2,5
1911,8,4,12
1911,7,6,13
1911,5,4,9
1911,6,5,11
1911,8,4,12
1911,6,2,8
1911,5,4,9
1911,8,2,10
1911,4,0,4
1911,5,0,5
1911,4,2,6
1911,4,2,6
1911,2,0,2
1911,6,3,9
1911,5,4,9
1911,10,0,10
1911,5,3,8
1911,8,1,9
1911,4,3,7
1911,8,7,15
1911,9,6,15
1911,6,0,6
1911,6,2,8
1911,11,1,12
1911,6,2,8
1911,8,6,14
1911,10,1,11
1911,13,10,23
1911,6,20,26
1911,7,6,13
1911,6,0,6
1911,9,3,12
1911,19,10,29
1911,4,2,6
1911,8,3,11
1911,8,18,26
1911,6,5,11
1911,6,2,8
1911,6,5,11
1911,6,3,9
1911,9,5,14
1911,17,13,30
1911,5,4,9
1911,9,3,12
1911,6,11,17
1911,6,12,18
1911,13,11,24
1911,5,19,24
1911,5,4,9
1911,7,0,7
1911,6,5,11
1911,3,14,17
1911,6,5,11
1911,6,2,8
1911,6,2,8
1911,12,10,22
1911,6,2,8
1911,6,3,9
1911,5,4,9
1911,6,10,16
1911,5,21,26
1911,8,0,8
1911,3,2,5
1911,7,11,18
1911,6,1,7
1911,2,1,3
1911,7,6,13
1911,8,6,14
1911,4,11,15
1911,4,0,4
1911,1,0,1
1911,7,6,13
1911,7,5,12
1911,3,1,4
1911,4,3,7
1911,9,2,11
1911,2,1,3
1911,3,1,4
1911,8,12,20
1911,9,6,15
1911,9,4,13
1911,6,1,7
1911,2,11,13
1911,3,1,4
1911,2,0,2
1911,5,3,8
1911,4,3,7
1911,7,1,8
1911,9,8,17
1911,4,3,7
1911,7,2,9
1911,6,10,16
1911,5,1,6
1911,4,1,5
1911,8,4,12
1911,14,12,26
1911,2,1,3
1911,7,4,11
1911,6,2,8
1911,8,1,9
1911,6,2,8
1911,5,4,9
1911,4,3,7
1911,3,1,4
1911,9,3,12
1911,7,3,10
1911,5,1,6
1911,6,2,8
1911,2,0,2
1911,4,3,7
1911,6,4,10
1911,4,3,7
1911,9,1,10
1911,9,8,17
1911,7,2,9
1911,4,12,16
1911,3,2,5
1911,4,0,4
1911,4,2,6
1911,5,3,8
1911,9,1,10
1911,6,5,11
1911,2,1,3
1911,4,2,6
1911,1,0,1
1911,7,2,9
1911,3,2,5
1911,6,12,18
1911,6,2,8
1911,6,1,7
1911,4,2,6
1911,9,5,14
1911,7,2,9
1911,5,3,8
1911,4,3,7
1911,9,8,17
1911,6,5,11
1911,9,3,12
1911,2,0,2
1911,8,1,9
1911,8,3,11
1911,1,0,1
1911,7,6,13
1911,9,4,13
1911,5,5,10
1911,7,5,12
1911,6,12,18
1911,5,4,9
1911,3,0,3
1911,7,6,13
1911,6,4,10
1911,4,1,5
1911,4,1,5
1911,7,6,13
1911,5,5,10
1911,12,0,12
1911,7,6,13
1911,3,0,3
1911,4,11,15
1911,4,1,5
1911,2,0,2
1911,3,2,5
1911,6,5,11
1911,4,1,5
1911,3,0,3
1911,3,0,3
1911,8,5,13
1911,4,1,5
1911,4,2,6
1911,6,2,8
1911,6,5,11
1911,5,4,9
1911,4,2,6
1911,8,15,23
1911,3,2,5
1911,3,10,13
1911,8,11,19
1911,8,14,22
1911,8,6,14
1911,6,5,11
1911,6,4,10
1911,8,7,15
1911,8,13,21
1911,7,6,13
1911,8,5,13
1911,6,3,9
1911,5,1,6
1911,7,1,8
1911,3,1,4
1911,7,14,21
1911,6,4,10
1911,8,4,12
1911,4,15,19
1911,3,2,5
1911,4,3,7
1911,4,3,7
1911,9,7,16
1911,7,2,9
1911,6,5,11
1911,3,26,29
1911,7,2,9
1911,5,4,9
1911,7,1,8
1911,9,2,11
1911,5,4,9
1911,7,3,10
1911,5,1,6
1911,5,3,8
1911,5,0,5
1911,4,3,7
1911,8,2,10
1911,3,2,5
1911,5,3,8
1911,4,3,7
1911,4,3,7
1911,9,4,13
1911,7,5,12
1911,4,0,4
1911,5,11,16
1911,4,1,5
1911,8,4,12
1911,7,2,9
1911,8,3,11
1911,4,3,7
1911,4,2,6
1911,4,2,6
1911,5,4,9
1911,4,1,5
1911,4,1,5
1911,9,2,11
1911,5,4,9
1911,6,3,9
1911,2,1,3
1911,5,2,7
1911,6,5,11
1911,6,3,9
1911,5,2,7
1911,2,1,3
1911,5,14,19
1911,9,0,9
1911,9,8,17
1911,7,18,25
1911,20,2,22
1911,5,0,5
1911,6,5,11
1911,5,4,9
1911,6,5,11
1911,3,1,4
1911,4,1,5
1911,1,0,1
1911,4,2,6
1911,8,4,12
1911,4,0,4
1911,5,4,9
1911,5,2,7
1911,5,1,6
1911,6,0,6
1911,4,3,7
1911,8,10,18
1911,5,1,6
1911,5,3,8
1911,2,1,3
1911,4,3,7
1911,13,0,13
1911,4,2,6
1911,1,0,1
1911,1,0,1
1911,5,0,5
1911,8,7,15
1911,3,0,3
1911,8,7,15
1911,5,2,7
1911,6,3,9
1911,6,10,16
1911,8,2,10
1911,8,4,12
1911,6,0,6
1911,7,3,10
1911,6,4,10
1911,4,3,7
1911,6,1,7
1911,3,2,5
1911,8,6,14
1911,2,1,3
1911,4,3,7
1911,3,1,4
1911,7,10,17
1911,16,15,31
1911,5,4,9
1911,8,5,13
1911,6,3,9
1911,6,2,8
1911,3,0,3
1911,6,5,11
1911,2,1,3
1911,3,2,5
1911,5,4,9
1911,8,3,11
1911,9,8,17
1911,6,3,9
1911,6,13,19
1911,2,1,3
1911,4,0,4
1911,14,1,15
1911,5,2,7
1911,5,3,8
1911,3,11,14
1911,2,1,3
1911,6,1,7
1911,4,2,6
1911,2,2,4
1911,8,7,15
1911,3,12,15
1911,9,3,12
1911,4,3,7
1911,7,0,7
1911,8,5,13
1911,2,1,3
1911,7,3,10
1911,6,4,10
1911,1,0,1
1911,8,7,15
1911,4,2,6
1911,3,2,5
1911,1,0,1
1911,4,3,7
1911,7,1,8
1911,7,4,11
1911,6,11,17
1911,9,2,11
1911,3,1,4
1911,3,0,3
1911,8,4,12
1911,4,2,6
1911,5,1,6
1911,2,1,3
1911,2,0,2
1911,8,1,9
1911,3,2,5
1911,6,3,9
1911,3,1,4
1911,5,0,5
1911,6,3,9
1911,7,3,10
1911,6,3,9
1911,7,1,8
1911,3,0,3
1911,5,2,7
1911,6,3,9
1911,6,3,9
1911,4,1,5
1911,5,4,9
1911,8,7,15
1911,6,4,10
1911,6,3,9
1911,3,2,5
1911,3,0,3
1911,2,1,3
1911,3,3,6
1911,7,1,8
1911,4,3,7
1911,9,16,25
1911,3,1,4
1911,3,2,5
1911,5,4,9
1911,8,7,15
1911,6,5,11
1911,4,10,14
1911,4,1,5
1911,8,6,14
1911,9,7,16
1911,7,6,13
1911,3,2,5
1911,8,1,9
1911,7,4,11
1911,3,0,3
1911,5,3,8
1911,6,3,9
1911,8,2,10
1911,3,0,3
1911,5,2,7
1911,8,0,8
1911,9,1,10
1911,8,7,15
1911,3,2,5
1911,8,13,21
1911,6,2,8
1911,3,13,16
1911,6,14,20
1911,3,0,3
1911,8,6,14
1911,8,3,11
1911,4,3,7
1911,8,7,15
1911,5,1,6
1911,7,3,10
1911,6,4,10
1911,4,3,7
1911,3,2,5
1911,4,2,6
1911,8,3,11
1911,2,2,4
1911,6,5,11
1911,4,2,6
1911,7,3,10
1911,11,10,21
1911,7,4,11
1911,9,11,20
1911,7,11,18
1911,7,5,12
1911,3,2,5
1911,11,1,12
1911,7,2,9
1911,5,2,7
1911,7,11,18
1911,8,1,9
1911,9,8,17
1911,6,4,10
1911,10,1,11
1911,6,3,9
1911,10,1,11
1911,12,11,23
1911,8,1,9
1911,4,0,4
1911,6,2,8
1911,9,13,22
1911,7,6,13
1911,5,4,9
1911,5,3,8
1911,7,1,8
1911,6,3,9
1911,5,0,5
1911,9,4,13
1911,6,1,7
1911,3,1,4
1911,7,11,18
1911,5,2,7
1911,7,0,7
1911,9,4,13
1911,7,5,12
1911,5,2,7
1911,6,2,8
1911,7,5,12
1911,5,2,7
1911,1,0,1
1911,7,6,13
1911,9,3,12
1911,2,0,2
1911,6,2,8
1911,5,2,7
1911,4,3,7
1911,3,2,5
1911,4,2,6
1911,8,5,13
1911,6,2,8
1911,4,0,4
1911,6,4,10
1911,2,1,3
1911,8,14,22
1911,4,13,17
1911,6,12,18
1911,8,3,11
1911,5,3,8
1911,6,13,19
1911,6,6,12
1911,6,3,9
1911,2,1,3
1911,4,3,7
1911,9,0,9
1911,4,3,7
1911,6,4,10
1911,2,12,14
1911,6,5,11
1911,8,6,14
1911,2,1,3
1911,7,5,12
1911,8,7,15
1911,9,4,13
1911,1,0,1
1911,6,1,7
1911,7,5,12
1911,2,0,2
1911,4,1,5
1911,6,1,7
1911,5,4,9
1911,4,3,7
1911,2,1,3
1911,17,12,29
1911,9,5,14
1911,4,12,16
1911,9,4,13
1911,4,3,7
1911,2,1,3
1911,2,0,2
1911,6,5,11
1911,6,2,8
1911,6,1,7
1911,8,4,12
1911,5,1,6
1911,7,6,13
1911,3,0,3
1911,2,1,3
1911,3,2,5
1911,8,6,14
1911,8,3,11
1911,6,14,20
1911,7,1,8
1911,9,6,15
1911,7,16,23
1911,8,2,10
1911,4,2,6
1911,2,1,3
1911,3,12,15
1911,4,2,6
1911,8,5,13
1911,5,3,8
1911,2,10,12
1911,4,2,6
1911,5,4,9
1911,4,3,7
1911,6,3,9
1911,9,5,14
1911,4,3,7
1911,8,7,15
1911,8,6,14
1911,8,5,13
1911,4,3,7
1911,2,0,2
1911,7,6,13
1911,7,5,12
1911,2,10,12
1911,7,2,9
1911,6,4,10
1911,4,0,4
1911,3,2,5
1911,1,0,1
1911,3,1,4
1911,5,4,9
1911,6,1,7
1911,8,7,15
1911,2,10,12
1911,5,2,7
1911,6,4,10
1911,3,2,5
1911,3,2,5
1911,7,4,11
1911,5,1,6
1911,8,3,11
1911,8,2,10
1911,2,10,12
1911,4,1,5
1911,3,2,5
1911,3,2,5
1911,3,1,4
1911,8,4,12
1911,7,1,8
1911,2,0,2
1911,5,2,7
1911,3,1,4
1911,4,1,5
1911,7,2,9
1911,5,3,8
1911,7,6,13
1911,5,1,6
1911,6,5,11
1911,12,1,13
1911,7,6,13
1911,5,12,17
1911,9,4,13
1911,8,2,10
1911,7,4,11
1911,5,4,9
1911,6,3,9
1911,7,0,7
1911,4,3,7
1911,7,1,8
1911,6,3,9
1911,8,6,14
1911,7,5,12
1911,1,0,1
1911,6,5,11
1911,9,4,13
1911,5,2,7
1911,6,2,8
1911,5,0,5
1911,5,4,9
1911,4,3,7
1911,9,2,11
1911,2,10,12
1911,8,7,15
1911,3,11,14
1911,2,17,19
1911,2,10,12
1911,8,0,8
1911,7,1,8
1911,2,1,3
1911,5,4,9
1911,4,2,6
1911,6,0,6
1911,3,2,5
1911,3,2,5
1911,4,2,6
1911,2,1,3
1911,13,0,13
1911,6,3,9
1911,8,1,9
1911,3,2,5
1911,5,2,7
1911,4,3,7
1911,4,3,7
1911,8,2,10
1911,6,13,19
1911,2,10,12
1911,1,0,1
1911,7,3,10
1911,8,2,10
1911,1,0,1
1911,8,10,18
1911,3,0,3
1911,8,4,12
1911,5,2,7
1911,3,1,4
1911,4,2,6
1911,3,2,5
1911,5,3,8
1911,7,1,8
1911,11,10,21
1911,7,3,10
1911,3,10,13
1911,5,1,6
1911,5,2,7
1911,5,3,8
1911,1,0,1
1911,3,2,5
1911,7,4,11
1911,8,5,13
1911,8,7,15
1911,4,1,5
1911,3,1,4
1911,7,4,11
1911,8,7,15
1911,6,1,7
1911,7,6,13
1911,3,1,4
1911,9,0,9
1911,5,1,6
1911,8,3,11
1911,8,6,14
1911,8,2,10
1911,7,6,13
1911,2,1,3
1911,3,2,5
1911,2,1,3
1911,4,3,7
1911,1,0,1
1911,6,13,19
1911,8,6,14
1911,3,1,4
1911,3,0,3
1911,6,4,10
1911,2,1,3
1911,4,1,5
1911,13,0,13
1911,2,0,2
1911,5,10,15
1911,8,5,13
1911,5,16,21
1911,5,3,8
1911,8,3,11
1911,9,7,16
1911,7,6,13
1911,4,3,7
1911,5,4,9
1911,7,5,12
1911,5,12,17
1911,5,4,9
1911,4,3,7
1911,9,8,17
1911,6,3,9
1911,5,1,6
1911,6,0,6
1911,5,11,16
1911,4,3,7
1911,3,1,4
1911,3,2,5
1911,8,2,10
1911,8,6,14
1911,9,1,10
1911,3,0,3
1911,2,1,3
1911,8,2,10
1911,2,0,2
1911,6,1,7
1911,4,0,4
1911,9,1,10
1911,1,0,1
1911,4,0,4
1911,7,2,9
1911,7,1,8
1911,7,1,8
1911,9,13,22
1911,2,0,2
1911,3,2,5
1911,5,4,9
1911,2,1,3
1911,3,1,4
1911,2,1,3
1911,3,0,3
1911,9,9,18
1911,6,1,7
1911,6,1,7
1911,9,0,9
1911,6,13,19
1911,8,1,9
1911,6,1,7
1911,2,10,12
1911,8,7,15
1911,8,12,20
1911,3,1,4
1911,5,1,6
1911,6,2,8
1911,4,3,7
1911,4,10,14
1911,2,15,17
1911,7,0,7
1911,5,0,5
1911,5,2,7
1911,7,5,12
1911,5,4,9
1911,9,3,12
1911,3,2,5
1911,3,2,5
1911,7,10,17
1911,8,16,24
1911,3,1,4
1911,3,2,5
1911,6,3,9
1911,5,4,9
1911,7,4,11
1911,5,3,8
1911,5,2,7
1911,8,7,15
1911,11,0,11
1911,9,5,14
1911,5,3,8
1911,6,1,7
1911,6,1,7
1911,7,6,13
1911,7,4,11
1911,5,4,9
1911,3,2,5
1911,7,10,17
1911,6,5,11
1911,9,11,20
1911,3,1,4
1911,1,0,1
1911,9,4,13
1911,6,5,11
1911,3,0,3
1911,8,2,10
1911,8,0,8
1911,6,1,7
1911,5,3,8
1911,6,2,8
1911,3,2,5
1911,6,5,11
1911,8,7,15
1911,5,3,8
1911,3,1,4
1911,2,1,3
1911,4,1,5
1911,6,5,11
1911,2,16,18
1911,7,6,13
1911,3,2,5
1911,8,4,12
1911,3,2,5
1911,6,2,8
1911,4,2,6
1911,3,2,5
1911,2,1,3
1911,5,4,9
1911,3,2,5
1911,7,5,12
1911,6,3,9
1911,6,11,17
1911,6,2,8
1911,3,1,4
1911,5,4,9
1911,5,0,5
1911,1,0,1
1911,4,3,7
1911,4,2,6
1911,2,1,3
1911,3,0,3
1911,4,1,5
1911,3,12,15
1911,2,0,2
1911,8,4,12
1911,4,2,6
1911,3,0,3
1911,2,1,3
1911,9,8,17
1911,7,5,12
1911,5,3,8
1911,7,4,11
1911,6,4,10
1911,6,0,6
1911,4,3,7
1911,1,0,1
1911,3,1,4
1911,8,5,13
1911,4,2,6
1911,2,1,3
1911,6,0,6
1911,3,2,5
1911,2,0,2
1911,3,2,5
1911,4,14,18
1911,7,4,11
1911,4,3,7
1911,2,1,3
1911,5,2,7
1911,3,1,4
1911,11,1,12
1911,7,6,13
1911,8,4,12
1911,12,1,13
1911,7,6,13
1911,7,2,9
1911,3,1,4
1911,3,2,5
1911,4,2,6
1911,3,1,4
1911,8,3,11
1911,6,3,9
1911,5,1,6
1911,6,2,8
1911,6,0,6
1911,7,5,12
1911,5,4,9
1911,9,8,17
1911,9,2,11
1911,6,4,10
1911,8,7,15
1911,8,3,11
1911,6,5,11
1911,4,3,7
1911,3,1,4
1911,7,3,10
1911,8,10,18
1911,4,3,7
1911,6,0,6
1911,3,2,5
1911,4,10,14
1911,8,3,11
1911,9,0,9
1911,3,2,5
1911,2,0,2
1911,6,2,8
1911,5,4,9
1911,4,3,7
1911,4,3,7
1911,6,1,7
1911,5,13,18
1911,1,0,1
1911,3,0,3
1911,4,2,6
1911,6,5,11
1911,4,3,7
1911,5,1,6
1911,5,0,5
1911,5,2,7
1911,3,2,5
1911,2,1,3
1911,9,3,12
1911,3,2,5
1911,4,1,5
1911,2,1,3
1911,3,1,4
1911,9,2,11
1911,1,0,1
1911,4,4,8
1911,2,0,2
1911,4,1,5
1911,7,2,9
1911,5,1,6
1911,8,3,11
1911,8,3,11
1911,2,1,3
1911,7,6,13
1911,2,0,2
1911,5,12,17
1911,3,1,4
1911,7,6,13
1911,2,0,2
1911,7,1,8
1911,9,6,15
1911,2,11,13
1911,3,2,5
1911,9,6,15
1911,10,1,11
1911,6,11,17
1911,5,0,5
1911,6,5,11
1911,4,1,5
1911,5,4,9
1911,5,1,6
1911,2,0,2
1911,2,0,2
1911,6,2,8
1911,3,1,4
1911,9,13,22
1911,3,2,5
1911,4,2,6
1911,6,5,11
1911,5,5,10
1911,3,2,5
1911,4,2,6
1911,3,2,5
1911,3,2,5
1911,6,0,6
1911,3,0,3
1911,4,2,6
1911,4,2,6
1911,5,3,8
1911,4,3,7
1911,6,2,8
1911,5,4,9
1911,6,0,6
1911,4,0,4
1911,5,0,5
1911,6,0,6
1911,7,1,8
1911,4,3,7
1911,4,1,5
1911,6,5,11
1911,3,1,4
1911,9,4,13
1911,3,1,4
1911,1,1,2
1911,7,2,9
1911,8,2,10
1911,3,3,6
1911,6,1,7
1911,2,1,3
1911,2,0,2
1911,7,5,12
1911,3,3,6
1911,5,1,6
1911,3,1,4
1911,13,12,25
1911,7,3,10
1911,3,2,5
1911,1,0,1
1911,4,0,4
1911,7,5,12
1911,12,1,13
1911,9,12,21
1911,5,4,9
1911,3,2,5
1911,3,2,5
1911,4,0,4
1911,7,4,11
1911,5,3,8
1911,2,1,3
1911,4,0,4
1911,9,2,11
1911,4,3,7
1911,4,0,4
1911,8,1,9
1911,7,4,11
1911,4,3,7
1911,3,2,5
1911,8,7,15
1911,8,3,11
1911,8,3,11
1911,5,3,8
1911,4,3,7
1911,2,1,3
1911,1,0,1
1911,4,3,7
1911,5,0,5
1911,1,0,1
1911,2,14,16
1911,6,14,20
1911,6,2,8
1911,3,2,5
1911,3,14,17
1911,5,4,9
1911,3,2,5
1911,6,1,7
1911,6,5,11
1911,5,3,8
1911,8,2,10
1911,9,2,11
1911,6,5,11
1911,2,0,2
1911,7,3,10
1911,6,3,9
1911,5,4,9
1911,3,2,5
1911,2,10,12
1911,7,5,12
1911,5,4,9
1911,5,11,16
1911,5,2,7
1911,8,2,10
1911,3,0,3
1911,8,0,8
1911,8,4,12
1911,7,4,11
1911,4,3,7
1911,7,5,12
1911,6,3,9
1911,2,1,3
1911,18,12,30
1911,9,3,12
1911,4,0,4
1911,8,4,12
1911,2,1,3
1911,4,4,8
1911,7,4,11
1911,9,5,14
1911,9,1,10
1911,4,2,6
1911,3,1,4
1911,9,2,11
1911,4,1,5
1911,5,4,9
1911,7,2,9
1911,6,1,7
1911,4,3,7
1911,6,2,8
1911,8,7,15
1911,6,6,12
1911,3,2,5
1911,5,0,5
1911,7,4,11
1911,6,3,9
1911,3,0,3
1911,4,1,5
1911,7,0,7
1911,3,12,15
1911,8,14,22
1911,6,2,8
1911,2,0,2
1911,2,0,2
1911,6,14,20
1911,2,1,3
1911,2,0,2
1911,8,6,14
1911,6,4,10
1911,7,3,10
1911,7,1,8
1911,9,1,10
1911,4,2,6
1911,2,11,13
1911,6,3,9
1911,1,0,1
1911,8,2,10
1911,3,1,4
1911,1,0,1
1911,3,13,16
1911,5,10,15
1911,5,4,9
1911,5,4,9
1911,5,11,16
1911,8,1,9
1911,4,3,7
1911,4,1,5
1911,5,0,5
1911,5,2,7
1911,1,0,1
1911,4,10,14
1911,3,2,5
1911,5,0,5
1911,2,17,19
1911,5,0,5
1911,4,10,14
1911,6,5,11
1911,6,2,8
1911,6,2,8
1911,5,11,16
1911,13,10,23
1911,2,1,3
1911,4,3,7
1911,3,0,3
1911,5,2,7
1911,2,1,3
1911,3,1,4
1911,3,2,5
1911,4,2,6
1911,4,3,7
1911,2,13,15
1912,3,18,21
1912,7,4,11
1912,6,2,8
1912,6,10,16
1912,3,2,5
1912,5,3,8
1912,4,2,6
1912,7,0,7
1912,4,2,6
1912,4,2,6
1912,2,1,3
1912,3,2,5
1912,4,2,6
1912,5,2,7
1912,3,1,4
1912,5,2,7
1912,2,14,16
1912,2,0,2
1912,4,12,16
1912,8,4,12
1912,6,5,11
1912,4,1,5
1912,7,11,18
1912,1,0,1
1912,5,4,9
1912,6,10,16
1912,3,0,3
1912,7,12,19
1912,3,2,5
1912,8,5,13
1912,1,0,1
1912,4,1,5
1912,9,2,11
1912,4,2,6
1912,8,2,10
1912,10,1,11
1912,8,2,10
1912,9,8,17
1912,3,10,13
1912,9,2,11
1912,5,20,25
1912,4,1,5
1912,4,3,7
1912,7,12,19
1912,6,2,8
1912,9,5,14
1912,6,0,6
1912,7,6,13
1912,5,4,9
1912,6,5,11
1912,4,3,7
1912,5,1,6
1912,7,0,7
1912,6,3,9
1912,6,0,6
1912,7,1,8
1912,4,0,4
1912,8,3,11
1912,9,6,15
1912,7,4,11
1912,6,2,8
1912,7,0,7
1912,5,3,8
1912,4,1,5
1912,7,4,11
1912,3,0,3
1912,2,0,2
1912,5,2,7
1912,3,1,4
1912,6,1,7
1912,7,0,7
1912,4,11,15
1912,9,5,14
1912,4,1,5
1912,7,5,12
1912,5,2,7
1912,8,0,8
1912,5,4,9
1912,3,1,4
1912,1,0,1
1912,6,1,7
1912,7,6,13
1912,8,10,18
1912,7,3,10
1912,6,2,8
1912,2,10,12
1912,6,5,11
1912,9,0,9
1912,2,0,2
1912,4,23,27
1912,3,2,5
1912,5,0,5
1912,3,2,5
1912,9,5,14
1912,7,1,8
1912,2,0,2
1912,6,1,7
1912,7,5,12
1912,4,3,7
1912,8,3,11
1912,8,11,19
1912,5,2,7
1912,4,11,15
1912,3,2,5
1912,7,2,9
1912,8,5,13
1912,2,1,3
1912,7,11,18
1912,3,1,4
1912,1,0,1
1912,6,4,10
1912,5,11,16
1912,6,0,6
1912,10,0,10
1912,6,5,11
1912,3,14,17
1912,7,4,11
1912,5,16,21
1912,8,6,14
1912,18,15,33
1912,9,8,17
1912,5,1,6
1912,6,4,10
1912,4,3,7
1912,8,10,18
1912,4,3,7
1912,5,10,15
1912,12,11,23
1912,3,1,4
1912,8,7,15
1912,2,1,3
1912,6,2,8
1912,3,2,5
1912,9,11,20
1912,5,3,8
1912,6,1,7
1912,5,4,9
1912,9,4,13
1912,8,5,13
1912,6,2,8
1912,1,0,1
1912,9,8,17
1912,5,4,9
1912,8,11,19
1912,7,6,13
1912,7,4,11
1912,2,1,3
1912,4,3,7
1912,6,5,11
1912,8,3,11
1912,7,2,9
1912,6,5,11
1912,4,0,4
1912,6,5,11
1912,3,2,5
1912,3,11,14
1912,8,4,12
1912,3,1,4
1912,5,2,7
1912,8,1,9
1912,3,10,13
1912,9,5,14
1912,9,5,14
1912,8,0,8
1912,8,0,8
1912,4,2,6
1912,6,1,7
1912,4,3,7
1912,9,14,23
1912,4,4,8
1912,2,1,3
1912,4,15,19
1912,3,1,4
1912,4,3,7
1912,9,6,15
1912,6,5,11
1912,2,0,2
1912,5,1,6
1912,7,0,7
1912,6,0,6
1912,3,2,5
1912,2,1,3
1912,4,3,7
1912,8,4,12
1912,8,6,14
1912,4,3,7
1912,10,1,11
1912,8,5,13
1912,4,1,5
1912,5,4,9
1912,5,2,7
1912,7,5,12
1912,6,4,10
1912,8,3,11
1912,6,3,9
1912,5,13,18
1912,6,2,8
1912,3,1,4
1912,5,4,9
1912,4,3,7
1912,7,10,17
1912,24,2,26
1912,8,7,15
1912,5,12,17
1912,8,2,10
1912,6,2,8
1912,4,3,7
1912,3,2,5
1912,2,0,2
1912,3,0,3
1912,6,3,9
1912,4,13,17
1912,3,0,3
1912,5,4,9
1912,3,1,4
1912,5,4,9
1912,6,3,9
1912,9,8,17
1912,5,4,9
1912,9,14,23
1912,7,6,13
1912,2,0,2
1912,9,0,9
1912,6,10,16
1912,6,1,7
1912,5,11,16
1912,8,5,13
1912,3,0,3
1912,3,2,5
1912,5,4,9
1912,6,5,11
1912,4,10,14
1912,9,3,12
1912,3,1,4
1912,11,10,21
1912,5,2,7
1912,4,3,7
1912,6,3,9
1912,6,11,17
1912,8,5,13
1912,7,3,10
1912,6,10,16
1912,8,2,10
1912,2,11,13
1912,5,4,9
1912,7,6,13
1912,5,4,9
1912,6,3,9
1912,9,5,14
1912,5,2,7
1912,4,2,6
1912,7,4,11
1912,6,2,8
1912,3,1,4
1912,3,1,4
1912,5,4,9
1912,6,12,18
1912,6,2,8
1912,4,1,5
1912,5,10,15
1912,5,4,9
1912,3,0,3
1912,6,3,9
1912,7,3,10
1912,5,4,9
1912,2,10,12
1912,7,3,10
1912,8,3,11
1912,8,10,18
1912,7,4,11
1912,5,0,5
1912,6,2,8
1912,8,21,29
1912,12,11,23
1912,4,2,6
1912,5,0,5
1912,7,4,11
1912,7,5,12
1912,3,2,5
1912,5,0,5
1912,7,6,13
1912,3,2,5
1912,8,4,12
1912,3,1,4
1912,3,10,13
1912,7,1,8
1912,7,1,8
1912,6,1,7
1912,8,3,11
1912,9,7,16
1912,3,0,3
1912,3,10,13
1912,9,3,12
1912,8,3,11
1912,5,1,6
1912,6,2,8
1912,9,1,10
1912,7,3,10
1912,7,5,12
1912,6,3,9
1912,9,2,11
1912,9,3,12
1912,4,13,17
1912,7,5,12
1912,8,3,11
1912,3,1,4
1912,5,4,9
1912,6,3,9
1912,6,3,9
1912,7,4,11
1912,4,3,7
1912,8,4,12
1912,4,3,7
1912,4,1,5
1912,8,3,11
1912,4,3,7
1912,4,13,17
1912,2,0,2
1912,2,1,3
1912,2,0,2
1912,5,1,6
1912,14,1,15
1912,9,14,23
1912,4,17,21
1912,3,2,5
1912,4,3,7
1912,7,5,12
1912,8,4,12
1912,7,0,7
1912,8,6,14
1912,22,10,32
1912,8,5,13
1912,13,1,14
1912,9,1,10
1912,8,3,11
1912,5,2,7
1912,7,2,9
1912,7,2,9
1912,4,0,4
1912,4,2,6
1912,7,0,7
1912,4,3,7
1912,7,6,13
1912,5,4,9
1912,9,4,13
1912,2,10,12
1912,3,1,4
1912,7,1,8
1912,1,0,1
1912,8,3,11
1912,6,2,8
1912,6,5,11
1912,2,1,3
1912,2,1,3
1912,2,13,15
1912,4,3,7
1912,9,2,11
1912,1,0,1
1912,3,11,14
1912,5,1,6
1912,6,3,9
1912,7,3,10
1912,9,8,17
1912,10,1,11
1912,3,2,5
1912,4,16,20
1912,2,1,3
1912,6,3,9
1912,8,7,15
1912,3,2,5
1912,8,3,11
1912,5,3,8
1912,4,0,4
1912,7,3,10
1912,8,6,14
1912,2,11,13
1912,6,0,6
1912,5,1,6
1912,3,2,5
1912,8,0,8
1912,5,3,8
1912,5,0,5
1912,6,4,10
1912,3,2,5
1912,6,3,9
1912,4,3,7
1912,3,2,5
1912,11,10,21
1912,2,11,13
1912,7,3,10
1912,8,13,21
1912,4,3,7
1912,6,1,7
1912,7,5,12
1912,7,5,12
1912,5,4,9
1912,6,3,9
1912,4,3,7
1912,6,5,11
1912,6,1,7
1912,5,4,9
1912,2,1,3
1912,6,4,10
1912,8,6,14
1912,3,1,4
1912,4,3,7
1912,5,0,5
1912,4,1,5
1912,5,4,9
1912,9,6,15
1912,4,3,7
1912,4,3,7
1912,8,4,12
1912,7,2,9
1912,2,1,3
1912,5,4,9
1912,5,2,7
1912,6,5,11
1912,2,1,3
1912,3,1,4
1912,5,2,7
1912,2,1,3
1912,4,3,7
1912,8,1,9
1912,6,2,8
1912,21,12,33
1912,6,4,10
1912,5,3,8
1912,7,2,9
1912,8,15,23
1912,5,0,5
1912,8,1,9
1912,4,3,7
1912,7,0,7
1912,5,2,7
1912,8,1,9
1912,6,2,8
1912,3,11,14
1912,8,2,10
1912,7,6,13
1912,9,8,17
1912,5,17,22
1912,14,12,26
1912,8,1,9
1912,3,11,14
1912,2,13,15
1912,3,10,13
1912,4,12,16
1912,2,1,3
1912,2,10,12
1912,2,1,3
1912,4,2,6
1912,12,1,13
1912,7,6,13
1912,9,4,13
1912,1,0,1
1912,5,11,16
1912,3,1,4
1912,4,3,7
1912,3,1,4
1912,7,0,7
1912,7,2,9
1912,11,0,11
1912,3,1,4
1912,7,5,12
1912,2,1,3
1912,4,10,14
1912,3,19,22
1912,8,2,10
1912,7,0,7
1912,2,0,2
1912,4,1,5
1912,3,2,5
1912,6,5,11
1912,11,1,12
1912,4,3,7
1912,3,2,5
1912,3,0,3
1912,9,8,17
1912,6,1,7
1912,4,3,7
1912,4,3,7
1912,4,0,4
1912,3,2,5
1912,8,4,12
1912,5,4,9
1912,6,4,10
1912,3,0,3
1912,8,5,13
1912,9,10,19
1912,3,10,13
1912,3,12,15
1912,6,4,10
1912,8,4,12
1912,6,3,9
1912,4,3,7
1912,5,4,9
1912,6,13,19
1912,6,0,6
1912,6,1,7
1912,7,2,9
1912,8,6,14
1912,3,2,5
1912,7,11,18
1912,4,3,7
1912,5,3,8
1912,2,1,3
1912,7,4,11
1912,7,4,11
1912,12,0,12
1912,9,11,20
1912,6,4,10
1912,15,1,16
1912,4,1,5
1912,6,12,18
1912,8,2,10
1912,9,6,15
1912,7,10,17
1912,14,1,15
1912,1,0,1
1912,6,2,8
1912,9,7,16
1912,8,7,15
1912,7,3,10
1912,7,6,13
1912,9,2,11
1912,2,1,3
1912,5,4,9
1912,5,3,8
1912,8,5,13
1912,8,6,14
1912,2,1,3
1912,9,10,19
1912,7,2,9
1912,3,2,5
1912,2,10,12
1912,7,3,10
1912,7,4,11
1912,2,1,3
1912,9,4,13
1912,9,3,12
1912,7,0,7
1912,4,10,14
1912,5,2,7
1912,4,3,7
1912,6,5,11
1912,5,11,16
1912,3,2,5
1912,2,0,2
1912,3,2,5
1912,5,12,17
1912,12,1,13
1912,10,0,10
1912,7,3,10
1912,6,1,7
1912,3,2,5
1912,5,3,8
1912,7,4,11
1912,4,0,4
1912,6,5,11
1912,5,3,8
1912,13,11,24
1912,4,0,4
1912,9,10,19
1912,6,2,8
1912,4,3,7
1912,8,7,15
1912,5,11,16
1912,2,1,3
1912,7,12,19
1912,2,1,3
1912,4,0,4
1912,3,0,3
1912,5,1,6
1912,7,2,9
1912,7,4,11
1912,4,2,6
1912,5,1,6
1912,9,2,11
1912,2,1,3
1912,3,2,5
1912,5,2,7
1912,1,0,1
1912,6,2,8
1912,3,2,5
1912,2,0,2
1912,3,0,3
1912,8,7,15
1912,2,1,3
1912,4,3,7
1912,9,2,11
1912,3,0,3
1912,3,11,14
1912,4,3,7
1912,8,7,15
1912,7,11,18
1912,3,2,5
1912,3,2,5
1912,9,6,15
1912,9,3,12
1912,4,1,5
1912,1,0,1
1912,4,2,6
1912,6,4,10
1912,4,1,5
1912,2,0,2
1912,4,1,5
1912,8,2,10
1912,2,1,3
1912,4,0,4
1912,5,4,9
1912,2,1,3
1912,5,4,9
1912,6,1,7
1912,6,1,7
1912,2,11,13
1912,4,1,5
1912,5,3,8
1912,7,2,9
1912,4,2,6
1912,6,5,11
1912,2,1,3
1912,5,2,7
1912,3,2,5
1912,4,2,6
1912,6,4,10
1912,8,7,15
1912,2,1,3
1912,5,3,8
1912,7,0,7
1912,4,3,7
1912,8,4,12
1912,6,10,16
1912,4,2,6
1912,7,2,9
1912,3,1,4
1912,5,0,5
1912,5,1,6
1912,3,1,4
1912,5,2,7
1912,5,4,9
1912,7,2,9
1912,1,0,1
1912,7,3,10
1912,6,5,11
1912,5,1,6
1912,13,1,14
1912,5,4,9
1912,2,10,12
1912,7,1,8
1912,1,0,1
1912,7,6,13
1912,9,8,17
1912,4,2,6
1912,8,2,10
1912,7,1,8
1912,2,10,12
1912,8,0,8
1912,2,1,3
1912,4,0,4
1912,3,2,5
1912,4,3,7
1912,8,6,14
1912,6,14,20
1912,5,4,9
1912,5,4,9
1912,6,4,10
1912,5,1,6
1912,10,1,11
1912,3,2,5
1912,2,14,16
1912,2,1,3
1912,4,3,7
1912,4,0,4
1912,4,3,7
1912,6,5,11
1912,2,1,3
1912,2,1,3
1912,3,3,6
1912,6,1,7
1912,4,11,15
1912,6,12,18
1912,3,0,3
1912,8,3,11
1912,3,10,13
1912,4,1,5
1912,3,13,16
1912,4,15,19
1912,2,0,2
1912,6,2,8
1912,5,3,8
1912,6,3,9
1912,6,0,6
1912,11,1,12
1912,6,4,10
1912,5,4,9
1912,1,0,1
1912,8,10,18
1912,7,12,19
1912,6,11,17
1912,5,1,6
1912,8,7,15
1912,4,3,7
1912,5,4,9
1912,1,0,1
1912,6,4,10
1912,3,2,5
1912,4,3,7
1912,8,7,15
1912,5,4,9
1912,7,5,12
1912,9,4,13
1912,4,3,7
1912,4,1,5
1912,9,4,13
1912,7,3,10
1912,3,2,5
1912,5,3,8
1912,4,3,7
1912,9,6,15
1912,9,5,14
1912,7,6,13
1912,5,3,8
1912,7,5,12
1912,6,1,7
1912,5,4,9
1912,4,1,5
1912,3,2,5
1912,8,4,12
1912,9,4,13
1912,6,3,9
1912,2,1,3
1912,7,5,12
1912,7,6,13
1912,4,3,7
1912,4,1,5
1912,2,1,3
1912,5,4,9
1912,7,6,13
1912,6,5,11
1912,7,6,13
1912,4,10,14
1912,3,2,5
1912,5,1,6
1912,4,11,15
1912,7,6,13
1912,3,12,15
1912,4,1,5
1912,7,0,7
1912,4,2,6
1912,6,0,6
1912,4,1,5
1912,9,3,12
1912,1,0,1
1912,2,1,3
1912,6,3,9
1912,5,4,9
1912,7,5,12
1912,4,3,7
1912,2,1,3
1912,3,2,5
1912,3,0,3
1912,5,3,8
1912,4,0,4
1912,4,0,4
1912,5,3,8
1912,9,0,9
1912,2,0,2
1912,5,1,6
1912,4,13,17
1912,8,3,11
1912,2,1,3
1912,7,4,11
1912,9,2,11
1912,2,1,3
1912,3,2,5
1912,7,5,12
1912,4,2,6
1912,3,2,5
1912,8,6,14
1912,4,1,5
1912,8,3,11
1912,8,4,12
1912,2,10,12
1912,8,7,15
1912,3,1,4
1912,4,2,6
1912,8,4,12
1912,5,2,7
1912,5,3,8
1912,4,12,16
1912,7,4,11
1912,6,3,9
1912,2,1,3
1912,5,4,9
1912,6,2,8
1912,7,2,9
1912,6,1,7
1912,5,1,6
1912,8,7,15
1912,3,11,14
1912,10,1,11
1912,4,4,8
1912,7,0,7
1912,7,2,9
1912,4,1,5
1912,7,2,9
1912,2,1,3
1912,6,5,11
1912,8,5,13
1912,5,0,5
1912,2,1,3
1912,7,4,11
1912,8,0,8
1912,2,1,3
1912,9,7,16
1912,7,6,13
1912,3,1,4
1912,6,1,7
1912,4,2,6
1912,7,5,12
1912,11,10,21
1912,8,0,8
1912,5,1,6
1912,4,1,5
1912,6,2,8
1912,2,10,12
1912,5,4,9
1912,3,1,4
1912,2,1,3
1912,9,6,15
1912,2,1,3
1912,8,3,11
1912,4,2,6
1912,3,2,5
1912,5,3,8
1912,7,10,17
1912,3,1,4
1912,8,6,14
1912,2,1,3
1912,3,1,4
1912,4,2,6
1912,3,2,5
1912,7,6,13
1912,5,3,8
1912,8,2,10
1912,8,0,8
1912,6,3,9
1912,3,1,4
1912,8,3,11
1912,2,0,2
1912,3,2,5
1912,2,1,3
1912,6,0,6
1912,6,13,19
1912,5,1,6
1912,7,3,10
1912,5,0,5
1912,5,4,9
1912,5,2,7
1912,7,1,8
1912,4,0,4
1912,7,5,12
1912,4,3,7
1912,3,2,5
1912,7,4,11
1912,4,3,7
1912,9,8,17
1912,3,1,4
1912,5,3,8
1912,7,5,12
1912,4,0,4
1912,6,4,10
1912,6,5,11
1912,4,3,7
1912,9,16,25
1912,7,0,7
1912,5,4,9
1912,2,0,2
1912,3,1,4
1912,3,2,5
1912,4,1,5
1912,6,10,16
1912,5,1,6
1912,5,4,9
1912,11,1,12
1912,4,3,7
1912,5,2,7
1912,6,2,8
1912,6,1,7
1912,3,13,16
1912,4,0,4
1912,4,1,5
1912,4,3,7
1912,2,1,3
1912,6,1,7
1912,3,2,5
1912,3,2,5
1912,9,1,10
1912,5,1,6
1912,4,2,6
1912,2,0,2
1912,9,4,13
1912,4,0,4
1912,7,4,11
1912,6,1,7
1912,1,0,1
1912,3,1,4
1912,9,0,9
1912,5,17,22
1912,3,1,4
1912,9,4,13
1912,2,1,3
1912,3,1,4
1912,3,2,5
1912,8,6,14
1912,9,5,14
1912,9,6,15
1912,5,1,6
1912,4,2,6
1912,2,1,3
1912,3,2,5
1912,8,1,9
1912,6,4,10
1912,8,4,12
1912,6,4,10
1912,1,0,1
1912,7,6,13
1912,9,2,11
1912,2,1,3
1912,3,2,5
1912,7,3,10
1912,7,6,13
1912,3,2,5
1912,4,11,15
1912,4,2,6
1912,3,12,15
1912,5,0,5
1912,8,8,16
1912,5,2,7
1912,5,4,9
1912,8,4,12
1912,4,1,5
1912,6,3,9
1912,4,3,7
1912,8,8,16
1912,6,0,6
1912,2,0,2
1912,8,4,12
1912,6,4,10
1912,4,2,6
1912,9,4,13
1912,7,5,12
1912,9,3,12
1912,5,3,8
1912,3,0,3
1912,5,4,9
1912,6,3,9
1912,4,2,6
1912,5,3,8
1912,3,2,5
1912,8,1,9
1912,6,10,16
1912,4,3,7
1912,4,1,5
1912,7,2,9
1912,2,1,3
1912,7,4,11
1912,5,4,9
1912,7,2,9
1912,5,1,6
1912,7,5,12
1912,3,1,4
1912,2,1,3
1912,7,2,9
1912,2,1,3
1912,5,1,6
1912,2,1,3
1912,5,1,6
1912,4,2,6
1912,3,1,4
1912,4,0,4
1912,1,0,1
1912,7,6,13
1912,5,3,8
1912,2,1,3
1912,6,11,17
1912,6,3,9
1912,5,2,7
1912,6,1,7
1912,4,12,16
1912,5,2,7
1912,5,4,9
1912,5,4,9
1912,2,1,3
1912,2,1,3
1912,1,0,1
1912,4,2,6
1912,2,1,3
1912,3,2,5
1912,9,7,16
1912,5,1,6
1912,5,2,7
1912,6,6,12
1912,7,1,8
1912,5,4,9
1912,5,2,7
1912,1,0,1
1912,4,2,6
1912,6,2,8
1912,2,1,3
1912,4,12,16
1912,5,2,7
1912,3,0,3
1912,6,1,7
1912,5,2,7
1912,4,2,6
1912,4,3,7
1912,4,3,7
1912,4,1,5
1912,4,1,5
1912,9,19,28
1912,5,2,7
1912,8,1,9
1912,4,2,6
1912,5,4,9
1912,1,0,1
1912,2,1,3
1912,5,2,7
1912,6,5,11
1912,4,2,6
1912,4,2,6
1912,3,0,3
1912,9,8,17
1912,8,0,8
1912,5,1,6
1912,2,1,3
1912,4,0,4
1912,3,2,5
1912,6,5,11
1912,5,10,15
1912,8,10,18
1912,5,0,5
1912,8,1,9
1912,5,2,7
1912,8,10,18
1912,2,1,3
1912,8,12,20
1912,2,1,3
1912,7,2,9
1912,4,10,14
1912,6,4,10
1912,5,4,9
1912,2,11,13
1912,8,6,14
1912,4,3,7
1912,4,11,15
1912,8,3,11
1912,6,0,6
1912,3,2,5
1912,9,7,16
1912,3,10,13
1912,5,4,9
1912,1,0,1
1912,6,4,10
1912,7,0,7
1912,7,4,11
1912,3,1,4
1912,3,2,5
1912,3,0,3
1912,4,2,6
1912,4,1,5
1912,7,3,10
1912,3,0,3
1912,5,4,9
1912,3,2,5
1912,2,0,2
1912,2,10,12
1912,9,8,17
1912,3,2,5
1912,6,5,11
1912,6,2,8
1912,6,2,8
1912,3,2,5
1912,2,11,13
1912,4,1,5
1912,9,3,12
1912,4,2,6
1912,3,2,5
1912,5,0,5
1912,4,2,6
1912,6,3,9
1912,5,4,9
1912,2,1,3
1912,2,1,3
1912,8,4,12
1912,8,0,8
1912,4,3,7
1912,6,0,6
1912,1,0,1
1912,7,3,10
1912,5,4,9
1912,4,3,7
1912,3,2,5
1912,5,3,8
1912,7,1,8
1912,9,1,10
1912,9,1,10
1912,12,0,12
1912,7,4,11
1912,4,2,6
1912,7,3,10
1912,2,0,2
1912,8,2,10
1912,9,6,15
1912,4,12,16
1912,7,5,12
1912,8,7,15
1912,1,0,1
1912,9,3,12
1912,6,0,6
1912,6,5,11
1912,3,1,4
1912,2,2,4
1912,4,2,6
1912,3,2,5
1912,2,10,12
1912,6,1,7
1912,9,8,17
1912,6,4,10
1912,4,2,6
1912,4,1,5
1912,9,4,13
1912,5,0,5
1912,12,0,12
1912,2,13,15
1912,5,4,9
1912,4,11,15
1912,2,1,3
1912,3,2,5
1912,5,3,8
1912,4,3,7
1912,6,3,9
1912,4,1,5
1912,8,2,10
1912,4,1,5
1912,7,2,9
1912,7,6,13
1912,5,2,7
1912,3,1,4
1912,7,3,10
1912,6,2,8
1912,2,2,4
1912,6,0,6
1912,4,0,4
1912,5,3,8
1912,12,0,12
1912,15,12,27
1912,7,0,7
1912,11,0,11
1912,11,10,21
1912,10,0,10
1912,2,12,14
1912,8,3,11
1912,4,0,4
1912,3,3,6
1912,7,5,12
1912,3,1,4
1912,3,10,13
1912,4,4,8
1912,5,16,21
1912,7,6,13
1912,5,4,9
1912,4,0,4
1912,9,5,14
1912,8,2,10
1912,4,0,4
1912,5,4,9
1912,12,1,13
1912,6,2,8
1912,2,1,3
1912,6,6,12
1912,5,4,9
1912,4,2,6
1912,4,2,6
1912,5,4,9
1912,5,0,5
1912,3,2,5
1912,4,0,4
1912,9,0,9
1912,8,1,9
1912,8,5,13
1912,6,5,11
1912,9,3,12
1912,4,2,6
1912,11,10,21
1912,6,4,10
1912,7,5,12
1912,4,1,5
1912,9,2,11
1912,4,3,7
1912,3,2,5
1912,3,12,15
1912,3,2,5
1912,7,6,13
1912,8,5,13
1912,2,1,3
1912,4,2,6
1912,4,3,7
1912,4,13,17
1912,4,3,7
1912,5,17,22
1912,6,11,17
1912,8,3,11
1912,2,14,16
1912,7,2,9
1912,4,2,6
1912,4,3,7
1912,1,0,1
1912,7,11,18
1912,3,2,5
1912,6,5,11
1912,5,0,5
1912,8,6,14
1912,3,0,3
1912,13,1,14
1912,4,3,7
1912,6,16,22
1912,9,4,13
1912,8,3,11
1912,4,3,7
1912,6,6,12
1912,2,1,3
1912,3,1,4
1912,2,1,3
1912,5,2,7
1912,4,11,15
1912,3,2,5
1913,1,0,1
1913,9,10,19
1913,8,0,8
1913,3,11,14
1913,3,1,4
1913,2,1,3
1913,3,1,4
1913,8,6,14
1913,5,4,9
1913,5,3,8
1913,9,2,11
1913,3,13,16
1913,7,4,11
1913,7,2,9
1913,2,1,3
1913,8,5,13
1913,5,4,9
1913,3,2,5
1913,2,1,3
1913,3,2,5
1913,5,4,9
1913,6,3,9
1913,9,0,9
1913,5,3,8
1913,5,0,5
1913,2,1,3
1913,3,2,5
1913,3,2,5
1913,2,1,3
1913,4,3,7
1913,9,3,12
1913,6,5,11
1913,3,2,5
1913,7,1,8
1913,1,0,1
1913,4,13,17
1913,4,0,4
1913,3,2,5
1913,7,5,12
1913,8,5,13
1913,5,5,10
1913,8,2,10
1913,1,0,1
1913,7,2,9
1913,3,10,13
1913,9,2,11
1913,4,0,4
1913,3,0,3
1913,7,5,12
1913,6,5,11
1913,6,1,7
1913,2,1,3
1913,3,2,5
1913,3,2,5
1913,5,4,9
1913,2,1,3
1913,4,3,7
1913,3,2,5
1913,7,6,13
1913,8,3,11
1913,8,4,12
1913,6,4,10
1913,8,5,13
1913,8,3,11
1913,3,2,5
1913,8,5,13
1913,4,2,6
1913,2,2,4
1913,7,4,11
1913,1,0,1
1913,8,3,11
1913,7,2,9
1913,2,1,3
1913,5,5,10
1913,6,2,8
1913,3,1,4
1913,4,0,4
1913,3,1,4
1913,6,0,6
1913,1,0,1
1913,3,1,4
1913,5,3,8
1913,7,1,8
1913,4,1,5
1913,3,10,13
1913,6,3,9
1913,7,1,8
1913,3,0,3
1913,4,0,4
1913,6,3,9
1913,5,4,9
1913,5,3,8
1913,4,10,14
1913,1,0,1
1913,8,5,13
1913,3,2,5
1913,7,2,9
1913,6,5,11
1913,3,0,3
1913,7,5,12
1913,2,1,3
1913,8,5,13
1913,7,5,12
1913,6,0,6
1913,7,2,9
1913,6,5,11
1913,5,3,8
1913,2,1,3
1913,4,3,7
1913,8,3,11
1913,8,1,9
1913,2,0,2
1913,6,1,7
1913,2,0,2
1913,8,2,10
1913,4,2,6
1913,8,4,12
1913,8,5,13
1913,4,2,6
1913,1,0,1
1913,9,7,16
1913,3,1,4
1913,5,4,9
1913,4,1,5
1913,4,1,5
1913,2,1,3
1913,6,5,11
1913,4,3,7
1913,5,4,9
1913,9,2,11
1913,2,1,3
1913,4,1,5
1913,9,4,13
1913,6,4,10
1913,8,6,14
1913,3,2,5
1913,6,3,9
1913,8,11,19
1913,2,1,3
1913,8,10,18
1913,1,0,1
1913,4,3,7
1913,5,3,8
1913,3,2,5
1913,8,1,9
1913,6,3,9
1913,4,3,7
1913,3,2,5
1913,8,6,14
1913,3,1,4
1913,4,3,7
1913,2,1,3
1913,3,2,5
1913,4,1,5
1913,6,0,6
1913,6,4,10
1913,4,3,7
1913,3,2,5
1913,2,1,3
1913,6,1,7
1913,5,10,15
1913,3,2,5
1913,3,1,4
1913,4,0,4
1913,5,4,9
1913,6,3,9
1913,7,5,12
1913,5,4,9
1913,6,1,7
1913,3,1,4
1913,9,0,9
1913,3,1,4
1913,3,1,4
1913,7,3,10
1913,9,3,12
1913,1,1,2
1913,1,0,1
1913,9,2,11
1913,9,10,19
1913,2,1,3
1913,6,0,6
1913,8,6,14
1913,4,3,7
1913,7,2,9
1913,5,4,9
1913,7,3,10
1913,4,3,7
1913,6,4,10
1913,3,0,3
1913,4,3,7
1913,8,7,15
1913,5,1,6
1913,6,5,11
1913,2,0,2
1913,9,3,12
1913,4,3,7
1913,8,5,13
1913,6,1,7
1913,8,2,10
1913,5,4,9
1913,7,6,13
1913,6,2,8
1913,7,0,7
1913,2,2,4
1913,4,1,5
1913,14,11,25
1913,7,2,9
1913,5,10,15
1913,8,6,14
1913,5,11,16
1913,3,2,5
1913,2,0,2
1913,7,2,9
1913,6,5,11
1913,4,15,19
1913,6,5,11
1913,7,0,7
1913,8,5,13
1913,5,2,7
1913,7,4,11
1913,4,10,14
1913,3,2,5
1913,6,2,8
1913,6,3,9
1913,7,3,10
1913,5,2,7
1913,1,1,2
1913,4,2,6
1913,5,3,8
1913,4,2,6
1913,2,1,3
1913,9,1,10
1913,2,1,3
1913,9,8,17
1913,10,1,11
1913,4,1,5
1913,9,3,12
1913,3,2,5
1913,4,10,14
1913,8,6,14
1913,4,1,5
1913,7,3,10
1913,9,10,19
1913,8,7,15
1913,8,0,8
1913,5,1,6
1913,6,3,9
1913,5,2,7
1913,6,5,11
1913,9,10,19
1913,5,3,8
1913,4,3,7
1913,12,0,12
1913,5,0,5
1913,1,0,1
1913,2,1,3
1913,5,0,5
1913,7,0,7
1913,7,0,7
1913,4,1,5
1913,3,0,3
1913,4,3,7
1913,4,12,16
1913,4,3,7
1913,3,3,6
1913,4,2,6
1913,4,3,7
1913,7,4,11
1913,8,1,9
1913,9,2,11
1913,1,0,1
1913,7,4,11
1913,8,6,14
1913,8,5,13
1913,7,2,9
1913,3,1,4
1913,4,0,4
1913,9,2,11
1913,4,3,7
1913,1,0,1
1913,5,2,7
1913,2,1,3
1913,8,0,8
1913,7,1,8
1913,3,2,5
1913,8,7,15
1913,2,1,3
1913,5,3,8
1913,3,1,4
1913,6,3,9
1913,3,2,5
1913,6,3,9
1913,7,6,13
1913,6,5,11
1913,5,4,9
1913,13,10,23
1913,5,2,7
1913,2,1,3
1913,7,6,13
1913,3,2,5
1913,9,1,10
1913,5,4,9
1913,8,6,14
1913,5,1,6
1913,3,2,5
1913,7,4,11
1913,2,1,3
1913,5,3,8
1913,6,4,10
1913,4,3,7
1913,1,0,1
1913,2,0,2
1913,3,3,6
1913,3,2,5
1913,5,4,9
1913,3,2,5
1913,2,12,14
1913,4,0,4
1913,6,2,8
1913,8,0,8
1913,5,4,9
1913,1,0,1
1913,4,1,5
1913,6,1,7
1913,9,3,12
1913,4,2,6
1913,4,3,7
1913,8,6,14
1913,6,2,8
1913,7,4,11
1913,9,4,13
1913,4,3,7
1913,3,2,5
1913,1,0,1
1913,8,2,10
1913,7,3,10
1913,7,2,9
1913,5,3,8
1913,3,2,5
1913,4,1,5
1913,5,0,5
1913,4,3,7
1913,9,5,14
1913,6,14,20
1913,4,0,4
1913,6,4,10
1913,6,2,8
1913,5,0,5
1913,8,4,12
1913,4,0,4
1913,5,3,8
1913,6,10,16
1913,6,2,8
1913,3,12,15
1913,4,3,7
1913,5,4,9
1913,2,1,3
1913,8,7,15
1913,3,1,4
1913,1,0,1
1913,9,6,15
1913,3,2,5
1913,5,10,15
1913,6,0,6
1913,9,8,17
1913,11,1,12
1913,2,1,3
1913,2,1,3
1913,5,3,8
1913,4,1,5
1913,3,11,14
1913,10,1,11
1913,4,1,5
1913,5,0,5
1913,7,10,17
1913,6,12,18
1913,6,4,10
1913,7,3,10
1913,3,2,5
1913,3,2,5
1913,5,1,6
1913,4,10,14
1913,5,4,9
1913,8,7,15
1913,3,0,3
1913,9,5,14
1913,5,2,7
1913,3,2,5
1913,1,0,1
1913,5,2,7
1913,3,11,14
1913,5,3,8
1913,11,0,11
1913,3,2,5
1913,6,1,7
1913,7,3,10
1913,2,1,3
1913,6,1,7
1913,6,5,11
1913,7,5,12
1913,5,4,9
1913,7,6,13
1913,7,6,13
1913,6,4,10
1913,4,2,6
1913,2,1,3
1913,3,2,5
1913,5,2,7
1913,6,4,10
1913,8,1,9
1913,5,1,6
1913,4,2,6
1913,6,5,11
1913,3,0,3
1913,6,5,11
1913,7,0,7
1913,8,3,11
1913,9,2,11
1913,2,1,3
1913,5,10,15
1913,4,3,7
1913,3,2,5
1913,3,13,16
1913,4,2,6
1913,5,3,8
1913,3,2,5
1913,6,5,11
1913,5,10,15
1913,4,1,5
1913,7,4,11
1913,4,3,7
1913,4,0,4
1913,6,2,8
1913,7,4,11
1913,7,1,8
1913,1,0,1
1913,8,3,11
1913,6,3,9
1913,7,6,13
1913,4,0,4
1913,7,2,9
1913,5,1,6
1913,9,5,14
1913,2,1,3
1913,8,1,9
1913,4,0,4
1913,5,4,9
1913,2,1,3
1913,8,7,15
1913,4,10,14
1913,2,0,2
1913,5,4,9
1913,5,11,16
1913,6,3,9
1913,3,0,3
1913,6,1,7
1913,7,3,10
1913,4,2,6
1913,9,3,12
1913,9,3,12
1913,5,4,9
1913,5,2,7
1913,8,6,14
1913,7,6,13
1913,2,0,2
1913,5,4,9
1913,4,1,5
1913,6,0,6
1913,2,0,2
1913,2,0,2
1913,5,4,9
1913,7,6,13
1913,2,1,3
1913,6,0,6
1913,8,3,11
1913,3,1,4
1913,4,3,7
1913,7,6,13
1913,4,2,6
1913,5,1,6
1913,4,13,17
1913,8,5,13
1913,8,0,8
1913,6,4,10
1913,6,5,11
1913,4,0,4
1913,1,0,1
1913,3,0,3
1913,5,2,7
1913,4,1,5
1913,4,12,16
1913,4,2,6
1913,5,1,6
1913,4,3,7
1913,8,11,19
1913,9,1,10
1913,2,14,16
1913,7,5,12
1913,5,3,8
1913,7,5,12
1913,5,4,9
1913,3,11,14
1913,5,2,7
1913,4,2,6
1913,5,4,9
1913,2,11,13
1913,3,10,13
1913,3,10,13
1913,6,4,10
1913,3,2,5
1913,5,1,6
1913,8,3,11
1913,3,1,4
1913,6,1,7
1913,4,3,7
1913,2,0,2
1913,5,11,16
1913,9,6,15
1913,7,6,13
1913,3,2,5
1913,3,1,4
1913,7,1,8
1913,9,10,19
1913,4,2,6
1913,5,12,17
1913,8,3,11
1913,2,1,3
1913,9,6,15
1913,5,2,7
1913,4,3,7
1913,3,1,4
1913,9,1,10
1913,2,12,14
1913,7,4,11
1913,6,4,10
1913,6,0,6
1913,11,10,21
1913,3,2,5
1913,7,4,11
1913,6,3,9
1913,3,2,5
1913,4,11,15
1913,3,2,5
1913,2,1,3
1913,10,0,10
1913,5,0,5
1913,3,15,18
1913,6,4,10
1913,6,4,10
1913,7,5,12
1913,8,5,13
1913,8,4,12
1913,2,1,3
1913,4,1,5
1913,1,0,1
1913,4,17,21
1913,5,1,6
1913,3,1,4
1913,8,4,12
1913,4,2,6
1913,4,0,4
1913,4,3,7
1913,6,13,19
1913,5,3,8
1913,5,2,7
1913,9,5,14
1913,4,0,4
1913,5,3,8
1913,4,2,6
1913,4,2,6
1913,5,0,5
1913,5,2,7
1913,6,2,8
1913,6,1,7
1913,3,3,6
1913,8,12,20
1913,6,1,7
1913,2,1,3
1913,7,6,13
1913,3,2,5
1913,6,12,18
1913,5,5,10
1913,7,5,12
1913,6,0,6
1913,5,1,6
1913,4,10,14
1913,4,2,6
1913,6,2,8
1913,7,0,7
1913,2,1,3
1913,7,4,11
1913,8,3,11
1913,6,1,7
1913,5,2,7
1913,8,1,9
1913,15,11,26
1913,3,2,5
1913,5,1,6
1913,5,10,15
1913,2,1,3
1913,6,2,8
1913,6,5,11
1913,6,4,10
1913,6,5,11
1913,6,3,9
1913,6,10,16
1913,2,0,2
1913,5,3,8
1913,5,3,8
1913,9,0,9
1913,3,0,3
1913,3,0,3
1913,9,0,9
1913,5,10,15
1913,3,1,4
1913,2,1,3
1913,4,1,5
1913,4,2,6
1913,3,2,5
1913,3,2,5
1913,6,2,8
1913,5,3,8
1913,6,4,10
1913,11,1,12
1913,5,11,16
1913,5,2,7
1913,4,14,18
1913,7,2,9
1913,5,1,6
1913,6,5,11
1913,6,4,10
1913,7,2,9
1913,9,0,9
1913,5,4,9
1913,9,16,25
1913,3,1,4
1913,12,1,13
1913,2,1,3
1913,3,2,5
1913,5,4,9
1913,7,1,8
1913,5,4,9
1913,3,2,5
1913,9,2,11
1913,2,1,3
1913,8,0,8
1913,4,3,7
1913,9,8,17
1913,5,3,8
1913,2,1,3
1913,11,1,12
1913,9,6,15
1913,6,3,9
1913,2,1,3
1913,7,0,7
1913,4,2,6
1913,3,2,5
1913,3,0,3
1913,4,3,7
1913,3,1,4
1913,1,0,1
1913,5,3,8
1913,5,0,5
1913,4,2,6
1913,7,4,11
1913,5,3,8
1913,4,3,7
1913,3,2,5
1913,4,3,7
1913,4,2,6
1913,6,1,7
1913,5,2,7
1913,7,1,8
1913,4,2,6
1913,3,2,5
1913,4,2,6
1913,9,2,11
1913,1,0,1
1913,12,1,13
1913,4,1,5
1913,5,2,7
1913,5,1,6
1913,4,3,7
1913,5,0,5
1913,5,3,8
1913,5,1,6
1913,6,3,9
1913,5,4,9
1913,4,3,7
1913,3,1,4
1913,2,1,3
1913,3,1,4
1913,6,2,8
1913,6,3,9
1913,3,2,5
1913,4,3,7
1913,5,1,6
1913,2,1,3
1913,5,10,15
1913,8,0,8
1913,6,13,19
1913,6,2,8
1913,2,1,3
1913,6,1,7
1913,6,1,7
1913,8,4,12
1913,3,1,4
1913,8,11,19
1913,3,1,4
1913,4,3,7
1913,3,2,5
1913,6,5,11
1913,8,5,13
1913,2,0,2
1913,8,3,11
1913,2,1,3
1913,6,5,11
1913,8,6,14
1913,4,0,4
1913,7,2,9
1913,4,1,5
1913,7,1,8
1913,5,3,8
1913,2,0,2
1913,8,13,21
1913,8,1,9
1913,7,5,12
1913,3,2,5
1913,4,0,4
1913,2,12,14
1913,8,8,16
1913,4,1,5
1913,2,1,3
1913,8,2,10
1913,4,3,7
1913,6,2,8
1913,8,2,10
1913,7,0,7
1913,6,5,11
1913,6,0,6
1913,6,5,11
1913,7,4,11
1913,8,1,9
1913,2,1,3
1913,9,4,13
1913,7,5,12
1913,6,2,8
1913,4,0,4
1913,4,1,5
1913,2,0,2
1913,5,3,8
1913,9,1,10
1913,6,5,11
1913,6,2,8
1913,6,3,9
1913,8,0,8
1913,7,4,11
1913,1,0,1
1913,3,1,4
1913,2,1,3
1913,5,0,5
1913,5,4,9
1913,3,0,3
1913,2,1,3
1913,5,3,8
1913,9,1,10
1913,5,2,7
1913,4,2,6
1913,5,4,9
1913,9,4,13
1913,3,1,4
1913,4,3,7
1913,3,2,5
1913,6,5,11
1913,4,1,5
1913,6,2,8
1913,5,2,7
1913,5,1,6
1913,5,3,8
1913,3,2,5
1913,8,0,8
1913,9,3,12
1913,5,4,9
1913,7,0,7
1913,2,1,3
1913,8,1,9
1913,4,1,5
1913,4,1,5
1913,7,4,11
1913,4,2,6
1913,3,2,5
1913,5,12,17
1913,8,5,13
1913,5,3,8
1913,7,1,8
1913,4,13,17
1913,6,4,10
1913,7,1,8
1913,2,1,3
1913,6,3,9
1913,5,3,8
1913,3,0,3
1913,4,2,6
1913,2,13,15
1913,5,1,6
1913,5,10,15
1913,5,0,5
1913,5,1,6
1913,1,0,1
1913,4,2,6
1913,4,1,5
1913,4,3,7
1913,2,1,3
1913,7,1,8
1913,9,1,10
1913,7,1,8
1913,2,11,13
1913,9,8,17
1913,5,2,7
1913,5,2,7
1913,5,1,6
1913,7,3,10
1913,4,3,7
1913,3,2,5
1913,4,11,15
1913,5,4,9
1913,3,16,19
1913,7,6,13
1913,6,4,10
1913,4,1,5
1913,4,2,6
1913,2,0,2
1913,4,3,7
1913,6,3,9
1913,4,3,7
1913,2,11,13
1913,6,5,11
1913,1,0,1
1913,3,2,5
1913,5,1,6
1913,3,1,4
1913,5,4,9
1913,6,1,7
1913,3,0,3
1913,6,2,8
1913,6,2,8
1913,8,5,13
1913,3,1,4
1913,13,1,14
1913,6,1,7
1913,6,5,11
1913,7,3,10
1913,9,3,12
1913,7,2,9
1913,4,2,6
1913,5,2,7
1913,4,3,7
1913,7,3,10
1913,8,13,21
1913,9,7,16
1913,5,1,6
1913,2,0,2
1913,6,2,8
1913,5,4,9
1913,4,11,15
1913,7,3,10
1913,1,0,1
1913,7,2,9
1913,4,0,4
1913,3,3,6
1913,6,14,20
1913,3,2,5
1913,5,12,17
1913,9,7,16
1913,6,1,7
1913,3,2,5
1913,2,1,3
1913,1,0,1
1913,5,14,19
1913,8,7,15
1913,2,0,2
1913,10,1,11
1913,6,1,7
1913,8,6,14
1913,4,3,7
1913,8,3,11
1913,4,0,4
1913,3,2,5
1913,6,2,8
1913,7,1,8
1913,3,1,4
1913,7,1,8
1913,6,2,8
1913,4,1,5
1913,1,0,1
1913,6,3,9
1913,5,4,9
1913,5,3,8
1913,5,1,6
1913,4,10,14
1913,4,2,6
1913,5,2,7
1913,4,2,6
1913,2,0,2
1913,5,1,6
1913,5,1,6
1913,4,3,7
1913,8,3,11
1913,3,2,5
1913,8,0,8
1913,4,1,5
1913,1,0,1
1913,5,2,7
1913,4,1,5
1913,3,1,4
1913,2,1,3
1913,7,0,7
1913,6,4,10
1913,7,6,13
1913,7,1,8
1913,3,2,5
1913,8,2,10
1913,9,6,15
1913,2,0,2
1913,7,2,9
1913,9,1,10
1913,2,1,3
1913,2,1,3
1913,7,4,11
1913,7,12,19
1913,8,1,9
1913,3,3,6
1913,3,0,3
1913,5,2,7
1913,8,4,12
1913,7,4,11
1913,4,3,7
1913,8,1,9
1913,4,2,6
1913,3,2,5
1913,5,10,15
1913,8,13,21
1913,4,2,6
1913,2,1,3
1913,4,0,4
1913,3,0,3
1913,9,1,10
1913,5,4,9
1913,7,6,13
1913,5,2,7
1913,6,2,8
1913,6,5,11
1913,2,1,3
1913,3,0,3
1913,3,0,3
1913,6,3,9
1913,3,0,3
1913,5,3,8
1913,3,0,3
1913,7,6,13
1913,1,0,1
1913,6,5,11
1913,8,0,8
1913,3,0,3
1913,5,1,6
1913,4,15,19
1913,1,0,1
1913,5,1,6
1913,9,3,12
1913,7,2,9
1913,3,2,5
1913,3,2,5
1913,6,1,7
1913,3,0,3
1913,4,1,5
1913,4,0,4
1913,13,0,13
1913,6,1,7
1913,8,5,13
1913,7,4,11
1913,5,0,5
1913,6,4,10
1913,8,6,14
1913,3,1,4
1913,4,0,4
1913,5,4,9
1913,10,0,10
1913,5,10,15
1913,8,2,10
1913,9,1,10
1913,6,0,6
1913,4,3,7
1913,6,2,8
1913,3,2,5
1913,6,2,8
1913,7,0,7
1913,5,10,15
1913,5,2,7
1913,3,2,5
1913,2,1,3
1913,4,1,5
1913,6,5,11
1913,5,4,9
1913,5,1,6
1913,2,1,3
1913,2,2,4
1913,4,2,6
1913,3,2,5
1913,3,1,4
1913,9,3,12
1913,5,2,7
1913,2,1,3
1913,5,2,7
1913,5,3,8
1913,6,1,7
1913,4,11,15
1913,4,3,7
1913,5,3,8
1913,2,1,3
1913,4,3,7
1913,3,1,4
1913,7,2,9
1913,4,3,7
1913,6,2,8
1913,2,1,3
1913,8,6,14
1913,5,2,7
1913,4,2,6
1913,5,4,9
1913,5,4,9
1913,3,2,5
1913,1,0,1
1913,9,4,13
1913,7,6,13
1913,5,0,5
1913,6,3,9
1913,8,3,11
1913,3,11,14
1913,1,0,1
1913,3,2,5
1913,1,0,1
1913,4,1,5
1913,7,2,9
1913,5,3,8
1913,3,1,4
1913,2,0,2
1913,9,2,11
1913,4,2,6
1913,4,0,4
1913,9,1,10
1913,4,1,5
1913,7,1,8
1913,6,4,10
1913,1,0,1
1913,13,0,13
1913,6,2,8
1913,5,3,8
1913,2,15,17
1913,2,1,3
1913,8,1,9
1913,4,0,4
1913,3,2,5
1913,4,0,4
1913,6,5,11
1913,2,0,2
1913,2,0,2
1913,8,1,9
1913,8,2,10
1913,4,2,6
1913,3,1,4
1913,7,4,11
1913,7,10,17
1913,5,3,8
1913,5,2,7
1913,2,1,3
1913,2,1,3
1913,2,15,17
1913,6,5,11
1913,12,11,23
1913,4,0,4
1913,4,1,5
1913,4,1,5
1913,8,2,10
1913,7,3,10
1913,5,18,23
1913,3,10,13
1913,7,5,12
1913,6,1,7
1913,3,2,5
1913,4,0,4
1913,5,4,9
1913,1,0,1
1913,4,3,7
1913,3,1,4
1913,4,2,6
1913,8,0,8
1913,2,0,2
1913,6,4,10
1913,7,0,7
1913,7,6,13
1913,7,6,13
1913,6,3,9
1913,4,3,7
1913,2,2,4
1913,7,5,12
1913,8,6,14
1913,6,5,11
1913,6,1,7
1913,5,0,5
1913,5,4,9
1913,4,3,7
1913,4,0,4
1913,4,3,7
1913,8,7,15
1913,2,1,3
1913,2,0,2
1913,9,3,12
1913,3,2,5
1913,8,4,12
1913,5,1,6
1913,4,2,6
1913,5,4,9
1913,3,0,3
1913,3,0,3
1913,3,2,5
1913,6,3,9
1913,5,0,5
1913,6,1,7
1913,6,1,7
1913,1,0,1
1913,2,1,3
1913,3,2,5
1913,3,3,6
1913,1,0,1
1913,2,0,2
1913,2,1,3
1913,7,3,10
1913,4,2,6
1913,1,0,1
1913,4,3,7
1913,6,3,9
1913,8,7,15
1913,3,2,5
1913,2,0,2
1913,7,5,12
1913,2,0,2
1913,8,1,9
1913,2,0,2
1913,5,1,6
1913,5,4,9
1913,4,0,4
1913,1,0,1
1913,5,1,6
1913,7,5,12
1913,3,2,5
1913,3,2,5
1913,3,1,4
1913,8,21,29
1913,6,1,7
1913,1,0,1
1913,5,3,8
1913,9,10,19
1913,2,1,3
1913,4,0,4
1913,6,11,17
1913,3,2,5
1913,5,4,9
1913,8,2,10
1913,5,2,7
1913,3,1,4
1913,7,6,13
1913,7,1,8
1913,4,10,14
1913,4,2,6
1913,3,2,5
1913,3,0,3
1913,6,3,9
1913,9,10,19
1913,6,1,7
1913,5,3,8
1913,4,0,4
1913,6,2,8
1913,2,11,13
1913,7,6,13
1913,4,3,7
1913,8,3,11
1913,9,3,12
1913,4,3,7
1913,1,0,1
1913,2,0,2
1913,5,3,8
1913,3,1,4
1913,5,3,8
1913,8,1,9
1913,3,1,4
1913,5,1,6
1913,3,1,4
1913,4,4,8
1913,1,0,1
1913,8,0,8
1913,3,2,5
1913,3,0,3
1913,9,10,19
1913,3,1,4
1913,3,0,3
1913,8,1,9
1913,1,0,1
1913,8,3,11
1913,4,3,7
1913,3,1,4
1913,7,6,13
1913,3,13,16
1913,4,4,8
1913,13,10,23
1913,2,1,3
1913,2,0,2
1913,3,11,14
1913,3,1,4
1913,5,4,9
1913,7,5,12
1913,1,0,1
1913,7,12,19
1913,7,5,12
1913,8,10,18
1913,2,11,13
1913,9,10,19
1913,5,1,6
1913,9,4,13
1913,4,3,7
1913,9,8,17
1913,4,1,5
1913,6,4,10
1913,3,0,3
1913,8,2,10
1913,6,5,11
1913,3,1,4
1914,3,2,5
1914,3,0,3
1914,8,2,10
1914,5,2,7
1914,10,1,11
1914,3,2,5
1914,8,2,10
1914,10,1,11
1914,1,0,1
1914,2,1,3
1914,2,1,3
1914,2,1,3
1914,5,1,6
1914,1,0,1
1914,8,5,13
1914,3,2,5
1914,7,3,10
1914,4,1,5
1914,4,3,7
1914,1,0,1
1914,5,0,5
1914,6,5,11
1914,6,5,11
1914,2,1,3
1914,4,3,7
1914,4,0,4
1914,3,1,4
1914,5,4,9
1914,2,0,2
1914,4,2,6
1914,1,0,1
1914,9,6,15
1914,5,3,8
1914,8,5,13
1914,4,3,7
1914,6,3,9
1914,4,1,5
1914,5,3,8
1914,4,3,7
1914,4,2,6
1914,5,2,7
1914,5,1,6
1914,9,3,12
1914,7,6,13
1914,7,6,13
1914,9,2,11
1914,9,7,16
1914,8,2,10
1914,6,0,6
1914,7,2,9
1914,3,1,4
1914,2,0,2
1914,3,2,5
1914,1,1,2
1914,6,0,6
1914,6,1,7
1914,5,2,7
1914,7,4,11
1914,6,2,8
1914,3,2,5
1914,4,3,7
1914,4,3,7
1914,2,2,4
1914,9,8,17
1914,9,9,18
1914,4,3,7
1914,7,0,7
1914,4,3,7
1914,2,1,3
1914,3,1,4
1914,9,6,15
1914,4,2,6
1914,5,4,9
1914,4,3,7
1914,9,1,10
1914,9,1,10
1914,2,1,3
1914,4,1,5
1914,3,0,3
1914,4,12,16
1914,5,3,8
1914,5,1,6
1914,6,5,11
1914,3,1,4
1914,5,0,5
1914,4,10,14
1914,8,1,9
1914,2,1,3
1914,8,2,10
1914,7,6,13
1914,8,1,9
1914,2,0,2
1914,2,10,12
1914,6,5,11
1914,5,3,8
1914,4,0,4
1914,7,2,9
1914,13,1,14
1914,1,0,1
1914,4,3,7
1914,4,0,4
1914,4,12,16
1914,6,4,10
1914,5,2,7
1914,4,2,6
1914,5,3,8
1914,4,1,5
1914,2,1,3
1914,4,3,7
1914,5,4,9
1914,6,1,7
1914,3,1,4
1914,5,1,6
1914,5,2,7
1914,6,1,7
1914,4,1,5
1914,8,7,15
1914,3,0,3
1914,2,1,3
1914,6,2,8
1914,2,1,3
1914,7,0,7
1914,5,3,8
1914,1,0,1
1914,2,0,2
1914,7,10,17
1914,1,0,1
1914,6,4,10
1914,6,3,9
1914,6,5,11
1914,3,2,5
1914,7,0,7
1914,5,4,9
1914,7,5,12
1914,8,4,12
1914,3,3,6
1914,3,2,5
1914,8,6,14
1914,2,11,13
1914,3,1,4
1914,2,0,2
1914,3,2,5
1914,11,10,21
1914,3,0,3
1914,6,0,6
1914,7,6,13
1914,4,2,6
1914,3,2,5
1914,2,1,3
1914,6,2,8
1914,7,4,11
1914,9,4,13
1914,3,0,3
1914,5,3,8
1914,3,0,3
1914,5,2,7
1914,7,5,12
1914,2,1,3
1914,4,3,7
1914,7,5,12
1914,14,1,15
1914,3,10,13
1914,6,1,7
1914,3,1,4
1914,9,5,14
1914,1,0,1
1914,5,1,6
1914,4,3,7
1914,7,10,17
1914,4,0,4
1914,6,1,7
1914,9,7,16
1914,6,5,11
1914,4,3,7
1914,9,1,10
1914,1,0,1
1914,3,0,3
1914,8,2,10
1914,5,2,7
1914,4,2,6
1914,3,2,5
1914,8,1,9
1914,8,6,14
1914,6,0,6
1914,4,2,6
1914,4,12,16
1914,7,1,8
1914,4,10,14
1914,5,3,8
1914,7,3,10
1914,1,0,1
1914,8,7,15
1914,3,0,3
1914,4,0,4
1914,2,0,2
1914,2,0,2
1914,10,0,10
1914,7,6,13
1914,6,5,11
1914,7,1,8
1914,7,15,22
1914,9,1,10
1914,6,5,11
1914,3,0,3
1914,8,10,18
1914,8,5,13
1914,7,6,13
1914,3,0,3
1914,9,9,18
1914,3,2,5
1914,7,4,11
1914,3,1,4
1914,6,5,11
1914,3,0,3
1914,3,2,5
1914,2,0,2
1914,3,14,17
1914,2,10,12
1914,5,2,7
1914,3,0,3
1914,5,2,7
1914,1,0,1
1914,5,4,9
1914,4,1,5
1914,4,0,4
1914,9,6,15
1914,3,1,4
1914,6,2,8
1914,2,0,2
1914,4,3,7
1914,4,3,7
1914,8,6,14
1914,2,1,3
1914,5,5,10
1914,8,4,12
1914,7,0,7
1914,5,5,10
1914,4,0,4
1914,4,12,16
1914,1,1,2
1914,3,2,5
1914,6,0,6
1914,1,0,1
1914,5,3,8
1914,9,2,11
1914,9,6,15
1914,1,0,1
1914,4,1,5
1914,5,0,5
1914,6,0,6
1914,3,1,4
1914,1,0,1
1914,4,3,7
1914,6,2,8
1914,5,3,8
1914,1,0,1
1914,2,1,3
1914,9,3,12
1914,6,12,18
1914,7,0,7
1914,5,12,17
1914,4,2,6
1914,4,2,6
1914,6,3,9
1914,5,3,8
1914,1,0,1
1914,6,3,9
1914,6,3,9
1914,4,1,5
1914,3,0,3
1914,5,3,8
1914,8,3,11
1914,2,1,3
1914,1,0,1
1914,2,1,3
1914,4,3,7
1914,2,0,2
1914,7,6,13
1914,1,0,1
1914,2,1,3
1914,5,2,7
1914,4,2,6
1914,5,1,6
1914,5,2,7
1914,3,2,5
1914,2,0,2
1914,9,6,15
1914,6,3,9
1914,4,2,6
1914,5,10,15
1914,4,2,6
1914,3,1,4
1914,4,1,5
1914,9,4,13
1914,3,0,3
1914,3,2,5
1914,7,3,10
1914,6,4,10
1914,2,15,17
1914,3,11,14
1914,6,1,7
1914,5,2,7
1914,3,0,3
1914,3,0,3
1914,7,5,12
1914,4,0,4
1914,6,2,8
1914,4,2,6
1914,7,6,13
1914,3,0,3
1914,2,0,2
1914,2,1,3
1914,5,10,15
1914,5,0,5
1914,3,1,4
1914,5,2,7
1914,4,1,5
1914,6,5,11
1914,5,4,9
1914,5,0,5
1914,3,2,5
1914,5,2,7
1914,8,2,10
1914,6,5,11
1914,3,1,4
1914,8,4,12
1914,5,2,7
1914,6,4,10
1914,6,2,8
1914,5,10,15
1914,8,4,12
1914,5,4,9
1914,8,5,13
1914,1,0,1
1914,6,2,8
1914,2,0,2
1914,6,0,6
1914,3,2,5
1914,9,6,15
1914,8,2,10
1914,3,3,6
1914,5,1,6
1914,5,4,9
1914,7,4,11
1914,6,2,8
1914,8,3,11
1914,6,5,11
1914,2,1,3
1914,3,11,14
1914,9,10,19
1914,8,5,13
1914,7,2,9
1914,3,0,3
1914,4,3,7
1914,6,1,7
1914,3,2,5
1914,6,2,8
1914,9,3,12
1914,8,7,15
1914,6,5,11
1914,3,0,3
1914,4,0,4
1914,8,4,12
1914,5,1,6
1914,6,4,10
1914,1,0,1
1914,6,2,8
1914,5,4,9
1914,5,3,8
1914,3,2,5
1914,10,1,11
1914,3,2,5
1914,3,2,5
1914,4,3,7
1914,7,6,13
1914,7,10,17
1914,10,0,10
1914,2,1,3
1914,6,5,11
1914,3,2,5
1914,5,4,9
1914,4,2,6
1914,3,2,5
1914,4,3,7
1914,5,4,9
1914,3,1,4
1914,8,6,14
1914,1,1,2
1914,7,4,11
1914,7,0,7
1914,5,2,7
1914,5,2,7
1914,7,2,9
1914,4,3,7
1914,6,1,7
1914,3,0,3
1914,2,0,2
1914,8,5,13
1914,7,5,12
1914,1,0,1
1914,6,5,11
1914,1,0,1
1914,5,1,6
1914,6,2,8
1914,3,0,3
1914,3,1,4
1914,3,2,5
1914,5,0,5
1914,4,2,6
1914,6,5,11
1914,6,4,10
1914,7,2,9
1914,11,1,12
1914,4,0,4
1914,4,0,4
1914,3,1,4
1914,5,0,5
1914,1,0,1
1914,6,4,10
1914,4,2,6
1914,6,3,9
1914,2,1,3
1914,8,0,8
1914,5,10,15
1914,8,7,15
1914,3,2,5
1914,3,2,5
1914,3,0,3
1914,2,1,3
1914,2,0,2
1914,4,2,6
1914,4,3,7
1914,6,1,7
1914,1,0,1
1914,11,1,12
1914,2,1,3
1914,5,5,10
1914,4,1,5
1914,5,3,8
1914,1,0,1
1914,4,1,5
1914,6,2,8
1914,4,2,6
1914,7,3,10
1914,5,10,15
1914,2,1,3
1914,2,10,12
1914,9,8,17
1914,4,2,6
1914,7,11,18
1914,2,1,3
1914,5,4,9
1914,6,4,10
1914,3,2,5
1914,4,2,6
1914,5,11,16
1914,3,2,5
1914,4,3,7
1914,7,3,10
1914,3,0,3
1914,5,2,7
1914,6,3,9
1914,9,8,17
1914,9,2,11
1914,7,0,7
1914,2,10,12
1914,7,3,10
1914,3,2,5
1914,5,4,9
1914,10,1,11
1914,7,5,12
1914,4,10,14
1914,6,3,9
1914,6,2,8
1914,6,2,8
1914,7,1,8
1914,5,2,7
1914,2,0,2
1914,5,3,8
1914,3,10,13
1914,6,5,11
1914,5,3,8
1914,9,6,15
1914,2,0,2
1914,5,4,9
1914,7,6,13
1914,6,2,8
1914,9,5,14
1914,7,2,9
1914,6,5,11
1914,3,0,3
1914,5,4,9
1914,2,1,3
1914,8,3,11
1914,3,13,16
1914,3,14,17
1914,9,4,13
1914,7,5,12
1914,6,4,10
1914,1,1,2
1914,4,3,7
1914,3,2,5
1914,3,11,14
1914,7,4,11
1914,6,4,10
1914,5,2,7
1914,8,2,10
1914,5,3,8
1914,4,0,4
1914,2,1,3
1914,4,1,5
1914,7,2,9
1914,6,15,21
1914,3,2,5
1914,3,2,5
1914,3,2,5
1914,1,0,1
1914,4,3,7
1914,7,10,17
1914,8,11,19
1914,5,4,9
1914,5,15,20
1914,8,7,15
1914,4,1,5
1914,7,5,12
1914,8,7,15
1914,3,2,5
1914,2,1,3
1914,3,2,5
1914,7,4,11
1914,3,2,5
1914,9,6,15
1914,7,3,10
1914,7,6,13
1914,2,1,3
1914,5,2,7
1914,3,1,4
1914,4,3,7
1914,6,5,11
1914,6,4,10
1914,2,11,13
1914,2,0,2
1914,6,1,7
1914,8,0,8
1914,8,2,10
1914,4,0,4
1914,4,1,5
1914,8,2,10
1914,5,3,8
1914,8,13,21
1914,2,1,3
1914,3,2,5
1914,4,2,6
1914,5,3,8
1914,3,0,3
1914,2,1,3
1914,6,5,11
1914,4,11,15
1914,4,3,7
1914,7,4,11
1914,3,2,5
1914,3,1,4
1914,7,2,9
1914,8,7,15
1914,5,3,8
1914,5,0,5
1914,4,0,4
1914,6,1,7
1914,1,0,1
1914,5,4,9
1914,5,1,6
1914,7,6,13
1914,5,1,6
1914,9,3,12
1914,1,0,1
1914,6,0,6
1914,4,3,7
1914,8,10,18
1914,8,6,14
1914,8,4,12
1914,7,10,17
1914,2,1,3
1914,8,4,12
1914,5,4,9
1914,5,4,9
1914,7,4,11
1914,10,0,10
1914,8,3,11
1914,4,0,4
1914,2,0,2
1914,4,0,4
1914,3,1,4
1914,4,11,15
1914,10,1,11
1914,9,2,11
1914,7,5,12
1914,9,4,13
1914,3,2,5
1914,7,6,13
1914,4,1,5
1914,8,4,12
1914,3,2,5
1914,2,0,2
1914,4,2,6
1914,7,4,11
1914,7,5,12
1914,7,10,17
1914,4,3,7
1914,2,1,3
1914,3,0,3
1914,4,1,5
1914,14,1,15
1914,8,3,11
1914,3,0,3
1914,4,3,7
1914,2,0,2
1914,13,12,25
1914,2,1,3
1914,8,3,11
1914,7,3,10
1914,5,0,5
1914,3,1,4
1914,7,2,9
1914,4,3,7
1914,8,11,19
1914,2,1,3
1914,5,0,5
1914,5,4,9
1914,4,0,4
1914,3,1,4
1914,4,1,5
1914,6,5,11
1914,8,0,8
1914,3,2,5
1914,4,2,6
1914,5,3,8
1914,2,0,2
1914,4,3,7
1914,4,12,16
1914,6,5,11
1914,6,4,10
1914,7,5,12
1914,3,2,5
1914,3,2,5
1914,5,4,9
1914,6,0,6
1914,8,7,15
1914,6,2,8
1914,8,6,14
1914,4,3,7
1914,3,2,5
1914,5,2,7
1914,1,0,1
1914,7,1,8
1914,1,0,1
1914,6,5,11
1914,7,6,13
1914,7,4,11
1914,7,2,9
1914,5,4,9
1914,5,2,7
1914,3,2,5
1914,5,3,8
1914,2,1,3
1914,7,3,10
1914,7,3,10
1914,7,3,10
1914,5,0,5
1914,8,4,12
1914,5,1,6
1914,4,3,7
1914,5,4,9
1914,4,3,7
1914,4,3,7
1914,5,4,9
1914,4,3,7
1914,5,4,9
1914,3,2,5
1914,3,0,3
1914,3,1,4
1914,2,1,3
1914,4,2,6
1914,5,4,9
1914,3,12,15
1914,5,2,7
1914,7,5,12
1914,8,5,13
1914,7,3,10
1914,4,0,4
1914,5,2,7
1914,5,11,16
1914,5,2,7
1914,3,0,3
1914,3,2,5
1914,2,0,2
1914,6,1,7
1914,3,0,3
1914,5,4,9
1914,3,1,4
1914,5,1,6
1914,4,3,7
1914,2,1,3
1914,5,4,9
1914,7,6,13
1914,6,2,8
1914,3,2,5
1914,5,3,8
1914,3,2,5
1914,4,3,7
1914,8,7,15
1914,4,1,5
1914,6,3,9
1914,8,13,21
1914,6,4,10
1914,7,4,11
1914,8,4,12
1914,4,10,14
1914,4,2,6
1914,2,1,3
1914,6,2,8
1914,1,0,1
1914,2,1,3
1914,6,5,11
1914,3,2,5
1914,2,0,2
1914,8,4,12
1914,2,1,3
1914,6,2,8
1914,4,10,14
1914,4,2,6
1914,3,0,3
1914,2,0,2
1914,7,0,7
1914,6,10,16
1914,5,3,8
1914,4,2,6
1914,4,2,6
1914,4,16,20
1914,4,3,7
1914,8,4,12
1914,2,1,3
1914,3,2,5
1914,7,6,13
1914,1,0,1
1914,6,4,10
1914,2,0,2
1914,8,7,15
1914,7,3,10
1914,6,0,6
1914,8,5,13
1914,2,11,13
1914,7,10,17
1914,3,2,5
1914,8,7,15
1914,8,6,14
1914,7,1,8
1914,7,2,9
1914,4,1,5
1914,1,0,1
1914,5,4,9
1914,4,2,6
1914,5,1,6
1914,8,3,11
1914,5,0,5
1914,8,1,9
1914,3,1,4
1914,5,3,8
1914,1,0,1
1914,2,1,3
1914,7,5,12
1914,7,2,9
1914,5,0,5
1914,7,0,7
1914,7,4,11
1914,5,1,6
1914,7,4,11
1914,1,0,1
1914,5,3,8
1914,4,0,4
1914,7,2,9
1914,9,1,10
1914,7,2,9
1914,7,6,13
1914,7,1,8
1914,4,3,7
1914,6,1,7
1914,9,1,10
1914,6,5,11
1914,3,2,5
1914,8,2,10
1914,5,2,7
1914,6,3,9
1914,2,0,2
1914,1,0,1
1914,2,1,3
1914,7,0,7
1914,9,4,13
1914,5,3,8
1914,12,0,12
1914,3,1,4
1914,6,1,7
1914,6,2,8
1914,7,5,12
1914,4,3,7
1914,4,3,7
1914,9,0,9
1914,8,10,18
1914,3,2,5
1914,3,12,15
1914,6,3,9
1914,4,0,4
1914,1,0,1
1914,5,4,9
1914,3,0,3
1914,7,5,12
1914,6,2,8
1914,1,0,1
1914,4,2,6
1914,5,1,6
1914,8,7,15
1914,4,3,7
1914,8,1,9
1914,1,0,1
1914,3,2,5
1914,6,3,9
1914,2,1,3
1914,5,4,9
1914,6,5,11
1914,2,0,2
1914,6,3,9
1914,7,0,7
1914,5,10,15
1914,3,1,4
1914,1,0,1
1914,6,5,11
1914,4,1,5
1914,5,4,9
1914,7,2,9
1914,2,0,2
1914,1,0,1
1914,3,1,4
1914,7,1,8
1914,5,0,5
1914,7,4,11
1914,5,2,7
1914,7,2,9
1914,4,2,6
1914,5,4,9
1914,6,4,10
1914,4,3,7
1914,5,1,6
1914,5,1,6
1914,7,4,11
1914,6,5,11
1914,6,3,9
1914,7,1,8
1914,3,0,3
1914,7,10,17
1914,4,3,7
1914,6,5,11
1914,3,2,5
1914,5,2,7
1914,2,1,3
1914,4,3,7
1914,3,1,4
1914,6,5,11
1914,7,4,11
1914,3,3,6
1914,8,3,11
1914,5,3,8
1914,1,0,1
1914,4,0,4
1914,5,4,9
1914,1,0,1
1914,4,0,4
1914,5,1,6
1914,5,3,8
1914,6,11,17
1914,6,11,17
1914,7,2,9
1914,1,0,1
1914,8,8,16
1914,5,2,7
1914,2,0,2
1914,8,4,12
1914,2,1,3
1914,3,3,6
1914,4,3,7
1914,1,0,1
1914,8,2,10
1914,3,2,5
1914,5,2,7
1914,6,5,11
1914,9,4,13
1914,4,3,7
1914,6,4,10
1914,3,1,4
1914,6,3,9
1914,9,13,22
1914,4,2,6
1914,6,5,11
1914,4,2,6
1914,7,2,9
1914,7,4,11
1914,4,1,5
1914,5,12,17
1914,6,10,16
1914,6,2,8
1914,2,0,2
1914,1,0,1
1914,6,0,6
1914,5,1,6
1914,4,2,6
1914,5,3,8
1914,2,0,2
1914,3,1,4
1914,8,7,15
1914,3,0,3
1914,3,1,4
1914,7,2,9
1914,2,1,3
1914,11,0,11
1914,8,12,20
1914,5,3,8
1914,5,2,7
1914,7,2,9
1914,3,2,5
1914,2,0,2
1914,4,0,4
1914,7,0,7
1914,4,0,4
1914,2,0,2
1914,5,4,9
1914,6,4,10
1914,5,3,8
1914,3,2,5
1914,2,1,3
1914,4,3,7
1914,4,2,6
1914,5,3,8
1914,3,3,6
1914,5,2,7
1914,8,1,9
1914,6,11,17
1914,6,4,10
1914,6,10,16
1914,4,3,7
1914,5,2,7
1914,6,2,8
1914,5,2,7
1914,6,3,9
1914,2,0,2
1914,8,2,10
1914,4,3,7
1914,3,2,5
1914,1,0,1
1914,3,2,5
1914,3,1,4
1914,6,4,10
1914,8,2,10
1914,8,4,12
1914,3,1,4
1914,4,2,6
1914,8,0,8
1914,2,15,17
1914,4,2,6
1914,6,3,9
1914,5,1,6
1914,5,2,7
1914,4,1,5
1914,5,1,6
1914,3,0,3
1914,6,5,11
1914,7,1,8
1914,5,4,9
1914,5,4,9
1914,6,5,11
1914,5,3,8
1914,7,3,10
1914,3,2,5
1914,8,7,15
1914,3,0,3
1914,5,4,9
1914,3,2,5
1914,5,2,7
1914,4,2,6
1914,8,1,9
1914,5,0,5
1914,3,1,4
1914,6,2,8
1914,3,0,3
1914,1,0,1
1914,7,6,13
1914,2,1,3
1914,1,1,2
1914,4,3,7
1914,6,5,11
1914,7,5,12
1914,2,1,3
1914,7,6,13
1914,6,0,6
1914,5,4,9
1914,4,0,4
1914,5,0,5
1914,5,3,8
1914,6,2,8
1914,9,3,12
1914,6,3,9
1914,4,2,6
1914,4,1,5
1914,3,1,4
1914,8,5,13
1914,3,0,3
1914,1,0,1
1914,8,4,12
1914,2,1,3
1914,2,1,3
1914,9,5,14
1914,5,4,9
1914,5,1,6
1914,8,15,23
1914,4,13,17
1914,1,1,2
1914,9,2,11
1914,2,0,2
1914,5,3,8
1914,4,2,6
1914,5,3,8
1914,4,0,4
1914,5,4,9
1914,6,3,9
1914,5,13,18
1914,3,2,5
1914,5,4,9
1914,8,1,9
1914,6,5,11
1914,5,0,5
1914,4,3,7
1914,5,1,6
1914,5,4,9
1914,3,1,4
1914,4,3,7
1914,1,0,1
1914,8,6,14
1914,4,10,14
1914,4,2,6
1914,3,0,3
1914,2,1,3
1914,6,5,11
1914,1,0,1
1914,7,3,10
1914,4,1,5
1914,8,6,14
1914,9,5,14
1914,2,0,2
1914,4,1,5
1914,6,2,8
1914,5,2,7
1914,6,5,11
1914,5,3,8
1914,7,2,9
1914,5,0,5
1914,3,0,3
1914,8,3,11
1914,3,1,4
1914,9,4,13
1914,2,0,2
1914,2,1,3
1914,7,6,13
1914,5,2,7
1914,7,1,8
1914,6,2,8
1914,4,3,7
1914,4,3,7
1914,8,12,20
1914,7,3,10
1914,4,3,7
1914,4,3,7
1914,8,5,13
1914,8,3,11
1914,4,3,7
1914,8,4,12
1914,6,2,8
1914,6,10,16
1914,9,7,16
1914,1,0,1
1914,8,5,13
1914,5,3,8
1914,5,0,5
1914,9,2,11
1914,4,2,6
1914,7,2,9
1914,2,1,3
1914,3,1,4
1914,5,10,15
1914,4,0,4
1914,3,2,5
1914,8,6,14
1914,3,2,5
1914,2,0,2
1914,4,3,7
1914,5,1,6
1914,2,0,2
1914,4,1,5
1914,9,7,16
1914,4,0,4
1914,9,3,12
1914,2,0,2
1914,5,2,7
1914,5,1,6
1914,7,2,9
1914,3,1,4
1914,4,3,7
1914,8,1,9
1914,2,1,3
1914,9,7,16
1914,5,0,5
1914,5,2,7
1914,7,1,8
1914,10,1,11
1914,4,3,7
1914,5,3,8
1914,4,2,6
1914,7,0,7
1914,9,2,11
1914,3,0,3
1914,6,1,7
1914,4,10,14
1914,3,1,4
1914,9,5,14
1914,5,2,7
1914,1,0,1
1914,9,4,13
1914,4,3,7
1914,1,0,1
1914,8,3,11
1914,7,6,13
1914,7,3,10
1914,1,0,1
1914,4,0,4
1914,9,8,17
1914,7,4,11
1914,4,1,5
1914,7,2,9
1914,5,4,9
1914,5,0,5
1914,1,0,1
1914,6,1,7
1914,2,1,3
1914,5,4,9
1914,1,0,1
1914,1,0,1
1914,5,4,9
1914,5,4,9
1914,7,6,13
1914,9,3,12
1914,4,1,5
1914,4,3,7
1914,5,4,9
1914,2,1,3
1914,4,0,4
1914,4,3,7
1914,4,0,4
1914,4,0,4
1914,5,4,9
1914,7,4,11
1914,3,2,5
1914,4,14,18
1914,3,0,3
1914,5,0,5
1914,3,2,5
1914,6,0,6
1914,5,2,7
1914,2,0,2
1914,7,2,9
1914,5,4,9
1914,4,1,5
1914,4,3,7
1914,4,3,7
1914,4,2,6
1914,6,5,11
1914,3,0,3
1914,5,1,6
1914,2,0,2
1914,4,0,4
1914,3,1,4
1914,8,4,12
1914,2,0,2
1914,2,1,3
1914,4,3,7
1914,6,1,7
1914,4,3,7
1914,4,3,7
1914,3,1,4
1914,2,1,3
1914,5,1,6
1914,5,4,9
1914,5,2,7
1914,4,1,5
1914,9,0,9
1914,8,2,10
1914,3,2,5
1914,4,3,7
1914,2,1,3
1914,6,2,8
1914,2,1,3
1914,5,10,15
1914,8,6,14
1914,4,3,7
1914,3,2,5
1914,2,0,2
1914,8,2,10
1914,6,0,6
1914,3,1,4
1914,5,1,6
1914,1,1,2
1914,7,3,10
1914,8,2,10
1914,4,2,6
1914,4,1,5
1914,7,6,13
1914,3,2,5
1914,2,0,2
1914,2,0,2
1914,2,0,2
1914,5,3,8
1914,7,3,10
1914,5,4,9
1914,5,2,7
1914,3,2,5
1914,5,4,9
1914,4,2,6
1914,4,1,5
1914,5,3,8
1914,2,1,3
1914,2,0,2
1914,3,2,5
1914,8,5,13
1914,1,0,1
1914,3,0,3
1914,6,3,9
1914,2,1,3
1914,4,2,6
1914,5,3,8
1914,7,0,7
1914,2,1,3
1914,5,2,7
1914,1,0,1
1914,7,6,13
1914,8,7,15
1914,5,3,8
1914,8,4,12
1914,6,5,11
1914,7,3,10
1914,2,1,3
1914,8,7,15
1914,6,4,10
1914,5,3,8
1914,1,0,1
1914,8,4,12
1914,5,13,18
1914,6,10,16
1914,2,1,3
1914,7,1,8
1914,5,4,9
1914,8,3,11
1914,4,3,7
1914,2,11,13
1914,2,0,2
1914,6,0,6
1914,2,0,2
1914,7,4,11
1914,6,11,17
1914,1,0,1
1914,6,1,7
1914,6,3,9
1914,6,13,19
1914,6,21,27
1914,3,1,4
1914,9,7,16
1914,3,2,5
1914,3,0,3
1914,11,1,12
1914,5,3,8
1914,8,7,15
1914,4,1,5
1914,1,0,1
1914,4,3,7
1914,5,0,5
1914,7,3,10
1914,4,1,5
1914,5,4,9
1914,8,6,14
1914,3,1,4
1914,4,3,7
1914,4,1,5
1914,5,0,5
1914,4,3,7
1914,3,2,5
1914,2,1,3
1914,3,1,4
1914,8,1,9
1914,6,2,8
1914,8,2,10
1914,3,1,4
1914,4,1,5
1914,5,4,9
1914,6,0,6
1914,3,2,5
1914,3,2,5
1914,7,5,12
1914,7,6,13
1914,5,1,6
1914,8,5,13
1914,3,2,5
1914,4,0,4
1914,3,2,5
1914,8,4,12
1914,1,1,2
1914,8,11,19
1914,3,1,4
1914,6,3,9
1914,1,0,1
1914,5,3,8
1914,1,0,1
1914,5,4,9
1914,4,2,6
1914,7,3,10
1914,3,2,5
1914,4,2,6
1914,9,4,13
1914,1,0,1
1914,7,4,11
1914,4,1,5
1914,4,2,6
1914,6,2,8
1914,3,1,4
1914,9,4,13
1914,6,12,18
1914,5,0,5
1914,6,2,8
1914,5,2,7
1914,4,3,7
1914,6,1,7
1914,3,2,5
1914,4,2,6
1914,6,2,8
1914,4,2,6
1914,8,7,15
1914,3,2,5
1914,5,13,18
1914,4,3,7
1914,7,3,10
1914,7,3,10
1914,9,5,14
1914,4,0,4
1914,7,6,13
1914,5,1,6
1914,2,1,3
1914,7,1,8
1914,6,3,9
1914,3,2,5
1914,3,1,4
1914,11,0,11
1914,3,1,4
1914,4,1,5
1914,9,0,9
1914,9,0,9
1914,1,0,1
1914,2,0,2
1914,2,1,3
1914,2,1,3
1914,5,2,7
1914,6,2,8
1914,1,0,1
1914,7,3,10
1914,2,1,3
1914,5,0,5
1914,2,1,3
1914,4,2,6
1914,2,1,3
1914,1,0,1
1914,4,0,4
1914,4,3,7
1914,9,2,11
1914,7,5,12
1914,9,2,11
1914,3,2,5
1914,5,4,9
1914,6,1,7
1914,1,0,1
1914,3,3,6
1914,3,2,5
1914,1,0,1
1914,3,3,6
1914,3,0,3
1914,3,2,5
1914,9,5,14
1914,8,6,14
1914,2,0,2
1914,4,1,5
1914,1,0,1
1914,7,5,12
1914,6,2,8
1914,8,3,11
1914,6,5,11
1914,2,1,3
1914,1,0,1
1914,5,4,9
1914,1,0,1
1914,4,0,4
1914,6,4,10
1914,2,1,3
1914,8,1,9
1914,4,2,6
1914,2,1,3
1914,6,4,10
1914,6,1,7
1914,3,1,4
1914,2,0,2
1914,4,1,5
1914,3,3,6
1914,4,1,5
1914,4,3,7
1914,1,0,1
1914,4,2,6
1914,9,6,15
1914,3,2,5
1914,9,3,12
1914,1,1,2
1914,7,1,8
1914,4,3,7
1914,7,6,13
1914,4,2,6
1914,4,0,4
1914,8,7,15
1914,3,2,5
1914,3,16,19
1914,2,1,3
1914,5,4,9
1914,9,6,15
1914,7,3,10
1914,6,2,8
1914,3,1,4
1914,5,5,10
1914,2,0,2
1914,4,3,7
1914,6,5,11
1914,7,5,12
1914,3,12,15
1914,4,3,7
1914,4,1,5
1914,1,1,2
1914,4,4,8
1914,3,1,4
1914,6,3,9
1914,6,3,9
1914,7,2,9
1914,2,10,12
1914,5,1,6
1914,5,4,9
1914,7,0,7
1914,4,10,14
1914,7,4,11
1914,5,2,7
1914,4,1,5
1914,9,12,21
1914,6,11,17
1914,3,10,13
1914,4,2,6
1914,7,6,13
1914,4,3,7
1914,2,1,3
1914,2,1,3
1914,4,2,6
1914,4,1,5
1914,1,0,1
1914,6,5,11
1914,1,0,1
1914,2,1,3
1914,2,1,3
1914,4,1,5
1914,7,1,8
1914,3,2,5
1914,8,5,13
1914,4,1,5
1914,4,2,6
1914,3,2,5
1914,2,12,14
1914,6,4,10
1914,3,0,3
1914,7,0,7
1914,3,2,5
1914,3,1,4
1914,4,1,5
1914,7,1,8
1914,8,3,11
1914,7,2,9
1914,6,1,7
1914,4,13,17
1914,9,13,22
1914,2,0,2
1914,4,3,7
1914,12,11,23
1914,5,4,9
1914,10,1,11
1914,8,11,19
1914,6,2,8
1914,3,2,5
1914,3,1,4
1914,4,3,7
1914,6,2,8
1914,8,7,15
1914,3,0,3
1914,6,5,11
1914,3,3,6
1914,5,1,6
1914,8,1,9
1914,7,4,11
1914,7,6,13
1914,7,4,11
1914,2,1,3
1914,1,0,1
1914,8,7,15
1914,4,12,16
1914,8,3,11
1914,4,3,7
1914,3,1,4
1914,6,5,11
1914,5,4,9
1914,2,0,2
1914,9,4,13
1914,6,3,9
1914,4,2,6
1914,2,1,3
1914,3,10,13
1914,7,0,7
1914,5,5,10
1914,9,3,12
1914,2,0,2
1914,5,1,6
1914,7,6,13
1914,1,0,1
1914,6,12,18
1914,5,3,8
1914,1,0,1
1914,3,0,3
1914,7,2,9
1914,3,10,13
1914,3,2,5
1914,5,1,6
1914,2,1,3
1914,8,1,9
1914,4,2,6
1914,9,8,17
1914,6,5,11
1914,6,4,10
1914,6,5,11
1914,6,5,11
1914,12,0,12
1914,5,3,8
1914,3,0,3
1914,8,8,16
1914,4,2,6
1914,6,4,10
1914,2,1,3
1914,5,3,8
1914,4,3,7
1914,6,1,7
1914,4,2,6
1914,4,2,6
1914,3,1,4
1914,2,1,3
1914,1,0,1
1914,8,0,8
1914,5,4,9
1914,4,0,4
1914,7,4,11
1914,7,4,11
1914,5,3,8
1914,4,3,7
1914,1,0,1
1914,7,5,12
1914,2,0,2
1914,4,3,7
1914,3,2,5
1914,5,0,5
1914,3,3,6
1914,3,2,5
1914,10,0,10
1914,4,3,7
1914,3,12,15
1914,7,4,11
1914,6,4,10
1914,2,1,3
1914,3,2,5
1914,6,10,16
1914,8,2,10
1914,6,6,12
1914,8,1,9
1914,3,0,3
1914,5,11,16
1914,9,2,11
1914,7,5,12
1914,1,0,1
1914,2,1,3
1914,3,1,4
1914,4,3,7
1914,9,0,9
1914,6,0,6
1914,2,1,3
1914,3,2,5
1914,2,0,2
1914,7,2,9
1914,6,3,9
1914,7,3,10
1914,8,3,11
1914,8,1,9
1914,6,2,8
1914,7,4,11
1914,2,1,3
1914,3,1,4
1914,3,2,5
1914,7,5,12
1914,5,1,6
1914,5,1,6
1914,7,2,9
1914,7,2,9
1914,8,1,9
1914,8,3,11
1914,10,1,11
1914,6,3,9
1914,2,0,2
1914,6,2,8
1914,2,12,14
1914,5,1,6
1914,5,4,9
1914,2,0,2
1914,1,1,2
1914,3,1,4
1914,7,5,12
1914,4,3,7
1914,3,2,5
1914,3,2,5
1914,6,4,10
1914,5,3,8
1914,1,0,1
1914,7,6,13
1914,6,2,8
1914,6,12,18
1914,6,0,6
1914,8,6,14
1914,9,3,12
1914,4,3,7
1914,4,1,5
1914,5,1,6
1914,4,3,7
1914,5,4,9
1914,7,0,7
1914,7,6,13
1914,3,10,13
1914,4,1,5
1914,3,2,5
1914,3,1,4
1914,6,3,9
1914,4,1,5
1914,3,10,13
1914,7,2,9
1914,3,2,5
1914,3,2,5
1914,3,2,5
1914,3,11,14
1914,9,6,15
1914,8,2,10
1914,6,5,11
1914,9,1,10
1914,6,1,7
1914,5,4,9
1914,8,8,16
1914,6,0,6
1914,6,3,9
1914,5,2,7
1914,4,3,7
1914,2,1,3
1914,1,0,1
1914,5,4,9
1914,8,2,10
1914,4,1,5
1914,9,1,10
1914,7,4,11
1914,3,14,17
1914,5,3,8
1914,5,0,5
1914,5,0,5
1914,5,4,9
1914,4,10,14
1914,4,1,5
1914,9,8,17
1914,5,1,6
1914,5,2,7
1914,3,2,5
1914,3,0,3
1914,2,1,3
1914,9,0,9
1914,9,4,13
1914,9,3,12
1914,9,2,11
1914,8,5,13
1914,3,2,5
1914,3,2,5
1914,5,0,5
1914,2,2,4
1914,1,0,1
1914,6,4,10
1914,5,2,7
1914,5,0,5
1914,4,3,7
1914,6,3,9
1914,6,2,8
1914,5,1,6
1914,5,2,7
1914,4,1,5
1914,3,2,5
1914,2,0,2
1914,4,3,7
1914,4,2,6
1914,3,1,4
1914,3,1,4
1914,5,4,9
1914,3,1,4
1914,3,2,5
1914,1,0,1
1914,10,1,11
1914,5,4,9
1914,1,1,2
1914,7,6,13
1914,5,3,8
1914,6,3,9
1914,3,0,3
1914,6,2,8
1914,2,12,14
1914,3,2,5
1914,9,3,12
1914,5,4,9
1914,6,0,6
1914,6,3,9
1914,4,3,7
1914,4,2,6
1914,4,2,6
1914,9,10,19
1914,7,4,11
1914,8,4,12
1914,4,1,5
1914,6,4,10
1914,8,6,14
1914,4,3,7
1914,5,3,8
1914,5,2,7
1914,6,2,8
1914,6,0,6
1914,5,3,8
1914,4,3,7
1914,9,5,14
1914,7,3,10
1914,7,6,13
1914,10,10,20
1914,5,2,7
1914,5,2,7
1914,3,11,14
1914,5,2,7
1914,6,13,19
1914,4,3,7
1914,3,2,5
1914,7,1,8
1914,8,1,9
1914,7,4,11
1914,3,2,5
1914,6,11,17
1914,4,0,4
1914,4,10,14
1914,5,2,7
1914,3,0,3
1914,3,1,4
1914,8,3,11
1914,10,1,11
1914,6,5,11
1914,3,0,3
1914,7,1,8
1914,7,7,14
1914,2,1,3
1914,1,0,1
1914,9,6,15
1914,3,2,5
1914,5,3,8
1914,4,2,6
1914,3,0,3
1914,8,2,10
1914,2,1,3
1914,3,3,6
1914,7,6,13
1914,9,7,16
1914,5,1,6
1914,7,3,10
1914,3,1,4
1914,5,11,16
1914,3,1,4
1914,5,1,6
1914,5,11,16
1914,4,3,7
1914,2,1,3
1914,5,0,5
1914,3,2,5
1914,4,2,6
1914,3,2,5
1914,5,4,9
1914,2,1,3
1914,7,1,8
1914,4,0,4
1914,5,1,6
1914,6,5,11
1914,6,2,8
1914,4,1,5
1914,1,0,1
1914,7,3,10
1914,1,0,1
1914,4,1,5
1914,2,0,2
1914,5,1,6
1914,1,0,1
1914,5,4,9
1914,4,11,15
1914,6,11,17
1914,6,5,11
1914,4,0,4
1914,4,3,7
1914,4,3,7
1914,8,6,14
1914,1,1,2
1914,9,3,12
1914,2,15,17
1914,9,5,14
1914,4,3,7
1914,2,0,2
1914,4,3,7
1914,4,1,5
1914,8,15,23
1914,4,0,4
1914,2,0,2
1914,4,3,7
1914,11,1,12
1914,1,1,2
1914,8,4,12
1914,3,2,5
1914,7,3,10
1914,3,1,4
1914,1,0,1
1914,5,3,8
1914,7,4,11
1914,5,1,6
1914,8,0,8
1914,2,1,3
1914,5,3,8
1914,4,3,7
1914,4,11,15
1914,4,10,14
1914,4,0,4
1914,10,0,10
1914,5,3,8
1914,8,3,11
1914,4,2,6
1914,3,2,5
1914,5,4,9
1914,1,0,1
1914,3,0,3
1914,6,3,9
1914,1,0,1
1914,8,4,12
1914,7,1,8
1914,1,0,1
1914,5,4,9
1914,3,1,4
1915,7,5,12
1915,9,13,22
1915,3,1,4
1915,8,0,8
1915,5,2,7
1915,8,5,13
1915,7,5,12
1915,3,0,3
1915,3,1,4
1915,5,4,9
1915,6,5,11
1915,3,0,3
1915,5,1,6
1915,8,7,15
1915,3,0,3
1915,7,2,9
1915,9,2,11
1915,5,1,6
1915,3,2,5
1915,3,16,19
1915,2,0,2
1915,7,6,13
1915,7,0,7
1915,6,2,8
1915,6,17,23
1915,7,1,8
1915,3,1,4
1915,4,2,6
1915,2,1,3
1915,5,4,9
1915,4,3,7
1915,2,0,2
1915,5,3,8
1915,16,0,16
1915,3,1,4
1915,4,3,7
1915,4,2,6
1915,4,2,6
1915,9,6,15
1915,6,2,8
1915,5,3,8
1915,6,6,12
1915,4,2,6
1915,3,2,5
1915,5,1,6
1915,8,4,12
1915,7,4,11
1915,3,2,5
1915,5,0,5
1915,5,1,6
1915,7,1,8
1915,9,1,10
1915,4,1,5
1915,4,3,7
1915,4,1,5
1915,7,5,12
1915,2,1,3
1915,6,2,8
1915,8,7,15
1915,5,12,17
1915,6,1,7
1915,3,1,4
1915,7,2,9
1915,6,4,10
1915,5,10,15
1915,8,7,15
1915,4,1,5
1915,6,1,7
1915,2,13,15
1915,3,0,3
1915,6,11,17
1915,4,2,6
1915,7,2,9
1915,9,1,10
1915,4,2,6
1915,4,3,7
1915,6,2,8
1915,8,6,14
1915,2,0,2
1915,6,3,9
1915,5,2,7
1915,6,2,8
1915,4,3,7
1915,9,0,9
1915,8,5,13
1915,5,2,7
1915,8,4,12
1915,5,4,9
1915,1,0,1
1915,4,3,7
1915,5,3,8
1915,6,1,7
1915,8,0,8
1915,5,4,9
1915,3,1,4
1915,3,11,14
1915,7,6,13
1915,6,4,10
1915,3,0,3
1915,5,4,9
1915,5,3,8
1915,3,0,3
1915,5,1,6
1915,8,4,12
1915,8,2,10
1915,9,5,14
1915,6,5,11
1915,4,3,7
1915,8,4,12
1915,9,5,14
1915,2,1,3
1915,2,1,3
1915,5,2,7
1915,8,4,12
1915,6,3,9
1915,7,5,12
1915,4,10,14
1915,4,1,5
1915,6,0,6
1915,7,2,9
1915,4,0,4
1915,2,10,12
1915,1,1,2
1915,2,0,2
1915,3,0,3
1915,1,0,1
1915,4,4,8
1915,3,1,4
1915,3,10,13
1915,4,2,6
1915,2,1,3
1915,3,0,3
1915,8,1,9
1915,9,2,11
1915,8,4,12
1915,3,0,3
1915,12,1,13
1915,7,0,7
1915,13,12,25
1915,3,1,4
1915,5,2,7
1915,9,2,11
1915,7,4,11
1915,3,0,3
1915,2,0,2
1915,7,6,13
1915,7,4,11
1915,7,6,13
1915,6,0,6
1915,3,2,5
1915,8,14,22
1915,5,12,17
1915,5,2,7
1915,5,2,7
1915,3,0,3
1915,2,1,3
1915,7,3,10
1915,13,1,14
1915,9,8,17
1915,3,12,15
1915,3,0,3
1915,7,6,13
1915,1,0,1
1915,6,4,10
1915,11,1,12
1915,5,4,9
1915,5,2,7
1915,8,13,21
1915,7,4,11
1915,8,2,10
1915,9,7,16
1915,9,10,19
1915,3,1,4
1915,2,0,2
1915,4,1,5
1915,2,1,3
1915,4,1,5
1915,6,2,8
1915,6,1,7
1915,5,4,9
1915,2,1,3
1915,4,1,5
1915,2,1,3
1915,5,0,5
1915,5,3,8
1915,4,1,5
1915,3,11,14
1915,4,2,6
1915,3,1,4
1915,9,5,14
1915,4,3,7
1915,4,0,4
1915,5,1,6
1915,7,1,8
1915,7,6,13
1915,1,0,1
1915,2,1,3
1915,3,1,4
1915,7,5,12
1915,3,1,4
1915,8,7,15
1915,3,2,5
1915,7,3,10
1915,5,1,6
1915,8,4,12
1915,3,2,5
1915,3,2,5
1915,2,0,2
1915,4,3,7
1915,3,1,4
1915,4,3,7
1915,1,0,1
1915,3,0,3
1915,6,1,7
1915,5,0,5
1915,1,0,1
1915,2,1,3
1915,4,2,6
1915,5,2,7
1915,9,8,17
1915,3,2,5
1915,3,1,4
1915,3,1,4
1915,4,2,6
1915,4,1,5
1915,4,10,14
1915,5,3,8
1915,4,3,7
1915,2,11,13
1915,9,3,12
1915,9,10,19
1915,4,1,5
1915,7,11,18
1915,9,2,11
1915,5,4,9
1915,5,3,8
1915,4,1,5
1915,6,4,10
1915,2,11,13
1915,4,2,6
1915,8,5,13
1915,3,2,5
1915,4,3,7
1915,6,5,11
1915,4,2,6
1915,5,10,15
1915,2,0,2
1915,3,10,13
1915,5,3,8
1915,3,2,5
1915,6,4,10
1915,2,1,3
1915,8,3,11
1915,3,0,3
1915,1,0,1
1915,4,3,7
1915,6,1,7
1915,4,10,14
1915,4,3,7
1915,5,0,5
1915,9,14,23
1915,5,3,8
1915,5,10,15
1915,3,1,4
1915,7,10,17
1915,6,5,11
1915,6,4,10
1915,5,1,6
1915,5,1,6
1915,1,0,1
1915,2,0,2
1915,3,1,4
1915,5,1,6
1915,7,0,7
1915,2,1,3
1915,4,2,6
1915,3,0,3
1915,5,11,16
1915,6,2,8
1915,3,2,5
1915,4,1,5
1915,4,2,6
1915,4,1,5
1915,6,5,11
1915,3,0,3
1915,9,0,9
1915,6,1,7
1915,3,2,5
1915,7,12,19
1915,4,3,7
1915,6,1,7
1915,4,2,6
1915,12,1,13
1915,4,3,7
1915,3,1,4
1915,6,5,11
1915,4,12,16
1915,4,19,23
1915,5,4,9
1915,5,1,6
1915,3,1,4
1915,5,3,8
1915,6,0,6
1915,6,10,16
1915,7,1,8
1915,6,10,16
1915,7,5,12
1915,3,1,4
1915,4,2,6
1915,5,2,7
1915,10,0,10
1915,2,11,13
1915,10,0,10
1915,5,4,9
1915,2,13,15
1915,4,2,6
1915,4,1,5
1915,3,0,3
1915,6,2,8
1915,2,1,3
1915,3,2,5
1915,6,2,8
1915,6,5,11
1915,7,5,12
1915,5,3,8
1915,3,2,5
1915,4,0,4
1915,3,2,5
1915,6,11,17
1915,1,0,1
1915,5,2,7
1915,8,0,8
1915,2,0,2
1915,7,0,7
1915,9,7,16
1915,5,2,7
1915,3,1,4
1915,5,1,6
1915,3,0,3
1915,7,3,10
1915,3,1,4
1915,4,2,6
1915,6,2,8
1915,6,2,8
1915,4,2,6
1915,11,1,12
1915,3,2,5
1915,3,2,5
1915,9,2,11
1915,8,11,19
1915,8,3,11
1915,3,2,5
1915,5,4,9
1915,4,3,7
1915,5,4,9
1915,3,11,14
1915,4,2,6
1915,7,6,13
1915,5,2,7
1915,3,2,5
1915,6,2,8
1915,6,2,8
1915,4,2,6
1915,2,0,2
1915,2,1,3
1915,4,1,5
1915,5,10,15
1915,9,4,13
1915,4,3,7
1915,3,10,13
1915,9,1,10
1915,5,4,9
1915,4,3,7
1915,5,4,9
1915,4,0,4
1915,2,1,3
1915,4,3,7
1915,2,1,3
1915,5,1,6
1915,3,1,4
1915,6,5,11
1915,8,4,12
1915,6,5,11
1915,5,11,16
1915,3,0,3
1915,4,2,6
1915,5,4,9
1915,7,6,13
1915,5,10,15
1915,6,3,9
1915,2,0,2
1915,6,0,6
1915,8,2,10
1915,9,8,17
1915,8,2,10
1915,6,5,11
1915,8,5,13
1915,9,6,15
1915,3,1,4
1915,5,2,7
1915,5,4,9
1915,4,11,15
1915,8,5,13
1915,4,0,4
1915,9,4,13
1915,3,1,4
1915,4,1,5
1915,5,1,6
1915,2,1,3
1915,6,5,11
1915,5,3,8
1915,7,1,8
1915,3,3,6
1915,11,0,11
1915,4,4,8
1915,2,1,3
1915,8,3,11
1915,1,0,1
1915,3,2,5
1915,4,0,4
1915,3,2,5
1915,2,2,4
1915,4,0,4
1915,5,3,8
1915,2,1,3
1915,5,2,7
1915,2,0,2
1915,5,3,8
1915,4,3,7
1915,3,1,4
1915,3,2,5
1915,2,1,3
1915,12,1,13
1915,9,6,15
1915,5,3,8
1915,4,2,6
1915,6,2,8
1915,2,1,3
1915,9,2,11
1915,1,0,1
1915,1,0,1
1915,3,2,5
1915,2,1,3
1915,4,4,8
1915,4,11,15
1915,4,1,5
1915,7,2,9
1915,5,4,9
1915,7,0,7
1915,8,1,9
1915,4,1,5
1915,3,1,4
1915,2,1,3
1915,4,3,7
1915,5,3,8
1915,2,0,2
1915,4,2,6
1915,7,2,9
1915,4,3,7
1915,5,5,10
1915,4,1,5
1915,2,1,3
1915,4,0,4
1915,4,0,4
1915,3,2,5
1915,7,1,8
1915,5,4,9
1915,2,1,3
1915,3,10,13
1915,7,10,17
1915,3,1,4
1915,3,2,5
1915,2,1,3
1915,5,2,7
1915,2,0,2
1915,9,3,12
1915,6,3,9
1915,8,3,11
1915,5,3,8
1915,3,0,3
1915,5,3,8
1915,8,2,10
1915,6,1,7
1915,6,1,7
1915,4,2,6
1915,7,5,12
1915,6,4,10
1915,6,0,6
1915,3,0,3
1915,6,3,9
1915,4,1,5
1915,4,0,4
1915,2,11,13
1915,4,2,6
1915,11,0,11
1915,3,0,3
1915,5,4,9
1915,5,10,15
1915,8,6,14
1915,5,2,7
1915,6,4,10
1915,3,2,5
1915,6,3,9
1915,4,2,6
1915,3,1,4
1915,3,0,3
1915,4,3,7
1915,3,2,5
1915,1,0,1
1915,3,2,5
1915,4,1,5
1915,6,1,7
1915,8,4,12
1915,6,3,9
1915,4,3,7
1915,5,3,8
1915,9,3,12
1915,4,3,7
1915,5,1,6
1915,4,1,5
1915,5,2,7
1915,4,3,7
1915,5,4,9
1915,3,2,5
1915,9,3,12
1915,15,0,15
1915,7,3,10
1915,4,3,7
1915,5,1,6
1915,2,1,3
1915,13,0,13
1915,2,1,3
1915,7,3,10
1915,11,10,21
1915,4,1,5
1915,6,3,9
1915,5,13,18
1915,6,5,11
1915,9,7,16
1915,2,1,3
1915,2,2,4
1915,5,3,8
1915,5,4,9
1915,11,1,12
1915,2,1,3
1915,2,13,15
1915,8,2,10
1915,5,2,7
1915,4,3,7
1915,2,12,14
1915,2,0,2
1915,1,0,1
1915,4,1,5
1915,9,10,19
1915,3,0,3
1915,3,2,5
1915,5,1,6
1915,3,2,5
1915,5,4,9
1915,1,0,1
1915,13,0,13
1915,8,1,9
1915,5,3,8
1915,9,5,14
1915,7,6,13
1915,8,2,10
1915,4,1,5
1915,8,3,11
1915,2,1,3
1915,6,4,10
1915,6,4,10
1915,3,2,5
1915,5,0,5
1915,4,3,7
1915,6,5,11
1915,2,1,3
1915,9,2,11
1915,4,1,5
1915,5,5,10
1915,7,12,19
1915,5,4,9
1915,2,1,3
1915,4,1,5
1915,2,1,3
1915,8,2,10
1915,9,4,13
1915,5,2,7
1915,4,0,4
1915,8,0,8
1915,1,0,1
1915,9,4,13
1915,4,2,6
1915,6,5,11
1915,4,3,7
1915,3,2,5
1915,8,0,8
1915,3,1,4
1915,4,3,7
1915,5,3,8
1915,3,2,5
1915,3,2,5
1915,2,1,3
1915,4,3,7
1915,5,2,7
1915,9,5,14
1915,11,10,21
1915,8,3,11
1915,5,2,7
1915,7,5,12
1915,4,3,7
1915,2,1,3
1915,3,2,5
1915,7,3,10
1915,3,0,3
1915,3,1,4
1915,2,0,2
1915,4,2,6
1915,17,10,27
1915,3,1,4
1915,9,4,13
1915,8,0,8
1915,2,12,14
1915,4,11,15
1915,7,5,12
1915,3,2,5
1915,5,3,8
1915,5,5,10
1915,6,2,8
1915,4,2,6
1915,2,0,2
1915,2,0,2
1915,5,0,5
1915,4,1,5
1915,4,2,6
1915,5,4,9
1915,5,4,9
1915,8,2,10
1915,4,0,4
1915,6,1,7
1915,7,0,7
1915,6,1,7
1915,2,1,3
1915,7,1,8
1915,3,0,3
1915,1,0,1
1915,2,0,2
1915,3,0,3
1915,8,2,10
1915,7,2,9
1915,8,2,10
1915,9,5,14
1915,3,2,5
1915,7,6,13
1915,7,12,19
1915,4,3,7
1915,8,3,11
1915,6,5,11
1915,4,11,15
1915,4,3,7
1915,3,2,5
1915,3,1,4
1915,9,6,15
1915,9,13,22
1915,4,2,6
1915,1,1,2
1915,7,4,11
1915,4,3,7
1915,2,1,3
1915,3,2,5
1915,5,3,8
1915,6,2,8
1915,3,1,4
1915,7,3,10
1915,4,2,6
1915,11,1,12
1915,2,1,3
1915,3,2,5
1915,7,15,22
1915,5,0,5
1915,4,2,6
1915,6,2,8
1915,6,0,6
1915,9,5,14
1915,14,13,27
1915,5,4,9
1915,9,3,12
1915,3,2,5
1915,5,13,18
1915,7,6,13
1915,5,3,8
1915,4,12,16
1915,2,11,13
1915,9,5,14
1915,4,12,16
1915,6,5,11
1915,5,0,5
1915,6,1,7
1915,5,0,5
1915,4,2,6
1915,4,1,5
1915,2,0,2
1915,5,3,8
1915,5,1,6
1915,4,2,6
1915,6,1,7
1915,6,10,16
1915,3,2,5
1915,4,3,7
1915,3,2,5
1915,7,2,9
1915,6,3,9
1915,7,5,12
1915,4,0,4
1915,6,3,9
1915,3,2,5
1915,4,3,7
1915,4,1,5
1915,3,0,3
1915,2,12,14
1915,1,0,1
1915,6,4,10
1915,7,6,13
1915,3,2,5
1915,6,3,9
1915,5,10,15
1915,8,5,13
1915,4,2,6
1915,3,2,5
1915,6,3,9
1915,3,2,5
1915,5,3,8
1915,4,0,4
1915,2,0,2
1915,7,1,8
1915,4,3,7
1915,5,2,7
1915,5,4,9
1915,4,2,6
1915,1,0,1
1915,3,2,5
1915,2,0,2
1915,5,4,9
1915,8,5,13
1915,6,4,10
1915,8,0,8
1915,6,1,7
1915,5,10,15
1915,7,10,17
1915,2,11,13
1915,7,0,7
1915,9,1,10
1915,8,6,14
1915,1,0,1
1915,2,0,2
1915,7,2,9
1915,7,6,13
1915,4,1,5
1915,8,5,13
1915,2,0,2
1915,4,2,6
1915,6,0,6
1915,5,13,18
1915,6,2,8
1915,6,3,9
1915,9,2,11
1915,4,1,5
1915,13,0,13
1915,4,0,4
1915,5,4,9
1915,5,3,8
1915,3,2,5
1915,5,3,8
1915,2,1,3
1915,5,2,7
1915,8,4,12
1915,3,0,3
1915,2,1,3
1915,2,0,2
1915,2,1,3
1915,7,2,9
1915,1,0,1
1915,9,6,15
1915,7,3,10
1915,11,0,11
1915,2,1,3
1915,4,3,7
1915,6,3,9
1915,6,5,11
1915,4,2,6
1915,9,4,13
1915,3,2,5
1915,8,7,15
1915,4,1,5
1915,4,1,5
1915,5,3,8
1915,3,1,4
1915,5,1,6
1915,8,7,15
1915,5,4,9
1915,8,5,13
1915,1,0,1
1915,3,2,5
1915,8,7,15
1915,5,14,19
1915,3,0,3
1915,2,0,2
1915,8,5,13
1915,9,2,11
1915,4,0,4
1915,6,0,6
1915,6,3,9
1915,5,3,8
1915,2,1,3
1915,8,5,13
1915,7,12,19
1915,9,7,16
1915,5,3,8
1915,1,0,1
1915,4,3,7
1915,2,1,3
1915,4,2,6
1915,2,1,3
1915,2,0,2
1915,3,1,4
1915,5,0,5
1915,3,1,4
1915,9,3,12
1915,7,1,8
1915,5,1,6
1915,4,1,5
1915,5,1,6
1915,3,2,5
1915,4,3,7
1915,5,4,9
1915,2,2,4
1915,7,6,13
1915,1,0,1
1915,7,6,13
1915,5,1,6
1915,2,1,3
1915,2,12,14
1915,5,3,8
1915,9,4,13
1915,1,0,1
1915,3,2,5
1915,4,3,7
1915,5,13,18
1915,6,5,11
1915,5,4,9
1915,1,0,1
1915,7,4,11
1915,6,2,8
1915,4,0,4
1915,2,0,2
1915,5,13,18
1915,8,2,10
1915,9,1,10
1915,8,7,15
1915,4,3,7
1915,5,1,6
1915,4,3,7
1915,4,15,19
1915,5,3,8
1915,4,3,7
1915,2,1,3
1915,4,2,6
1915,5,0,5
1915,3,1,4
1915,8,3,11
1915,6,0,6
1915,7,1,8
1915,3,1,4
1915,7,2,9
1915,1,1,2
1915,4,0,4
1915,6,3,9
1915,3,2,5
1915,7,3,10
1915,6,3,9
1915,9,1,10
1915,4,3,7
1915,8,3,11
1915,5,12,17
1915,7,2,9
1915,4,3,7
1915,5,2,7
1915,5,4,9
1915,2,1,3
1915,6,4,10
1915,4,1,5
1915,3,2,5
1915,2,1,3
1915,4,3,7
1915,9,4,13
1915,5,3,8
1915,7,4,11
1915,15,12,27
1915,6,0,6
1915,2,1,3
1915,4,2,6
1915,6,5,11
1915,5,1,6
1915,3,1,4
1915,7,6,13
1915,7,0,7
1915,7,3,10
1915,6,5,11
1915,3,2,5
1915,8,10,18
1915,4,3,7
1915,8,0,8
1915,1,0,1
1915,3,2,5
1915,3,0,3
1915,2,0,2
1915,9,7,16
1915,5,4,9
1915,2,1,3
1915,4,1,5
1915,4,0,4
1915,6,4,10
1915,3,2,5
1915,7,1,8
1915,3,12,15
1915,6,5,11
1915,3,1,4
1915,6,3,9
1915,8,4,12
1915,2,1,3
1915,4,1,5
1915,4,2,6
1915,4,2,6
1915,3,2,5
1915,7,0,7
1915,4,3,7
1915,5,2,7
1915,4,3,7
1915,5,2,7
1915,4,3,7
1915,5,2,7
1915,4,3,7
1915,6,5,11
1915,2,1,3
1915,6,5,11
1915,6,2,8
1915,2,0,2
1915,4,3,7
1915,6,2,8
1915,6,0,6
1915,5,3,8
1915,7,3,10
1915,3,2,5
1915,3,2,5
1915,6,4,10
1915,4,0,4
1915,7,6,13
1915,5,4,9
1915,3,2,5
1915,4,10,14
1915,2,1,3
1915,6,3,9
1915,5,4,9
1915,2,0,2
1915,4,0,4
1915,8,5,13
1915,7,2,9
1915,4,3,7
1915,7,4,11
1915,6,2,8
1915,6,4,10
1915,4,2,6
1915,4,3,7
1915,7,11,18
1915,4,10,14
1915,4,2,6
1915,3,0,3
1915,4,1,5
1915,6,4,10
1915,5,11,16
1915,4,11,15
1915,6,12,18
1915,4,3,7
1915,5,4,9
1915,3,2,5
1915,3,10,13
1915,4,1,5
1915,8,6,14
1915,6,2,8
1915,6,2,8
1915,3,0,3
1915,3,1,4
1915,5,4,9
1915,6,5,11
1915,6,0,6
1915,3,1,4
1915,8,6,14
1915,8,5,13
1915,3,2,5
1915,4,1,5
1915,7,4,11
1915,2,1,3
1915,4,0,4
1915,9,8,17
1915,4,3,7
1915,1,0,1
1915,4,2,6
1915,7,0,7
1915,1,0,1
1915,11,1,12
1915,4,3,7
1915,3,1,4
1915,4,1,5
1915,4,1,5
1915,5,1,6
1915,6,1,7
1915,3,1,4
1915,3,2,5
1915,7,3,10
1915,4,0,4
1915,9,7,16
1915,2,1,3
1915,3,2,5
1915,4,1,5
1915,3,11,14
1915,2,1,3
1915,7,5,12
1915,6,1,7
1915,4,3,7
1915,3,2,5
1915,3,1,4
1915,8,3,11
1915,6,4,10
1915,6,5,11
1915,9,5,14
1915,1,0,1
1915,4,3,7
1915,4,12,16
1915,2,0,2
1915,8,5,13
1915,3,2,5
1915,8,4,12
1915,4,2,6
1915,4,0,4
1915,13,1,14
1915,5,1,6
1915,4,4,8
1915,7,3,10
1915,3,2,5
1915,4,2,6
1915,3,1,4
1915,4,2,6
1915,3,1,4
1915,8,4,12
1915,3,2,5
1915,3,2,5
1915,5,4,9
1915,9,8,17
1915,1,1,2
1915,4,1,5
1915,8,13,21
1915,1,0,1
1915,3,11,14
1915,5,1,6
1915,6,2,8
1915,2,1,3
1915,3,0,3
1915,3,1,4
1915,6,5,11
1915,3,1,4
1915,4,3,7
1915,3,2,5
1915,4,3,7
1915,7,5,12
1915,6,2,8
1915,7,3,10
1915,6,4,10
1915,8,1,9
1915,2,1,3
1915,3,11,14
1915,1,0,1
1915,1,0,1
1915,3,1,4
1915,4,3,7
1915,3,2,5
1915,6,4,10
1915,6,5,11
1915,4,3,7
1915,3,2,5
1915,7,6,13
1915,3,1,4
1915,10,1,11
1915,4,2,6
1915,5,10,15
1915,7,6,13
1915,4,0,4
1915,7,6,13
1915,5,1,6
1915,8,2,10
1915,3,0,3
1915,5,2,7
1915,8,11,19
1915,3,1,4
1915,2,1,3
1915,7,6,13
1915,2,1,3
1915,3,2,5
1915,4,0,4
1915,6,3,9
1915,6,4,10
1915,5,3,8
1915,3,2,5
1915,3,0,3
1915,4,1,5
1915,7,5,12
1915,3,2,5
1915,7,3,10
1915,9,2,11
1915,5,3,8
1915,2,1,3
1915,2,1,3
1915,2,1,3
1915,1,0,1
1915,5,0,5
1915,5,4,9
1915,4,2,6
1915,1,0,1
1915,1,0,1
1915,2,1,3
1915,8,0,8
1915,5,3,8
1915,4,3,7
1915,3,2,5
1915,2,1,3
1915,4,2,6
1915,6,3,9
1915,2,1,3
1915,6,3,9
1915,6,2,8
1915,1,1,2
1915,4,3,7
1915,4,1,5
1915,5,3,8
1915,3,2,5
1915,4,1,5
1915,4,0,4
1915,3,2,5
1915,4,3,7
1915,6,5,11
1915,5,1,6
1915,2,1,3
1915,3,2,5
1915,5,4,9
1915,7,2,9
1915,3,0,3
1915,4,2,6
1915,10,1,11
1915,1,0,1
1915,4,1,5
1915,1,0,1
1915,5,1,6
1915,6,1,7
1915,9,11,20
1915,7,0,7
1915,1,0,1
1915,3,1,4
1915,1,0,1
1915,3,1,4
1915,4,3,7
1915,5,2,7
1915,2,1,3
1915,3,1,4
1915,2,0,2
1915,5,11,16
1915,9,8,17
1915,1,0,1
1915,3,2,5
1915,5,1,6
1915,4,0,4
1915,2,0,2
1915,3,2,5
1915,5,4,9
1915,3,2,5
1915,8,6,14
1915,6,3,9
1915,5,3,8
1915,2,0,2
1915,6,2,8
1915,6,2,8
1915,4,2,6
1915,5,1,6
1915,4,15,19
1915,3,2,5
1915,5,4,9
1915,4,3,7
1915,6,1,7
1915,4,4,8
1915,4,1,5
1915,3,2,5
1915,9,0,9
1915,6,0,6
1915,6,4,10
1915,6,2,8
1915,7,10,17
1915,5,4,9
1915,6,14,20
1915,3,1,4
1915,7,2,9
1915,3,0,3
1915,2,0,2
1915,2,1,3
1915,6,3,9
1915,13,0,13
1915,5,4,9
1915,4,0,4
1915,4,2,6
1915,1,1,2
1915,8,4,12
1915,6,2,8
1915,5,3,8
1915,8,6,14
1915,3,2,5
1915,3,10,13
1915,3,2,5
1915,1,0,1
1915,3,1,4
1915,7,0,7
1915,2,0,2
1915,3,2,5
1915,9,4,13
1915,8,2,10
1915,8,2,10
1915,3,1,4
1915,3,11,14
1915,2,1,3
1915,7,6,13
1915,8,0,8
1915,5,2,7
1915,8,0,8
1915,2,1,3
1915,3,2,5
1915,6,2,8
1915,2,2,4
1915,3,0,3
1915,4,0,4
1915,3,2,5
1915,2,1,3
1915,6,4,10
1915,4,0,4
1915,6,3,9
1915,4,1,5
1915,3,2,5
1915,3,2,5
1915,9,2,11
1915,6,1,7
1915,1,0,1
1915,6,0,6
1915,7,0,7
1915,3,2,5
1915,5,3,8
1915,4,3,7
1915,7,3,10
1915,3,1,4
1915,4,3,7
1915,5,1,6
1915,6,0,6
1915,8,2,10
1915,5,3,8
1915,4,3,7
1915,4,2,6
1915,3,1,4
1915,9,5,14
1915,9,0,9
1915,5,4,9
1915,6,0,6
1915,4,0,4
1915,2,12,14
1915,5,2,7
1915,6,2,8
1915,6,2,8
1915,1,0,1
1915,4,2,6
1915,8,1,9
1915,3,1,4
1915,8,1,9
1915,6,4,10
1915,1,0,1
1915,2,1,3
1915,5,0,5
1915,6,2,8
1915,3,1,4
1915,2,0,2
1915,5,0,5
1915,5,4,9
1915,4,1,5
1915,8,4,12
1915,5,1,6
1915,4,0,4
1915,3,2,5
1915,3,10,13
1915,7,3,10
1915,4,14,18
1915,3,2,5
1915,2,0,2
1915,6,4,10
1915,5,2,7
1915,6,0,6
1915,9,0,9
1915,3,1,4
1915,3,2,5
1915,3,2,5
1915,5,3,8
1915,3,0,3
1915,4,1,5
1915,7,4,11
1915,8,4,12
1915,5,12,17
1915,6,1,7
1915,4,3,7
1915,6,5,11
1915,4,1,5
1915,5,0,5
1915,2,1,3
1915,6,11,17
1915,6,1,7
1915,5,0,5
1915,6,1,7
1915,8,3,11
1915,8,4,12
1915,8,1,9
1915,6,5,11
1915,1,0,1
1915,7,3,10
1915,4,1,5
1915,8,0,8
1915,11,1,12
1915,7,0,7
1915,4,3,7
1915,6,0,6
1915,3,1,4
1915,8,1,9
1915,4,1,5
1915,1,0,1
1915,3,1,4
1915,2,0,2
1915,9,3,12
1915,5,2,7
1915,1,0,1
1915,3,2,5
1915,5,3,8
1915,4,2,6
1915,5,4,9
1915,7,5,12
1915,3,2,5
1915,4,1,5
1915,5,2,7
1915,5,0,5
1915,4,0,4
1915,6,1,7
1915,8,1,9
1915,1,0,1
1915,2,1,3
1915,3,1,4
1915,6,1,7
1915,5,3,8
1915,5,2,7
1915,3,2,5
1915,3,2,5
1915,4,3,7
1915,5,11,16
1915,5,4,9
1915,4,3,7
1915,4,3,7
1915,5,13,18
1915,4,0,4
1915,7,0,7
1915,6,14,20
1915,5,0,5
1915,10,0,10
1915,6,5,11
1915,4,3,7
1915,6,0,6
1915,3,1,4
1915,3,0,3
1915,12,1,13
1915,6,1,7
1915,4,0,4
1915,4,3,7
1915,7,10,17
1915,6,2,8
1915,5,1,6
1915,4,2,6
1915,5,3,8
1915,3,2,5
1915,2,0,2
1915,7,4,11
1915,4,2,6
1915,4,2,6
1915,3,2,5
1915,2,1,3
1915,4,3,7
1915,5,3,8
1915,9,7,16
1915,8,0,8
1915,6,5,11
1915,4,0,4
1915,5,3,8
1915,9,11,20
1915,3,1,4
1915,4,4,8
1915,2,1,3
1915,6,10,16
1915,6,5,11
1915,7,6,13
1915,4,1,5
1915,2,1,3
1915,4,1,5
1915,6,5,11
1915,10,1,11
1915,7,11,18
1915,9,4,13
1915,4,1,5
1915,3,2,5
1915,4,3,7
1915,8,1,9
1915,3,11,14
1915,2,1,3
1915,4,2,6
1915,3,2,5
1915,3,1,4
1915,5,4,9
1915,2,1,3
1915,3,0,3
1915,2,0,2
1915,7,2,9
1915,4,2,6
1915,5,3,8
1915,3,1,4
1915,1,0,1
1915,6,2,8
1915,2,0,2
1915,2,1,3
1915,3,2,5
1915,5,0,5
1915,3,2,5
1915,1,0,1
1915,7,4,11
1915,2,1,3
1915,2,1,3
1915,8,0,8
1915,2,1,3
1915,4,3,7
1915,7,4,11
1915,5,3,8
1915,3,2,5
1915,2,0,2
1915,2,0,2
1915,6,5,11
1915,9,8,17
1915,2,0,2
1915,7,1,8
1915,3,2,5
1915,7,2,9
1915,6,2,8
1915,5,2,7
1915,6,0,6
1915,4,1,5
1915,3,2,5
1915,7,4,11
1915,4,0,4
1915,5,2,7
1915,5,4,9
1915,6,5,11
1915,6,0,6
1915,4,0,4
1915,7,0,7
1915,7,2,9
1915,6,2,8
1915,2,1,3
1915,2,1,3
1915,10,1,11
1915,9,1,10
1915,8,6,14
1915,5,2,7
1915,3,1,4
1915,2,0,2
1915,8,3,11
1915,7,2,9
1915,4,3,7
1915,4,2,6
1915,1,0,1
1915,3,2,5
1915,6,3,9
1915,8,1,9
1915,8,2,10
1915,3,1,4
1915,4,0,4
1915,2,0,2
1915,2,10,12
1915,4,1,5
1915,3,1,4
1915,3,2,5
1915,2,0,2
1915,5,1,6
1915,6,0,6
1915,6,5,11
1915,5,0,5
1915,4,3,7
1915,9,10,19
1915,3,2,5
1915,3,2,5
1915,5,2,7
1915,2,1,3
1915,6,2,8
1915,7,2,9
1915,2,1,3
1915,4,3,7
1915,6,0,6
1915,4,2,6
1915,2,13,15
1915,6,1,7
1915,8,5,13
1915,3,2,5
1915,6,5,11
1915,4,2,6
1915,6,0,6
1915,4,0,4
1915,5,2,7
1915,5,1,6
1915,6,3,9
1915,7,3,10
1915,3,2,5
1915,3,2,5
1915,7,1,8
1915,8,0,8
1915,1,0,1
1915,5,2,7
1915,4,0,4
1915,5,3,8
1915,5,0,5
1915,3,0,3
1915,5,2,7
1915,5,4,9
1915,2,2,4
1915,3,2,5
1915,10,0,10
1915,8,3,11
1915,7,1,8
1915,8,10,18
1915,4,1,5
1915,3,2,5
1915,4,2,6
1915,6,0,6
1915,7,2,9
1915,6,5,11
1915,7,4,11
1915,6,3,9
1915,3,0,3
1915,3,2,5
1915,3,1,4
1915,1,0,1
1915,2,13,15
1915,12,1,13
1915,4,1,5
1915,4,0,4
1915,5,4,9
1915,9,10,19
1915,5,4,9
1915,7,2,9
1915,6,4,10
1915,3,0,3
1915,1,0,1
1915,9,3,12
1915,2,0,2
1915,5,0,5
1915,1,0,1
1915,6,5,11
1915,5,3,8
1915,4,1,5
1915,3,0,3
1915,9,4,13
1915,4,3,7
1915,5,0,5
1915,7,2,9
1915,2,0,2
1915,6,2,8
1915,3,1,4
1915,3,1,4
1915,7,3,10
1915,8,1,9
1915,3,2,5
1915,3,0,3
1915,7,1,8
1915,5,4,9
1915,5,1,6
1915,2,1,3
1915,2,1,3
1915,8,1,9
1915,4,0,4
1915,2,0,2
1915,4,3,7
1915,8,4,12
1915,9,4,13
1915,3,2,5
1915,5,12,17
1915,2,1,3
1915,5,4,9
1915,5,4,9
1915,2,0,2
1915,6,3,9
1915,5,17,22
1915,5,0,5
1915,6,2,8
1915,1,0,1
1915,2,2,4
1915,4,2,6
1915,2,1,3
1915,4,1,5
1915,7,5,12
1915,5,4,9
1915,6,5,11
1915,2,0,2
1915,8,2,10
1915,4,2,6
1915,6,3,9
1915,6,3,9
1915,3,2,5
1915,2,1,3
1915,8,7,15
1915,7,1,8
1915,9,2,11
1915,3,2,5
1915,4,12,16
1915,4,3,7
1915,7,6,13
1915,6,2,8
1915,3,0,3
1915,3,1,4
1915,1,0,1
1915,4,2,6
1915,1,0,1
1915,3,0,3
1915,3,2,5
1915,5,0,5
1915,6,1,7
1915,1,0,1
1915,3,10,13
1915,3,2,5
1915,8,4,12
1915,8,5,13
1915,8,6,14
1915,8,2,10
1915,7,2,9
1915,7,5,12
1915,2,0,2
1915,3,0,3
1915,3,2,5
1915,7,6,13
1915,3,3,6
1915,9,6,15
1915,5,0,5
1915,2,1,3
1915,2,0,2
1915,1,0,1
1915,2,2,4
1915,9,0,9
1915,1,0,1
1915,1,0,1
1915,7,1,8
1915,4,2,6
1915,6,5,11
1915,1,0,1
1915,7,3,10
1915,4,1,5
1915,7,5,12
1915,5,1,6
1915,8,2,10
1915,7,2,9
1915,5,4,9
1915,6,2,8
1915,4,3,7
1915,5,2,7
1915,20,1,21
1915,6,3,9
1915,1,0,1
1915,3,1,4
1915,3,0,3
1915,7,1,8
1915,3,2,5
1915,4,0,4
1915,6,4,10
1915,9,12,21
1915,6,2,8
1915,1,0,1
1915,3,2,5
1915,4,1,5
1915,2,10,12
1915,3,2,5
1915,5,4,9
1915,5,3,8
1915,1,0,1
1915,4,2,6
1915,6,0,6
1915,6,4,10
1915,9,6,15
1915,5,4,9
1915,5,3,8
1915,4,2,6
1915,4,1,5
1915,3,0,3
1915,5,3,8
1915,7,5,12
1915,2,1,3
1915,5,2,7
1915,8,3,11
1915,6,1,7
1915,7,1,8
1915,3,2,5
1915,7,1,8
1915,4,4,8
1915,3,1,4
1915,8,3,11
1915,3,2,5
1915,4,2,6
1915,3,1,4
1915,9,13,22
1915,4,2,6
1915,2,1,3
1915,7,0,7
1915,4,2,6
1915,8,0,8
1915,2,0,2
1915,5,4,9
1915,6,2,8
1915,2,1,3
1915,2,1,3
1915,5,1,6
1915,3,2,5
1915,3,2,5
1915,3,0,3
1915,7,0,7
1915,5,1,6
1915,6,5,11
1915,8,4,12
1915,5,2,7
1915,2,10,12
1915,7,3,10
1915,2,1,3
1915,8,4,12
1915,3,0,3
1915,6,0,6
1915,6,0,6
1915,7,5,12
1915,9,7,16
1915,4,1,5
1915,7,5,12
1915,5,12,17
1915,2,0,2
1915,2,1,3
1915,6,1,7
1915,4,11,15
1915,3,2,5
1915,6,12,18
1915,5,4,9
1915,8,4,12
1915,6,5,11
1915,6,1,7
1915,8,1,9
1915,5,3,8
1915,5,2,7
1915,4,2,6
1915,1,0,1
1915,4,10,14
1915,5,3,8
1915,5,1,6
1915,9,3,12
1915,4,3,7
1915,2,0,2
1915,5,3,8
1915,7,2,9
1915,5,0,5
1915,3,2,5
1915,8,4,12
1915,5,0,5
1915,7,2,9
1915,5,1,6
1915,3,1,4
1915,7,3,10
1915,9,2,11
1915,6,5,11
1915,3,0,3
1915,3,2,5
1915,7,5,12
1915,6,4,10
1915,7,3,10
1915,5,0,5
1915,3,2,5
1915,7,2,9
1915,3,0,3
1915,7,6,13
1915,5,0,5
1915,5,4,9
1915,6,13,19
1915,3,2,5
1915,2,1,3
1915,6,3,9
1915,1,0,1
1915,2,10,12
1915,5,20,25
1915,3,1,4
1915,5,1,6
1915,3,2,5
1915,8,2,10
1915,3,2,5
1915,8,2,10
1915,2,0,2
1915,8,4,12
1915,4,2,6
1915,6,5,11
1915,4,3,7
1915,9,2,11
1915,8,0,8
1915,6,3,9
1915,7,1,8
1915,3,2,5
1915,3,0,3
1915,6,1,7
1915,5,3,8
1915,3,0,3
1915,6,5,11
1915,8,5,13
1915,6,3,9
1915,4,1,5
1915,3,1,4
1915,3,1,4
1915,3,3,6
1915,6,2,8
1915,5,4,9
1915,3,0,3
1915,7,2,9
1915,5,3,8
1915,6,5,11
1915,9,5,14
1915,6,0,6
1915,6,2,8
1915,4,1,5
1915,5,4,9
1915,5,1,6
1915,3,2,5
1915,3,2,5
1915,7,3,10
1915,1,0,1
1915,1,0,1
1915,2,0,2
1915,4,2,6
1915,9,6,15
1915,3,2,5
1915,6,4,10
1915,4,0,4
1915,8,15,23
1915,4,3,7
1915,3,1,4
1915,2,1,3
1915,2,1,3
1915,2,1,3
1915,5,4,9
1916,2,1,3
1916,5,1,6
1916,4,0,4
1916,7,1,8
1916,6,1,7
1916,3,2,5
1916,5,4,9
1916,2,1,3
1916,8,2,10
1916,8,6,14
1916,8,3,11
1916,4,2,6
1916,2,0,2
1916,4,0,4
1916,7,2,9
1916,4,3,7
1916,5,3,8
1916,2,1,3
1916,4,2,6
1916,9,4,13
1916,2,0,2
1916,3,0,3
1916,3,1,4
1916,5,4,9
1916,6,1,7
1916,6,5,11
1916,6,1,7
1916,4,3,7
1916,1,0,1
1916,5,1,6
1916,6,5,11
1916,10,1,11
1916,3,1,4
1916,5,1,6
1916,4,2,6
1916,7,2,9
1916,4,3,7
1916,4,3,7
1916,4,2,6
1916,4,0,4
1916,3,2,5
1916,2,0,2
1916,7,3,10
1916,6,2,8
1916,2,1,3
1916,6,5,11
1916,8,0,8
1916,7,6,13
1916,2,1,3
1916,7,6,13
1916,7,1,8
1916,5,0,5
1916,4,12,16
1916,3,10,13
1916,3,2,5
1916,6,2,8
1916,3,1,4
1916,8,0,8
1916,11,1,12
1916,5,3,8
1916,8,7,15
1916,6,2,8
1916,1,1,2
1916,3,2,5
1916,3,0,3
1916,2,1,3
1916,3,2,5
1916,2,14,16
1916,5,2,7
1916,4,2,6
1916,4,0,4
1916,5,4,9
1916,8,2,10
1916,3,1,4
1916,3,11,14
1916,9,2,11
1916,4,3,7
1916,6,3,9
1916,5,3,8
1916,9,0,9
1916,6,3,9
1916,3,2,5
1916,3,2,5
1916,9,5,14
1916,5,3,8
1916,7,2,9
1916,4,2,6
1916,7,0,7
1916,2,1,3
1916,3,2,5
1916,5,3,8
1916,5,1,6
1916,6,5,11
1916,7,6,13
1916,5,2,7
1916,8,4,12
1916,5,4,9
1916,5,4,9
1916,4,2,6
1916,2,1,3
1916,3,1,4
1916,4,0,4
1916,8,7,15
1916,6,12,18
1916,6,2,8
1916,5,2,7
1916,3,0,3
1916,2,0,2
1916,8,5,13
1916,4,2,6
1916,5,3,8
1916,4,2,6
1916,3,0,3
1916,6,1,7
1916,2,1,3
1916,9,4,13
1916,5,4,9
1916,7,4,11
1916,3,0,3
1916,6,4,10
1916,3,2,5
1916,6,5,11
1916,3,0,3
1916,2,0,2
1916,2,0,2
1916,7,6,13
1916,7,6,13
1916,5,1,6
1916,4,2,6
1916,4,2,6
1916,8,4,12
1916,3,2,5
1916,5,4,9
1916,5,3,8
1916,9,7,16
1916,5,4,9
1916,3,2,5
1916,4,1,5
1916,7,6,13
1916,4,1,5
1916,2,1,3
1916,7,2,9
1916,5,2,7
1916,1,0,1
1916,2,1,3
1916,1,0,1
1916,4,0,4
1916,2,0,2
1916,2,1,3
1916,6,4,10
1916,3,1,4
1916,6,2,8
1916,4,2,6
1916,5,1,6
1916,8,5,13
1916,5,4,9
1916,2,16,18
1916,5,13,18
1916,5,10,15
1916,6,2,8
1916,11,10,21
1916,4,0,4
1916,5,2,7
1916,9,3,12
1916,7,1,8
1916,9,4,13
1916,1,0,1
1916,6,5,11
1916,3,1,4
1916,3,2,5
1916,2,1,3
1916,3,2,5
1916,3,2,5
1916,4,3,7
1916,2,0,2
1916,3,1,4
1916,9,4,13
1916,2,0,2
1916,8,6,14
1916,3,2,5
1916,5,4,9
1916,4,1,5
1916,3,2,5
1916,5,0,5
1916,4,2,6
1916,4,3,7
1916,5,3,8
1916,2,1,3
1916,3,2,5
1916,6,4,10
1916,4,3,7
1916,3,2,5
1916,3,2,5
1916,7,4,11
1916,6,4,10
1916,5,4,9
1916,8,7,15
1916,4,2,6
1916,6,5,11
1916,4,3,7
1916,5,4,9
1916,3,15,18
1916,7,2,9
1916,7,1,8
1916,7,4,11
1916,9,3,12
1916,6,4,10
1916,7,1,8
1916,4,3,7
1916,3,2,5
1916,5,1,6
1916,3,0,3
1916,3,0,3
1916,4,2,6
1916,5,1,6
1916,4,2,6
1916,3,2,5
1916,2,2,4
1916,1,0,1
1916,4,2,6
1916,5,4,9
1916,7,1,8
1916,3,1,4
1916,8,5,13
1916,6,1,7
1916,2,1,3
1916,11,0,11
1916,5,1,6
1916,4,1,5
1916,3,13,16
1916,4,2,6
1916,11,1,12
1916,4,3,7
1916,2,0,2
1916,2,1,3
1916,5,3,8
1916,9,5,14
1916,8,10,18
1916,8,5,13
1916,2,0,2
1916,8,3,11
1916,4,3,7
1916,6,0,6
1916,2,0,2
1916,4,0,4
1916,6,5,11
1916,6,1,7
1916,10,1,11
1916,5,4,9
1916,3,2,5
1916,5,4,9
1916,4,1,5
1916,5,2,7
1916,8,4,12
1916,7,5,12
1916,5,0,5
1916,3,3,6
1916,12,1,13
1916,5,4,9
1916,4,2,6
1916,2,1,3
1916,6,5,11
1916,1,0,1
1916,6,5,11
1916,2,1,3
1916,4,3,7
1916,2,1,3
1916,3,2,5
1916,3,1,4
1916,4,2,6
1916,8,3,11
1916,6,0,6
1916,5,3,8
1916,3,1,4
1916,2,0,2
1916,2,0,2
1916,3,2,5
1916,6,3,9
1916,4,0,4
1916,4,1,5
1916,3,0,3
1916,8,2,10
1916,6,17,23
1916,3,0,3
1916,3,2,5
1916,6,1,7
1916,5,5,10
1916,4,3,7
1916,8,2,10
1916,5,3,8
1916,1,0,1
1916,3,0,3
1916,5,1,6
1916,3,1,4
1916,9,8,17
1916,7,2,9
1916,1,0,1
1916,5,1,6
1916,2,10,12
1916,9,8,17
1916,5,4,9
1916,1,1,2
1916,10,1,11
1916,3,2,5
1916,5,1,6
1916,6,3,9
1916,7,4,11
1916,8,7,15
1916,9,5,14
1916,4,2,6
1916,5,2,7
1916,5,10,15
1916,1,0,1
1916,6,1,7
1916,2,1,3
1916,6,3,9
1916,5,0,5
1916,4,2,6
1916,8,4,12
1916,3,2,5
1916,6,5,11
1916,5,2,7
1916,2,1,3
1916,6,4,10
1916,3,2,5
1916,2,1,3
1916,3,2,5
1916,5,0,5
1916,2,11,13
1916,3,2,5
1916,7,4,11
1916,2,0,2
1916,3,2,5
1916,4,12,16
1916,9,3,12
1916,4,3,7
1916,4,3,7
1916,3,2,5
1916,1,0,1
1916,3,2,5
1916,5,0,5
1916,3,2,5
1916,3,2,5
1916,6,5,11
1916,7,4,11
1916,2,1,3
1916,3,0,3
1916,3,2,5
1916,8,2,10
1916,3,2,5
1916,6,5,11
1916,5,5,10
1916,7,4,11
1916,6,5,11
1916,3,2,5
1916,3,2,5
1916,2,1,3
1916,10,1,11
1916,1,0,1
1916,4,2,6
1916,5,0,5
1916,7,2,9
1916,4,1,5
1916,3,1,4
1916,3,0,3
1916,3,1,4
1916,8,6,14
1916,8,2,10
1916,2,1,3
1916,4,3,7
1916,3,1,4
1916,3,2,5
1916,2,11,13
1916,4,2,6
1916,5,2,7
1916,5,3,8
1916,5,3,8
1916,8,5,13
1916,4,3,7
1916,4,1,5
1916,6,2,8
1916,4,0,4
1916,3,2,5
1916,8,5,13
1916,2,1,3
1916,2,1,3
1916,2,1,3
1916,3,2,5
1916,5,1,6
1916,5,2,7
1916,2,1,3
1916,1,0,1
1916,2,0,2
1916,7,4,11
1916,4,3,7
1916,4,3,7
1916,5,0,5
1916,5,3,8
1916,7,3,10
1916,1,0,1
1916,5,2,7
1916,3,1,4
1916,5,2,7
1916,3,19,22
1916,8,2,10
1916,5,1,6
1916,3,2,5
1916,3,1,4
1916,7,6,13
1916,4,1,5
1916,7,4,11
1916,9,3,12
1916,2,1,3
1916,4,2,6
1916,1,0,1
1916,2,1,3
1916,6,10,16
1916,4,2,6
1916,2,0,2
1916,4,3,7
1916,3,2,5
1916,3,0,3
1916,5,4,9
1916,11,1,12
1916,2,1,3
1916,1,0,1
1916,5,0,5
1916,8,5,13
1916,4,3,7
1916,3,1,4
1916,4,2,6
1916,6,1,7
1916,8,4,12
1916,2,0,2
1916,1,0,1
1916,7,4,11
1916,2,1,3
1916,6,5,11
1916,5,1,6
1916,2,1,3
1916,8,7,15
1916,3,2,5
1916,7,3,10
1916,6,4,10
1916,5,4,9
1916,6,5,11
1916,7,6,13
1916,8,10,18
1916,2,1,3
1916,4,3,7
1916,4,2,6
1916,4,3,7
1916,5,2,7
1916,5,4,9
1916,4,3,7
1916,8,3,11
1916,2,1,3
1916,5,4,9
1916,8,2,10
1916,3,1,4
1916,8,5,13
1916,8,11,19
1916,2,1,3
1916,5,4,9
1916,2,0,2
1916,9,8,17
1916,5,1,6
1916,9,5,14
1916,3,1,4
1916,7,2,9
1916,1,0,1
1916,1,0,1
1916,4,10,14
1916,8,2,10
1916,4,2,6
1916,3,2,5
1916,3,0,3
1916,5,3,8
1916,5,2,7
1916,3,2,5
1916,3,2,5
1916,3,2,5
1916,9,6,15
1916,5,1,6
1916,4,3,7
1916,9,7,16
1916,5,3,8
1916,6,2,8
1916,2,1,3
1916,8,2,10
1916,7,0,7
1916,4,0,4
1916,5,2,7
1916,5,0,5
1916,3,2,5
1916,3,0,3
1916,6,2,8
1916,5,2,7
1916,3,2,5
1916,2,1,3
1916,4,3,7
1916,7,0,7
1916,5,3,8
1916,6,1,7
1916,7,4,11
1916,2,0,2
1916,6,0,6
1916,2,1,3
1916,5,4,9
1916,9,2,11
1916,5,4,9
1916,9,2,11
1916,4,3,7
1916,4,2,6
1916,1,0,1
1916,3,2,5
1916,6,1,7
1916,3,2,5
1916,5,1,6
1916,5,1,6
1916,3,2,5
1916,6,4,10
1916,6,1,7
1916,6,4,10
1916,3,2,5
1916,1,0,1
1916,2,1,3
1916,7,6,13
1916,6,2,8
1916,6,3,9
1916,7,6,13
1916,6,2,8
1916,2,11,13
1916,5,2,7
1916,5,0,5
1916,1,0,1
1916,8,3,11
1916,4,3,7
1916,1,0,1
1916,6,4,10
1916,2,1,3
1916,4,3,7
1916,4,1,5
1916,9,1,10
1916,6,5,11
1916,4,3,7
1916,9,4,13
1916,6,12,18
1916,2,1,3
1916,2,1,3
1916,1,0,1
1916,4,3,7
1916,4,3,7
1916,9,2,11
1916,5,2,7
1916,1,0,1
1916,5,0,5
1916,5,1,6
1916,3,1,4
1916,3,0,3
1916,2,1,3
1916,3,2,5
1916,6,4,10
1916,7,4,11
1916,2,1,3
1916,5,1,6
1916,3,0,3
1916,3,10,13
1916,8,6,14
1916,4,0,4
1916,3,0,3
1916,4,0,4
1916,6,3,9
1916,3,2,5
1916,7,1,8
1916,5,2,7
1916,5,3,8
1916,3,1,4
1916,2,1,3
1916,8,4,12
1916,8,2,10
1916,4,2,6
1916,8,3,11
1916,3,0,3
1916,3,2,5
1916,5,4,9
1916,4,3,7
1916,3,1,4
1916,2,1,3
1916,3,1,4
1916,6,2,8
1916,1,0,1
1916,1,0,1
1916,6,3,9
1916,8,3,11
1916,2,1,3
1916,6,5,11
1916,4,2,6
1916,6,5,11
1916,5,2,7
1916,7,4,11
1916,6,3,9
1916,7,3,10
1916,2,1,3
1916,7,0,7
1916,3,1,4
1916,6,3,9
1916,3,2,5
1916,6,2,8
1916,4,3,7
1916,3,0,3
1916,6,2,8
1916,4,3,7
1916,2,1,3
1916,4,17,21
1916,5,4,9
1916,9,2,11
1916,9,7,16
1916,4,1,5
1916,1,0,1
1916,4,0,4
1916,7,5,12
1916,5,0,5
1916,3,2,5
1916,7,7,14
1916,4,1,5
1916,4,2,6
1916,3,2,5
1916,3,2,5
1916,2,1,3
1916,9,6,15
1916,2,0,2
1916,3,2,5
1916,5,1,6
1916,7,5,12
1916,4,3,7
1916,4,4,8
1916,6,4,10
1916,4,0,4
1916,9,2,11
1916,3,2,5
1916,5,2,7
1916,3,2,5
1916,4,2,6
1916,9,5,14
1916,8,6,14
1916,5,0,5
1916,5,4,9
1916,5,12,17
1916,1,0,1
1916,2,1,3
1916,10,1,11
1916,6,3,9
1916,6,2,8
1916,3,2,5
1916,1,0,1
1916,6,0,6
1916,5,3,8
1916,4,2,6
1916,4,2,6
1916,2,0,2
1916,5,2,7
1916,4,3,7
1916,2,1,3
1916,2,1,3
1916,6,4,10
1916,7,2,9
1916,4,3,7
1916,7,5,12
1916,4,3,7
1916,1,0,1
1916,5,2,7
1916,4,2,6
1916,1,0,1
1916,7,1,8
1916,3,2,5
1916,6,4,10
1916,2,1,3
1916,8,3,11
1916,8,1,9
1916,5,2,7
1916,9,12,21
1916,2,1,3
1916,3,2,5
1916,9,1,10
1916,3,2,5
1916,8,13,21
1916,5,4,9
1916,6,5,11
1916,8,3,11
1916,3,2,5
1916,5,0,5
1916,1,0,1
1916,2,0,2
1916,3,2,5
1916,6,5,11
1916,4,2,6
1916,7,1,8
1916,5,2,7
1916,5,0,5
1916,5,1,6
1916,4,2,6
1916,2,2,4
1916,8,6,14
1916,7,6,13
1916,7,4,11
1916,4,3,7
1916,5,4,9
1916,3,2,5
1916,9,5,14
1916,2,1,3
1916,5,3,8
1916,3,2,5
1916,3,0,3
1916,3,2,5
1916,5,2,7
1916,8,6,14
1916,6,1,7
1916,3,2,5
1916,4,3,7
1916,8,5,13
1916,6,1,7
1916,6,4,10
1916,10,0,10
1916,8,10,18
1916,7,3,10
1916,4,3,7
1916,5,0,5
1916,5,2,7
1916,4,1,5
1916,3,1,4
1916,3,2,5
1916,10,1,11
1916,7,0,7
1916,2,1,3
1916,9,3,12
1916,2,1,3
1916,2,0,2
1916,8,3,11
1916,4,0,4
1916,4,3,7
1916,2,1,3
1916,4,3,7
1916,11,1,12
1916,6,0,6
1916,7,0,7
1916,7,0,7
1916,4,2,6
1916,4,2,6
1916,5,2,7
1916,1,0,1
1916,3,0,3
1916,3,2,5
1916,6,1,7
1916,6,2,8
1916,4,3,7
1916,2,0,2
1916,3,2,5
1916,3,2,5
1916,5,4,9
1916,5,3,8
1916,8,2,10
1916,3,0,3
1916,5,2,7
1916,6,2,8
1916,1,0,1
1916,7,2,9
1916,3,1,4
1916,5,3,8
1916,3,1,4
1916,2,1,3
1916,1,0,1
1916,4,10,14
1916,3,2,5
1916,2,0,2
1916,5,2,7
1916,3,2,5
1916,8,3,11
1916,5,2,7
1916,5,2,7
1916,6,2,8
1916,3,1,4
1916,6,1,7
1916,4,0,4
1916,7,1,8
1916,1,0,1
1916,4,3,7
1916,7,0,7
1916,3,12,15
1916,3,2,5
1916,3,2,5
1916,2,0,2
1916,4,1,5
1916,6,3,9
1916,2,1,3
1916,5,2,7
1916,4,2,6
1916,1,0,1
1916,2,0,2
1916,6,0,6
1916,7,1,8
1916,3,2,5
1916,4,2,6
1916,3,2,5
1916,5,3,8
1916,3,2,5
1916,6,4,10
1916,9,4,13
1916,9,0,9
1916,5,1,6
1916,2,0,2
1916,9,1,10
1916,6,0,6
1916,3,1,4
1916,5,3,8
1916,7,1,8
1916,3,0,3
1916,8,4,12
1916,1,0,1
1916,8,7,15
1916,4,1,5
1916,5,11,16
1916,3,2,5
1916,4,10,14
1916,1,0,1
1916,4,0,4
1916,2,1,3
1916,4,1,5
1916,2,1,3
1916,4,1,5
1916,2,0,2
1916,5,3,8
1916,2,0,2
1916,3,2,5
1916,5,4,9
1916,3,1,4
1916,2,1,3
1916,5,4,9
1916,5,4,9
1916,3,0,3
1916,9,3,12
1916,2,0,2
1916,7,3,10
1916,3,0,3
1916,11,0,11
1916,9,4,13
1916,4,3,7
1916,4,3,7
1916,9,8,17
1916,9,5,14
1916,2,1,3
1916,5,2,7
1916,6,3,9
1916,3,2,5
1916,4,3,7
1916,8,0,8
1916,7,4,11
1916,1,0,1
1916,4,1,5
1916,6,2,8
1916,1,0,1
1916,1,0,1
1916,2,1,3
1916,5,4,9
1916,2,1,3
1916,5,0,5
1916,5,3,8
1916,7,0,7
1916,1,0,1
1916,5,4,9
1916,4,3,7
1916,3,2,5
1916,5,1,6
1916,6,11,17
1916,8,4,12
1916,6,11,17
1916,8,1,9
1916,8,6,14
1916,3,0,3
1916,4,3,7
1916,4,3,7
1916,6,0,6
1916,4,3,7
1916,2,1,3
1916,2,1,3
1916,3,2,5
1916,6,1,7
1916,3,1,4
1916,6,2,8
1916,2,1,3
1916,1,0,1
1916,7,4,11
1916,5,3,8
1916,1,0,1
1916,4,3,7
1916,5,0,5
1916,4,0,4
1916,5,3,8
1916,2,1,3
1916,6,2,8
1916,7,1,8
1916,6,3,9
1916,2,1,3
1916,1,0,1
1916,4,1,5
1916,3,0,3
1916,9,4,13
1916,1,0,1
1916,7,6,13
1916,1,0,1
1916,6,2,8
1916,9,7,16
1916,6,0,6
1916,2,2,4
1916,7,3,10
1916,7,6,13
1916,5,4,9
1916,3,10,13
1916,2,1,3
1916,5,4,9
1916,4,2,6
1916,3,0,3
1916,5,1,6
1916,2,1,3
1916,5,4,9
1916,4,2,6
1916,6,5,11
1916,4,2,6
1916,10,1,11
1916,7,2,9
1916,8,3,11
1916,2,1,3
1916,1,0,1
1916,3,2,5
1916,5,2,7
1916,9,13,22
1916,2,10,12
1916,6,2,8
1916,6,5,11
1916,5,2,7
1916,2,1,3
1916,8,3,11
1916,1,0,1
1916,6,10,16
1916,5,0,5
1916,1,1,2
1916,4,3,7
1916,5,3,8
1916,5,1,6
1916,6,13,19
1916,5,1,6
1916,8,2,10
1916,5,2,7
1916,1,0,1
1916,5,1,6
1916,8,2,10
1916,4,0,4
1916,2,0,2
1916,5,3,8
1916,8,2,10
1916,8,3,11
1916,3,2,5
1916,9,1,10
1916,4,1,5
1916,9,2,11
1916,6,1,7
1916,9,5,14
1916,7,4,11
1916,4,0,4
1916,4,0,4
1916,2,0,2
1916,6,5,11
1916,5,2,7
1916,7,3,10
1916,1,0,1
1916,7,6,13
1916,4,1,5
1916,3,1,4
1916,2,1,3
1916,7,3,10
1916,7,1,8
1916,3,2,5
1916,8,1,9
1916,5,3,8
1916,3,1,4
1916,7,3,10
1916,3,0,3
1916,6,0,6
1916,6,3,9
1916,3,1,4
1916,4,1,5
1916,4,1,5
1916,5,5,10
1916,5,4,9
1916,2,1,3
1916,5,3,8
1916,4,1,5
1916,4,3,7
1916,7,2,9
1916,7,3,10
1916,5,4,9
1916,7,6,13
1916,4,2,6
1916,4,1,5
1916,7,6,13
1916,5,3,8
1916,1,0,1
1916,3,2,5
1916,8,3,11
1916,3,0,3
1916,8,10,18
1916,7,5,12
1916,8,11,19
1916,7,1,8
1916,4,3,7
1916,2,1,3
1916,3,10,13
1916,7,0,7
1916,2,0,2
1916,3,2,5
1916,2,1,3
1916,2,0,2
1916,3,1,4
1916,4,2,6
1916,3,2,5
1916,5,2,7
1916,5,2,7
1916,7,1,8
1916,2,0,2
1916,4,3,7
1916,4,3,7
1916,6,1,7
1916,2,1,3
1916,5,2,7
1916,3,2,5
1916,6,3,9
1916,4,2,6
1916,2,0,2
1916,5,3,8
1916,6,5,11
1916,4,1,5
1916,2,0,2
1916,5,4,9
1916,5,1,6
1916,3,2,5
1916,6,2,8
1916,4,0,4
1916,3,2,5
1916,3,0,3
1916,9,3,12
1916,8,2,10
1916,6,1,7
1916,5,0,5
1916,5,4,9
1916,8,12,20
1916,3,1,4
1916,3,0,3
1916,4,1,5
1916,4,0,4
1916,3,0,3
1916,2,0,2
1916,6,3,9
1916,1,0,1
1916,2,1,3
1916,4,3,7
1916,5,2,7
1916,8,7,15
1916,8,2,10
1916,7,2,9
1916,5,1,6
1916,5,2,7
1916,9,1,10
1916,9,4,13
1916,4,2,6
1916,6,0,6
1916,2,1,3
1916,1,0,1
1916,3,3,6
1916,5,3,8
1916,2,10,12
1916,3,2,5
1916,4,3,7
1916,4,3,7
1916,6,3,9
1916,7,3,10
1916,6,11,17
1916,9,8,17
1916,8,4,12
1916,4,1,5
1916,3,0,3
1916,6,4,10
1916,7,4,11
1916,5,4,9
1916,3,2,5
1916,2,0,2
1916,7,5,12
1916,9,1,10
1916,4,2,6
1916,3,1,4
1916,5,3,8
1916,6,1,7
1916,8,1,9
1916,3,2,5
1916,3,2,5
1916,4,2,6
1916,8,3,11
1916,4,3,7
1916,1,1,2
1916,7,1,8
1916,6,4,10
1916,4,3,7
1916,4,3,7
1916,8,2,10
1916,4,3,7
1916,6,3,9
1916,6,0,6
1916,2,1,3
1916,6,2,8
1916,9,7,16
1916,6,5,11
1916,1,0,1
1916,4,1,5
1916,2,1,3
1916,2,0,2
1916,4,3,7
1916,2,0,2
1916,2,0,2
1916,1,1,2
1916,6,1,7
1916,1,0,1
1916,3,1,4
1916,6,3,9
1916,5,4,9
1916,9,6,15
1916,3,1,4
1916,9,2,11
1916,5,1,6
1916,2,0,2
1916,4,3,7
1916,4,2,6
1916,4,12,16
1916,8,7,15
1916,3,2,5
1916,4,3,7
1916,4,2,6
1916,7,0,7
1916,3,2,5
1916,7,3,10
1916,6,3,9
1916,5,4,9
1916,8,0,8
1916,3,2,5
1916,2,10,12
1916,4,0,4
1916,8,3,11
1916,5,4,9
1916,11,1,12
1916,8,5,13
1916,6,3,9
1916,4,1,5
1916,6,5,11
1916,5,0,5
1916,7,4,11
1916,6,3,9
1916,3,1,4
1916,4,1,5
1916,4,2,6
1916,1,1,2
1916,7,2,9
1916,5,3,8
1916,6,3,9
1916,6,1,7
1916,3,0,3
1916,7,3,10
1916,4,0,4
1916,4,2,6
1916,2,1,3
1916,5,3,8
1916,6,5,11
1916,2,0,2
1916,3,2,5
1916,7,4,11
1916,4,2,6
1916,5,0,5
1916,3,2,5
1916,5,1,6
1916,2,0,2
1916,8,5,13
1916,1,0,1
1916,6,2,8
1916,4,0,4
1916,4,1,5
1916,3,0,3
1916,2,1,3
1916,6,1,7
1916,3,2,5
1916,3,2,5
1916,2,0,2
1916,1,0,1
1916,3,2,5
1916,3,13,16
1916,4,2,6
1916,8,4,12
1916,2,0,2
1916,6,0,6
1916,4,1,5
1916,3,0,3
1916,4,1,5
1916,1,0,1
1916,7,2,9
1916,6,1,7
1916,8,4,12
1916,7,2,9
1916,7,3,10
1916,4,0,4
1916,8,3,11
1916,8,6,14
1916,9,10,19
1916,5,4,9
1916,5,3,8
1916,7,10,17
1916,6,3,9
1916,4,0,4
1916,2,0,2
1916,8,4,12
1916,6,3,9
1916,4,2,6
1916,2,0,2
1916,5,1,6
1916,2,0,2
1916,4,1,5
1916,5,3,8
1916,7,5,12
1916,9,6,15
1916,9,9,18
1916,6,3,9
1916,6,1,7
1916,7,3,10
1916,4,3,7
1916,5,1,6
1916,7,5,12
1916,7,5,12
1916,4,1,5
1916,6,5,11
1916,2,1,3
1916,4,3,7
1916,6,2,8
1916,4,1,5
1917,6,5,11
1917,5,3,8
1917,3,1,4
1917,6,4,10
1917,3,10,13
1917,3,0,3
1917,7,2,9
1917,6,4,10
1917,2,0,2
1917,1,0,1
1917,2,1,3
1917,6,1,7
1917,6,2,8
1917,6,1,7
1917,3,2,5
1917,4,3,7
1917,3,11,14
1917,6,2,8
1917,4,2,6
1917,2,1,3
1917,3,2,5
1917,7,2,9
1917,4,16,20
1917,11,0,11
1917,5,3,8
1917,5,2,7
1917,6,2,8
1917,4,0,4
1917,5,0,5
1917,3,1,4
1917,5,1,6
1917,8,4,12
1917,4,0,4
1917,6,1,7
1917,8,3,11
1917,3,2,5
1917,4,2,6
1917,2,1,3
1917,3,1,4
1917,4,0,4
1917,4,3,7
1917,9,2,11
1917,7,5,12
1917,7,5,12
1917,2,0,2
1917,3,2,5
1917,9,2,11
1917,7,3,10
1917,4,2,6
1917,6,2,8
1917,8,7,15
1917,3,2,5
1917,4,3,7
1917,3,10,13
1917,4,1,5
1917,5,2,7
1917,7,4,11
1917,4,2,6
1917,4,3,7
1917,6,1,7
1917,7,6,13
1917,6,4,10
1917,6,4,10
1917,2,0,2
1917,5,4,9
1917,2,0,2
1917,4,1,5
1917,2,1,3
1917,3,2,5
1917,6,11,17
1917,3,2,5
1917,7,4,11
1917,4,3,7
1917,4,1,5
1917,9,6,15
1917,4,10,14
1917,3,1,4
1917,2,0,2
1917,4,3,7
1917,2,1,3
1917,1,0,1
1917,8,4,12
1917,7,2,9
1917,8,2,10
1917,2,1,3
1917,8,5,13
1917,5,4,9
1917,6,6,12
1917,4,1,5
1917,4,2,6
1917,4,2,6
1917,9,8,17
1917,8,10,18
1917,3,0,3
1917,6,4,10
1917,2,1,3
1917,2,1,3
1917,5,1,6
1917,5,3,8
1917,7,1,8
1917,2,0,2
1917,2,1,3
1917,10,1,11
1917,1,0,1
1917,2,1,3
1917,2,0,2
1917,3,0,3
1917,3,0,3
1917,6,5,11
1917,6,5,11
1917,6,3,9
1917,4,2,6
1917,3,2,5
1917,4,3,7
1917,9,0,9
1917,3,2,5
1917,1,0,1
1917,8,3,11
1917,2,2,4
1917,2,1,3
1917,4,0,4
1917,2,0,2
1917,2,0,2
1917,2,0,2
1917,3,10,13
1917,2,1,3
1917,4,1,5
1917,7,2,9
1917,4,3,7
1917,3,1,4
1917,3,1,4
1917,3,11,14
1917,7,4,11
1917,1,0,1
1917,3,2,5
1917,4,0,4
1917,8,4,12
1917,3,0,3
1917,7,0,7
1917,4,1,5
1917,4,3,7
1917,2,1,3
1917,9,4,13
1917,1,0,1
1917,2,1,3
1917,5,2,7
1917,5,1,6
1917,4,2,6
1917,4,3,7
1917,9,7,16
1917,7,3,10
1917,4,1,5
1917,9,1,10
1917,4,2,6
1917,4,1,5
1917,4,3,7
1917,3,1,4
1917,4,11,15
1917,1,0,1
1917,4,3,7
1917,3,1,4
1917,5,2,7
1917,1,0,1
1917,2,1,3
1917,8,6,14
1917,3,2,5
1917,6,1,7
1917,4,3,7
1917,2,1,3
1917,9,2,11
1917,4,0,4
1917,1,0,1
1917,1,0,1
1917,2,1,3
1917,4,1,5
1917,8,0,8
1917,6,3,9
1917,3,1,4
1917,4,0,4
1917,1,0,1
1917,2,0,2
1917,2,1,3
1917,8,1,9
1917,3,2,5
1917,6,0,6
1917,6,2,8
1917,7,6,13
1917,3,2,5
1917,3,1,4
1917,3,2,5
1917,6,2,8
1917,6,2,8
1917,8,1,9
1917,11,0,11
1917,6,5,11
1917,5,11,16
1917,5,4,9
1917,8,2,10
1917,7,4,11
1917,8,0,8
1917,3,2,5
1917,5,1,6
1917,5,1,6
1917,4,12,16
1917,5,2,7
1917,13,10,23
1917,2,1,3
1917,7,0,7
1917,7,1,8
1917,4,2,6
1917,2,10,12
1917,8,6,14
1917,7,3,10
1917,4,1,5
1917,4,1,5
1917,8,2,10
1917,7,3,10
1917,8,1,9
1917,3,1,4
1917,8,2,10
1917,6,1,7
1917,5,1,6
1917,8,2,10
1917,5,3,8
1917,9,9,18
1917,5,4,9
1917,5,4,9
1917,9,6,15
1917,2,1,3
1917,3,1,4
1917,5,2,7
1917,1,0,1
1917,4,3,7
1917,6,2,8
1917,2,1,3
1917,4,3,7
1917,4,3,7
1917,3,1,4
1917,3,1,4
1917,2,0,2
1917,8,6,14
1917,2,1,3
1917,5,3,8
1917,5,1,6
1917,8,2,10
1917,6,0,6
1917,9,7,16
1917,1,0,1
1917,2,0,2
1917,3,2,5
1917,4,3,7
1917,9,19,28
1917,4,3,7
1917,4,3,7
1917,4,2,6
1917,5,1,6
1917,6,5,11
1917,6,10,16
1917,6,1,7
1917,5,2,7
1917,3,0,3
1917,4,1,5
1917,6,1,7
1917,1,1,2
1917,4,3,7
1917,8,11,19
1917,4,1,5
1917,7,4,11
1917,7,11,18
1917,4,1,5
1917,7,3,10
1917,1,1,2
1917,4,2,6
1917,7,4,11
1917,1,0,1
1917,4,0,4
1917,4,3,7
1917,2,1,3
1917,9,0,9
1917,4,0,4
1917,2,0,2
1917,8,1,9
1917,4,2,6
1917,4,1,5
1917,5,1,6
1917,3,2,5
1917,5,1,6
1917,6,0,6
1917,2,0,2
1917,6,5,11
1917,2,1,3
1917,4,3,7
1917,3,2,5
1917,5,1,6
1917,4,2,6
1917,2,0,2
1917,3,2,5
1917,3,0,3
1917,5,4,9
1917,9,1,10
1917,2,1,3
1917,4,2,6
1917,5,0,5
1917,4,3,7
1917,4,3,7
1917,8,4,12
1917,4,0,4
1917,9,1,10
1917,5,1,6
1917,2,0,2
1917,5,2,7
1917,6,5,11
1917,5,4,9
1917,3,1,4
1917,2,1,3
1917,4,2,6
1917,5,2,7
1917,6,5,11
1917,4,2,6
1917,5,1,6
1917,5,3,8
1917,7,4,11
1917,4,11,15
1917,6,5,11
1917,5,1,6
1917,6,4,10
1917,6,3,9
1917,3,2,5
1917,6,2,8
1917,3,0,3
1917,4,0,4
1917,6,3,9
1917,6,1,7
1917,6,11,17
1917,8,7,15
1917,3,0,3
1917,10,1,11
1917,5,3,8
1917,9,4,13
1917,1,0,1
1917,7,4,11
1917,1,0,1
1917,2,1,3
1917,7,4,11
1917,2,11,13
1917,5,4,9
1917,9,1,10
1917,4,11,15
1917,1,0,1
1917,4,0,4
1917,2,1,3
1917,2,0,2
1917,2,1,3
1917,6,5,11
1917,5,4,9
1917,6,5,11
1917,4,3,7
1917,4,10,14
1917,4,1,5
1917,8,2,10
1917,3,2,5
1917,2,0,2
1917,5,4,9
1917,6,10,16
1917,2,0,2
1917,4,3,7
1917,3,2,5
1917,5,4,9
1917,4,0,4
1917,2,2,4
1917,2,0,2
1917,7,2,9
1917,3,2,5
1917,7,6,13
1917,4,2,6
1917,7,3,10
1917,7,5,12
1917,1,1,2
1917,3,0,3
1917,5,3,8
1917,6,5,11
1917,2,0,2
1917,5,4,9
1917,8,0,8
1917,6,3,9
1917,8,12,20
1917,5,1,6
1917,3,2,5
1917,3,2,5
1917,4,3,7
1917,7,2,9
1917,7,4,11
1917,2,1,3
1917,8,4,12
1917,4,0,4
1917,7,4,11
1917,4,1,5
1917,7,5,12
1917,3,2,5
1917,5,3,8
1917,5,4,9
1917,9,5,14
1917,2,1,3
1917,7,1,8
1917,6,4,10
1917,8,7,15
1917,4,2,6
1917,1,0,1
1917,4,0,4
1917,1,0,1
1917,3,1,4
1917,2,1,3
1917,6,2,8
1917,5,12,17
1917,7,3,10
1917,3,0,3
1917,7,4,11
1917,1,0,1
1917,3,2,5
1917,5,4,9
1917,3,2,5
1917,3,2,5
1917,3,1,4
1917,7,3,10
1917,9,2,11
1917,4,4,8
1917,5,3,8
1917,4,0,4
1917,1,0,1
1917,5,4,9
1917,5,4,9
1917,4,2,6
1917,4,12,16
1917,7,1,8
1917,3,0,3
1917,5,3,8
1917,4,1,5
1917,9,3,12
1917,3,2,5
1917,2,1,3
1917,5,3,8
1917,4,3,7
1917,5,2,7
1917,6,5,11
1917,4,0,4
1917,5,0,5
1917,3,0,3
1917,7,5,12
1917,2,1,3
1917,4,10,14
1917,2,1,3
1917,8,2,10
1917,2,0,2
1917,6,4,10
1917,5,1,6
1917,1,0,1
1917,2,1,3
1917,4,2,6
1917,4,2,6
1917,4,15,19
1917,4,0,4
1917,4,3,7
1917,3,2,5
1917,4,2,6
1917,9,6,15
1917,1,0,1
1917,7,5,12
1917,2,0,2
1917,3,2,5
1917,6,5,11
1917,7,3,10
1917,9,2,11
1917,4,3,7
1917,5,2,7
1917,6,2,8
1917,7,6,13
1917,4,3,7
1917,6,5,11
1917,6,5,11
1917,6,5,11
1917,8,6,14
1917,7,6,13
1917,7,3,10
1917,5,2,7
1917,3,2,5
1917,5,4,9
1917,3,1,4
1917,4,2,6
1917,6,5,11
1917,4,2,6
1917,6,3,9
1917,3,2,5
1917,5,0,5
1917,5,3,8
1917,1,0,1
1917,6,5,11
1917,5,1,6
1917,3,2,5
1917,4,3,7
1917,6,2,8
1917,4,1,5
1917,2,1,3
1917,9,2,11
1917,3,1,4
1917,2,1,3
1917,13,0,13
1917,4,3,7
1917,1,0,1
1917,19,1,20
1917,9,2,11
1917,6,2,8
1917,9,8,17
1917,6,0,6
1917,11,1,12
1917,8,2,10
1917,6,14,20
1917,8,5,13
1917,5,4,9
1917,4,3,7
1917,6,5,11
1917,3,2,5
1917,4,0,4
1917,4,1,5
1917,5,1,6
1917,5,4,9
1917,5,0,5
1917,9,15,24
1917,4,4,8
1917,7,3,10
1917,8,5,13
1917,4,3,7
1917,6,1,7
1917,6,0,6
1917,6,4,10
1917,5,4,9
1917,3,0,3
1917,6,1,7
1917,3,1,4
1917,5,1,6
1917,8,6,14
1917,5,4,9
1917,6,3,9
1917,6,2,8
1917,9,2,11
1917,8,0,8
1917,2,0,2
1917,13,10,23
1917,4,3,7
1917,4,3,7
1917,6,4,10
1917,5,4,9
1917,5,3,8
1917,4,2,6
1917,4,3,7
1917,4,1,5
1917,2,0,2
1917,5,2,7
1917,4,3,7
1917,4,2,6
1917,6,3,9
1917,6,11,17
1917,2,1,3
1917,5,4,9
1917,3,0,3
1917,9,6,15
1917,5,3,8
1917,4,1,5
1917,3,1,4
1917,4,2,6
1917,4,1,5
1917,2,1,3
1917,8,5,13
1917,6,12,18
1917,5,4,9
1917,2,1,3
1917,3,0,3
1917,4,2,6
1917,3,1,4
1917,4,3,7
1917,4,1,5
1917,4,1,5
1917,1,0,1
1917,8,4,12
1917,1,0,1
1917,5,10,15
1917,8,2,10
1917,4,0,4
1917,5,2,7
1917,4,3,7
1917,8,1,9
1917,2,10,12
1917,3,2,5
1917,2,1,3
1917,1,0,1
1917,4,1,5
1917,5,10,15
1917,7,3,10
1917,5,4,9
1917,7,5,12
1917,3,0,3
1917,1,0,1
1917,5,13,18
1917,2,1,3
1917,7,5,12
1917,6,3,9
1917,2,1,3
1917,5,3,8
1917,7,0,7
1917,5,0,5
1917,2,1,3
1917,5,1,6
1917,5,2,7
1917,4,0,4
1917,2,1,3
1917,7,6,13
1917,6,5,11
1917,1,0,1
1917,4,3,7
1917,7,0,7
1917,1,0,1
1917,2,1,3
1917,5,3,8
1917,1,0,1
1917,3,2,5
1917,3,2,5
1917,4,1,5
1917,7,5,12
1917,3,0,3
1917,4,1,5
1917,8,0,8
1917,7,4,11
1917,3,2,5
1917,3,3,6
1917,6,5,11
1917,4,0,4
1917,8,2,10
1917,7,2,9
1917,4,2,6
1917,6,3,9
1917,3,1,4
1917,8,7,15
1917,7,2,9
1917,3,2,5
1917,4,2,6
1917,1,0,1
1917,2,0,2
1917,2,1,3
1917,6,10,16
1917,5,0,5
1917,3,2,5
1917,2,1,3
1917,9,2,11
1917,3,1,4
1917,6,1,7
1917,3,1,4
1917,3,2,5
1917,5,1,6
1917,8,6,14
1917,3,2,5
1917,4,0,4
1917,7,4,11
1917,7,12,19
1917,4,1,5
1917,4,3,7
1917,4,2,6
1917,3,1,4
1917,1,0,1
1917,6,1,7
1917,3,2,5
1917,2,0,2
1917,4,2,6
1917,4,2,6
1917,5,0,5
1917,5,2,7
1917,6,2,8
1917,3,1,4
1917,4,0,4
1917,4,3,7
1917,5,2,7
1917,6,2,8
1917,9,1,10
1917,2,1,3
1917,5,5,10
1917,2,1,3
1917,4,3,7
1917,2,11,13
1917,4,3,7
1917,7,5,12
1917,5,3,8
1917,5,0,5
1917,2,0,2
1917,6,20,26
1917,7,5,12
1917,4,0,4
1917,5,0,5
1917,5,2,7
1917,3,2,5
1917,5,3,8
1917,1,0,1
1917,5,3,8
1917,6,5,11
1917,3,0,3
1917,6,2,8
1917,3,0,3
1917,2,1,3
1917,5,4,9
1917,4,1,5
1917,5,1,6
1917,8,3,11
1917,4,3,7
1917,2,11,13
1917,8,3,11
1917,7,1,8
1917,5,2,7
1917,6,5,11
1917,6,2,8
1917,4,2,6
1917,4,1,5
1917,5,1,6
1917,2,0,2
1917,2,1,3
1917,5,2,7
1917,3,1,4
1917,6,4,10
1917,9,5,14
1917,3,11,14
1917,5,1,6
1917,4,3,7
1917,3,2,5
1917,5,2,7
1917,3,2,5
1917,3,2,5
1917,6,5,11
1917,6,3,9
1917,5,4,9
1917,4,3,7
1917,5,3,8
1917,5,4,9
1917,6,2,8
1917,4,2,6
1917,5,4,9
1917,5,4,9
1917,6,5,11
1917,1,0,1
1917,9,5,14
1917,3,1,4
1917,3,1,4
1917,3,1,4
1917,7,3,10
1917,3,2,5
1917,6,1,7
1917,4,3,7
1917,3,2,5
1917,4,16,20
1917,5,2,7
1917,9,6,15
1917,8,1,9
1917,4,2,6
1917,4,1,5
1917,8,5,13
1917,7,11,18
1917,9,3,12
1917,6,0,6
1917,4,2,6
1917,8,4,12
1917,4,0,4
1917,6,2,8
1917,6,5,11
1917,3,1,4
1917,2,1,3
1917,5,4,9
1917,7,1,8
1917,6,4,10
1917,4,3,7
1917,6,2,8
1917,3,0,3
1917,3,1,4
1917,5,4,9
1917,7,3,10
1917,6,0,6
1917,4,2,6
1917,2,1,3
1917,2,0,2
1917,2,10,12
1917,3,10,13
1917,4,0,4
1917,5,4,9
1917,3,2,5
1917,5,4,9
1917,3,2,5
1917,5,1,6
1917,4,1,5
1917,3,0,3
1917,7,3,10
1917,4,3,7
1917,6,3,9
1917,3,0,3
1917,5,3,8
1917,6,2,8
1917,7,2,9
1917,9,2,11
1917,4,1,5
1917,2,0,2
1917,3,2,5
1917,5,3,8
1917,5,4,9
1917,1,0,1
1917,1,0,1
1917,8,6,14
1917,4,2,6
1917,7,1,8
1917,8,1,9
1917,3,2,5
1917,6,2,8
1917,2,0,2
1917,2,0,2
1917,3,0,3
1917,8,2,10
1917,2,1,3
1917,6,5,11
1917,4,2,6
1917,2,0,2
1917,5,3,8
1917,5,2,7
1917,2,0,2
1917,5,1,6
1917,4,1,5
1917,3,2,5
1917,5,4,9
1917,5,1,6
1917,5,4,9
1917,7,0,7
1917,8,7,15
1917,7,0,7
1917,1,0,1
1917,7,4,11
1917,4,0,4
1917,7,2,9
1917,5,0,5
1917,4,3,7
1917,5,4,9
1917,4,1,5
1917,8,2,10
1917,4,1,5
1917,4,3,7
1917,3,2,5
1917,3,1,4
1917,3,2,5
1917,3,2,5
1917,4,3,7
1917,8,0,8
1917,7,0,7
1917,7,6,13
1917,3,0,3
1917,7,3,10
1917,5,10,15
1917,7,6,13
1917,4,3,7
1917,2,1,3
1917,5,1,6
1917,6,5,11
1917,9,5,14
1917,2,1,3
1917,2,0,2
1917,3,2,5
1917,4,2,6
1917,6,4,10
1917,5,4,9
1917,3,1,4
1917,3,1,4
1917,1,0,1
1917,10,1,11
1917,3,0,3
1917,5,4,9
1917,3,2,5
1917,7,1,8
1917,4,2,6
1917,3,2,5
1917,3,2,5
1917,4,1,5
1917,5,3,8
1917,5,3,8
1917,3,0,3
1917,9,7,16
1917,3,1,4
1917,9,6,15
1917,5,2,7
1917,3,0,3
1917,7,3,10
1917,4,1,5
1917,5,2,7
1917,9,2,11
1917,4,2,6
1917,2,0,2
1917,5,4,9
1917,2,1,3
1917,9,1,10
1917,5,2,7
1917,4,1,5
1917,5,4,9
1917,3,2,5
1917,7,1,8
1917,6,14,20
1917,7,2,9
1917,5,0,5
1917,4,1,5
1917,1,0,1
1917,7,6,13
1917,7,0,7
1917,3,1,4
1917,5,4,9
1917,3,2,5
1917,4,2,6
1917,4,1,5
1917,3,3,6
1917,1,0,1
1917,2,0,2
1917,3,16,19
1917,3,1,4
1917,7,5,12
1917,6,0,6
1917,4,2,6
1917,6,5,11
1917,6,1,7
1917,5,1,6
1917,6,5,11
1917,2,0,2
1917,3,0,3
1917,5,0,5
1917,2,1,3
1917,9,4,13
1917,7,5,12
1917,2,1,3
1917,6,0,6
1917,4,2,6
1917,7,3,10
1917,4,2,6
1917,1,0,1
1917,8,4,12
1917,3,1,4
1917,2,12,14
1917,6,5,11
1917,7,6,13
1917,12,0,12
1917,4,0,4
1917,2,0,2
1917,4,1,5
1917,3,0,3
1917,4,2,6
1917,6,1,7
1917,2,1,3
1917,4,3,7
1917,3,1,4
1917,3,2,5
1917,8,3,11
1917,2,1,3
1917,6,3,9
1917,6,5,11
1917,9,5,14
1917,7,1,8
1917,4,2,6
1917,3,0,3
1917,9,11,20
1917,5,1,6
1917,1,0,1
1917,6,4,10
1917,8,0,8
1917,2,0,2
1917,9,1,10
1917,4,3,7
1917,7,3,10
1917,6,5,11
1917,2,1,3
1917,2,1,3
1917,5,4,9
1917,6,0,6
1917,11,1,12
1917,15,1,16
1917,6,5,11
1917,5,3,8
1917,1,1,2
1917,8,4,12
1917,4,3,7
1917,4,3,7
1917,3,0,3
1917,5,3,8
1917,6,2,8
1917,5,4,9
1917,1,1,2
1917,8,2,10
1917,8,8,16
1917,1,0,1
1917,4,1,5
1917,6,3,9
1917,4,3,7
1917,2,0,2
1917,1,0,1
1917,6,1,7
1917,3,2,5
1917,6,3,9
1917,2,1,3
1917,3,1,4
1917,3,2,5
1917,1,0,1
1917,1,0,1
1917,7,2,9
1917,6,5,11
1917,8,7,15
1917,7,4,11
1917,5,1,6
1917,4,2,6
1917,1,0,1
1917,4,1,5
1917,5,0,5
1917,9,3,12
1917,7,5,12
1917,8,14,22
1917,9,3,12
1917,7,6,13
1917,7,0,7
1917,6,2,8
1917,7,4,11
1917,9,2,11
1917,8,0,8
1917,5,3,8
1917,6,5,11
1917,2,0,2
1917,4,2,6
1917,7,3,10
1917,5,12,17
1917,3,1,4
1917,2,1,3
1917,5,4,9
1917,6,13,19
1917,8,1,9
1917,2,1,3
1917,9,4,13
1917,3,2,5
1917,5,1,6
1917,2,1,3
1917,4,1,5
1917,3,0,3
1917,4,3,7
1917,5,2,7
1917,7,0,7
1917,3,1,4
1917,5,2,7
1917,5,0,5
1917,8,2,10
1917,4,1,5
1917,2,1,3
1917,5,0,5
1917,2,1,3
1917,6,0,6
1917,4,1,5
1917,4,3,7
1917,5,3,8
1917,2,0,2
1917,6,2,8
1917,1,0,1
1917,2,0,2
1917,3,0,3
1917,3,3,6
1917,1,0,1
1917,6,3,9
1917,2,0,2
1917,7,0,7
1917,6,2,8
1917,5,2,7
1917,2,12,14
1917,6,13,19
1917,2,1,3
1917,10,1,11
1917,5,1,6
1917,2,1,3
1917,2,1,3
1917,4,3,7
1917,3,1,4
1917,5,1,6
1917,6,5,11
1917,5,1,6
1917,1,0,1
1917,3,2,5
1917,2,1,3
1917,1,0,1
1917,4,1,5
1917,3,0,3
1917,5,2,7
1917,4,3,7
1917,6,3,9
1917,6,4,10
1917,8,2,10
1917,4,3,7
1917,9,0,9
1917,2,1,3
1917,7,1,8
1917,2,1,3
1917,1,1,2
1917,7,0,7
1917,2,1,3
1917,7,13,20
1917,1,0,1
1917,7,3,10
1917,2,1,3
1917,2,1,3
1917,5,0,5
1917,7,3,10
1917,6,5,11
1917,6,1,7
1917,2,1,3
1917,5,1,6
1917,4,1,5
1917,7,6,13
1917,4,3,7
1917,2,1,3
1917,8,3,11
1917,5,4,9
1917,5,0,5
1917,4,0,4
1917,4,3,7
1917,6,0,6
1917,4,2,6
1917,3,2,5
1917,8,4,12
1917,5,0,5
1917,4,1,5
1917,6,1,7
1917,4,1,5
1917,4,0,4
1917,1,0,1
1917,5,4,9
1917,6,1,7
1917,5,3,8
1917,1,0,1
1917,2,0,2
1917,4,12,16
1917,9,3,12
1917,5,2,7
1917,1,0,1
1917,4,3,7
1917,2,0,2
1917,2,1,3
1917,2,1,3
1917,6,4,10
1917,6,4,10
1917,1,0,1
1917,6,2,8
1917,5,3,8
1917,9,9,18
1917,4,2,6
1917,2,1,3
1917,4,2,6
1917,9,6,15
1917,5,3,8
1917,3,1,4
1917,7,1,8
1917,4,1,5
1917,2,1,3
1917,4,1,5
1917,4,2,6
1917,4,2,6
1917,3,0,3
1917,3,0,3
1917,2,1,3
1917,2,1,3
1917,1,0,1
1917,4,0,4
1917,4,1,5
1917,4,11,15
1917,5,2,7
1917,8,0,8
1917,5,11,16
1917,7,1,8
1917,3,0,3
1917,4,2,6
1917,2,2,4
1917,5,4,9
1917,2,0,2
1917,2,1,3
1917,8,3,11
1917,2,0,2
1917,4,3,7
1917,3,1,4
1917,13,0,13
1917,3,3,6
1917,4,2,6
1917,4,2,6
1917,3,0,3
1917,5,3,8
1917,7,5,12
1917,2,0,2
1917,1,0,1
1917,1,0,1
1917,3,0,3
1917,5,1,6
1917,4,0,4
1917,5,0,5
1917,2,1,3
1917,5,4,9
1917,6,4,10
1917,6,5,11
1917,2,10,12
1917,6,1,7
1917,2,1,3
1917,6,1,7
1917,3,1,4
1917,3,1,4
1917,5,13,18
1917,11,0,11
1917,8,5,13
1917,4,2,6
1917,8,12,20
1917,3,1,4
1917,8,4,12
1917,12,11,23
1917,3,2,5
1917,7,3,10
1917,7,2,9
1917,2,11,13
1917,4,3,7
1917,9,2,11
1917,9,5,14
1917,4,0,4
1917,2,1,3
1917,2,11,13
1917,6,10,16
1917,4,2,6
1917,2,0,2
1917,9,7,16
1917,2,1,3
1917,6,2,8
1917,3,2,5
1917,5,2,7
1917,8,2,10
1917,6,0,6
1917,9,3,12
1917,3,1,4
1917,3,1,4
1917,3,2,5
1917,11,1,12
1917,6,0,6
1917,5,4,9
1917,5,1,6
1917,4,2,6
1917,2,1,3
1917,7,2,9
1917,2,0,2
1917,5,0,5
1917,8,5,13
1917,4,2,6
1918,7,1,8
1918,6,3,9
1918,1,0,1
1918,6,1,7
1918,2,0,2
1918,6,4,10
1918,5,2,7
1918,4,2,6
1918,7,6,13
1918,5,4,9
1918,8,1,9
1918,2,0,2
1918,2,14,16
1918,8,7,15
1918,5,0,5
1918,7,6,13
1918,6,2,8
1918,6,4,10
1918,2,1,3
1918,9,5,14
1918,7,5,12
1918,4,3,7
1918,1,0,1
1918,4,3,7
1918,3,1,4
1918,5,0,5
1918,9,2,11
1918,9,1,10
1918,7,11,18
1918,4,11,15
1918,7,3,10
1918,3,2,5
1918,8,1,9
1918,4,2,6
1918,3,0,3
1918,5,1,6
1918,5,1,6
1918,1,0,1
1918,3,2,5
1918,8,2,10
1918,9,2,11
1918,7,2,9
1918,6,5,11
1918,5,0,5
1918,6,2,8
1918,4,1,5
1918,2,0,2
1918,5,2,7
1918,5,4,9
1918,3,0,3
1918,6,5,11
1918,6,5,11
1918,3,2,5
1918,8,4,12
1918,7,5,12
1918,6,1,7
1918,1,0,1
1918,5,11,16
1918,3,0,3
1918,3,2,5
1918,9,4,13
1918,2,1,3
1918,7,1,8
1918,6,2,8
1918,5,3,8
1918,4,1,5
1918,5,4,9
1918,3,2,5
1918,2,1,3
1918,4,1,5
1918,4,2,6
1918,4,2,6
1918,2,1,3
1918,8,4,12
1918,6,0,6
1918,3,12,15
1918,8,1,9
1918,5,3,8
1918,5,4,9
1918,3,13,16
1918,2,0,2
1918,15,0,15
1918,5,0,5
1918,4,2,6
1918,5,3,8
1918,2,1,3
1918,6,5,11
1918,3,2,5
1918,8,1,9
1918,7,4,11
1918,8,12,20
1918,9,6,15
1918,7,5,12
1918,6,0,6
1918,1,0,1
1918,3,2,5
1918,5,2,7
1918,5,1,6
1918,9,8,17
1918,3,19,22
1918,3,2,5
1918,8,6,14
1918,6,2,8
1918,5,4,9
1918,3,0,3
1918,4,1,5
1918,1,0,1
1918,2,1,3
1918,5,4,9
1918,1,0,1
1918,5,4,9
1918,4,3,7
1918,3,0,3
1918,3,1,4
1918,4,3,7
1918,3,2,5
1918,3,0,3
1918,2,0,2
1918,8,4,12
1918,6,4,10
1918,9,3,12
1918,3,10,13
1918,7,11,18
1918,7,2,9
1918,3,1,4
1918,16,0,16
1918,7,1,8
1918,5,3,8
1918,7,3,10
1918,9,1,10
1918,2,1,3
1918,5,3,8
1918,7,2,9
1918,4,3,7
1918,9,5,14
1918,8,1,9
1918,3,2,5
1918,5,2,7
1918,8,1,9
1918,9,6,15
1918,4,14,18
1918,3,1,4
1918,6,3,9
1918,4,1,5
1918,7,3,10
1918,6,2,8
1918,6,5,11
1918,4,3,7
1918,4,1,5
1918,5,3,8
1918,5,3,8
1918,4,2,6
1918,5,4,9
1918,8,2,10
1918,4,2,6
1918,6,4,10
1918,6,5,11
1918,1,0,1
1918,2,0,2
1918,1,0,1
1918,1,0,1
1918,7,5,12
1918,2,10,12
1918,7,5,12
1918,3,2,5
1918,6,4,10
1918,3,3,6
1918,5,0,5
1918,2,1,3
1918,3,0,3
1918,3,2,5
1918,5,4,9
1918,4,2,6
1918,5,4,9
1918,5,3,8
1918,3,2,5
1918,5,4,9
1918,3,2,5
1918,5,1,6
1918,3,2,5
1918,1,0,1
1918,7,2,9
1918,6,5,11
1918,3,0,3
1918,1,0,1
1918,6,5,11
1918,4,3,7
1918,2,1,3
1918,4,2,6
1918,8,11,19
1918,2,0,2
1918,5,1,6
1918,4,2,6
1918,5,4,9
1918,7,4,11
1918,8,1,9
1918,1,0,1
1918,3,1,4
1918,7,1,8
1918,4,2,6
1918,6,5,11
1918,3,2,5
1918,4,11,15
1918,11,0,11
1918,5,3,8
1918,3,0,3
1918,5,1,6
1918,1,0,1
1918,1,0,1
1918,11,1,12
1918,5,2,7
1918,5,2,7
1918,6,2,8
1918,5,4,9
1918,5,1,6
1918,5,3,8
1918,4,2,6
1918,6,5,11
1918,1,0,1
1918,7,4,11
1918,2,0,2
1918,4,3,7
1918,2,1,3
1918,3,2,5
1918,1,0,1
1918,3,1,4
1918,6,5,11
1918,4,2,6
1918,1,0,1
1918,5,0,5
1918,4,3,7
1918,3,2,5
1918,6,4,10
1918,3,2,5
1918,5,4,9
1918,2,1,3
1918,3,2,5
1918,9,3,12
1918,6,3,9
1918,2,1,3
1918,2,2,4
1918,3,2,5
1918,7,4,11
1918,3,0,3
1918,2,1,3
1918,4,2,6
1918,7,6,13
1918,1,0,1
1918,5,1,6
1918,4,3,7
1918,9,3,12
1918,2,1,3
1918,4,0,4
1918,6,4,10
1918,7,3,10
1918,2,1,3
1918,7,1,8
1918,8,4,12
1918,2,1,3
1918,1,0,1
1918,7,4,11
1918,1,0,1
1918,3,2,5
1918,3,2,5
1918,6,2,8
1918,4,2,6
1918,4,2,6
1918,3,0,3
1918,5,2,7
1918,3,0,3
1918,7,1,8
1918,7,2,9
1918,2,12,14
1918,5,2,7
1918,9,1,10
1918,4,0,4
1918,2,1,3
1918,4,3,7
1918,9,6,15
1918,2,1,3
1918,4,3,7
1918,3,2,5
1918,2,1,3
1918,2,1,3
1918,6,3,9
1918,8,0,8
1918,4,0,4
1918,3,2,5
1918,3,2,5
1918,2,1,3
1918,7,12,19
1918,9,2,11
1918,4,3,7
1918,6,3,9
1918,6,11,17
1918,4,3,7
1918,2,0,2
1918,5,2,7
1918,8,5,13
1918,6,2,8
1918,6,3,9
1918,1,0,1
1918,4,3,7
1918,4,2,6
1918,5,3,8
1918,9,2,11
1918,3,2,5
1918,5,0,5
1918,3,2,5
1918,2,1,3
1918,8,1,9
1918,3,2,5
1918,5,4,9
1918,3,1,4
1918,7,6,13
1918,2,1,3
1918,5,4,9
1918,5,0,5
1918,5,3,8
1918,2,0,2
1918,7,3,10
1918,4,3,7
1918,5,4,9
1918,5,4,9
1918,4,3,7
1918,7,4,11
1918,5,2,7
1918,1,0,1
1918,1,0,1
1918,3,2,5
1918,6,12,18
1918,3,0,3
1918,5,2,7
1918,2,1,3
1918,7,14,21
1918,9,6,15
1918,1,0,1
1918,7,1,8
1918,2,1,3
1918,1,0,1
1918,3,2,5
1918,3,1,4
1918,5,3,8
1918,8,1,9
1918,4,2,6
1918,6,0,6
1918,4,3,7
1918,2,1,3
1918,2,0,2
1918,2,0,2
1918,5,4,9
1918,2,0,2
1918,1,0,1
1918,1,0,1
1918,6,4,10
1918,6,1,7
1918,3,2,5
1918,3,2,5
1918,4,1,5
1918,4,3,7
1918,8,1,9
1918,5,3,8
1918,4,2,6
1918,1,0,1
1918,7,0,7
1918,7,5,12
1918,4,3,7
1918,1,0,1
1918,6,4,10
1918,6,0,6
1918,2,1,3
1918,6,0,6
1918,3,2,5
1918,2,10,12
1918,8,4,12
1918,8,8,16
1918,2,0,2
1918,2,1,3
1918,7,6,13
1918,7,4,11
1918,4,2,6
1918,6,11,17
1918,7,0,7
1918,2,1,3
1918,6,3,9
1918,5,4,9
1918,6,1,7
1918,4,3,7
1918,3,1,4
1918,5,2,7
1918,4,0,4
1918,8,7,15
1918,6,1,7
1918,8,4,12
1918,3,0,3
1918,4,2,6
1918,5,2,7
1918,2,1,3
1918,4,3,7
1918,4,1,5
1918,4,2,6
1918,2,1,3
1918,6,3,9
1918,5,5,10
1918,2,1,3
1918,9,8,17
1918,8,0,8
1918,4,3,7
1918,4,1,5
1918,3,2,5
1918,7,1,8
1918,1,0,1
1918,6,2,8
1918,3,1,4
1918,5,0,5
1918,2,1,3
1918,6,5,11
1918,9,0,9
1918,3,2,5
1918,1,0,1
1918,7,5,12
1918,2,0,2
1918,3,0,3
1918,6,0,6
1918,5,4,9
1918,4,1,5
1918,6,4,10
1918,5,4,9
1918,3,1,4
1918,13,0,13
1918,1,0,1
1918,3,1,4
1918,3,2,5
1918,6,10,16
1918,3,0,3
1918,6,12,18
1918,5,2,7
1918,4,3,7
1918,2,1,3
1918,6,3,9
1918,5,3,8
1918,8,4,12
1918,5,2,7
1918,3,2,5
1918,9,7,16
1918,3,2,5
1918,3,2,5
1918,4,1,5
1918,15,1,16
1918,4,1,5
1918,4,2,6
1918,5,4,9
1918,3,0,3
1918,8,3,11
1918,7,2,9
1918,6,2,8
1918,3,2,5
1918,7,1,8
1918,2,1,3
1918,4,1,5
1918,14,0,14
1918,4,2,6
1918,7,3,10
1918,3,2,5
1918,3,2,5
1918,3,2,5
1918,9,0,9
1918,1,0,1
1918,3,0,3
1918,3,1,4
1918,1,0,1
1918,5,4,9
1918,4,2,6
1918,3,2,5
1918,4,10,14
1918,7,1,8
1918,1,0,1
1918,7,5,12
1918,5,2,7
1918,4,3,7
1918,8,0,8
1918,3,2,5
1918,3,1,4
1918,6,2,8
1918,3,1,4
1918,6,1,7
1918,2,10,12
1918,8,1,9
1918,3,1,4
1918,4,3,7
1918,5,3,8
1918,5,4,9
1918,2,0,2
1918,4,13,17
1918,2,1,3
1918,2,1,3
1918,2,1,3
1918,5,1,6
1918,5,4,9
1918,3,1,4
1918,4,3,7
1918,7,0,7
1918,7,7,14
1918,2,10,12
1918,2,0,2
1918,2,1,3
1918,5,4,9
1918,3,1,4
1918,5,3,8
1918,2,0,2
1918,4,3,7
1918,4,1,5
1918,9,2,11
1918,4,2,6
1918,4,0,4
1918,8,2,10
1918,8,11,19
1918,4,2,6
1918,5,2,7
1918,5,0,5
1918,7,6,13
1918,7,1,8
1918,6,2,8
1918,3,0,3
1918,5,0,5
1918,9,5,14
1918,6,2,8
1918,9,4,13
1918,1,0,1
1918,6,0,6
1918,8,5,13
1918,2,1,3
1918,4,3,7
1918,2,1,3
1918,3,2,5
1918,7,6,13
1918,2,1,3
1918,4,2,6
1918,9,8,17
1918,2,0,2
1918,4,3,7
1918,9,11,20
1918,2,1,3
1918,1,0,1
1918,8,4,12
1918,1,0,1
1918,1,0,1
1918,7,0,7
1918,4,3,7
1918,4,3,7
1918,4,10,14
1918,6,5,11
1918,2,1,3
1918,5,4,9
1918,1,0,1
1918,9,10,19
1918,3,1,4
1918,3,2,5
1918,5,2,7
1918,7,1,8
1918,17,1,18
1918,5,4,9
1918,3,1,4
1918,8,7,15
1918,6,1,7
1918,5,2,7
1918,4,3,7
1918,3,2,5
1918,2,1,3
1918,3,0,3
1918,1,0,1
1918,4,3,7
1918,6,3,9
1918,3,1,4
1918,4,3,7
1918,6,5,11
1918,9,16,25
1918,5,0,5
1918,1,0,1
1918,7,6,13
1918,6,4,10
1918,4,3,7
1918,3,1,4
1918,5,4,9
1918,7,2,9
1918,6,4,10
1918,7,6,13
1918,2,0,2
1918,4,1,5
1918,7,0,7
1918,5,0,5
1918,5,4,9
1918,5,1,6
1918,9,4,13
1918,4,3,7
1918,7,4,11
1918,4,0,4
1918,4,3,7
1918,3,2,5
1918,7,3,10
1918,1,0,1
1918,8,5,13
1918,5,4,9
1918,5,2,7
1918,8,6,14
1918,6,3,9
1918,8,0,8
1918,6,1,7
1918,5,3,8
1918,8,2,10
1918,5,4,9
1918,5,0,5
1918,5,3,8
1918,3,1,4
1918,8,2,10
1918,4,3,7
1918,5,4,9
1918,8,1,9
1918,5,11,16
1918,4,1,5
1918,1,0,1
1918,9,5,14
1918,9,5,14
1918,7,1,8
1918,8,4,12
1918,4,3,7
1918,7,0,7
1918,3,1,4
1918,2,1,3
1918,5,3,8
1918,5,3,8
1918,6,4,10
1918,6,5,11
1918,2,1,3
1918,7,5,12
1918,4,3,7
1918,12,1,13
1918,4,1,5
1918,4,3,7
1918,7,6,13
1918,7,6,13
1918,4,3,7
1918,7,0,7
1918,4,0,4
1918,2,1,3
1918,2,1,3
1918,4,1,5
1918,5,4,9
1918,4,3,7
1918,5,4,9
1918,6,3,9
1918,3,2,5
1918,4,1,5
1918,3,2,5
1918,3,1,4
1918,4,3,7
1918,1,0,1
1918,8,5,13
1918,5,1,6
1918,5,0,5
1918,2,0,2
1918,6,4,10
1918,2,0,2
1918,3,2,5
1918,5,2,7
1918,6,5,11
1918,5,1,6
1918,6,4,10
1918,8,3,11
1918,5,2,7
1918,5,3,8
1918,4,10,14
1918,9,1,10
1918,1,0,1
1918,3,2,5
1918,6,4,10
1918,6,1,7
1918,6,3,9
1918,5,2,7
1918,7,3,10
1918,3,2,5
1918,5,5,10
1918,5,2,7
1918,6,2,8
1918,4,2,6
1918,1,0,1
1918,3,0,3
1918,4,4,8
1918,7,2,9
1918,3,2,5
1918,4,1,5
1918,3,1,4
1918,4,0,4
1918,2,10,12
1918,5,4,9
1918,10,0,10
1918,6,2,8
1918,4,2,6
1918,5,0,5
1918,4,2,6
1918,7,3,10
1918,3,2,5
1918,3,2,5
1918,5,10,15
1918,6,12,18
1918,1,0,1
1918,4,3,7
1918,5,11,16
1918,3,12,15
1918,7,2,9
1918,8,3,11
1918,2,1,3
1918,8,0,8
1918,3,2,5
1918,3,2,5
1918,2,0,2
1918,7,22,29
1918,7,1,8
1918,6,4,10
1918,7,6,13
1918,5,3,8
1918,8,4,12
1918,5,14,19
1918,3,0,3
1918,3,1,4
1918,8,0,8
1918,2,2,4
1918,6,0,6
1918,6,2,8
1918,4,3,7
1918,4,3,7
1918,3,2,5
1918,1,0,1
1918,3,2,5
1918,4,2,6
1918,5,4,9
1918,3,2,5
1918,3,0,3
1918,4,2,6
1918,5,1,6
1918,3,0,3
1918,4,11,15
1918,2,1,3
1918,7,2,9
1918,5,4,9
1918,3,2,5
1918,10,1,11
1918,5,3,8
1918,6,2,8
1918,1,0,1
1918,4,2,6
1918,8,4,12
1918,4,0,4
1918,2,0,2
1918,2,1,3
1918,4,0,4
1918,7,0,7
1918,5,0,5
1918,7,0,7
1918,3,1,4
1918,2,1,3
1918,2,1,3
1918,4,2,6
1918,6,3,9
1918,5,0,5
1918,11,1,12
1918,2,1,3
1918,3,2,5
1918,10,1,11
1918,3,1,4
1918,4,3,7
1918,3,10,13
1918,4,1,5
1918,5,1,6
1918,10,1,11
1918,4,2,6
1918,6,11,17
1918,16,12,28
1918,7,1,8
1918,8,5,13
1918,7,6,13
1918,3,2,5
1918,2,1,3
1918,2,0,2
1918,7,0,7
1918,7,6,13
1918,7,6,13
1918,5,3,8
1918,5,0,5
1918,1,0,1
1918,5,2,7
1918,5,3,8
1918,3,1,4
1918,6,3,9
1918,3,10,13
1918,5,4,9
1918,1,0,1
1918,7,5,12
1918,4,3,7
1918,2,10,12
1918,6,4,10
1918,3,2,5
1918,4,3,7
1918,8,4,12
1918,4,0,4
1918,6,2,8
1918,8,11,19
1918,8,3,11
1918,4,2,6
1918,4,2,6
1918,3,1,4
1918,4,0,4
1918,4,1,5
1918,5,4,9
1918,8,4,12
1918,4,1,5
1918,5,2,7
1918,6,1,7
1918,8,2,10
1918,8,2,10
1918,4,3,7
1918,5,1,6
1918,4,1,5
1918,4,0,4
1918,3,2,5
1918,9,8,17
1918,6,2,8
1918,2,1,3
1918,4,3,7
1918,1,0,1
1918,3,2,5
1918,3,3,6
1918,2,1,3
1918,5,3,8
1918,6,3,9
1918,3,2,5
1918,5,3,8
1918,6,3,9
1918,6,5,11
1918,5,2,7
1918,5,1,6
1918,3,0,3
1918,2,1,3
1918,12,1,13
1918,2,11,13
1918,1,1,2
1918,3,1,4
1918,2,1,3
1918,4,3,7
1918,2,1,3
1918,7,2,9
1918,5,4,9
1918,5,2,7
1918,5,3,8
1918,6,1,7
1918,6,0,6
1918,5,3,8
1918,4,2,6
1918,2,0,2
1918,7,2,9
1918,4,1,5
1918,5,1,6
1918,5,3,8
1918,6,2,8
1918,6,5,11
1918,3,2,5
1918,7,2,9
1918,3,1,4
1918,6,2,8
1918,2,0,2
1918,5,4,9
1918,4,12,16
1918,5,2,7
1918,5,1,6
1918,8,0,8
1918,8,7,15
1918,4,2,6
1918,3,0,3
1918,2,0,2
1918,4,3,7
1918,7,4,11
1918,7,2,9
1918,8,3,11
1918,4,3,7
1918,2,0,2
1918,2,1,3
1918,2,0,2
1918,2,1,3
1918,3,0,3
1918,3,1,4
1918,3,1,4
1918,3,1,4
1918,8,1,9
1918,3,1,4
1918,4,0,4
1918,5,1,6
1918,2,1,3
1918,6,0,6
1918,2,0,2
1918,8,4,12
1918,4,1,5
1918,9,8,17
1918,8,1,9
1918,2,1,3
1918,7,1,8
1918,3,2,5
1918,8,4,12
1918,7,6,13
1918,2,1,3
1918,2,10,12
1918,3,0,3
1918,4,1,5
1918,9,2,11
1918,4,3,7
1918,5,2,7
1918,4,1,5
1918,3,2,5
1918,3,1,4
1918,5,3,8
1918,1,0,1
1918,4,2,6
1918,9,6,15
1918,5,3,8
1918,3,2,5
1918,3,0,3
1918,4,3,7
1918,5,2,7
1918,7,1,8
1918,6,5,11
1918,3,2,5
1918,8,7,15
1918,6,5,11
1918,5,0,5
1918,6,2,8
1918,3,1,4
1918,8,3,11
1918,3,1,4
1918,7,6,13
1918,5,4,9
1918,2,0,2
1918,9,4,13
1918,2,1,3
1918,4,3,7
1918,7,4,11
1918,4,0,4
1918,5,3,8
1918,2,1,3
1918,8,7,15
1918,2,0,2
1918,6,0,6
1918,5,3,8
1918,6,3,9
1918,2,0,2
1918,5,2,7
1918,4,0,4
1918,2,0,2
1918,4,1,5
1918,2,12,14
1918,2,1,3
1918,4,2,6
1918,7,6,13
1918,8,6,14
1918,7,6,13
1918,8,2,10
1918,3,0,3
1918,8,7,15
1918,7,5,12
1918,9,0,9
1918,4,2,6
1918,1,0,1
1918,1,0,1
1918,6,4,10
1918,4,0,4
1918,1,0,1
1918,4,1,5
1918,6,4,10
1918,12,0,12
1918,4,1,5
1918,5,0,5
1918,2,1,3
1918,4,2,6
1918,1,0,1
1918,1,0,1
1918,8,3,11
1918,6,1,7
1918,6,1,7
1918,1,0,1
1918,2,1,3
1918,8,4,12
1918,3,1,4
1918,2,1,3
1918,5,2,7
1918,6,2,8
1918,5,3,8
1918,6,3,9
1918,8,5,13
1918,4,0,4
1918,5,2,7
1918,6,10,16
1918,7,5,12
1918,6,2,8
1918,5,3,8
1918,6,2,8
1918,2,1,3
1918,6,3,9
1918,1,0,1
1918,5,11,16
1918,7,3,10
1918,3,2,5
1918,4,3,7
1918,4,2,6
1918,5,3,8
1918,4,3,7
1918,3,2,5
1918,5,2,7
1918,8,3,11
1918,1,0,1
1918,3,1,4
1918,2,1,3
1918,3,2,5
1918,3,0,3
1918,2,1,3
1919,5,2,7
1919,3,2,5
1919,6,1,7
1919,6,2,8
1919,10,0,10
1919,7,10,17
1919,4,13,17
1919,1,0,1
1919,5,1,6
1919,3,1,4
1919,8,5,13
1919,5,2,7
1919,6,5,11
1919,6,5,11
1919,5,1,6
1919,4,2,6
1919,6,3,9
1919,7,2,9
1919,6,3,9
1919,5,1,6
1919,3,1,4
1919,9,4,13
1919,7,1,8
1919,4,1,5
1919,6,4,10
1919,8,0,8
1919,5,4,9
1919,3,2,5
1919,10,1,11
1919,6,5,11
1919,1,0,1
1919,8,1,9
1919,3,1,4
1919,7,1,8
1919,8,5,13
1919,2,0,2
1919,4,2,6
1919,5,2,7
1919,4,0,4
1919,9,7,16
1919,5,3,8
1919,9,9,18
1919,4,2,6
1919,6,1,7
1919,7,3,10
1919,8,1,9
1919,6,3,9
1919,3,1,4
1919,3,0,3
1919,4,11,15
1919,6,14,20
1919,2,14,16
1919,7,2,9
1919,4,2,6
1919,8,1,9
1919,3,2,5
1919,5,4,9
1919,9,0,9
1919,4,3,7
1919,9,4,13
1919,2,1,3
1919,7,2,9
1919,6,2,8
1919,4,2,6
1919,8,1,9
1919,5,4,9
1919,4,3,7
1919,3,1,4
1919,6,12,18
1919,5,1,6
1919,7,6,13
1919,6,10,16
1919,5,2,7
1919,2,0,2
1919,9,11,20
1919,3,1,4
1919,7,0,7
1919,6,3,9
1919,6,4,10
1919,3,2,5
1919,2,1,3
1919,9,3,12
1919,4,2,6
1919,3,0,3
1919,2,1,3
1919,4,1,5
1919,3,2,5
1919,2,0,2
1919,4,2,6
1919,1,0,1
1919,4,3,7
1919,6,5,11
1919,3,2,5
1919,7,2,9
1919,3,0,3
1919,6,0,6
1919,2,10,12
1919,6,2,8
1919,3,2,5
1919,4,3,7
1919,6,4,10
1919,4,4,8
1919,3,2,5
1919,4,3,7
1919,4,2,6
1919,2,1,3
1919,8,5,13
1919,3,2,5
1919,3,2,5
1919,7,0,7
1919,4,2,6
1919,1,0,1
1919,2,11,13
1919,1,0,1
1919,3,2,5
1919,8,3,11
1919,11,0,11
1919,10,0,10
1919,6,5,11
1919,6,3,9
1919,4,3,7
1919,6,2,8
1919,5,0,5
1919,2,0,2
1919,1,0,1
1919,4,2,6
1919,7,4,11
1919,3,0,3
1919,8,3,11
1919,3,2,5
1919,1,0,1
1919,8,3,11
1919,3,2,5
1919,2,1,3
1919,4,3,7
1919,1,0,1
1919,4,3,7
1919,8,2,10
1919,5,0,5
1919,4,3,7
1919,3,1,4
1919,2,1,3
1919,7,0,7
1919,6,0,6
1919,6,4,10
1919,3,10,13
1919,3,2,5
1919,3,2,5
1919,2,1,3
1919,7,5,12
1919,8,7,15
1919,6,4,10
1919,4,2,6
1919,7,2,9
1919,6,5,11
1919,6,0,6
1919,1,0,1
1919,1,0,1
1919,3,2,5
1919,6,3,9
1919,5,4,9
1919,6,4,10
1919,4,10,14
1919,5,0,5
1919,7,6,13
1919,7,2,9
1919,6,4,10
1919,4,1,5
1919,2,1,3
1919,6,2,8
1919,5,3,8
1919,6,2,8
1919,4,2,6
1919,2,1,3
1919,5,0,5
1919,6,5,11
1919,3,2,5
1919,3,2,5
1919,5,1,6
1919,6,5,11
1919,5,2,7
1919,1,0,1
1919,3,2,5
1919,7,12,19
1919,8,5,13
1919,4,3,7
1919,7,5,12
1919,2,1,3
1919,4,1,5
1919,5,0,5
1919,4,3,7
1919,6,4,10
1919,3,1,4
1919,2,10,12
1919,4,1,5
1919,5,3,8
1919,7,5,12
1919,4,0,4
1919,6,2,8
1919,6,5,11
1919,4,1,5
1919,5,2,7
1919,7,1,8
1919,3,1,4
1919,5,4,9
1919,6,3,9
1919,6,0,6
1919,4,1,5
1919,3,2,5
1919,2,0,2
1919,6,2,8
1919,6,2,8
1919,4,1,5
1919,6,10,16
1919,4,3,7
1919,9,3,12
1919,3,2,5
1919,5,4,9
1919,4,1,5
1919,4,2,6
1919,6,2,8
1919,6,1,7
1919,5,2,7
1919,9,7,16
1919,3,2,5
1919,6,4,10
1919,5,10,15
1919,2,1,3
1919,6,5,11
1919,9,10,19
1919,5,3,8
1919,4,3,7
1919,2,10,12
1919,5,4,9
1919,2,1,3
1919,3,1,4
1919,5,2,7
1919,3,1,4
1919,5,1,6
1919,7,0,7
1919,2,1,3
1919,6,3,9
1919,5,3,8
1919,2,1,3
1919,7,4,11
1919,9,7,16
1919,7,0,7
1919,5,10,15
1919,7,4,11
1919,4,0,4
1919,2,1,3
1919,4,3,7
1919,1,0,1
1919,6,14,20
1919,8,5,13
1919,7,3,10
1919,7,4,11
1919,9,10,19
1919,4,3,7
1919,8,3,11
1919,6,3,9
1919,1,0,1
1919,8,2,10
1919,7,10,17
1919,4,3,7
1919,8,3,11
1919,2,1,3
1919,5,1,6
1919,6,10,16
1919,1,0,1
1919,6,1,7
1919,3,1,4
1919,1,0,1
1919,7,6,13
1919,7,1,8
1919,6,5,11
1919,7,1,8
1919,5,10,15
1919,2,1,3
1919,1,0,1
1919,6,4,10
1919,3,2,5
1919,9,2,11
1919,8,7,15
1919,8,0,8
1919,9,2,11
1919,4,1,5
1919,2,1,3
1919,4,0,4
1919,6,3,9
1919,2,1,3
1919,3,2,5
1919,7,2,9
1919,3,1,4
1919,6,1,7
1919,5,3,8
1919,6,3,9
1919,6,2,8
1919,2,1,3
1919,5,3,8
1919,6,10,16
1919,4,2,6
1919,3,2,5
1919,3,0,3
1919,7,2,9
1919,2,1,3
1919,7,0,7
1919,4,3,7
1919,3,2,5
1919,6,4,10
1919,6,3,9
1919,4,0,4
1919,3,0,3
1919,2,1,3
1919,6,1,7
1919,5,0,5
1919,5,4,9
1919,3,1,4
1919,5,1,6
1919,6,1,7
1919,3,2,5
1919,6,5,11
1919,4,2,6
1919,3,0,3
1919,4,0,4
1919,1,0,1
1919,3,2,5
1919,1,0,1
1919,9,6,15
1919,7,2,9
1919,6,3,9
1919,8,1,9
1919,2,1,3
1919,7,5,12
1919,5,4,9
1919,1,0,1
1919,3,2,5
1919,8,5,13
1919,1,0,1
1919,4,3,7
1919,4,3,7
1919,5,1,6
1919,6,5,11
1919,2,0,2
1919,3,1,4
1919,4,3,7
1919,3,2,5
1919,7,2,9
1919,5,2,7
1919,7,6,13
1919,6,0,6
1919,2,1,3
1919,3,2,5
1919,3,1,4
1919,4,1,5
1919,3,13,16
1919,6,5,11
1919,6,5,11
1919,5,2,7
1919,2,0,2
1919,2,1,3
1919,4,1,5
1919,4,1,5
1919,4,3,7
1919,2,1,3
1919,6,5,11
1919,7,1,8
1919,5,4,9
1919,3,1,4
1919,6,5,11
1919,5,4,9
1919,9,11,20
1919,4,0,4
1919,4,2,6
1919,5,2,7
1919,3,3,6
1919,3,0,3
1919,5,4,9
1919,2,1,3
1919,5,12,17
1919,1,0,1
1919,2,1,3
1919,6,3,9
1919,8,1,9
1919,4,3,7
1919,3,0,3
1919,5,4,9
1919,6,2,8
1919,7,6,13
1919,8,4,12
1919,3,12,15
1919,3,2,5
1919,5,2,7
1919,4,11,15
1919,3,2,5
1919,3,2,5
1919,5,2,7
1919,4,2,6
1919,9,3,12
1919,2,0,2
1919,6,2,8
1919,2,0,2
1919,8,4,12
1919,9,0,9
1919,6,10,16
1919,9,5,14
1919,9,2,11
1919,8,3,11
1919,1,0,1
1919,9,4,13
1919,7,1,8
1919,3,1,4
1919,4,3,7
1919,9,4,13
1919,5,3,8
1919,3,1,4
1919,3,1,4
1919,5,4,9
1919,7,3,10
1919,7,0,7
1919,1,0,1
1919,3,2,5
1919,3,2,5
1919,6,1,7
1919,5,2,7
1919,4,1,5
1919,2,0,2
1919,6,3,9
1919,6,5,11
1919,5,3,8
1919,6,5,11
1919,3,1,4
1919,2,0,2
1919,4,1,5
1919,4,1,5
1919,6,3,9
1919,3,0,3
1919,3,2,5
1919,9,4,13
1919,7,4,11
1919,9,14,23
1919,4,0,4
1919,5,3,8
1919,5,3,8
1919,1,0,1
1919,7,4,11
1919,4,1,5
1919,2,1,3
1919,5,2,7
1919,7,4,11
1919,4,2,6
1919,4,3,7
1919,4,1,5
1919,6,1,7
1919,9,1,10
1919,3,2,5
1919,9,14,23
1919,6,1,7
1919,7,4,11
1919,4,11,15
1919,5,4,9
1919,1,0,1
1919,7,4,11
1919,5,2,7
1919,6,4,10
1919,4,3,7
1919,4,2,6
1919,4,2,6
1919,2,14,16
1919,6,4,10
1919,3,2,5
1919,4,1,5
1919,17,1,18
1919,6,3,9
1919,8,2,10
1919,4,2,6
1919,3,1,4
1919,1,0,1
1919,9,2,11
1919,9,6,15
1919,7,3,10
1919,5,2,7
1919,8,1,9
1919,2,1,3
1919,4,3,7
1919,4,2,6
1919,9,4,13
1919,11,1,12
1919,8,2,10
1919,6,5,11
1919,3,1,4
1919,8,3,11
1919,7,3,10
1919,4,1,5
1919,5,3,8
1919,8,6,14
1919,4,2,6
1919,3,15,18
1919,6,3,9
1919,8,4,12
1919,6,4,10
1919,5,11,16
1919,8,10,18
1919,2,10,12
1919,6,2,8
1919,6,4,10
1919,4,1,5
1919,4,3,7
1919,8,1,9
1919,3,1,4
1919,3,1,4
1919,6,3,9
1919,2,0,2
1919,5,4,9
1919,8,3,11
1919,3,2,5
1919,5,10,15
1919,7,2,9
1919,9,14,23
1919,3,2,5
1919,2,1,3
1919,9,2,11
1919,4,3,7
1919,8,1,9
1919,5,4,9
1919,4,2,6
1919,2,0,2
1919,3,1,4
1919,8,7,15
1919,6,2,8
1919,2,0,2
1919,2,1,3
1919,8,12,20
1919,6,1,7
1919,5,4,9
1919,3,0,3
1919,9,2,11
1919,1,0,1
1919,7,3,10
1919,6,5,11
1919,7,5,12
1919,5,1,6
1919,4,3,7
1919,5,2,7
1919,4,2,6
1919,6,2,8
1919,7,1,8
1919,5,1,6
1919,3,1,4
1919,2,0,2
1919,6,3,9
1919,5,10,15
1919,4,1,5
1919,4,12,16
1919,6,3,9
1919,5,3,8
1919,8,5,13
1919,1,0,1
1919,7,0,7
1919,3,1,4
1919,3,1,4
1919,9,14,23
1919,5,4,9
1919,5,4,9
1919,8,2,10
1919,4,3,7
1919,5,4,9
1919,3,1,4
1919,5,3,8
1919,9,3,12
1919,7,1,8
1919,3,0,3
1919,5,4,9
1919,8,1,9
1919,1,0,1
1919,7,2,9
1919,3,1,4
1919,3,0,3
1919,2,13,15
1919,3,0,3
1919,5,4,9
1919,11,1,12
1919,3,1,4
1919,5,4,9
1919,5,0,5
1919,5,1,6
1919,9,4,13
1919,4,0,4
1919,5,3,8
1919,2,1,3
1919,1,0,1
1919,7,6,13
1919,2,0,2
1919,3,0,3
1919,8,7,15
1919,3,0,3
1919,4,3,7
1919,2,1,3
1919,2,1,3
1919,6,5,11
1919,7,4,11
1919,6,3,9
1919,3,2,5
1919,6,1,7
1919,4,3,7
1919,9,8,17
1919,2,1,3
1919,3,2,5
1919,8,0,8
1919,6,5,11
1919,7,13,20
1919,7,6,13
1919,7,6,13
1919,5,4,9
1919,7,1,8
1919,6,2,8
1919,5,4,9
1919,6,1,7
1919,4,3,7
1919,2,1,3
1919,5,0,5
1919,3,0,3
1919,6,0,6
1919,8,1,9
1919,6,1,7
1919,6,1,7
1919,1,0,1
1919,4,3,7
1919,1,0,1
1919,4,2,6
1919,7,6,13
1919,7,6,13
1919,3,1,4
1919,1,0,1
1919,8,6,14
1919,6,4,10
1919,5,11,16
1919,6,0,6
1919,5,0,5
1919,4,0,4
1919,1,0,1
1919,6,4,10
1919,8,5,13
1919,5,2,7
1919,9,1,10
1919,6,5,11
1919,2,0,2
1919,5,11,16
1919,4,2,6
1919,3,0,3
1919,4,1,5
1919,2,14,16
1919,4,2,6
1919,5,11,16
1919,5,3,8
1919,2,1,3
1919,5,2,7
1919,4,0,4
1919,3,2,5
1919,5,1,6
1919,7,4,11
1919,8,7,15
1919,5,3,8
1919,8,10,18
1919,3,2,5
1919,6,4,10
1919,10,1,11
1919,8,2,10
1919,7,11,18
1919,3,0,3
1919,7,6,13
1919,6,3,9
1919,3,1,4
1919,3,2,5
1919,6,0,6
1919,7,6,13
1919,6,5,11
1919,5,3,8
1919,2,1,3
1919,9,0,9
1919,6,1,7
1919,3,1,4
1919,1,0,1
1919,2,1,3
1919,5,0,5
1919,2,0,2
1919,7,2,9
1919,5,2,7
1919,4,11,15
1919,3,2,5
1919,9,2,11
1919,6,2,8
1919,5,4,9
1919,6,1,7
1919,2,1,3
1919,3,2,5
1919,5,3,8
1919,10,1,11
1919,2,1,3
1919,4,3,7
1919,6,0,6
1919,8,14,22
1919,5,2,7
1919,4,2,6
1919,3,2,5
1919,6,12,18
1919,7,1,8
1919,4,0,4
1919,2,10,12
1919,2,1,3
1919,8,3,11
1919,4,0,4
1919,2,1,3
1919,5,2,7
1919,7,3,10
1919,5,3,8
1919,7,5,12
1919,3,1,4
1919,7,2,9
1919,2,0,2
1919,6,2,8
1919,2,1,3
1919,2,0,2
1919,6,1,7
1919,8,4,12
1919,4,1,5
1919,8,7,15
1919,6,2,8
1919,13,0,13
1919,6,3,9
1919,8,2,10
1919,2,1,3
1919,3,2,5
1919,5,3,8
1919,5,4,9
1919,4,3,7
1919,5,4,9
1919,3,0,3
1919,4,2,6
1919,6,1,7
1919,5,4,9
1919,6,2,8
1919,3,0,3
1919,9,4,13
1919,5,3,8
1919,4,3,7
1919,3,1,4
1919,10,1,11
1919,6,4,10
1919,5,4,9
1919,2,0,2
1919,5,3,8
1919,6,11,17
1919,5,3,8
1919,2,0,2
1919,3,2,5
1919,4,11,15
1919,5,1,6
1919,1,0,1
1919,1,0,1
1919,5,2,7
1919,5,3,8
1919,9,15,24
1919,7,4,11
1919,7,4,11
1919,3,10,13
1919,2,1,3
1919,2,1,3
1919,9,6,15
1919,4,3,7
1919,3,2,5
1919,3,2,5
1919,4,3,7
1919,2,1,3
1919,2,0,2
1919,1,0,1
1919,6,15,21
1919,4,3,7
1919,5,4,9
1919,2,1,3
1919,9,3,12
1919,4,2,6
1919,6,3,9
1919,6,1,7
1919,3,1,4
1919,5,3,8
1919,3,2,5
1919,6,5,11
1919,3,2,5
1919,7,0,7
1919,4,3,7
1919,4,0,4
1919,7,2,9
1919,7,2,9
1919,8,2,10
1919,3,0,3
1919,8,2,10
1919,4,1,5
1919,7,6,13
1919,3,2,5
1919,5,4,9
1919,6,4,10
1919,4,0,4
1919,7,4,11
1919,3,0,3
1919,3,1,4
1919,6,2,8
1919,4,2,6
1919,2,1,3
1919,6,1,7
1919,1,1,2
1919,6,11,17
1919,2,1,3
1919,4,3,7
1919,3,2,5
1919,4,3,7
1919,1,0,1
1919,6,1,7
1919,4,2,6
1919,2,1,3
1919,8,7,15
1919,5,1,6
1919,7,2,9
1919,4,3,7
1919,5,1,6
1919,5,4,9
1919,5,0,5
1919,5,1,6
1919,3,10,13
1919,3,10,13
1919,5,2,7
1919,2,0,2
1919,5,2,7
1919,4,1,5
1919,2,10,12
1919,6,5,11
1919,3,2,5
1919,7,6,13
1919,4,11,15
1919,4,3,7
1919,2,0,2
1919,5,2,7
1919,5,1,6
1919,3,2,5
1919,2,1,3
1919,7,4,11
1919,3,0,3
1919,7,10,17
1919,4,3,7
1919,7,6,13
1919,2,10,12
1919,5,2,7
1919,7,3,10
1919,6,0,6
1919,7,6,13
1919,2,10,12
1919,6,2,8
1919,8,4,12
1919,6,1,7
1919,8,3,11
1919,6,1,7
1919,4,11,15
1919,10,1,11
1919,4,1,5
1919,2,1,3
1919,8,7,15
1919,1,0,1
1919,5,0,5
1919,6,5,11
1919,12,0,12
1919,5,4,9
1919,7,3,10
1919,4,3,7
1919,1,0,1
1919,2,1,3
1919,1,0,1
1919,7,2,9
1919,7,2,9
1919,9,1,10
1919,4,1,5
1919,4,3,7
1919,8,3,11
1919,4,3,7
1919,6,4,10
1919,7,5,12
1919,7,2,9
1919,6,5,11
1919,8,3,11
1919,2,0,2
1919,5,1,6
1919,4,3,7
1919,5,4,9
1919,5,3,8
1919,2,14,16
1919,3,1,4
1919,7,1,8
1919,6,1,7
1919,3,2,5
1919,4,1,5
1919,5,1,6
1919,4,3,7
1919,6,4,10
1919,5,3,8
1919,5,2,7
1919,3,1,4
1919,6,3,9
1919,4,0,4
1919,5,2,7
1919,5,4,9
1919,3,2,5
1919,1,0,1
1919,4,0,4
1919,8,7,15
1919,4,3,7
1919,1,0,1
1919,3,2,5
1919,6,1,7
1919,6,0,6
1919,4,1,5
1919,6,2,8
1919,2,1,3
1919,4,1,5
1919,6,4,10
1919,4,3,7
1919,4,2,6
1919,6,0,6
1919,5,1,6
1919,3,2,5
1919,5,2,7
1919,5,4,9
1919,2,1,3
1919,5,3,8
1919,4,3,7
1919,4,3,7
1919,4,3,7
1919,4,2,6
1919,2,1,3
1919,4,3,7
1919,6,1,7
1919,4,3,7
1919,6,5,11
1919,4,1,5
1919,2,0,2
1919,5,1,6
1919,8,2,10
1919,6,3,9
1919,4,3,7
1919,6,2,8
1919,9,1,10
1919,3,12,15
1919,3,2,5
1919,7,15,22
1919,2,0,2
1919,1,0,1
1919,4,1,5
1919,2,11,13
1919,12,10,22
1919,6,5,11
1919,3,11,14
1919,5,3,8
1919,11,0,11
1919,5,2,7
1919,4,1,5
1919,3,2,5
1919,2,1,3
1919,8,3,11
1919,2,1,3
1919,6,5,11
1919,2,1,3
1919,4,2,6
1919,1,0,1
1919,8,2,10
1919,3,2,5
1919,3,1,4
1919,3,0,3
1919,10,0,10
1919,4,3,7
1919,4,1,5
1919,7,1,8
1919,2,0,2
1919,4,3,7
1919,6,3,9
1919,6,1,7
1919,4,3,7
1919,2,0,2
1919,7,2,9
1919,2,0,2
1919,3,0,3
1919,3,2,5
1919,6,5,11
1919,8,11,19
1919,4,0,4
1919,6,0,6
1919,7,3,10
1919,2,1,3
1919,3,2,5
1919,7,1,8
1919,7,2,9
1919,4,3,7
1919,4,3,7
1919,5,0,5
1919,4,3,7
1919,3,1,4
1919,5,4,9
1919,6,5,11
1919,7,0,7
1919,6,5,11
1919,6,5,11
1919,4,0,4
1919,4,3,7
1919,2,1,3
1919,3,2,5
1919,4,3,7
1919,4,1,5
1919,9,6,15
1919,8,2,10
1919,4,1,5
1919,2,0,2
1919,2,0,2
1919,9,8,17
1919,4,0,4
1919,1,0,1
1919,8,1,9
1919,3,1,4
1919,9,4,13
1919,4,3,7
1919,3,0,3
1919,11,10,21
1919,4,3,7
1919,6,0,6
1919,4,3,7
1919,7,2,9
1919,4,3,7
1919,8,2,10
1919,8,12,20
1919,4,3,7
1919,8,4,12
1919,3,2,5
1919,5,3,8
1919,7,6,13
1919,2,1,3
1919,2,0,2
1919,2,11,13
1919,8,2,10
1919,8,3,11
1919,6,5,11
1919,5,3,8
1919,8,2,10
1919,2,0,2
1919,6,4,10
1919,4,1,5
1919,7,0,7
1919,3,12,15
1919,7,0,7
1919,3,2,5
1919,7,0,7
1919,3,2,5
1919,4,2,6
1919,3,1,4
1919,3,12,15
1919,4,3,7
1919,5,4,9
1919,2,1,3
1919,4,3,7
1919,3,2,5
1919,6,3,9
1919,4,0,4
1919,7,2,9
1919,2,0,2
1919,6,3,9
1919,3,1,4
1919,3,0,3
1919,3,1,4
1919,4,3,7
1919,8,4,12
1919,5,3,8
1919,5,3,8
1919,6,2,8
1919,6,1,7
1919,3,2,5
1919,6,5,11
1919,4,1,5
1919,4,0,4
1919,2,1,3
1919,4,1,5
1919,7,14,21
1919,2,14,16
1919,8,4,12
1919,3,1,4
1919,9,5,14
1919,4,0,4
1919,9,10,19
1919,5,3,8
1919,7,10,17
1919,6,5,11
1919,8,0,8
1919,8,2,10
1919,3,13,16
1919,2,1,3
1919,6,14,20
1919,7,5,12
1919,7,4,11
1919,3,11,14
1919,6,0,6
1919,4,1,5
1919,9,2,11
1919,5,3,8
1919,7,5,12
1919,4,1,5
1919,9,10,19
1919,2,0,2
1919,8,5,13
1919,6,1,7
1919,7,1,8
1919,6,3,9
1919,8,7,15
1919,4,2,6
1919,9,1,10
1919,4,2,6
1919,3,0,3
1919,2,0,2
1919,5,0,5
1919,5,4,9
1919,4,1,5
1919,5,10,15
1920,9,2,11
1920,3,2,5
1920,7,3,10
1920,5,0,5
1920,6,3,9
1920,3,1,4
1920,5,4,9
1920,7,6,13
1920,8,7,15
1920,4,3,7
1920,1,0,1
1920,4,1,5
1920,3,2,5
1920,5,0,5
1920,2,1,3
1920,4,0,4
1920,6,11,17
1920,5,4,9
1920,3,0,3
1920,9,3,12
1920,2,1,3
1920,4,11,15
1920,5,1,6
1920,2,0,2
1920,6,0,6
1920,8,3,11
1920,4,2,6
1920,7,6,13
1920,2,1,3
1920,7,0,7
1920,9,6,15
1920,3,2,5
1920,1,0,1
1920,11,10,21
1920,3,0,3
1920,8,5,13
1920,3,10,13
1920,7,4,11
1920,5,3,8
1920,4,3,7
1920,8,2,10
1920,8,6,14
1920,4,3,7
1920,3,11,14
1920,8,5,13
1920,5,3,8
1920,3,1,4
1920,9,7,16
1920,4,2,6
1920,7,4,11
1920,1,0,1
1920,7,1,8
1920,3,2,5
1920,6,4,10
1920,6,0,6
1920,10,1,11
1920,7,3,10
1920,5,2,7
1920,4,1,5
1920,7,5,12
1920,2,1,3
1920,2,1,3
1920,4,1,5
1920,2,0,2
1920,4,2,6
1920,3,10,13
1920,3,2,5
1920,9,0,9
1920,4,1,5
1920,3,2,5
1920,3,2,5
1920,11,1,12
1920,5,4,9
1920,7,7,14
1920,6,0,6
1920,3,0,3
1920,1,0,1
1920,6,2,8
1920,6,1,7
1920,2,1,3
1920,7,1,8
1920,8,2,10
1920,2,0,2
1920,3,0,3
1920,4,2,6
1920,4,2,6
1920,9,6,15
1920,1,1,2
1920,4,12,16
1920,9,3,12
1920,6,0,6
1920,5,2,7
1920,7,1,8
1920,8,5,13
1920,9,4,13
1920,4,3,7
1920,5,4,9
1920,3,0,3
1920,5,2,7
1920,7,1,8
1920,7,3,10
1920,5,4,9
1920,2,1,3
1920,2,1,3
1920,5,0,5
1920,5,1,6
1920,3,1,4
1920,9,6,15
1920,7,1,8
1920,6,11,17
1920,5,4,9
1920,2,1,3
1920,6,1,7
1920,5,4,9
1920,4,12,16
1920,6,4,10
1920,4,3,7
1920,3,2,5
1920,4,12,16
1920,4,3,7
1920,4,3,7
1920,2,0,2
1920,3,1,4
1920,7,1,8
1920,3,1,4
1920,3,2,5
1920,6,4,10
1920,2,1,3
1920,8,6,14
1920,3,1,4
1920,6,0,6
1920,4,1,5
1920,5,4,9
1920,6,1,7
1920,4,10,14
1920,7,6,13
1920,8,6,14
1920,6,4,10
1920,15,11,26
1920,6,5,11
1920,6,10,16
1920,5,4,9
1920,4,1,5
1920,5,4,9
1920,3,0,3
1920,5,4,9
1920,4,3,7
1920,8,7,15
1920,7,4,11
1920,7,0,7
1920,5,0,5
1920,5,3,8
1920,7,1,8
1920,7,3,10
1920,3,1,4
1920,9,4,13
1920,6,5,11
1920,3,0,3
1920,3,2,5
1920,5,3,8
1920,9,7,16
1920,8,14,22
1920,5,4,9
1920,5,3,8
1920,2,1,3
1920,6,0,6
1920,9,3,12
1920,7,4,11
1920,4,3,7
1920,5,1,6
1920,9,8,17
1920,2,1,3
1920,5,1,6
1920,9,2,11
1920,2,0,2
1920,4,1,5
1920,2,0,2
1920,8,2,10
1920,8,4,12
1920,5,1,6
1920,3,2,5
1920,8,2,10
1920,4,2,6
1920,2,1,3
1920,9,7,16
1920,7,6,13
1920,2,1,3
1920,4,3,7
1920,8,6,14
1920,11,0,11
1920,8,2,10
1920,7,2,9
1920,1,0,1
1920,8,17,25
1920,3,2,5
1920,2,17,19
1920,5,0,5
1920,7,4,11
1920,2,1,3
1920,6,2,8
1920,6,0,6
1920,4,2,6
1920,7,0,7
1920,8,3,11
1920,4,10,14
1920,5,1,6
1920,6,4,10
1920,5,13,18
1920,8,3,11
1920,2,1,3
1920,3,0,3
1920,9,4,13
1920,9,0,9
1920,3,1,4
1920,9,11,20
1920,8,15,23
1920,2,1,3
1920,2,1,3
1920,4,1,5
1920,4,1,5
1920,3,2,5
1920,6,10,16
1920,1,0,1
1920,2,10,12
1920,7,0,7
1920,2,1,3
1920,3,2,5
1920,6,4,10
1920,3,1,4
1920,5,1,6
1920,6,0,6
1920,4,2,6
1920,3,1,4
1920,2,10,12
1920,1,0,1
1920,7,4,11
1920,3,2,5
1920,7,2,9
1920,2,11,13
1920,4,3,7
1920,5,1,6
1920,2,0,2
1920,7,5,12
1920,9,5,14
1920,4,1,5
1920,2,10,12
1920,3,2,5
1920,8,10,18
1920,9,13,22
1920,6,1,7
1920,5,4,9
1920,5,2,7
1920,5,0,5
1920,6,1,7
1920,9,16,25
1920,4,3,7
1920,6,3,9
1920,6,2,8
1920,7,0,7
1920,6,1,7
1920,6,13,19
1920,4,0,4
1920,6,4,10
1920,3,1,4
1920,4,3,7
1920,8,3,11
1920,7,1,8
1920,5,4,9
1920,8,5,13
1920,3,2,5
1920,8,7,15
1920,8,1,9
1920,2,1,3
1920,5,11,16
1920,5,0,5
1920,5,3,8
1920,5,2,7
1920,6,2,8
1920,5,3,8
1920,8,6,14
1920,6,10,16
1920,6,2,8
1920,4,11,15
1920,3,1,4
1920,9,4,13
1920,5,2,7
1920,5,1,6
1920,3,2,5
1920,4,2,6
1920,9,5,14
1920,7,3,10
1920,7,6,13
1920,7,10,17
1920,4,1,5
1920,3,2,5
1920,5,4,9
1920,7,4,11
1920,2,0,2
1920,5,3,8
1920,8,6,14
1920,7,2,9
1920,9,10,19
1920,6,5,11
1920,11,10,21
1920,7,14,21
1920,8,4,12
1920,5,4,9
1920,9,1,10
1920,5,3,8
1920,8,5,13
1920,8,1,9
1920,7,6,13
1920,6,4,10
1920,6,2,8
1920,7,3,10
1920,6,0,6
1920,9,5,14
1920,6,3,9
1920,5,4,9
1920,2,0,2
1920,6,4,10
1920,2,1,3
1920,8,11,19
1920,6,3,9
1920,7,6,13
1920,5,12,17
1920,5,1,6
1920,5,1,6
1920,4,1,5
1920,6,0,6
1920,6,11,17
1920,8,0,8
1920,7,6,13
1920,3,1,4
1920,6,2,8
1920,2,1,3
1920,6,12,18
1920,5,2,7
1920,5,4,9
1920,4,2,6
1920,3,10,13
1920,3,1,4
1920,6,5,11
1920,3,2,5
1920,4,1,5
1920,7,5,12
1920,6,13,19
1920,5,4,9
1920,5,3,8
1920,5,3,8
1920,3,2,5
1920,7,6,13
1920,3,2,5
1920,6,1,7
1920,3,11,14
1920,6,4,10
1920,2,1,3
1920,4,0,4
1920,9,3,12
1920,2,1,3
1920,8,1,9
1920,7,2,9
1920,7,5,12
1920,2,1,3
1920,9,8,17
1920,15,1,16
1920,2,10,12
1920,3,0,3
1920,5,4,9
1920,5,2,7
1920,5,0,5
1920,6,2,8
1920,8,3,11
1920,8,7,15
1920,4,3,7
1920,8,1,9
1920,9,8,17
1920,5,4,9
1920,4,3,7
1920,2,0,2
1920,6,4,10
1920,4,15,19
1920,1,0,1
1920,9,3,12
1920,14,0,14
1920,4,3,7
1920,5,3,8
1920,5,11,16
1920,9,7,16
1920,7,1,8
1920,7,1,8
1920,5,0,5
1920,7,4,11
1920,6,1,7
1920,5,10,15
1920,5,10,15
1920,9,5,14
1920,2,10,12
1920,3,2,5
1920,8,7,15
1920,7,6,13
1920,8,12,20
1920,1,0,1
1920,7,4,11
1920,2,1,3
1920,7,2,9
1920,2,1,3
1920,1,0,1
1920,9,12,21
1920,3,2,5
1920,9,2,11
1920,1,0,1
1920,5,4,9
1920,1,0,1
1920,4,3,7
1920,5,3,8
1920,3,2,5
1920,6,5,11
1920,5,1,6
1920,4,3,7
1920,3,0,3
1920,2,10,12
1920,5,1,6
1920,3,1,4
1920,4,2,6
1920,7,5,12
1920,9,10,19
1920,9,4,13
1920,8,0,8
1920,4,3,7
1920,3,2,5
1920,5,1,6
1920,9,7,16
1920,3,2,5
1920,2,1,3
1920,5,13,18
1920,6,1,7
1920,4,10,14
1920,3,1,4
1920,9,3,12
1920,5,2,7
1920,6,2,8
1920,7,0,7
1920,7,6,13
1920,5,2,7
1920,2,1,3
1920,3,0,3
1920,6,3,9
1920,6,2,8
1920,7,4,11
1920,3,1,4
1920,5,3,8
1920,5,0,5
1920,5,1,6
1920,4,2,6
1920,6,3,9
1920,6,3,9
1920,9,1,10
1920,6,3,9
1920,6,10,16
1920,4,2,6
1920,1,0,1
1920,7,2,9
1920,7,12,19
1920,5,0,5
1920,4,3,7
1920,14,0,14
1920,9,6,15
1920,8,1,9
1920,9,4,13
1920,5,2,7
1920,4,3,7
1920,2,0,2
1920,4,1,5
1920,8,3,11
1920,3,2,5
1920,7,5,12
1920,3,1,4
1920,7,0,7
1920,3,2,5
1920,5,2,7
1920,5,4,9
1920,7,5,12
1920,5,13,18
1920,3,18,21
1920,7,4,11
1920,6,2,8
1920,8,1,9
1920,4,3,7
1920,3,14,17
1920,5,1,6
1920,8,7,15
1920,6,5,11
1920,7,1,8
1920,9,6,15
1920,5,4,9
1920,4,3,7
1920,5,2,7
1920,1,0,1
1920,2,0,2
1920,14,0,14
1920,7,3,10
1920,3,1,4
1920,6,5,11
1920,6,10,16
1920,8,10,18
1920,1,0,1
1920,3,2,5
1920,4,1,5
1920,1,0,1
1920,8,1,9
1920,9,5,14
1920,6,2,8
1920,9,10,19
1920,2,1,3
1920,7,5,12
1920,6,5,11
1920,3,10,13
1920,9,7,16
1920,4,13,17
1920,7,4,11
1920,3,0,3
1920,5,2,7
1920,3,11,14
1920,5,3,8
1920,6,3,9
1920,5,0,5
1920,4,2,6
1920,3,1,4
1920,10,1,11
1920,7,0,7
1920,6,3,9
1920,5,0,5
1920,3,11,14
1920,8,5,13
1920,8,6,14
1920,5,2,7
1920,9,5,14
1920,5,2,7
1920,5,3,8
1920,6,5,11
1920,5,4,9
1920,7,3,10
1920,5,1,6
1920,13,0,13
1920,6,1,7
1920,3,10,13
1920,4,1,5
1920,6,5,11
1920,4,1,5
1920,2,1,3
1920,4,3,7
1920,9,3,12
1920,4,2,6
1920,5,4,9
1920,11,0,11
1920,5,1,6
1920,7,2,9
1920,8,12,20
1920,17,0,17
1920,6,0,6
1920,1,0,1
1920,2,1,3
1920,8,5,13
1920,4,0,4
1920,8,5,13
1920,4,3,7
1920,8,5,13
1920,1,0,1
1920,2,14,16
1920,4,2,6
1920,9,6,15
1920,2,1,3
1920,3,2,5
1920,3,1,4
1920,9,3,12
1920,5,4,9
1920,4,1,5
1920,7,2,9
1920,8,0,8
1920,8,4,12
1920,9,2,11
1920,8,5,13
1920,1,0,1
1920,5,2,7
1920,7,6,13
1920,6,0,6
1920,8,7,15
1920,3,1,4
1920,7,2,9
1920,7,2,9
1920,2,1,3
1920,3,2,5
1920,6,3,9
1920,6,5,11
1920,2,1,3
1920,4,0,4
1920,3,2,5
1920,4,13,17
1920,2,10,12
1920,4,3,7
1920,1,0,1
1920,3,2,5
1920,4,3,7
1920,4,10,14
1920,3,2,5
1920,8,2,10
1920,6,4,10
1920,7,2,9
1920,4,3,7
1920,5,2,7
1920,6,4,10
1920,5,3,8
1920,6,5,11
1920,4,0,4
1920,3,2,5
1920,4,1,5
1920,3,2,5
1920,7,3,10
1920,5,3,8
1920,4,3,7
1920,7,1,8
1920,6,4,10
1920,4,3,7
1920,7,5,12
1920,13,10,23
1920,5,1,6
1920,9,8,17
1920,6,5,11
1920,3,2,5
1920,6,4,10
1920,5,2,7
1920,5,4,9
1920,7,0,7
1920,2,11,13
1920,4,1,5
1920,8,5,13
1920,5,2,7
1920,5,2,7
1920,1,0,1
1920,3,2,5
1920,5,20,25
1920,3,2,5
1920,3,1,4
1920,2,0,2
1920,4,2,6
1920,1,0,1
1920,10,1,11
1920,4,2,6
1920,6,3,9
1920,4,1,5
1920,8,4,12
1920,2,1,3
1920,3,10,13
1920,6,10,16
1920,5,4,9
1920,5,0,5
1920,5,4,9
1920,8,2,10
1920,8,5,13
1920,9,4,13
1920,3,2,5
1920,9,8,17
1920,9,4,13
1920,3,2,5
1920,7,5,12
1920,6,3,9
1920,5,4,9
1920,5,2,7
1920,7,6,13
1920,2,1,3
1920,2,1,3
1920,6,1,7
1920,5,3,8
1920,4,3,7
1920,7,2,9
1920,4,3,7
1920,3,2,5
1920,2,1,3
1920,4,2,6
1920,2,1,3
1920,3,11,14
1920,3,1,4
1920,5,2,7
1920,5,4,9
1920,5,4,9
1920,8,7,15
1920,7,10,17
1920,1,0,1
1920,6,3,9
1920,4,1,5
1920,6,5,11
1920,6,5,11
1920,3,1,4
1920,7,4,11
1920,6,4,10
1920,5,3,8
1920,4,2,6
1920,5,0,5
1920,5,1,6
1920,7,6,13
1920,1,1,2
1920,5,4,9
1920,5,2,7
1920,5,2,7
1920,7,2,9
1920,8,21,29
1920,8,2,10
1920,3,2,5
1920,4,3,7
1920,6,4,10
1920,6,4,10
1920,9,0,9
1920,8,3,11
1920,2,10,12
1920,5,4,9
1920,6,19,25
1920,3,1,4
1920,8,1,9
1920,7,1,8
1920,9,0,9
1920,8,4,12
1920,8,2,10
1920,3,0,3
1920,8,0,8
1920,6,4,10
1920,6,5,11
1920,6,3,9
1920,5,4,9
1920,1,0,1
1920,3,2,5
1920,6,2,8
1920,4,2,6
1920,6,12,18
1920,9,3,12
1920,2,1,3
1920,3,13,16
1920,6,3,9
1920,7,3,10
1920,4,3,7
1920,6,4,10
1920,11,0,11
1920,4,1,5
1920,6,5,11
1920,4,13,17
1920,8,4,12
1920,8,7,15
1920,7,2,9
1920,3,19,22
1920,9,5,14
1920,4,2,6
1920,6,1,7
1920,5,1,6
1920,2,1,3
1920,3,2,5
1920,6,2,8
1920,6,3,9
1920,8,13,21
1920,6,1,7
1920,3,0,3
1920,8,5,13
1920,4,2,6
1920,3,2,5
1920,3,12,15
1920,4,1,5
1920,3,2,5
1920,7,0,7
1920,2,0,2
1920,5,2,7
1920,2,1,3
1920,5,2,7
1920,4,2,6
1920,8,10,18
1920,4,10,14
1920,3,2,5
1920,3,1,4
1920,5,10,15
1920,3,1,4
1920,11,1,12
1920,3,1,4
1920,9,6,15
1920,3,0,3
1920,3,10,13
1920,3,11,14
1920,5,1,6
1920,4,1,5
1920,7,2,9
1920,8,5,13
1920,1,0,1
1920,4,2,6
1920,7,1,8
1920,2,1,3
1920,7,0,7
1920,2,1,3
1920,7,3,10
1920,4,3,7
1920,2,1,3
1920,7,11,18
1920,5,2,7
1920,6,2,8
1920,8,2,10
1920,7,14,21
1920,7,0,7
1920,5,4,9
1920,4,2,6
1920,9,1,10
1920,7,3,10
1920,5,2,7
1920,6,1,7
1920,4,3,7
1920,2,1,3
1920,2,0,2
1920,5,0,5
1920,1,0,1
1920,7,1,8
1920,3,2,5
1920,4,11,15
1920,6,5,11
1920,5,10,15
1920,8,2,10
1920,3,2,5
1920,5,4,9
1920,6,3,9
1920,5,2,7
1920,9,0,9
1920,12,10,22
1920,5,4,9
1920,4,3,7
1920,13,10,23
1920,4,3,7
1920,5,1,6
1920,6,4,10
1920,9,3,12
1920,4,3,7
1920,2,1,3
1920,7,4,11
1920,4,13,17
1920,5,1,6
1920,6,3,9
1920,9,18,27
1920,5,3,8
1920,8,4,12
1920,6,5,11
1920,7,2,9
1920,5,1,6
1920,3,1,4
1920,2,0,2
1920,6,1,7
1920,5,2,7
1920,8,2,10
1920,4,3,7
1920,4,2,6
1920,3,1,4
1920,7,0,7
1920,4,2,6
1920,4,3,7
1920,4,3,7
1920,5,0,5
1920,5,3,8
1920,5,2,7
1920,6,1,7
1920,7,6,13
1920,6,3,9
1920,1,0,1
1920,1,1,2
1920,3,2,5
1920,6,5,11
1920,1,0,1
1920,5,0,5
1920,3,10,13
1920,8,7,15
1920,4,1,5
1920,4,2,6
1920,3,2,5
1920,6,4,10
1920,6,4,10
1920,9,1,10
1920,4,3,7
1920,3,2,5
1920,4,3,7
1920,3,1,4
1920,3,2,5
1920,8,7,15
1920,3,2,5
1920,6,10,16
1920,7,2,9
1920,9,10,19
1920,6,5,11
1920,4,3,7
1920,1,0,1
1920,2,13,15
1920,4,0,4
1920,3,2,5
1920,3,2,5
1920,5,2,7
1920,5,1,6
1920,3,10,13
1920,7,4,11
1920,5,2,7
1920,4,2,6
1920,6,4,10
1920,12,0,12
1920,4,0,4
1920,8,3,11
1920,4,0,4
1920,3,10,13
1920,3,1,4
1920,5,0,5
1920,6,4,10
1920,5,2,7
1920,4,1,5
1920,6,3,9
1920,9,11,20
1920,3,2,5
1920,2,11,13
1920,8,4,12
1920,2,1,3
1920,4,3,7
1920,5,1,6
1920,5,3,8
1920,10,0,10
1920,2,1,3
1920,5,1,6
1920,3,0,3
1920,3,10,13
1920,7,2,9
1920,3,2,5
1920,7,2,9
1920,5,3,8
1920,3,1,4
1920,3,1,4
1920,4,3,7
1920,6,4,10
1920,8,5,13
1920,11,1,12
1920,4,0,4
1920,5,1,6
1920,2,1,3
1920,4,3,7
1920,6,3,9
1920,8,0,8
1920,5,3,8
1920,7,0,7
1920,4,16,20
1920,3,2,5
1920,2,1,3
1920,2,1,3
1920,3,2,5
1920,5,4,9
1920,6,5,11
1920,6,3,9
1920,6,4,10
1920,6,5,11
1920,3,15,18
1920,8,1,9
1920,3,2,5
1920,3,1,4
1920,7,0,7
1920,1,0,1
1920,4,0,4
1920,3,0,3
1920,5,1,6
1920,5,4,9
1920,4,3,7
1920,4,1,5
1920,4,3,7
1920,8,2,10
1920,3,2,5
1920,4,0,4
1920,7,2,9
1920,8,2,10
1920,9,5,14
1920,4,2,6
1920,2,1,3
1920,6,0,6
1920,7,1,8
1920,8,2,10
1920,7,3,10
1920,3,0,3
1920,3,1,4
1920,3,2,5
1920,8,8,16
1920,6,5,11
1920,5,2,7
1920,7,1,8
1920,6,2,8
1920,6,3,9
1920,2,0,2
1920,2,1,3
1920,4,11,15
1920,4,3,7
1920,9,5,14
1920,6,2,8
1920,2,0,2
1920,5,1,6
1920,3,2,5
1920,5,3,8
1920,6,0,6
1920,2,1,3
1920,1,0,1
1920,7,2,9
1920,5,14,19
1920,4,2,6
1920,5,12,17
1920,5,3,8
1920,6,5,11
1920,10,0,10
1920,6,5,11
1920,5,2,7
1920,3,12,15
1920,1,0,1
1920,5,4,9
1920,3,2,5
1920,4,2,6
1920,2,1,3
1920,4,1,5
1920,2,0,2
1920,4,3,7
1920,8,1,9
1920,6,4,10
1920,5,3,8
1920,1,0,1
1920,5,0,5
1920,6,2,8
1920,5,4,9
1920,5,3,8
1920,4,2,6
1920,7,2,9
1920,6,5,11
1920,4,1,5
1920,5,0,5
1920,3,2,5
1920,6,5,11
1920,5,2,7
1920,12,1,13
1920,6,0,6
1920,6,4,10
1920,5,0,5
1920,2,0,2
1920,4,0,4
1920,9,5,14
1920,7,4,11
1920,5,1,6
1920,5,3,8
1920,6,0,6
1920,5,1,6
1920,5,3,8
1920,5,4,9
1920,7,4,11
1920,4,2,6
1920,6,4,10
1920,7,11,18
1920,6,5,11
1920,4,10,14
1920,3,2,5
1920,7,6,13
1920,6,5,11
1920,2,1,3
1920,9,8,17
1920,5,3,8
1920,6,1,7
1920,4,0,4
1920,5,2,7
1920,8,3,11
1920,4,15,19
1920,2,0,2
1920,5,4,9
1920,2,0,2
1920,9,7,16
1920,6,2,8
1920,5,2,7
1920,2,1,3
1920,3,2,5
1920,6,13,19
1920,2,17,19
1920,5,0,5
1920,5,0,5
1920,5,2,7
1920,6,13,19
1920,6,3,9
1920,9,7,16
1920,7,3,10
1920,7,2,9
1920,3,0,3
1920,6,15,21
1920,3,2,5
1920,4,2,6
1920,7,0,7
1920,6,2,8
1920,5,4,9
1920,2,10,12
1920,7,0,7
1920,8,0,8
1920,3,13,16
1920,9,3,12
1920,21,10,31
1920,7,4,11
1920,1,0,1
1920,2,1,3
1920,4,1,5
1920,14,0,14
1920,3,2,5
1920,5,18,23
1920,5,3,8
1920,4,3,7
1920,4,3,7
1920,8,3,11
1920,1,0,1
1920,7,6,13
1920,3,1,4
1920,4,0,4
1920,9,5,14
1920,8,5,13
1920,3,2,5
1920,9,4,13
1920,6,4,10
1920,9,3,12
1920,14,13,27
1920,4,3,7
1920,3,1,4
1920,8,17,25
1920,5,11,16
1920,7,6,13
1920,5,3,8
1920,9,15,24
1920,7,5,12
1920,7,4,11
1920,8,7,15
1920,9,7,16
1920,7,1,8
1920,4,3,7
1920,5,4,9
1920,2,0,2
1920,9,7,16
1920,3,2,5
1920,7,6,13
1920,6,1,7
1920,2,1,3
1920,6,1,7
1920,9,1,10
1920,6,13,19
1920,8,3,11
1920,9,3,12
1920,5,2,7
1920,9,3,12
1920,4,3,7
1920,4,3,7
1920,4,2,6
1920,9,2,11
1920,12,1,13
1920,12,11,23
1920,1,0,1
1920,5,1,6
1920,8,3,11
1920,3,1,4
1920,7,2,9
1920,4,2,6
1920,2,0,2
1920,3,1,4
1920,9,2,11
1920,3,10,13
1920,8,4,12
1920,3,0,3
1920,7,6,13
1920,6,1,7
1920,4,0,4
1920,9,10,19
1920,2,0,2
1920,8,16,24
1920,3,1,4
1920,2,1,3
1920,8,2,10
1920,7,12,19
1920,4,2,6
1920,8,0,8
1920,2,0,2
1920,7,1,8
1920,5,1,6
1920,5,2,7
1920,6,2,8
1920,12,10,22
1920,2,1,3
1920,3,1,4
1920,7,5,12
1920,4,2,6
1920,8,1,9
1920,6,3,9
1920,8,0,8
1920,9,5,14
1920,7,5,12
1920,2,1,3
1920,2,0,2
1920,2,0,2
1920,16,1,17
1920,2,1,3
1920,3,2,5
1920,3,0,3
1920,8,4,12
1920,5,3,8
1920,7,6,13
1920,2,0,2
1920,5,3,8
1920,9,5,14
1920,1,0,1
1920,5,1,6
1920,7,3,10
1920,9,4,13
1920,2,10,12
1920,3,2,5
1920,5,4,9
1920,3,10,13
1920,4,3,7
1920,4,3,7
1920,3,13,16
1920,8,6,14
1920,8,2,10
1920,4,2,6
1920,4,1,5
1920,10,1,11
1920,4,2,6
1920,7,5,12
1920,4,3,7
1920,4,13,17
1920,7,3,10
1920,6,0,6
1920,7,10,17
1920,5,4,9
1920,4,3,7
1920,6,3,9
1920,6,5,11
1920,4,1,5
1920,7,16,23
1920,8,6,14
1920,3,1,4
1920,3,0,3
1920,2,1,3
1920,5,1,6
1920,8,1,9
1920,1,0,1
1920,3,0,3
1921,5,4,9
1921,5,2,7
1921,5,3,8
1921,11,1,12
1921,8,10,18
1921,4,2,6
1921,6,3,9
1921,4,11,15
1921,7,2,9
1921,6,5,11
1921,4,3,7
1921,2,10,12
1921,9,12,21
1921,8,2,10
1921,6,5,11
1921,4,11,15
1921,3,1,4
1921,3,2,5
1921,4,10,14
1921,7,1,8
1921,7,1,8
1921,7,3,10
1921,3,1,4
1921,5,11,16
1921,7,6,13
1921,8,3,11
1921,4,2,6
1921,4,0,4
1921,3,1,4
1921,7,4,11
1921,4,0,4
1921,3,2,5
1921,9,1,10
1921,2,14,16
1921,6,1,7
1921,3,12,15
1921,3,2,5
1921,4,1,5
1921,6,14,20
1921,9,5,14
1921,6,5,11
1921,5,4,9
1921,9,6,15
1921,8,4,12
1921,4,2,6
1921,6,4,10
1921,1,0,1
1921,4,2,6
1921,8,3,11
1921,4,3,7
1921,6,5,11
1921,6,1,7
1921,8,7,15
1921,4,2,6
1921,8,7,15
1921,2,1,3
1921,4,11,15
1921,6,1,7
1921,3,2,5
1921,6,2,8
1921,5,4,9
1921,5,1,6
1921,6,12,18
1921,7,3,10
1921,7,2,9
1921,6,5,11
1921,1,0,1
1921,8,7,15
1921,3,1,4
1921,3,2,5
1921,4,1,5
1921,3,2,5
1921,5,3,8
1921,5,3,8
1921,7,6,13
1921,6,5,11
1921,2,1,3
1921,3,1,4
1921,3,1,4
1921,5,3,8
1921,9,8,17
1921,5,4,9
1921,6,10,16
1921,5,4,9
1921,2,1,3
1921,5,2,7
1921,5,3,8
1921,5,2,7
1921,7,4,11
1921,6,2,8
1921,2,1,3
1921,5,18,23
1921,9,5,14
1921,6,11,17
1921,1,0,1
1921,5,3,8
1921,3,3,6
1921,3,0,3
1921,7,3,10
1921,3,2,5
1921,4,3,7
1921,7,5,12
1921,9,4,13
1921,6,5,11
1921,3,1,4
1921,3,0,3
1921,5,1,6
1921,2,0,2
1921,2,1,3
1921,7,2,9
1921,1,0,1
1921,5,1,6
1921,2,1,3
1921,4,3,7
1921,4,3,7
1921,7,6,13
1921,8,1,9
1921,6,1,7
1921,2,0,2
1921,13,1,14
1921,7,2,9
1921,4,2,6
1921,5,2,7
1921,3,1,4
1921,8,11,19
1921,3,2,5
1921,7,11,18
1921,4,0,4
1921,8,3,11
1921,9,0,9
1921,8,7,15
1921,8,0,8
1921,6,10,16
1921,6,10,16
1921,7,11,18
1921,9,2,11
1921,2,1,3
1921,4,1,5
1921,8,0,8
1921,3,1,4
1921,6,2,8
1921,2,1,3
1921,6,3,9
1921,6,5,11
1921,2,0,2
1921,9,6,15
1921,1,0,1
1921,3,17,20
1921,5,4,9
1921,8,16,24
1921,4,3,7
1921,5,2,7
1921,3,2,5
1921,5,11,16
1921,6,2,8
1921,5,2,7
1921,4,1,5
1921,9,7,16
1921,2,1,3
1921,7,6,13
1921,6,2,8
1921,5,4,9
1921,1,0,1
1921,3,2,5
1921,14,1,15
1921,2,1,3
1921,4,1,5
1921,8,19,27
1921,1,0,1
1921,8,1,9
1921,3,1,4
1921,4,1,5
1921,11,10,21
1921,7,5,12
1921,8,6,14
1921,5,4,9
1921,8,16,24
1921,4,2,6
1921,6,4,10
1921,5,1,6
1921,4,2,6
1921,7,5,12
1921,4,3,7
1921,3,1,4
1921,6,4,10
1921,3,2,5
1921,5,0,5
1921,6,4,10
1921,8,6,14
1921,6,10,16
1921,7,3,10
1921,8,2,10
1921,13,10,23
1921,4,3,7
1921,7,11,18
1921,4,3,7
1921,7,1,8
1921,5,4,9
1921,6,3,9
1921,17,11,28
1921,7,4,11
1921,3,0,3
1921,5,10,15
1921,9,7,16
1921,8,4,12
1921,4,10,14
1921,4,2,6
1921,2,1,3
1921,4,3,7
1921,6,4,10
1921,4,2,6
1921,2,11,13
1921,6,1,7
1921,2,12,14
1921,4,2,6
1921,2,0,2
1921,3,2,5
1921,7,6,13
1921,8,3,11
1921,7,5,12
1921,5,1,6
1921,4,11,15
1921,4,3,7
1921,3,2,5
1921,5,3,8
1921,3,2,5
1921,8,5,13
1921,3,2,5
1921,5,4,9
1921,6,5,11
1921,3,16,19
1921,2,12,14
1921,6,10,16
1921,4,3,7
1921,5,4,9
1921,6,13,19
1921,6,5,11
1921,7,4,11
1921,8,11,19
1921,6,5,11
1921,5,2,7
1921,3,13,16
1921,4,2,6
1921,6,4,10
1921,6,2,8
1921,5,0,5
1921,9,6,15
1921,8,6,14
1921,6,5,11
1921,9,5,14
1921,4,1,5
1921,5,2,7
1921,6,4,10
1921,6,1,7
1921,7,3,10
1921,6,5,11
1921,7,6,13
1921,5,3,8
1921,3,2,5
1921,8,4,12
1921,5,10,15
1921,3,2,5
1921,5,3,8
1921,7,6,13
1921,5,3,8
1921,4,3,7
1921,11,1,12
1921,6,5,11
1921,9,1,10
1921,4,1,5
1921,5,12,17
1921,9,8,17
1921,7,10,17
1921,3,1,4
1921,6,5,11
1921,5,4,9
1921,8,10,18
1921,4,11,15
1921,7,10,17
1921,6,5,11
1921,8,7,15
1921,9,2,11
1921,3,11,14
1921,5,1,6
1921,6,2,8
1921,3,15,18
1921,4,3,7
1921,6,12,18
1921,4,3,7
1921,2,1,3
1921,6,1,7
1921,4,3,7
1921,8,2,10
1921,9,4,13
1921,9,11,20
1921,6,0,6
1921,9,3,12
1921,6,5,11
1921,5,14,19
1921,8,5,13
1921,9,4,13
1921,7,4,11
1921,6,5,11
1921,9,5,14
1921,5,1,6
1921,7,13,20
1921,8,1,9
1921,2,1,3
1921,13,0,13
1921,6,3,9
1921,2,1,3
1921,1,0,1
1921,4,2,6
1921,8,7,15
1921,6,5,11
1921,7,4,11
1921,5,10,15
1921,5,3,8
1921,8,4,12
1921,7,6,13
1921,5,12,17
1921,5,4,9
1921,4,10,14
1921,9,2,11
1921,8,3,11
1921,6,3,9
1921,3,2,5
1921,4,2,6
1921,8,7,15
1921,8,4,12
1921,8,5,13
1921,7,2,9
1921,5,4,9
1921,7,0,7
1921,7,2,9
1921,7,6,13
1921,8,3,11
1921,4,0,4
1921,9,8,17
1921,9,15,24
1921,4,1,5
1921,6,5,11
1921,8,3,11
1921,6,0,6
1921,4,3,7
1921,5,0,5
1921,9,4,13
1921,7,5,12
1921,12,0,12
1921,9,11,20
1921,9,4,13
1921,5,3,8
1921,6,0,6
1921,5,4,9
1921,7,4,11
1921,9,2,11
1921,7,6,13
1921,7,4,11
1921,6,1,7
1921,5,1,6
1921,8,12,20
1921,5,4,9
1921,11,0,11
1921,7,10,17
1921,7,6,13
1921,8,6,14
1921,6,0,6
1921,9,2,11
1921,7,10,17
1921,5,14,19
1921,3,2,5
1921,2,1,3
1921,8,11,19
1921,4,3,7
1921,9,7,16
1921,4,16,20
1921,4,2,6
1921,6,2,8
1921,9,3,12
1921,4,2,6
1921,4,14,18
1921,5,4,9
1921,5,3,8
1921,8,3,11
1921,6,10,16
1921,7,3,10
1921,3,1,4
1921,8,6,14
1921,5,0,5
1921,4,1,5
1921,8,3,11
1921,6,3,9
1921,4,2,6
1921,6,3,9
1921,10,0,10
1921,7,6,13
1921,5,3,8
1921,3,10,13
1921,8,3,11
1921,7,3,10
1921,9,12,21
1921,7,1,8
1921,8,12,20
1921,4,3,7
1921,3,10,13
1921,6,4,10
1921,5,0,5
1921,3,1,4
1921,8,13,21
1921,7,4,11
1921,5,12,17
1921,10,1,11
1921,6,10,16
1921,8,6,14
1921,2,10,12
1921,7,2,9
1921,9,6,15
1921,9,10,19
1921,8,3,11
1921,6,4,10
1921,8,7,15
1921,6,2,8
1921,4,1,5
1921,7,2,9
1921,6,5,11
1921,7,3,10
1921,3,0,3
1921,7,5,12
1921,8,3,11
1921,5,4,9
1921,9,7,16
1921,7,3,10
1921,3,2,5
1921,6,5,11
1921,5,4,9
1921,6,3,9
1921,5,4,9
1921,6,4,10
1921,11,10,21
1921,3,11,14
1921,8,3,11
1921,10,0,10
1921,5,4,9
1921,7,11,18
1921,3,10,13
1921,5,3,8
1921,4,3,7
1921,8,4,12
1921,4,3,7
1921,4,13,17
1921,5,3,8
1921,9,1,10
1921,5,2,7
1921,8,7,15
1921,6,4,10
1921,5,4,9
1921,2,1,3
1921,7,6,13
1921,7,2,9
1921,4,2,6
1921,3,2,5
1921,8,3,11
1921,6,1,7
1921,4,2,6
1921,6,3,9
1921,5,16,21
1921,7,6,13
1921,5,17,22
1921,6,3,9
1921,8,2,10
1921,5,1,6
1921,8,2,10
1921,3,2,5
1921,5,2,7
1921,7,6,13
1921,9,5,14
1921,5,4,9
1921,5,3,8
1921,6,1,7
1921,6,4,10
1921,6,0,6
1921,6,3,9
1921,6,4,10
1921,4,10,14
1921,5,3,8
1921,3,2,5
1921,4,3,7
1921,5,3,8
1921,7,6,13
1921,4,2,6
1921,12,0,12
1921,9,3,12
1921,2,11,13
1921,4,3,7
1921,3,2,5
1921,4,3,7
1921,2,1,3
1921,7,6,13
1921,6,2,8
1921,5,10,15
1921,6,4,10
1921,9,4,13
1921,4,17,21
1921,7,4,11
1921,5,2,7
1921,7,4,11
1921,8,10,18
1921,3,11,14
1921,15,1,16
1921,9,1,10
1921,5,2,7
1921,6,5,11
1921,5,2,7
1921,3,10,13
1921,4,2,6
1921,8,12,20
1921,5,2,7
1921,8,1,9
1921,2,1,3
1921,8,6,14
1921,4,12,16
1921,7,3,10
1921,3,2,5
1921,3,1,4
1921,9,6,15
1921,8,5,13
1921,5,3,8
1921,9,2,11
1921,4,3,7
1921,5,1,6
1921,6,3,9
1921,5,3,8
1921,6,1,7
1921,1,0,1
1921,8,6,14
1921,5,2,7
1921,4,3,7
1921,2,1,3
1921,1,0,1
1921,3,2,5
1921,6,3,9
1921,5,3,8
1921,5,1,6
1921,9,11,20
1921,5,3,8
1921,9,0,9
1921,8,11,19
1921,9,4,13
1921,6,1,7
1921,5,3,8
1921,8,3,11
1921,8,2,10
1921,9,5,14
1921,2,1,3
1921,5,10,15
1921,5,1,6
1921,4,12,16
1921,4,1,5
1921,7,3,10
1921,8,1,9
1921,7,4,11
1921,4,2,6
1921,6,2,8
1921,6,4,10
1921,11,10,21
1921,6,4,10
1921,4,14,18
1921,6,4,10
1921,3,2,5
1921,5,2,7
1921,6,3,9
1921,4,1,5
1921,7,6,13
1921,7,5,12
1921,4,1,5
1921,3,2,5
1921,4,16,20
1921,7,5,12
1921,6,5,11
1921,8,2,10
1921,5,2,7
1921,2,1,3
1921,1,0,1
1921,2,0,2
1921,4,11,15
1921,6,11,17
1921,3,2,5
1921,8,2,10
1921,8,13,21
1921,9,6,15
1921,5,3,8
1921,7,6,13
1921,2,15,17
1921,5,3,8
1921,5,0,5
1921,4,1,5
1921,6,3,9
1921,1,0,1
1921,9,4,13
1921,2,12,14
1921,4,2,6
1921,9,10,19
1921,4,2,6
1921,6,5,11
1921,7,1,8
1921,3,12,15
1921,7,3,10
1921,4,1,5
1921,10,0,10
1921,1,0,1
1921,2,1,3
1921,9,4,13
1921,9,8,17
1921,2,0,2
1921,4,0,4
1921,6,1,7
1921,7,3,10
1921,7,2,9
1921,9,8,17
1921,5,4,9
1921,5,3,8
1921,2,1,3
1921,8,7,15
1921,7,1,8
1921,6,4,10
1921,2,1,3
1921,8,2,10
1921,9,4,13
1921,6,4,10
1921,6,2,8
1921,3,1,4
1921,5,3,8
1921,9,10,19
1921,4,3,7
1921,5,11,16
1921,9,4,13
1921,11,1,12
1921,6,5,11
1921,3,2,5
1921,3,1,4
1921,5,2,7
1921,6,4,10
1921,4,3,7
1921,5,4,9
1921,3,2,5
1921,3,2,5
1921,3,2,5
1921,7,3,10
1921,6,2,8
1921,9,6,15
1921,4,3,7
1921,5,3,8
1921,10,0,10
1921,8,4,12
1921,5,4,9
1921,4,13,17
1921,7,1,8
1921,5,4,9
1921,4,3,7
1921,7,5,12
1921,1,0,1
1921,2,13,15
1921,8,5,13
1921,4,2,6
1921,5,2,7
1921,6,2,8
1921,8,1,9
1921,8,14,22
1921,5,4,9
1921,4,3,7
1921,3,2,5
1921,10,1,11
1921,12,1,13
1921,9,5,14
1921,9,5,14
1921,4,2,6
1921,3,1,4
1921,3,2,5
1921,1,0,1
1921,6,4,10
1921,6,5,11
1921,10,1,11
1921,6,4,10
1921,5,4,9
1921,8,5,13
1921,2,0,2
1921,3,2,5
1921,7,1,8
1921,2,1,3
1921,2,1,3
1921,10,0,10
1921,8,0,8
1921,9,10,19
1921,2,1,3
1921,2,1,3
1921,8,17,25
1921,7,2,9
1921,8,1,9
1921,8,1,9
1921,6,5,11
1921,2,1,3
1921,4,3,7
1921,2,11,13
1921,6,1,7
1921,4,14,18
1921,3,2,5
1921,3,1,4
1921,3,1,4
1921,3,0,3
1921,6,2,8
1921,8,7,15
1921,6,0,6
1921,6,2,8
1921,5,4,9
1921,6,5,11
1921,6,11,17
1921,7,1,8
1921,7,3,10
1921,6,14,20
1921,4,3,7
1921,2,10,12
1921,6,3,9
1921,8,2,10
1921,3,0,3
1921,3,3,6
1921,9,8,17
1921,8,7,15
1921,2,0,2
1921,5,4,9
1921,2,10,12
1921,2,0,2
1921,4,3,7
1921,7,5,12
1921,4,1,5
1921,4,1,5
1921,5,1,6
1921,5,4,9
1921,5,4,9
1921,3,2,5
1921,2,1,3
1921,6,0,6
1921,3,2,5
1921,9,2,11
1921,6,4,10
1921,9,0,9
1921,8,5,13
1921,3,0,3
1921,6,2,8
1921,7,10,17
1921,6,18,24
1921,1,0,1
1921,8,7,15
1921,6,5,11
1921,8,1,9
1921,12,1,13
1921,16,1,17
1921,9,7,16
1921,9,1,10
1921,1,0,1
1921,8,6,14
1921,4,3,7
1921,2,10,12
1921,8,7,15
1921,4,3,7
1921,2,12,14
1921,4,2,6
1921,9,5,14
1921,2,0,2
1921,6,1,7
1921,5,4,9
1921,5,2,7
1921,5,4,9
1921,7,3,10
1921,8,7,15
1921,1,0,1
1921,8,5,13
1921,5,2,7
1921,4,3,7
1921,6,4,10
1921,5,4,9
1921,3,2,5
1921,5,3,8
1921,7,5,12
1921,9,5,14
1921,3,2,5
1921,5,4,9
1921,5,13,18
1921,2,1,3
1921,5,2,7
1921,8,3,11
1921,7,5,12
1921,5,0,5
1921,1,0,1
1921,3,1,4
1921,3,1,4
1921,10,1,11
1921,6,1,7
1921,6,1,7
1921,7,3,10
1921,4,2,6
1921,8,5,13
1921,2,1,3
1921,4,1,5
1921,9,4,13
1921,7,4,11
1921,5,2,7
1921,9,8,17
1921,5,4,9
1921,9,12,21
1921,3,2,5
1921,2,12,14
1921,3,1,4
1921,7,2,9
1921,6,5,11
1921,4,3,7
1921,2,0,2
1921,11,0,11
1921,8,3,11
1921,6,1,7
1921,6,3,9
1921,9,3,12
1921,7,0,7
1921,5,4,9
1921,4,3,7
1921,7,6,13
1921,4,2,6
1921,7,6,13
1921,5,16,21
1921,8,7,15
1921,4,1,5
1921,8,7,15
1921,7,4,11
1921,5,4,9
1921,4,3,7
1921,4,2,6
1921,4,3,7
1921,8,6,14
1921,8,4,12
1921,8,14,22
1921,9,5,14
1921,1,0,1
1921,6,4,10
1921,6,3,9
1921,5,2,7
1921,2,1,3
1921,5,3,8
1921,6,5,11
1921,7,3,10
1921,7,3,10
1921,5,4,9
1921,6,1,7
1921,5,10,15
1921,4,0,4
1921,6,1,7
1921,3,1,4
1921,3,1,4
1921,8,6,14
1921,9,12,21
1921,4,2,6
1921,4,3,7
1921,8,0,8
1921,6,1,7
1921,7,5,12
1921,4,3,7
1921,7,2,9
1921,7,13,20
1921,4,3,7
1921,8,1,9
1921,6,1,7
1921,3,2,5
1921,1,0,1
1921,5,1,6
1921,4,1,5
1921,8,2,10
1921,7,5,12
1921,2,0,2
1921,3,2,5
1921,2,1,3
1921,3,2,5
1921,8,6,14
1921,7,6,13
1921,6,5,11
1921,8,6,14
1921,7,5,12
1921,5,4,9
1921,2,1,3
1921,3,11,14
1921,8,15,23
1921,6,3,9
1921,7,2,9
1921,5,11,16
1921,4,1,5
1921,9,8,17
1921,7,6,13
1921,6,4,10
1921,6,5,11
1921,5,0,5
1921,4,3,7
1921,4,3,7
1921,3,2,5
1921,13,1,14
1921,9,4,13
1921,3,2,5
1921,9,13,22
1921,8,12,20
1921,10,0,10
1921,8,3,11
1921,3,14,17
1921,4,1,5
1921,6,2,8
1921,5,12,17
1921,6,4,10
1921,1,0,1
1921,7,3,10
1921,3,2,5
1921,10,1,11
1921,5,2,7
1921,5,2,7
1921,9,4,13
1921,3,0,3
1921,4,0,4
1921,5,0,5
1921,7,4,11
1921,5,4,9
1921,10,0,10
1921,7,5,12
1921,8,10,18
1921,5,4,9
1921,6,5,11
1921,8,10,18
1921,6,0,6
1921,2,1,3
1921,2,10,12
1921,7,2,9
1921,4,3,7
1921,6,5,11
1921,6,1,7
1921,3,12,15
1921,7,10,17
1921,1,0,1
1921,2,15,17
1921,6,1,7
1921,4,3,7
1921,3,2,5
1921,2,1,3
1921,3,2,5
1921,15,1,16
1921,2,10,12
1921,7,0,7
1921,5,2,7
1921,6,4,10
1921,12,11,23
1921,3,2,5
1921,4,2,6
1921,6,13,19
1921,15,1,16
1921,9,1,10
1921,5,2,7
1921,3,1,4
1921,7,2,9
1921,3,12,15
1921,6,3,9
1921,5,4,9
1921,6,3,9
1921,2,10,12
1921,2,1,3
1921,7,2,9
1921,7,2,9
1921,5,15,20
1921,7,3,10
1921,2,1,3
1921,6,5,11
1921,6,2,8
1921,7,5,12
1921,3,1,4
1921,4,3,7
1921,9,3,12
1921,2,0,2
1921,6,5,11
1921,3,2,5
1921,7,3,10
1921,4,2,6
1921,4,12,16
1921,1,0,1
1921,4,10,14
1921,8,7,15
1921,8,2,10
1921,5,0,5
1921,6,4,10
1921,5,11,16
1921,5,3,8
1921,2,1,3
1921,9,8,17
1921,3,10,13
1921,3,1,4
1921,7,5,12
1921,3,2,5
1921,10,1,11
1921,7,3,10
1921,5,12,17
1921,9,17,26
1921,4,2,6
1921,5,1,6
1921,5,0,5
1921,7,6,13
1921,6,3,9
1921,8,1,9
1921,1,0,1
1921,4,10,14
1921,8,0,8
1921,4,3,7
1921,3,0,3
1921,7,0,7
1921,12,1,13
1921,9,3,12
1921,1,0,1
1921,11,10,21
1921,5,1,6
1921,12,1,13
1921,4,0,4
1921,7,10,17
1921,9,3,12
1921,4,1,5
1921,4,15,19
1921,4,10,14
1921,11,10,21
1921,2,1,3
1921,9,5,14
1921,6,3,9
1921,2,0,2
1921,4,2,6
1921,8,0,8
1921,8,2,10
1921,3,1,4
1921,8,4,12
1921,5,10,15
1921,8,12,20
1921,6,5,11
1921,4,3,7
1921,6,5,11
1921,5,3,8
1921,4,3,7
1921,7,1,8
1921,2,1,3
1921,2,1,3
1921,4,3,7
1921,4,3,7
1921,2,1,3
1921,5,2,7
1921,2,1,3
1921,6,2,8
1921,7,1,8
1921,1,0,1
1921,3,2,5
1921,5,2,7
1921,5,4,9
1921,6,2,8
1921,7,2,9
1921,7,2,9
1921,4,13,17
1921,2,10,12
1921,8,6,14
1921,2,13,15
1921,6,2,8
1921,15,1,16
1921,6,5,11
1921,4,3,7
1921,2,0,2
1921,20,15,35
1921,3,10,13
1921,6,2,8
1921,5,14,19
1921,8,5,13
1921,5,1,6
1921,5,4,9
1921,8,4,12
1921,6,2,8
1921,3,1,4
1921,3,19,22
1921,8,0,8
1921,2,0,2
1921,2,10,12
1921,5,3,8
1921,3,11,14
1921,5,1,6
1921,5,10,15
1921,4,1,5
1921,3,1,4
1921,5,1,6
1921,8,4,12
1921,7,6,13
1921,5,4,9
1921,4,3,7
1921,7,2,9
1921,4,2,6
1921,4,3,7
1921,6,2,8
1921,5,11,16
1921,5,3,8
1921,15,1,16
1921,1,0,1
1921,10,0,10
1921,10,1,11
1921,8,11,19
1921,8,5,13
1921,5,2,7
1921,9,7,16
1921,3,2,5
1921,1,0,1
1921,5,1,6
1921,6,3,9
1921,9,6,15
1921,6,10,16
1921,5,13,18
1921,3,17,20
1921,6,0,6
1921,6,3,9
1921,2,1,3
1921,4,10,14
1921,5,1,6
1921,3,10,13
1921,7,3,10
1921,5,0,5
1921,4,3,7
1921,2,0,2
1921,6,3,9
1921,7,6,13
1921,7,3,10
1921,6,1,7
1921,9,5,14
1921,8,4,12
1921,1,0,1
1921,5,1,6
1921,6,3,9
1921,3,10,13
1921,4,2,6
1921,6,4,10
1921,4,1,5
1921,6,2,8
1921,8,5,13
1921,9,6,15
1921,6,10,16
1921,7,4,11
1921,2,1,3
1921,5,3,8
1921,7,4,11
1921,7,6,13
1921,6,1,7
1921,4,2,6
1921,3,1,4
1921,9,7,16
1921,9,0,9
1921,5,1,6
1921,9,7,16
1921,2,0,2
1921,7,6,13
1921,3,2,5
1921,4,3,7
1921,9,8,17
1921,5,4,9
1921,5,12,17
1921,5,0,5
1921,4,3,7
1921,3,1,4
1921,2,0,2
1921,2,10,12
1921,5,10,15
1921,5,13,18
1921,4,2,6
1921,4,0,4
1921,9,1,10
1921,2,0,2
1921,2,1,3
1921,2,1,3
1921,11,0,11
1921,4,2,6
1921,9,0,9
1921,7,4,11
1921,18,1,19
1921,4,3,7
1921,8,4,12
1921,5,1,6
1921,4,3,7
1921,8,7,15
1921,6,2,8
1921,7,21,28
1921,5,2,7
1921,3,2,5
1921,8,7,15
1921,3,0,3
1921,2,1,3
1921,4,1,5
1921,8,5,13
1921,8,0,8
1921,8,3,11
1921,2,0,2
1921,9,5,14
1921,8,1,9
1921,9,6,15
1921,9,5,14
1921,3,1,4
1921,5,4,9
1921,5,2,7
1921,5,0,5
1921,5,0,5
1921,5,4,9
1921,3,1,4
1921,6,4,10
1921,3,2,5
1921,4,12,16
1921,7,2,9
1921,6,1,7
1921,7,6,13
1921,8,5,13
1921,5,3,8
1921,6,11,17
1921,5,3,8
1921,7,6,13
1921,9,10,19
1921,3,0,3
1921,4,4,8
1921,7,4,11
1921,7,4,11
1921,7,5,12
1921,7,0,7
1921,3,12,15
1921,7,6,13
1921,4,3,7
1921,6,11,17
1921,3,0,3
1921,3,0,3
1921,5,13,18
1921,4,2,6
1921,3,1,4
1921,8,5,13
1921,2,1,3
1921,1,0,1
1922,3,2,5
1922,3,2,5
1922,7,3,10
1922,7,4,11
1922,4,3,7
1922,7,1,8
1922,10,1,11
1922,6,5,11
1922,6,2,8
1922,4,2,6
1922,5,1,6
1922,8,3,11
1922,4,3,7
1922,4,2,6
1922,8,4,12
1922,5,2,7
1922,8,2,10
1922,2,10,12
1922,6,2,8
1922,14,0,14
1922,8,3,11
1922,4,11,15
1922,17,10,27
1922,5,14,19
1922,3,2,5
1922,5,3,8
1922,2,10,12
1922,7,6,13
1922,4,3,7
1922,3,0,3
1922,5,2,7
1922,3,2,5
1922,5,1,6
1922,1,0,1
1922,7,6,13
1922,9,11,20
1922,8,10,18
1922,5,1,6
1922,8,4,12
1922,2,17,19
1922,7,5,12
1922,2,17,19
1922,5,3,8
1922,6,1,7
1922,15,1,16
1922,8,1,9
1922,3,1,4
1922,5,4,9
1922,3,10,13
1922,4,15,19
1922,5,10,15
1922,4,2,6
1922,4,1,5
1922,6,4,10
1922,8,3,11
1922,7,15,22
1922,1,0,1
1922,5,10,15
1922,5,3,8
1922,9,2,11
1922,3,1,4
1922,3,2,5
1922,4,2,6
1922,7,1,8
1922,2,14,16
1922,7,10,17
1922,7,3,10
1922,3,14,17
1922,6,3,9
1922,4,3,7
1922,3,0,3
1922,4,3,7
1922,8,7,15
1922,4,2,6
1922,6,4,10
1922,6,5,11
1922,6,4,10
1922,3,2,5
1922,6,2,8
1922,3,11,14
1922,5,2,7
1922,6,0,6
1922,9,3,12
1922,5,3,8
1922,10,0,10
1922,10,1,11
1922,4,3,7
1922,3,0,3
1922,7,3,10
1922,4,2,6
1922,6,4,10
1922,2,0,2
1922,6,15,21
1922,5,12,17
1922,6,4,10
1922,6,6,12
1922,5,10,15
1922,8,5,13
1922,9,3,12
1922,7,10,17
1922,6,10,16
1922,3,11,14
1922,9,6,15
1922,3,10,13
1922,9,4,13
1922,5,3,8
1922,3,2,5
1922,3,2,5
1922,4,15,19
1922,4,3,7
1922,4,0,4
1922,5,2,7
1922,9,8,17
1922,7,3,10
1922,6,5,11
1922,4,0,4
1922,10,0,10
1922,3,1,4
1922,2,0,2
1922,2,1,3
1922,9,11,20
1922,6,4,10
1922,2,0,2
1922,3,10,13
1922,7,6,13
1922,6,5,11
1922,5,2,7
1922,8,5,13
1922,2,13,15
1922,6,3,9
1922,6,10,16
1922,9,2,11
1922,3,1,4
1922,6,12,18
1922,2,11,13
1922,8,0,8
1922,9,1,10
1922,4,2,6
1922,6,5,11
1922,5,3,8
1922,6,5,11
1922,8,7,15
1922,6,3,9
1922,6,1,7
1922,5,4,9
1922,3,1,4
1922,3,2,5
1922,1,0,1
1922,2,15,17
1922,6,2,8
1922,8,1,9
1922,3,2,5
1922,2,0,2
1922,7,11,18
1922,5,4,9
1922,4,3,7
1922,5,11,16
1922,7,10,17
1922,9,7,16
1922,6,0,6
1922,8,5,13
1922,8,1,9
1922,6,2,8
1922,7,5,12
1922,4,14,18
1922,8,7,15
1922,6,5,11
1922,6,2,8
1922,9,4,13
1922,4,1,5
1922,8,7,15
1922,4,15,19
1922,8,2,10
1922,6,0,6
1922,7,5,12
1922,9,10,19
1922,4,0,4
1922,9,3,12
1922,2,1,3
1922,7,6,13
1922,3,2,5
1922,2,1,3
1922,5,3,8
1922,9,11,20
1922,9,5,14
1922,4,1,5
1922,5,4,9
1922,6,12,18
1922,2,0,2
1922,5,3,8
1922,5,0,5
1922,7,4,11
1922,7,6,13
1922,8,10,18
1922,4,13,17
1922,5,3,8
1922,7,6,13
1922,5,4,9
1922,3,1,4
1922,3,0,3
1922,8,3,11
1922,8,5,13
1922,7,4,11
1922,8,5,13
1922,6,5,11
1922,5,4,9
1922,5,4,9
1922,6,5,11
1922,8,2,10
1922,5,1,6
1922,4,3,7
1922,2,0,2
1922,1,0,1
1922,6,2,8
1922,6,1,7
1922,3,13,16
1922,6,5,11
1922,7,19,26
1922,3,2,5
1922,6,5,11
1922,3,2,5
1922,3,0,3
1922,9,6,15
1922,7,5,12
1922,4,2,6
1922,4,3,7
1922,6,3,9
1922,1,0,1
1922,6,4,10
1922,3,1,4
1922,11,0,11
1922,7,5,12
1922,9,1,10
1922,4,12,16
1922,7,4,11
1922,6,10,16
1922,3,2,5
1922,5,2,7
1922,5,3,8
1922,2,1,3
1922,8,2,10
1922,6,1,7
1922,7,10,17
1922,4,2,6
1922,4,3,7
1922,8,4,12
1922,5,1,6
1922,6,5,11
1922,4,3,7
1922,8,1,9
1922,7,1,8
1922,3,0,3
1922,7,2,9
1922,4,3,7
1922,5,5,10
1922,5,0,5
1922,8,6,14
1922,4,3,7
1922,5,3,8
1922,6,2,8
1922,6,5,11
1922,3,11,14
1922,6,5,11
1922,3,10,13
1922,8,6,14
1922,3,2,5
1922,6,2,8
1922,2,1,3
1922,5,3,8
1922,7,6,13
1922,4,11,15
1922,9,3,12
1922,2,2,4
1922,7,3,10
1922,6,4,10
1922,8,7,15
1922,9,6,15
1922,7,3,10
1922,7,6,13
1922,2,1,3
1922,5,2,7
1922,2,1,3
1922,8,3,11
1922,6,2,8
1922,2,10,12
1922,7,5,12
1922,7,0,7
1922,6,2,8
1922,3,1,4
1922,3,2,5
1922,2,1,3
1922,2,1,3
1922,3,2,5
1922,8,1,9
1922,7,6,13
1922,5,3,8
1922,7,1,8
1922,7,3,10
1922,3,2,5
1922,3,2,5
1922,3,2,5
1922,3,1,4
1922,5,4,9
1922,4,2,6
1922,8,7,15
1922,7,5,12
1922,8,1,9
1922,4,3,7
1922,4,3,7
1922,2,0,2
1922,9,8,17
1922,5,4,9
1922,5,4,9
1922,8,5,13
1922,7,4,11
1922,5,3,8
1922,5,2,7
1922,9,6,15
1922,7,4,11
1922,5,3,8
1922,9,3,12
1922,8,4,12
1922,4,1,5
1922,3,1,4
1922,4,0,4
1922,7,6,13
1922,3,2,5
1922,4,3,7
1922,9,8,17
1922,7,16,23
1922,9,3,12
1922,7,3,10
1922,6,5,11
1922,2,1,3
1922,6,4,10
1922,7,4,11
1922,4,1,5
1922,8,4,12
1922,3,1,4
1922,2,11,13
1922,7,5,12
1922,2,0,2
1922,6,1,7
1922,5,2,7
1922,5,4,9
1922,3,2,5
1922,4,3,7
1922,7,3,10
1922,7,11,18
1922,9,4,13
1922,4,12,16
1922,6,4,10
1922,4,2,6
1922,3,2,5
1922,4,2,6
1922,5,4,9
1922,6,2,8
1922,9,6,15
1922,5,4,9
1922,5,4,9
1922,6,5,11
1922,6,14,20
1922,8,3,11
1922,3,2,5
1922,2,1,3
1922,6,0,6
1922,7,2,9
1922,3,1,4
1922,3,0,3
1922,14,1,15
1922,5,2,7
1922,6,2,8
1922,5,2,7
1922,9,7,16
1922,9,8,17
1922,6,2,8
1922,9,4,13
1922,5,0,5
1922,7,3,10
1922,7,2,9
1922,5,1,6
1922,7,2,9
1922,6,1,7
1922,7,6,13
1922,5,11,16
1922,7,5,12
1922,7,5,12
1922,2,1,3
1922,7,3,10
1922,6,10,16
1922,3,10,13
1922,4,3,7
1922,4,3,7
1922,8,1,9
1922,13,0,13
1922,9,1,10
1922,5,10,15
1922,3,0,3
1922,5,4,9
1922,3,2,5
1922,5,1,6
1922,5,14,19
1922,6,1,7
1922,7,6,13
1922,9,8,17
1922,8,0,8
1922,2,1,3
1922,8,4,12
1922,8,0,8
1922,2,11,13
1922,7,6,13
1922,3,11,14
1922,7,6,13
1922,9,3,12
1922,8,14,22
1922,7,1,8
1922,8,3,11
1922,8,5,13
1922,5,0,5
1922,5,1,6
1922,7,5,12
1922,14,0,14
1922,4,13,17
1922,4,0,4
1922,2,15,17
1922,6,5,11
1922,3,0,3
1922,6,2,8
1922,13,0,13
1922,7,6,13
1922,4,3,7
1922,8,10,18
1922,8,3,11
1922,2,1,3
1922,4,2,6
1922,7,0,7
1922,3,2,5
1922,2,12,14
1922,7,6,13
1922,9,8,17
1922,8,6,14
1922,9,4,13
1922,7,1,8
1922,7,2,9
1922,2,15,17
1922,6,0,6
1922,6,4,10
1922,3,2,5
1922,3,1,4
1922,5,4,9
1922,9,8,17
1922,2,1,3
1922,8,4,12
1922,6,2,8
1922,2,0,2
1922,1,0,1
1922,9,2,11
1922,8,1,9
1922,4,2,6
1922,5,3,8
1922,6,5,11
1922,2,0,2
1922,4,2,6
1922,9,11,20
1922,5,4,9
1922,8,6,14
1922,3,2,5
1922,2,0,2
1922,9,6,15
1922,6,5,11
1922,9,8,17
1922,7,3,10
1922,15,14,29
1922,5,4,9
1922,7,3,10
1922,9,8,17
1922,6,3,9
1922,5,0,5
1922,6,2,8
1922,3,0,3
1922,3,2,5
1922,3,2,5
1922,5,4,9
1922,8,6,14
1922,5,4,9
1922,6,5,11
1922,6,10,16
1922,9,1,10
1922,9,10,19
1922,6,2,8
1922,5,2,7
1922,3,0,3
1922,7,12,19
1922,5,2,7
1922,6,4,10
1922,4,13,17
1922,6,5,11
1922,6,1,7
1922,4,1,5
1922,7,3,10
1922,9,10,19
1922,8,2,10
1922,3,2,5
1922,4,3,7
1922,7,4,11
1922,5,0,5
1922,4,3,7
1922,11,1,12
1922,2,1,3
1922,6,4,10
1922,6,4,10
1922,6,0,6
1922,9,5,14
1922,7,4,11
1922,7,3,10
1922,6,1,7
1922,7,6,13
1922,9,7,16
1922,9,5,14
1922,7,1,8
1922,4,2,6
1922,6,4,10
1922,9,8,17
1922,5,4,9
1922,7,2,9
1922,9,0,9
1922,4,1,5
1922,8,5,13
1922,8,3,11
1922,4,2,6
1922,1,0,1
1922,7,3,10
1922,6,2,8
1922,3,10,13
1922,8,5,13
1922,6,4,10
1922,3,2,5
1922,9,5,14
1922,6,4,10
1922,4,1,5
1922,6,0,6
1922,3,10,13
1922,1,0,1
1922,7,3,10
1922,6,5,11
1922,4,1,5
1922,7,4,11
1922,9,5,14
1922,9,8,17
1922,4,3,7
1922,5,0,5
1922,8,6,14
1922,6,3,9
1922,6,12,18
1922,5,1,6
1922,8,3,11
1922,2,1,3
1922,9,3,12
1922,9,5,14
1922,2,1,3
1922,7,6,13
1922,4,3,7
1922,9,4,13
1922,12,1,13
1922,5,2,7
1922,6,3,9
1922,5,3,8
1922,5,3,8
1922,5,3,8
1922,4,2,6
1922,4,11,15
1922,5,5,10
1922,3,1,4
1922,6,1,7
1922,8,4,12
1922,8,0,8
1922,9,11,20
1922,6,5,11
1922,4,3,7
1922,2,0,2
1922,6,5,11
1922,5,11,16
1922,4,11,15
1922,3,10,13
1922,3,11,14
1922,9,5,14
1922,6,3,9
1922,2,14,16
1922,1,0,1
1922,5,4,9
1922,7,2,9
1922,3,1,4
1922,1,0,1
1922,6,3,9
1922,9,8,17
1922,6,5,11
1922,7,6,13
1922,9,11,20
1922,2,1,3
1922,6,10,16
1922,6,5,11
1922,8,2,10
1922,7,1,8
1922,5,3,8
1922,3,1,4
1922,4,1,5
1922,3,2,5
1922,7,5,12
1922,7,10,17
1922,2,1,3
1922,4,2,6
1922,7,2,9
1922,9,3,12
1922,9,7,16
1922,6,5,11
1922,7,13,20
1922,5,4,9
1922,4,3,7
1922,4,0,4
1922,7,11,18
1922,5,2,7
1922,2,19,21
1922,5,4,9
1922,4,1,5
1922,6,2,8
1922,2,0,2
1922,4,0,4
1922,6,4,10
1922,2,1,3
1922,4,2,6
1922,9,8,17
1922,4,10,14
1922,3,0,3
1922,3,2,5
1922,7,11,18
1922,5,1,6
1922,4,1,5
1922,7,4,11
1922,7,3,10
1922,4,3,7
1922,8,2,10
1922,3,2,5
1922,4,1,5
1922,4,2,6
1922,5,4,9
1922,4,3,7
1922,9,4,13
1922,1,0,1
1922,5,3,8
1922,8,4,12
1922,3,0,3
1922,4,0,4
1922,6,1,7
1922,9,5,14
1922,7,3,10
1922,2,0,2
1922,2,1,3
1922,3,2,5
1922,3,2,5
1922,2,0,2
1922,3,2,5
1922,4,3,7
1922,2,0,2
1922,6,2,8
1922,7,10,17
1922,5,4,9
1922,4,0,4
1922,1,0,1
1922,2,0,2
1922,7,16,23
1922,3,2,5
1922,8,7,15
1922,8,7,15
1922,5,0,5
1922,8,5,13
1922,3,2,5
1922,6,5,11
1922,6,3,9
1922,9,3,12
1922,4,14,18
1922,6,3,9
1922,9,8,17
1922,8,0,8
1922,8,6,14
1922,5,2,7
1922,5,1,6
1922,6,3,9
1922,2,0,2
1922,7,6,13
1922,4,1,5
1922,3,2,5
1922,7,11,18
1922,7,3,10
1922,5,1,6
1922,4,0,4
1922,2,1,3
1922,5,4,9
1922,8,2,10
1922,8,7,15
1922,1,0,1
1922,5,3,8
1922,7,5,12
1922,2,10,12
1922,6,0,6
1922,6,1,7
1922,1,0,1
1922,5,2,7
1922,7,6,13
1922,3,2,5
1922,2,0,2
1922,10,1,11
1922,8,7,15
1922,9,8,17
1922,4,2,6
1922,4,1,5
1922,4,1,5
1922,6,10,16
1922,6,11,17
1922,7,11,18
1922,4,1,5
1922,2,11,13
1922,5,2,7
1922,4,2,6
1922,3,2,5
1922,4,11,15
1922,5,3,8
1922,6,3,9
1922,3,1,4
1922,4,0,4
1922,4,11,15
1922,8,5,13
1922,9,8,17
1922,15,11,26
1922,8,0,8
1922,7,0,7
1922,2,1,3
1922,5,1,6
1922,3,1,4
1922,2,0,2
1922,5,4,9
1922,5,10,15
1922,7,12,19
1922,5,4,9
1922,6,11,17
1922,8,7,15
1922,4,3,7
1922,2,11,13
1922,9,1,10
1922,7,12,19
1922,6,5,11
1922,6,5,11
1922,3,2,5
1922,9,0,9
1922,4,3,7
1922,3,12,15
1922,6,3,9
1922,8,4,12
1922,4,3,7
1922,7,11,18
1922,7,3,10
1922,9,2,11
1922,5,4,9
1922,2,1,3
1922,6,2,8
1922,6,18,24
1922,8,7,15
1922,2,13,15
1922,8,3,11
1922,6,2,8
1922,7,5,12
1922,4,1,5
1922,3,2,5
1922,6,5,11
1922,3,11,14
1922,7,2,9
1922,7,0,7
1922,4,1,5
1922,6,2,8
1922,6,3,9
1922,3,2,5
1922,5,14,19
1922,11,1,12
1922,5,12,17
1922,5,13,18
1922,6,2,8
1922,3,2,5
1922,3,17,20
1922,4,11,15
1922,2,10,12
1922,5,2,7
1922,4,1,5
1922,5,1,6
1922,7,7,14
1922,8,4,12
1922,4,0,4
1922,5,1,6
1922,2,0,2
1922,9,10,19
1922,7,0,7
1922,7,4,11
1922,5,0,5
1922,7,1,8
1922,9,5,14
1922,6,5,11
1922,3,0,3
1922,3,2,5
1922,7,5,12
1922,2,0,2
1922,3,2,5
1922,2,1,3
1922,9,7,16
1922,9,4,13
1922,5,0,5
1922,3,2,5
1922,9,3,12
1922,6,2,8
1922,7,1,8
1922,8,4,12
1922,7,19,26
1922,9,1,10
1922,4,1,5
1922,6,3,9
1922,5,1,6
1922,3,2,5
1922,6,11,17
1922,3,10,13
1922,8,4,12
1922,9,8,17
1922,5,12,17
1922,7,0,7
1922,4,3,7
1922,17,10,27
1922,16,1,17
1922,4,1,5
1922,6,4,10
1922,6,15,21
1922,2,1,3
1922,7,3,10
1922,8,19,27
1922,7,3,10
1922,3,1,4
1922,6,5,11
1922,5,0,5
1922,6,5,11
1922,4,3,7
1922,7,3,10
1922,8,3,11
1922,3,2,5
1922,8,6,14
1922,16,1,17
1922,7,3,10
1922,7,3,10
1922,4,14,18
1922,5,4,9
1922,6,1,7
1922,3,2,5
1922,5,3,8
1922,7,1,8
1922,5,11,16
1922,3,1,4
1922,7,6,13
1922,5,10,15
1922,6,0,6
1922,6,4,10
1922,3,2,5
1922,9,3,12
1922,5,4,9
1922,3,2,5
1922,4,2,6
1922,5,16,21
1922,3,2,5
1922,10,1,11
1922,8,6,14
1922,19,11,30
1922,5,0,5
1922,8,3,11
1922,3,0,3
1922,2,1,3
1922,4,11,15
1922,7,4,11
1922,6,2,8
1922,6,1,7
1922,7,1,8
1922,5,3,8
1922,9,4,13
1922,3,1,4
1922,7,3,10
1922,9,10,19
1922,7,6,13
1922,3,2,5
1922,7,3,10
1922,3,11,14
1922,3,2,5
1922,5,1,6
1922,7,2,9
1922,1,0,1
1922,7,1,8
1922,8,1,9
1922,6,3,9
1922,8,7,15
1922,8,5,13
1922,8,0,8
1922,17,11,28
1922,8,7,15
1922,8,4,12
1922,5,2,7
1922,3,2,5
1922,7,5,12
1922,5,1,6
1922,1,0,1
1922,2,1,3
1922,9,4,13
1922,5,12,17
1922,9,5,14
1922,6,5,11
1922,4,1,5
1922,8,2,10
1922,8,7,15
1922,3,1,4
1922,5,4,9
1922,5,10,15
1922,4,3,7
1922,7,5,12
1922,9,6,15
1922,2,0,2
1922,3,16,19
1922,7,6,13
1922,5,1,6
1922,9,4,13
1922,5,4,9
1922,7,3,10
1922,6,2,8
1922,6,4,10
1922,3,17,20
1922,4,3,7
1922,4,2,6
1922,3,0,3
1922,6,3,9
1922,6,0,6
1922,4,1,5
1922,6,3,9
1922,3,11,14
1922,6,3,9
1922,3,11,14
1922,2,13,15
1922,4,1,5
1922,2,1,3
1922,7,3,10
1922,8,11,19
1922,4,10,14
1922,12,11,23
1922,1,0,1
1922,9,0,9
1922,26,23,49
1922,3,1,4
1922,6,5,11
1922,8,7,15
1922,8,6,14
1922,4,3,7
1922,3,2,5
1922,3,0,3
1922,5,3,8
1922,2,1,3
1922,9,2,11
1922,8,0,8
1922,7,5,12
1922,8,7,15
1922,8,5,13
1922,3,1,4
1922,9,0,9
1922,7,6,13
1922,8,12,20
1922,7,2,9
1922,2,1,3
1922,5,3,8
1922,7,2,9
1922,4,3,7
1922,6,3,9
1922,5,3,8
1922,3,1,4
1922,6,5,11
1922,3,2,5
1922,6,0,6
1922,15,11,26
1922,3,10,13
1922,2,1,3
1922,6,4,10
1922,2,0,2
1922,3,11,14
1922,2,1,3
1922,5,4,9
1922,6,5,11
1922,5,4,9
1922,7,4,11
1922,5,4,9
1922,7,2,9
1922,7,6,13
1922,10,1,11
1922,3,1,4
1922,3,0,3
1922,8,7,15
1922,2,0,2
1922,10,1,11
1922,7,4,11
1922,2,0,2
1922,4,1,5
1922,4,3,7
1922,4,14,18
1922,6,11,17
1922,3,2,5
1922,6,2,8
1922,5,17,22
1922,2,0,2
1922,5,4,9
1922,4,2,6
1922,5,2,7
1922,6,11,17
1922,6,0,6
1922,9,5,14
1922,3,0,3
1922,1,0,1
1922,8,5,13
1922,2,0,2
1922,9,3,12
1922,5,0,5
1922,4,3,7
1922,8,7,15
1922,3,10,13
1922,3,2,5
1922,6,3,9
1922,4,3,7
1922,5,0,5
1922,5,4,9
1922,7,6,13
1922,5,3,8
1922,6,5,11
1922,3,10,13
1922,12,1,13
1922,5,4,9
1922,2,0,2
1922,6,0,6
1922,4,2,6
1922,9,8,17
1922,5,15,20
1922,3,1,4
1922,4,3,7
1922,6,5,11
1922,3,11,14
1922,8,7,15
1922,11,0,11
1922,9,10,19
1922,1,1,2
1922,8,5,13
1922,7,4,11
1922,9,2,11
1922,6,4,10
1922,3,11,14
1922,7,4,11
1922,3,0,3
1922,9,8,17
1922,6,10,16
1922,6,13,19
1922,6,0,6
1922,2,1,3
1922,7,2,9
1922,6,1,7
1922,8,1,9
1922,8,4,12
1922,7,10,17
1922,8,3,11
1922,3,1,4
1922,3,2,5
1922,6,5,11
1922,3,2,5
1922,12,10,22
1922,3,2,5
1922,3,2,5
1922,7,4,11
1922,8,7,15
1922,16,0,16
1922,4,10,14
1922,8,13,21
1922,3,10,13
1922,2,1,3
1922,6,1,7
1922,7,6,13
1922,7,6,13
1922,9,4,13
1922,5,4,9
1922,3,12,15
1922,8,2,10
1922,8,6,14
1922,3,2,5
1922,8,1,9
1922,6,1,7
1922,7,3,10
1922,6,3,9
1922,4,1,5
1922,6,5,11
1922,8,3,11
1922,4,13,17
1922,11,1,12
1922,3,1,4
1922,7,3,10
1922,8,0,8
1922,4,1,5
1922,4,3,7
1922,5,2,7
1922,7,6,13
1922,9,4,13
1922,5,3,8
1922,7,2,9
1922,4,1,5
1922,2,1,3
1922,6,5,11
1922,8,2,10
1922,7,6,13
1922,9,10,19
1922,7,1,8
1922,7,5,12
1922,1,0,1
1922,4,2,6
1922,9,2,11
1922,6,1,7
1922,9,5,14
1922,8,2,10
1922,8,4,12
1922,6,11,17
1922,8,6,14
1922,2,1,3
1922,6,2,8
1922,3,2,5
1922,4,2,6
1922,6,2,8
1922,4,3,7
1922,5,1,6
1922,4,3,7
1922,6,4,10
1922,7,0,7
1922,4,3,7
1922,5,11,16
1922,7,2,9
1922,3,11,14
1922,5,2,7
1922,3,2,5
1922,8,4,12
1922,7,4,11
1922,3,2,5
1922,4,3,7
1922,6,1,7
1922,4,3,7
1922,6,1,7
1922,7,13,20
1922,9,3,12
1922,6,5,11
1922,1,0,1
1922,3,2,5
1922,5,2,7
1922,5,4,9
1922,6,5,11
1922,4,1,5
1922,9,8,17
1922,11,1,12
1922,5,0,5
1922,3,1,4
1922,4,2,6
1922,5,2,7
1922,6,1,7
1922,5,15,20
1922,9,8,17
1922,6,1,7
1922,8,6,14
1922,4,2,6
1922,7,6,13
1922,7,4,11
1922,7,2,9
1922,6,0,6
1922,6,4,10
1922,9,3,12
1922,5,3,8
1922,8,7,15
1922,7,5,12
1922,9,5,14
1922,5,11,16
1922,9,5,14
1922,5,1,6
1922,8,4,12
1922,3,1,4
1922,8,3,11
1922,7,6,13
1922,6,4,10
1922,7,5,12
1922,5,4,9
1922,6,5,11
1922,4,2,6
1922,3,11,14
1922,5,4,9
1922,3,0,3
1922,7,2,9
1922,6,10,16
1922,7,4,11
1922,5,4,9
1922,3,10,13
1922,5,12,17
1922,6,3,9
1922,8,15,23
1922,7,0,7
1922,5,3,8
1922,3,2,5
1922,4,1,5
1922,3,1,4
1922,9,6,15
1922,5,12,17
1922,1,0,1
1922,3,0,3
1922,4,3,7
1922,8,4,12
1922,3,2,5
1922,3,1,4
1922,6,4,10
1922,9,8,17
1922,5,3,8
1922,7,7,14
1922,4,1,5
1922,5,1,6
1922,5,3,8
1922,7,3,10
1922,7,4,11
1922,7,11,18
1922,6,0,6
1922,7,1,8
1922,5,4,9
1922,5,1,6
1922,6,5,11
1922,3,0,3
1922,3,0,3
1922,2,1,3
1922,6,1,7
1922,3,2,5
1922,3,3,6
1922,3,0,3
1922,4,3,7
1922,5,3,8
1923,5,5,10
1923,4,1,5
1923,3,2,5
1923,3,2,5
1923,6,5,11
1923,7,4,11
1923,7,2,9
1923,4,2,6
1923,6,5,11
1923,4,1,5
1923,3,1,4
1923,9,6,15
1923,5,3,8
1923,4,3,7
1923,4,3,7
1923,5,10,15
1923,8,11,19
1923,6,5,11
1923,8,2,10
1923,4,2,6
1923,8,3,11
1923,8,7,15
1923,9,2,11
1923,12,11,23
1923,2,10,12
1923,8,5,13
1923,4,3,7
1923,6,2,8
1923,5,3,8
1923,7,0,7
1923,14,1,15
1923,8,10,18
1923,6,12,18
1923,5,1,6
1923,7,6,13
1923,6,4,10
1923,16,1,17
1923,10,0,10
1923,8,7,15
1923,9,15,24
1923,1,0,1
1923,4,3,7
1923,4,3,7
1923,4,3,7
1923,7,3,10
1923,8,4,12
1923,3,2,5
1923,2,1,3
1923,9,6,15
1923,7,7,14
1923,6,4,10
1923,3,0,3
1923,5,4,9
1923,8,7,15
1923,4,0,4
1923,7,3,10
1923,1,0,1
1923,3,2,5
1923,2,1,3
1923,7,1,8
1923,3,1,4
1923,7,3,10
1923,3,1,4
1923,5,4,9
1923,3,0,3
1923,4,3,7
1923,7,3,10
1923,4,14,18
1923,7,2,9
1923,8,4,12
1923,2,1,3
1923,4,2,6
1923,8,6,14
1923,5,2,7
1923,3,10,13
1923,5,2,7
1923,2,1,3
1923,10,10,20
1923,5,3,8
1923,6,3,9
1923,4,1,5
1923,6,4,10
1923,3,2,5
1923,4,3,7
1923,2,1,3
1923,8,3,11
1923,3,0,3
1923,1,0,1
1923,9,8,17
1923,3,2,5
1923,3,2,5
1923,4,2,6
1923,7,3,10
1923,6,4,10
1923,4,2,6
1923,4,3,7
1923,3,13,16
1923,7,5,12
1923,4,17,21
1923,5,4,9
1923,5,3,8
1923,3,1,4
1923,6,5,11
1923,4,3,7
1923,12,10,22
1923,6,2,8
1923,8,7,15
1923,4,3,7
1923,4,2,6
1923,2,1,3
1923,4,3,7
1923,7,6,13
1923,7,11,18
1923,12,1,13
1923,3,0,3
1923,3,1,4
1923,6,3,9
1923,6,5,11
1923,3,11,14
1923,6,4,10
1923,3,1,4
1923,3,2,5
1923,3,2,5
1923,1,0,1
1923,4,0,4
1923,9,5,14
1923,8,6,14
1923,9,11,20
1923,6,11,17
1923,2,1,3
1923,7,4,11
1923,5,4,9
1923,8,7,15
1923,2,10,12
1923,7,2,9
1923,5,2,7
1923,7,10,17
1923,7,6,13
1923,4,1,5
1923,7,4,11
1923,4,3,7
1923,8,7,15
1923,5,4,9
1923,5,1,6
1923,4,16,20
1923,4,1,5
1923,12,11,23
1923,8,4,12
1923,3,12,15
1923,8,13,21
1923,4,11,15
1923,8,6,14
1923,7,6,13
1923,3,2,5
1923,8,2,10
1923,4,1,5
1923,3,11,14
1923,9,6,15
1923,9,7,16
1923,5,10,15
1923,4,3,7
1923,9,7,16
1923,4,13,17
1923,7,0,7
1923,7,10,17
1923,7,6,13
1923,5,4,9
1923,4,1,5
1923,7,4,11
1923,20,14,34
1923,3,14,17
1923,8,11,19
1923,5,0,5
1923,3,2,5
1923,3,12,15
1923,2,1,3
1923,5,2,7
1923,3,2,5
1923,5,2,7
1923,4,1,5
1923,9,0,9
1923,3,0,3
1923,6,3,9
1923,7,1,8
1923,9,0,9
1923,6,3,9
1923,16,11,27
1923,4,1,5
1923,7,3,10
1923,5,10,15
1923,9,10,19
1923,9,5,14
1923,8,2,10
1923,7,6,13
1923,5,0,5
1923,6,2,8
1923,4,1,5
1923,6,3,9
1923,1,0,1
1923,3,2,5
1923,4,2,6
1923,6,2,8
1923,6,13,19
1923,7,4,11
1923,9,2,11
1923,3,1,4
1923,4,3,7
1923,8,14,22
1923,4,1,5
1923,6,2,8
1923,7,0,7
1923,7,10,17
1923,9,4,13
1923,6,5,11
1923,5,0,5
1923,6,4,10
1923,5,2,7
1923,4,0,4
1923,1,0,1
1923,4,11,15
1923,6,5,11
1923,5,3,8
1923,3,2,5
1923,1,0,1
1923,8,1,9
1923,4,14,18
1923,9,8,17
1923,5,0,5
1923,5,4,9
1923,5,3,8
1923,3,2,5
1923,9,6,15
1923,8,2,10
1923,3,1,4
1923,3,2,5
1923,4,3,7
1923,7,3,10
1923,6,13,19
1923,7,12,19
1923,7,1,8
1923,6,4,10
1923,8,6,14
1923,4,1,5
1923,7,6,13
1923,7,1,8
1923,6,1,7
1923,8,2,10
1923,1,0,1
1923,4,11,15
1923,6,1,7
1923,6,5,11
1923,7,4,11
1923,4,0,4
1923,5,3,8
1923,8,12,20
1923,4,2,6
1923,2,1,3
1923,3,2,5
1923,5,0,5
1923,5,4,9
1923,2,1,3
1923,4,3,7
1923,8,10,18
1923,5,4,9
1923,1,0,1
1923,6,5,11
1923,4,2,6
1923,2,1,3
1923,6,0,6
1923,4,12,16
1923,6,2,8
1923,8,1,9
1923,6,4,10
1923,2,11,13
1923,5,4,9
1923,8,7,15
1923,8,6,14
1923,5,4,9
1923,7,10,17
1923,3,2,5
1923,6,4,10
1923,6,5,11
1923,3,0,3
1923,3,1,4
1923,7,6,13
1923,3,2,5
1923,4,2,6
1923,5,3,8
1923,6,1,7
1923,7,6,13
1923,7,2,9
1923,2,10,12
1923,4,3,7
1923,5,2,7
1923,9,6,15
1923,6,5,11
1923,6,2,8
1923,5,4,9
1923,2,10,12
1923,4,2,6
1923,5,0,5
1923,6,4,10
1923,9,5,14
1923,5,2,7
1923,5,4,9
1923,3,2,5
1923,8,3,11
1923,8,1,9
1923,4,1,5
1923,4,1,5
1923,6,11,17
1923,8,5,13
1923,5,3,8
1923,4,17,21
1923,5,0,5
1923,8,22,30
1923,4,3,7
1923,7,4,11
1923,4,2,6
1923,4,2,6
1923,8,5,13
1923,2,1,3
1923,9,1,10
1923,7,3,10
1923,9,8,17
1923,7,5,12
1923,5,3,8
1923,7,6,13
1923,7,1,8
1923,4,3,7
1923,8,7,15
1923,4,3,7
1923,6,2,8
1923,6,5,11
1923,8,7,15
1923,9,7,16
1923,5,3,8
1923,5,2,7
1923,6,10,16
1923,8,3,11
1923,7,1,8
1923,7,6,13
1923,3,10,13
1923,5,2,7
1923,3,0,3
1923,4,17,21
1923,6,1,7
1923,5,1,6
1923,4,1,5
1923,5,2,7
1923,7,3,10
1923,7,6,13
1923,5,1,6
1923,7,1,8
1923,9,7,16
1923,3,1,4
1923,8,5,13
1923,1,0,1
1923,4,16,20
1923,4,2,6
1923,7,3,10
1923,6,5,11
1923,9,6,15
1923,3,1,4
1923,7,4,11
1923,4,3,7
1923,2,12,14
1923,3,13,16
1923,8,6,14
1923,6,0,6
1923,2,0,2
1923,5,4,9
1923,3,0,3
1923,2,1,3
1923,8,7,15
1923,5,3,8
1923,5,4,9
1923,3,10,13
1923,4,3,7
1923,4,10,14
1923,12,11,23
1923,8,4,12
1923,7,3,10
1923,4,2,6
1923,5,4,9
1923,3,1,4
1923,9,10,19
1923,8,4,12
1923,4,3,7
1923,5,0,5
1923,5,2,7
1923,4,2,6
1923,3,2,5
1923,4,1,5
1923,9,6,15
1923,6,5,11
1923,3,1,4
1923,4,3,7
1923,2,1,3
1923,6,4,10
1923,7,3,10
1923,2,0,2
1923,9,7,16
1923,3,0,3
1923,10,0,10
1923,4,1,5
1923,5,3,8
1923,8,6,14
1923,9,1,10
1923,7,3,10
1923,9,1,10
1923,9,4,13
1923,8,0,8
1923,4,1,5
1923,6,5,11
1923,4,3,7
1923,6,4,10
1923,9,0,9
1923,6,4,10
1923,9,0,9
1923,4,3,7
1923,5,3,8
1923,6,2,8
1923,9,0,9
1923,9,3,12
1923,6,3,9
1923,3,11,14
1923,6,5,11
1923,8,3,11
1923,4,1,5
1923,4,3,7
1923,6,12,18
1923,4,3,7
1923,1,0,1
1923,6,5,11
1923,3,12,15
1923,4,0,4
1923,7,6,13
1923,3,1,4
1923,16,1,17
1923,4,1,5
1923,9,7,16
1923,4,3,7
1923,8,14,22
1923,7,5,12
1923,5,1,6
1923,3,1,4
1923,6,1,7
1923,2,1,3
1923,4,0,4
1923,6,5,11
1923,4,2,6
1923,9,5,14
1923,3,2,5
1923,8,2,10
1923,3,2,5
1923,4,0,4
1923,5,11,16
1923,5,2,7
1923,8,2,10
1923,5,3,8
1923,9,5,14
1923,5,10,15
1923,5,4,9
1923,9,5,14
1923,9,4,13
1923,2,0,2
1923,8,2,10
1923,9,8,17
1923,6,3,9
1923,6,4,10
1923,8,0,8
1923,6,14,20
1923,7,4,11
1923,6,5,11
1923,9,4,13
1923,7,1,8
1923,11,10,21
1923,3,0,3
1923,3,1,4
1923,3,1,4
1923,4,3,7
1923,9,1,10
1923,7,6,13
1923,6,3,9
1923,7,16,23
1923,7,5,12
1923,8,15,23
1923,5,15,20
1923,6,0,6
1923,4,2,6
1923,1,0,1
1923,4,2,6
1923,8,7,15
1923,6,2,8
1923,3,1,4
1923,4,11,15
1923,5,4,9
1923,9,10,19
1923,5,14,19
1923,2,0,2
1923,5,3,8
1923,5,3,8
1923,2,1,3
1923,3,2,5
1923,1,0,1
1923,3,2,5
1923,3,1,4
1923,5,4,9
1923,6,1,7
1923,4,10,14
1923,6,2,8
1923,4,3,7
1923,7,3,10
1923,2,1,3
1923,2,1,3
1923,8,7,15
1923,3,2,5
1923,6,2,8
1923,4,0,4
1923,8,0,8
1923,8,1,9
1923,7,4,11
1923,9,8,17
1923,13,1,14
1923,4,10,14
1923,4,1,5
1923,7,2,9
1923,6,5,11
1923,8,12,20
1923,2,1,3
1923,4,2,6
1923,4,2,6
1923,4,3,7
1923,3,1,4
1923,8,1,9
1923,4,1,5
1923,9,5,14
1923,6,3,9
1923,6,3,9
1923,7,10,17
1923,3,15,18
1923,6,12,18
1923,2,12,14
1923,7,3,10
1923,5,3,8
1923,7,5,12
1923,6,1,7
1923,9,7,16
1923,3,1,4
1923,7,5,12
1923,3,0,3
1923,10,0,10
1923,16,12,28
1923,4,3,7
1923,5,3,8
1923,5,2,7
1923,5,2,7
1923,5,10,15
1923,7,1,8
1923,9,1,10
1923,5,3,8
1923,4,0,4
1923,3,2,5
1923,3,27,30
1923,8,5,13
1923,9,6,15
1923,5,3,8
1923,4,2,6
1923,5,18,23
1923,3,13,16
1923,4,0,4
1923,4,2,6
1923,15,10,25
1923,7,5,12
1923,5,3,8
1923,6,4,10
1923,5,3,8
1923,4,1,5
1923,8,1,9
1923,4,1,5
1923,6,5,11
1923,6,13,19
1923,4,2,6
1923,9,3,12
1923,9,0,9
1923,11,1,12
1923,6,3,9
1923,3,2,5
1923,4,3,7
1923,9,8,17
1923,7,2,9
1923,9,1,10
1923,2,0,2
1923,4,10,14
1923,3,1,4
1923,4,2,6
1923,7,3,10
1923,5,1,6
1923,6,1,7
1923,6,2,8
1923,9,6,15
1923,4,10,14
1923,2,0,2
1923,9,6,15
1923,6,10,16
1923,11,0,11
1923,6,5,11
1923,5,3,8
1923,4,2,6
1923,2,0,2
1923,8,5,13
1923,5,1,6
1923,6,10,16
1923,4,3,7
1923,7,16,23
1923,6,4,10
1923,10,1,11
1923,7,21,28
1923,8,4,12
1923,2,1,3
1923,5,3,8
1923,4,2,6
1923,3,1,4
1923,5,2,7
1923,6,4,10
1923,4,2,6
1923,7,10,17
1923,9,8,17
1923,6,5,11
1923,15,12,27
1923,4,2,6
1923,5,2,7
1923,3,2,5
1923,3,1,4
1923,4,2,6
1923,2,10,12
1923,9,5,14
1923,11,0,11
1923,6,6,12
1923,8,4,12
1923,4,3,7
1923,6,0,6
1923,7,11,18
1923,4,2,6
1923,7,4,11
1923,3,1,4
1923,7,13,20
1923,4,1,5
1923,6,2,8
1923,4,3,7
1923,9,5,14
1923,8,1,9
1923,13,0,13
1923,4,2,6
1923,7,3,10
1923,2,1,3
1923,10,1,11
1923,8,4,12
1923,5,1,6
1923,6,3,9
1923,3,11,14
1923,4,1,5
1923,4,1,5
1923,6,4,10
1923,7,6,13
1923,2,0,2
1923,1,0,1
1923,8,6,14
1923,8,3,11
1923,3,2,5
1923,9,2,11
1923,3,0,3
1923,7,1,8
1923,7,4,11
1923,4,11,15
1923,8,5,13
1923,5,4,9
1923,5,12,17
1923,9,10,19
1923,1,0,1
1923,9,6,15
1923,6,10,16
1923,5,2,7
1923,4,14,18
1923,6,4,10
1923,8,1,9
1923,2,1,3
1923,7,5,12
1923,3,2,5
1923,7,14,21
1923,4,17,21
1923,9,16,25
1923,3,10,13
1923,14,0,14
1923,7,5,12
1923,9,2,11
1923,2,0,2
1923,3,1,4
1923,7,4,11
1923,5,4,9
1923,9,4,13
1923,8,7,15
1923,8,4,12
1923,3,12,15
1923,9,2,11
1923,6,1,7
1923,4,1,5
1923,9,6,15
1923,7,4,11
1923,9,2,11
1923,3,1,4
1923,3,2,5
1923,6,3,9
1923,6,3,9
1923,5,4,9
1923,5,2,7
1923,3,10,13
1923,3,2,5
1923,7,6,13
1923,3,15,18
1923,11,10,21
1923,9,2,11
1923,4,3,7
1923,8,7,15
1923,5,4,9
1923,7,10,17
1923,4,3,7
1923,7,3,10
1923,8,5,13
1923,3,2,5
1923,5,10,15
1923,6,1,7
1923,7,5,12
1923,2,1,3
1923,3,1,4
1923,3,1,4
1923,7,2,9
1923,3,15,18
1923,2,1,3
1923,3,2,5
1923,8,2,10
1923,6,2,8
1923,11,1,12
1923,5,4,9
1923,2,0,2
1923,6,5,11
1923,7,5,12
1923,5,4,9
1923,5,3,8
1923,5,2,7
1923,4,2,6
1923,5,4,9
1923,2,17,19
1923,6,5,11
1923,1,0,1
1923,5,4,9
1923,6,3,9
1923,2,1,3
1923,5,1,6
1923,5,4,9
1923,3,11,14
1923,7,4,11
1923,5,12,17
1923,4,2,6
1923,7,3,10
1923,8,2,10
1923,5,3,8
1923,5,3,8
1923,2,0,2
1923,8,3,11
1923,2,1,3
1923,11,10,21
1923,7,6,13
1923,9,5,14
1923,5,1,6
1923,2,0,2
1923,4,2,6
1923,6,5,11
1923,3,2,5
1923,5,0,5
1923,2,1,3
1923,8,1,9
1923,7,3,10
1923,3,0,3
1923,4,14,18
1923,7,15,22
1923,4,14,18
1923,4,2,6
1923,4,3,7
1923,4,2,6
1923,7,6,13
1923,9,3,12
1923,4,3,7
1923,2,0,2
1923,3,2,5
1923,9,8,17
1923,4,0,4
1923,6,5,11
1923,2,1,3
1923,5,1,6
1923,4,2,6
1923,5,4,9
1923,5,3,8
1923,4,14,18
1923,6,4,10
1923,5,2,7
1923,6,2,8
1923,12,10,22
1923,6,2,8
1923,7,5,12
1923,7,5,12
1923,22,2,24
1923,4,0,4
1923,3,2,5
1923,4,2,6
1923,4,3,7
1923,5,3,8
1923,9,2,11
1923,5,2,7
1923,4,3,7
1923,4,3,7
1923,2,1,3
1923,1,0,1
1923,3,11,14
1923,5,21,26
1923,6,2,8
1923,13,12,25
1923,2,1,3
1923,4,3,7
1923,5,4,9
1923,8,6,14
1923,6,10,16
1923,3,0,3
1923,4,10,14
1923,9,8,17
1923,9,5,14
1923,2,10,12
1923,7,6,13
1923,6,4,10
1923,6,2,8
1923,7,10,17
1923,2,2,4
1923,2,11,13
1923,6,0,6
1923,7,5,12
1923,8,3,11
1923,5,2,7
1923,5,2,7
1923,9,6,15
1923,5,2,7
1923,3,14,17
1923,8,6,14
1923,5,4,9
1923,3,2,5
1923,6,1,7
1923,5,4,9
1923,7,2,9
1923,3,2,5
1923,16,10,26
1923,7,1,8
1923,3,2,5
1923,5,1,6
1923,4,3,7
1923,8,6,14
1923,7,5,12
1923,6,3,9
1923,5,10,15
1923,4,3,7
1923,5,3,8
1923,3,0,3
1923,6,2,8
1923,9,2,11
1923,3,12,15
1923,3,0,3
1923,7,1,8
1923,8,5,13
1923,3,1,4
1923,8,5,13
1923,6,2,8
1923,6,4,10
1923,7,6,13
1923,5,4,9
1923,6,11,17
1923,5,4,9
1923,7,1,8
1923,5,2,7
1923,6,5,11
1923,7,11,18
1923,3,10,13
1923,5,2,7
1923,9,8,17
1923,4,3,7
1923,8,15,23
1923,4,3,7
1923,3,16,19
1923,5,4,9
1923,2,1,3
1923,4,2,6
1923,4,10,14
1923,5,2,7
1923,5,16,21
1923,6,2,8
1923,3,1,4
1923,6,3,9
1923,8,3,11
1923,7,2,9
1923,9,1,10
1923,8,2,10
1923,9,5,14
1923,7,5,12
1923,3,1,4
1923,3,2,5
1923,8,5,13
1923,6,3,9
1923,8,7,15
1923,6,1,7
1923,8,10,18
1923,8,3,11
1923,10,0,10
1923,2,1,3
1923,2,1,3
1923,8,7,15
1923,7,4,11
1923,5,4,9
1923,4,1,5
1923,4,0,4
1923,7,2,9
1923,3,2,5
1923,8,20,28
1923,7,1,8
1923,5,4,9
1923,6,5,11
1923,6,5,11
1923,5,1,6
1923,5,2,7
1923,3,0,3
1923,5,2,7
1923,5,4,9
1923,3,1,4
1923,3,1,4
1923,6,4,10
1923,9,2,11
1923,5,4,9
1923,4,3,7
1923,5,4,9
1923,4,3,7
1923,4,1,5
1923,8,2,10
1923,7,0,7
1923,2,0,2
1923,3,10,13
1923,9,6,15
1923,8,4,12
1923,12,11,23
1923,4,1,5
1923,4,1,5
1923,9,10,19
1923,4,1,5
1923,8,7,15
1923,2,1,3
1923,9,6,15
1923,6,2,8
1923,8,1,9
1923,5,4,9
1923,3,2,5
1923,4,3,7
1923,2,1,3
1923,6,4,10
1923,4,0,4
1923,3,1,4
1923,5,1,6
1923,5,1,6
1923,4,2,6
1923,3,0,3
1923,3,2,5
1923,6,1,7
1923,6,5,11
1923,6,14,20
1923,4,3,7
1923,6,1,7
1923,7,2,9
1923,8,2,10
1923,6,3,9
1923,3,12,15
1923,8,6,14
1923,4,1,5
1923,3,2,5
1923,4,3,7
1923,7,2,9
1923,5,4,9
1923,7,3,10
1923,4,2,6
1923,5,4,9
1923,1,0,1
1923,5,4,9
1923,4,2,6
1923,5,2,7
1923,4,14,18
1923,6,5,11
1923,3,2,5
1923,8,1,9
1923,2,1,3
1923,7,4,11
1923,7,2,9
1923,3,1,4
1923,3,2,5
1923,6,2,8
1923,5,2,7
1923,3,0,3
1923,2,0,2
1923,2,1,3
1923,8,4,12
1923,6,3,9
1923,6,2,8
1923,5,1,6
1923,6,2,8
1923,5,1,6
1923,3,11,14
1923,7,2,9
1923,9,11,20
1923,6,10,16
1923,4,0,4
1923,6,4,10
1923,5,1,6
1923,8,5,13
1923,7,4,11
1923,5,4,9
1923,7,3,10
1923,1,0,1
1923,4,3,7
1923,9,6,15
1923,4,0,4
1923,5,4,9
1923,4,13,17
1923,4,0,4
1923,6,3,9
1923,4,2,6
1923,8,3,11
1923,5,3,8
1923,6,2,8
1923,4,0,4
1923,3,0,3
1923,5,2,7
1923,4,10,14
1923,8,0,8
1923,8,1,9
1923,7,1,8
1923,10,0,10
1923,4,3,7
1923,3,0,3
1923,3,11,14
1923,4,0,4
1923,2,1,3
1923,5,3,8
1923,6,4,10
1923,6,4,10
1923,9,8,17
1923,5,3,8
1923,9,5,14
1923,3,2,5
1923,7,4,11
1923,6,3,9
1923,7,3,10
1923,4,3,7
1923,7,1,8
1923,9,1,10
1923,4,0,4
1923,7,4,11
1923,3,2,5
1923,8,3,11
1923,6,11,17
1923,3,2,5
1923,7,5,12
1923,4,10,14
1923,8,1,9
1923,3,2,5
1923,4,1,5
1923,2,13,15
1923,2,0,2
1923,6,0,6
1923,9,8,17
1923,6,10,16
1923,7,4,11
1923,4,2,6
1923,3,2,5
1923,3,2,5
1923,7,3,10
1923,6,1,7
1923,6,5,11
1923,6,13,19
1923,6,2,8
1923,2,0,2
1923,4,3,7
1923,6,1,7
1923,6,5,11
1923,5,4,9
1923,2,12,14
1923,6,2,8
1923,8,3,11
1923,8,2,10
1923,9,10,19
1923,2,12,14
1923,4,10,14
1923,5,1,6
1923,2,1,3
1923,2,1,3
1923,5,1,6
1923,4,3,7
1923,1,0,1
1923,6,5,11
1923,6,2,8
1923,4,3,7
1923,5,4,9
1923,11,0,11
1923,5,4,9
1923,2,2,4
1923,9,7,16
1923,2,0,2
1923,8,7,15
1923,4,3,7
1923,5,3,8
1923,4,3,7
1923,6,15,21
1923,4,3,7
1923,8,4,12
1923,8,1,9
1923,10,0,10
1923,9,7,16
1923,5,3,8
1923,8,7,15
1923,3,1,4
1923,6,2,8
1923,4,3,7
1923,4,1,5
1923,1,1,2
1923,4,1,5
1923,5,1,6
1923,2,1,3
1923,3,0,3
1923,12,10,22
1923,6,0,6
1923,6,1,7
1923,4,2,6
1923,8,7,15
1923,6,3,9
1923,4,12,16
1923,4,2,6
1923,4,3,7
1923,8,2,10
1923,7,3,10
1923,1,0,1
1923,8,2,10
1923,2,0,2
1923,3,2,5
1923,5,4,9
1923,6,5,11
1923,5,1,6
1923,5,18,23
1923,4,1,5
1923,5,2,7
1923,3,2,5
1923,8,3,11
1923,5,3,8
1923,6,2,8
1923,6,0,6
1923,7,5,12
1923,1,0,1
1923,8,3,11
1923,8,2,10
1923,5,4,9
1923,7,2,9
1923,4,24,28
1923,2,1,3
1923,3,17,20
1923,3,0,3
1923,7,11,18
1923,3,2,5
1923,5,4,9
1923,3,2,5
1923,5,4,9
1923,11,1,12
1923,3,0,3
1923,5,1,6
1923,4,2,6
1923,6,5,11
1923,6,5,11
1923,2,0,2
1923,6,4,10
1923,5,4,9
1923,8,5,13
1923,4,3,7
1923,4,3,7
1923,2,10,12
1923,7,4,11
1923,5,16,21
1923,4,3,7
1923,5,13,18
1923,5,2,7
1923,7,5,12
1923,6,1,7
1923,5,10,15
1923,8,6,14
1923,8,4,12
1923,8,12,20
1923,9,2,11
1923,2,10,12
1923,9,6,15
1923,7,6,13
1923,9,1,10
1923,7,6,13
1923,6,1,7
1923,9,1,10
1923,8,4,12
1923,4,2,6
1923,8,4,12
1923,4,3,7
1923,5,4,9
1923,4,1,5
1923,7,1,8
1923,6,3,9
1923,7,6,13
1923,3,12,15
1923,3,1,4
1923,5,2,7
1923,6,1,7
1923,7,5,12
1923,9,6,15
1923,7,6,13
1923,9,7,16
1923,3,10,13
1923,6,3,9
1923,5,2,7
1923,5,4,9
1923,4,2,6
1923,1,0,1
1923,8,4,12
1923,8,1,9
1923,6,4,10
1924,2,1,3
1924,7,3,10
1924,6,5,11
1924,4,3,7
1924,3,2,5
1924,6,6,12
1924,6,5,11
1924,4,0,4
1924,9,6,15
1924,3,2,5
1924,1,0,1
1924,5,1,6
1924,7,1,8
1924,4,3,7
1924,4,13,17
1924,6,1,7
1924,9,1,10
1924,6,3,9
1924,3,2,5
1924,7,4,11
1924,4,3,7
1924,5,1,6
1924,3,2,5
1924,5,3,8
1924,6,3,9
1924,12,0,12
1924,2,1,3
1924,7,4,11
1924,3,2,5
1924,4,11,15
1924,4,2,6
1924,7,2,9
1924,4,1,5
1924,5,4,9
1924,5,2,7
1924,9,2,11
1924,2,1,3
1924,3,2,5
1924,3,12,15
1924,4,0,4
1924,2,1,3
1924,2,1,3
1924,7,4,11
1924,9,11,20
1924,4,2,6
1924,7,6,13
1924,3,2,5
1924,8,4,12
1924,7,10,17
1924,6,3,9
1924,3,2,5
1924,12,1,13
1924,6,5,11
1924,4,13,17
1924,6,4,10
1924,9,5,14
1924,7,4,11
1924,7,0,7
1924,5,4,9
1924,8,2,10
1924,6,3,9
1924,4,3,7
1924,5,4,9
1924,5,4,9
1924,3,2,5
1924,7,5,12
1924,2,10,12
1924,5,2,7
1924,6,5,11
1924,4,10,14
1924,6,3,9
1924,5,2,7
1924,5,4,9
1924,7,16,23
1924,4,3,7
1924,2,0,2
1924,2,0,2
1924,2,11,13
1924,9,5,14
1924,4,2,6
1924,6,4,10
1924,4,3,7
1924,2,11,13
1924,9,10,19
1924,9,6,15
1924,8,0,8
1924,7,4,11
1924,5,4,9
1924,7,2,9
1924,4,2,6
1924,6,11,17
1924,4,3,7
1924,2,2,4
1924,2,1,3
1924,6,3,9
1924,6,4,10
1924,6,15,21
1924,6,4,10
1924,2,1,3
1924,4,10,14
1924,9,1,10
1924,8,1,9
1924,7,13,20
1924,3,2,5
1924,5,1,6
1924,8,6,14
1924,8,7,15
1924,7,6,13
1924,7,4,11
1924,4,3,7
1924,3,2,5
1924,6,4,10
1924,11,0,11
1924,3,2,5
1924,4,1,5
1924,7,2,9
1924,2,1,3
1924,7,3,10
1924,5,4,9
1924,9,6,15
1924,6,5,11
1924,6,5,11
1924,7,3,10
1924,4,1,5
1924,2,0,2
1924,5,4,9
1924,7,13,20
1924,3,13,16
1924,3,12,15
1924,6,5,11
1924,3,2,5
1924,8,3,11
1924,4,11,15
1924,8,5,13
1924,3,2,5
1924,5,3,8
1924,5,10,15
1924,8,7,15
1924,4,14,18
1924,3,0,3
1924,6,4,10
1924,7,4,11
1924,3,2,5
1924,5,4,9
1924,2,0,2
1924,5,4,9
1924,4,1,5
1924,8,10,18
1924,7,4,11
1924,4,2,6
1924,5,1,6
1924,4,2,6
1924,4,1,5
1924,7,10,17
1924,7,5,12
1924,2,1,3
1924,6,0,6
1924,2,0,2
1924,5,3,8
1924,3,2,5
1924,5,4,9
1924,2,0,2
1924,8,5,13
1924,3,2,5
1924,7,3,10
1924,4,1,5
1924,5,3,8
1924,5,3,8
1924,3,1,4
1924,4,3,7
1924,7,5,12
1924,3,2,5
1924,5,1,6
1924,8,3,11
1924,6,3,9
1924,12,0,12
1924,6,4,10
1924,8,2,10
1924,11,1,12
1924,5,4,9
1924,4,3,7
1924,5,2,7
1924,4,2,6
1924,6,4,10
1924,4,0,4
1924,2,1,3
1924,6,12,18
1924,4,3,7
1924,6,3,9
1924,6,4,10
1924,4,3,7
1924,16,12,28
1924,8,3,11
1924,3,1,4
1924,4,3,7
1924,6,5,11
1924,5,4,9
1924,4,2,6
1924,8,4,12
1924,7,2,9
1924,9,6,15
1924,8,12,20
1924,4,3,7
1924,6,4,10
1924,8,5,13
1924,5,4,9
1924,5,4,9
1924,8,0,8
1924,5,4,9
1924,6,3,9
1924,9,1,10
1924,4,3,7
1924,6,3,9
1924,7,4,11
1924,3,12,15
1924,5,4,9
1924,8,6,14
1924,9,2,11
1924,8,10,18
1924,8,5,13
1924,6,5,11
1924,6,2,8
1924,7,6,13
1924,6,3,9
1924,3,2,5
1924,4,2,6
1924,4,1,5
1924,3,1,4
1924,5,1,6
1924,8,3,11
1924,7,6,13
1924,5,0,5
1924,3,1,4
1924,4,0,4
1924,6,2,8
1924,3,11,14
1924,6,5,11
1924,7,3,10
1924,2,1,3
1924,4,3,7
1924,5,2,7
1924,11,0,11
1924,6,1,7
1924,6,5,11
1924,5,4,9
1924,9,10,19
1924,9,10,19
1924,8,2,10
1924,2,1,3
1924,4,3,7
1924,8,2,10
1924,5,4,9
1924,6,10,16
1924,5,4,9
1924,7,2,9
1924,5,4,9
1924,4,3,7
1924,3,1,4
1924,4,1,5
1924,9,6,15
1924,5,0,5
1924,6,13,19
1924,4,3,7
1924,7,0,7
1924,6,5,11
1924,4,2,6
1924,2,1,3
1924,1,0,1
1924,6,0,6
1924,5,3,8
1924,7,4,11
1924,6,1,7
1924,5,4,9
1924,5,2,7
1924,7,13,20
1924,9,4,13
1924,5,10,15
1924,6,5,11
1924,5,1,6
1924,9,2,11
1924,4,2,6
1924,7,11,18
1924,2,0,2
1924,6,0,6
1924,5,4,9
1924,5,11,16
1924,6,5,11
1924,4,0,4
1924,3,2,5
1924,5,2,7
1924,4,11,15
1924,12,0,12
1924,8,14,22
1924,6,3,9
1924,4,2,6
1924,5,0,5
1924,5,3,8
1924,4,3,7
1924,7,0,7
1924,2,12,14
1924,8,7,15
1924,2,1,3
1924,6,2,8
1924,6,10,16
1924,6,11,17
1924,7,4,11
1924,9,6,15
1924,8,3,11
1924,6,2,8
1924,5,1,6
1924,6,3,9
1924,11,1,12
1924,9,2,11
1924,3,2,5
1924,6,0,6
1924,8,7,15
1924,4,3,7
1924,6,5,11
1924,6,5,11
1924,5,12,17
1924,6,5,11
1924,6,2,8
1924,6,0,6
1924,5,4,9
1924,9,7,16
1924,6,4,10
1924,4,2,6
1924,5,2,7
1924,4,3,7
1924,5,3,8
1924,7,11,18
1924,2,0,2
1924,7,6,13
1924,4,11,15
1924,4,1,5
1924,7,13,20
1924,3,1,4
1924,3,0,3
1924,11,10,21
1924,3,1,4
1924,4,10,14
1924,6,3,9
1924,8,5,13
1924,3,10,13
1924,3,11,14
1924,6,5,11
1924,7,0,7
1924,5,0,5
1924,4,3,7
1924,4,2,6
1924,5,1,6
1924,6,1,7
1924,5,3,8
1924,6,4,10
1924,4,2,6
1924,5,3,8
1924,4,2,6
1924,6,2,8
1924,3,2,5
1924,4,3,7
1924,4,3,7
1924,6,10,16
1924,4,2,6
1924,5,0,5
1924,7,2,9
1924,7,3,10
1924,2,10,12
1924,5,4,9
1924,7,2,9
1924,4,2,6
1924,7,6,13
1924,12,1,13
1924,9,5,14
1924,5,3,8
1924,4,3,7
1924,4,10,14
1924,8,3,11
1924,5,1,6
1924,7,6,13
1924,8,3,11
1924,6,10,16
1924,4,1,5
1924,6,4,10
1924,5,2,7
1924,3,10,13
1924,3,2,5
1924,6,2,8
1924,8,6,14
1924,3,1,4
1924,7,3,10
1924,4,3,7
1924,6,4,10
1924,3,10,13
1924,4,10,14
1924,4,1,5
1924,9,8,17
1924,5,2,7
1924,9,4,13
1924,9,8,17
1924,2,1,3
1924,3,0,3
1924,7,2,9
1924,8,3,11
1924,2,10,12
1924,5,4,9
1924,5,2,7
1924,1,0,1
1924,6,12,18
1924,7,5,12
1924,7,4,11
1924,5,3,8
1924,6,5,11
1924,2,1,3
1924,4,3,7
1924,5,4,9
1924,6,5,11
1924,5,3,8
1924,3,1,4
1924,9,2,11
1924,5,0,5
1924,3,1,4
1924,4,1,5
1924,5,16,21
1924,3,2,5
1924,3,1,4
1924,8,7,15
1924,10,1,11
1924,6,1,7
1924,9,11,20
1924,3,2,5
1924,9,4,13
1924,4,3,7
1924,2,1,3
1924,4,3,7
1924,1,0,1
1924,6,5,11
1924,5,3,8
1924,3,3,6
1924,3,11,14
1924,1,0,1
1924,8,5,13
1924,7,6,13
1924,7,6,13
1924,9,4,13
1924,7,5,12
1924,6,2,8
1924,6,4,10
1924,5,4,9
1924,2,0,2
1924,6,3,9
1924,5,12,17
1924,4,3,7
1924,4,1,5
1924,4,2,6
1924,5,3,8
1924,4,2,6
1924,7,3,10
1924,7,11,18
1924,4,1,5
1924,6,3,9
1924,4,3,7
1924,4,3,7
1924,4,2,6
1924,7,5,12
1924,5,1,6
1924,4,3,7
1924,3,2,5
1924,2,1,3
1924,8,1,9
1924,3,2,5
1924,2,1,3
1924,3,2,5
1924,9,8,17
1924,4,1,5
1924,8,7,15
1924,3,2,5
1924,8,5,13
1924,7,4,11
1924,2,1,3
1924,8,1,9
1924,3,2,5
1924,2,1,3
1924,5,0,5
1924,1,0,1
1924,7,12,19
1924,5,10,15
1924,9,3,12
1924,1,0,1
1924,9,0,9
1924,5,3,8
1924,5,2,7
1924,4,3,7
1924,13,12,25
1924,9,3,12
1924,9,8,17
1924,9,1,10
1924,10,1,11
1924,3,0,3
1924,5,2,7
1924,8,7,15
1924,4,1,5
1924,4,0,4
1924,5,4,9
1924,6,5,11
1924,6,2,8
1924,7,3,10
1924,4,1,5
1924,5,3,8
1924,6,5,11
1924,6,2,8
1924,9,4,13
1924,6,4,10
1924,2,1,3
1924,4,14,18
1924,7,5,12
1924,4,10,14
1924,3,10,13
1924,7,5,12
1924,2,1,3
1924,3,1,4
1924,9,6,15
1924,4,3,7
1924,6,4,10
1924,8,2,10
1924,3,13,16
1924,6,0,6
1924,7,0,7
1924,5,2,7
1924,2,1,3
1924,5,0,5
1924,3,1,4
1924,7,5,12
1924,6,4,10
1924,2,1,3
1924,4,1,5
1924,9,8,17
1924,10,1,11
1924,3,2,5
1924,5,0,5
1924,6,5,11
1924,4,3,7
1924,16,10,26
1924,7,3,10
1924,5,10,15
1924,5,1,6
1924,1,0,1
1924,8,5,13
1924,4,3,7
1924,5,2,7
1924,3,2,5
1924,8,2,10
1924,5,2,7
1924,8,3,11
1924,6,4,10
1924,8,0,8
1924,4,2,6
1924,11,0,11
1924,6,5,11
1924,4,2,6
1924,2,0,2
1924,8,4,12
1924,8,7,15
1924,3,0,3
1924,6,5,11
1924,6,3,9
1924,7,2,9
1924,4,11,15
1924,6,2,8
1924,2,0,2
1924,7,2,9
1924,4,1,5
1924,5,0,5
1924,9,6,15
1924,9,2,11
1924,5,1,6
1924,5,1,6
1924,2,0,2
1924,4,13,17
1924,7,4,11
1924,6,2,8
1924,6,3,9
1924,9,5,14
1924,3,15,18
1924,8,7,15
1924,13,11,24
1924,3,1,4
1924,2,1,3
1924,2,10,12
1924,8,5,13
1924,4,0,4
1924,8,3,11
1924,6,11,17
1924,5,4,9
1924,5,0,5
1924,6,3,9
1924,8,6,14
1924,3,1,4
1924,6,3,9
1924,6,3,9
1924,5,2,7
1924,4,2,6
1924,8,2,10
1924,9,5,14
1924,3,10,13
1924,2,1,3
1924,6,1,7
1924,5,18,23
1924,4,3,7
1924,5,3,8
1924,5,4,9
1924,12,10,22
1924,3,3,6
1924,8,1,9
1924,7,6,13
1924,9,1,10
1924,6,0,6
1924,9,12,21
1924,10,1,11
1924,8,2,10
1924,5,10,15
1924,4,3,7
1924,8,17,25
1924,3,14,17
1924,4,2,6
1924,6,1,7
1924,6,5,11
1924,3,2,5
1924,7,1,8
1924,9,2,11
1924,9,6,15
1924,4,0,4
1924,6,0,6
1924,6,2,8
1924,9,4,13
1924,15,11,26
1924,6,2,8
1924,7,0,7
1924,7,3,10
1924,9,4,13
1924,5,4,9
1924,8,3,11
1924,12,0,12
1924,12,0,12
1924,8,6,14
1924,9,4,13
1924,7,0,7
1924,5,4,9
1924,9,11,20
1924,3,1,4
1924,7,4,11
1924,4,2,6
1924,5,4,9
1924,3,11,14
1924,3,2,5
1924,5,4,9
1924,9,6,15
1924,4,3,7
1924,5,0,5
1924,6,5,11
1924,8,7,15
1924,7,4,11
1924,3,11,14
1924,3,2,5
1924,8,10,18
1924,5,13,18
1924,4,3,7
1924,5,0,5
1924,3,0,3
1924,7,12,19
1924,4,3,7
1924,2,1,3
1924,4,0,4
1924,9,2,11
1924,7,2,9
1924,4,3,7
1924,9,2,11
1924,4,10,14
1924,7,6,13
1924,18,1,19
1924,4,3,7
1924,9,3,12
1924,7,2,9
1924,4,2,6
1924,5,10,15
1924,4,11,15
1924,8,4,12
1924,6,10,16
1924,6,1,7
1924,2,1,3
1924,9,10,19
1924,7,4,11
1924,5,2,7
1924,4,1,5
1924,4,10,14
1924,7,4,11
1924,3,2,5
1924,5,4,9
1924,2,1,3
1924,7,1,8
1924,8,7,15
1924,9,7,16
1924,4,2,6
1924,6,2,8
1924,4,2,6
1924,7,4,11
1924,2,16,18
1924,4,3,7
1924,3,1,4
1924,8,1,9
1924,9,4,13
1924,3,1,4
1924,5,3,8
1924,4,1,5
1924,5,2,7
1924,4,0,4
1924,4,1,5
1924,16,12,28
1924,5,2,7
1924,3,1,4
1924,4,3,7
1924,7,0,7
1924,4,3,7
1924,8,5,13
1924,4,2,6
1924,9,10,19
1924,5,4,9
1924,5,0,5
1924,8,1,9
1924,7,5,12
1924,2,1,3
1924,5,13,18
1924,4,10,14
1924,3,2,5
1924,7,6,13
1924,5,4,9
1924,2,0,2
1924,5,4,9
1924,5,4,9
1924,5,1,6
1924,4,2,6
1924,5,1,6
1924,9,1,10
1924,7,6,13
1924,4,3,7
1924,4,2,6
1924,6,4,10
1924,9,6,15
1924,3,2,5
1924,5,2,7
1924,8,3,11
1924,12,10,22
1924,2,1,3
1924,7,4,11
1924,6,0,6
1924,12,11,23
1924,5,10,15
1924,2,12,14
1924,8,1,9
1924,9,4,13
1924,4,2,6
1924,4,3,7
1924,5,2,7
1924,4,3,7
1924,3,0,3
1924,6,0,6
1924,3,0,3
1924,6,3,9
1924,7,6,13
1924,5,4,9
1924,7,4,11
1924,6,3,9
1924,9,8,17
1924,4,1,5
1924,5,4,9
1924,7,3,10
1924,4,3,7
1924,1,0,1
1924,5,0,5
1924,6,3,9
1924,2,1,3
1924,5,4,9
1924,4,0,4
1924,3,2,5
1924,2,1,3
1924,4,3,7
1924,7,3,10
1924,3,1,4
1924,3,2,5
1924,9,7,16
1924,2,0,2
1924,2,19,21
1924,7,3,10
1924,4,12,16
1924,8,3,11
1924,7,6,13
1924,3,0,3
1924,8,7,15
1924,8,12,20
1924,5,2,7
1924,9,3,12
1924,3,2,5
1924,5,2,7
1924,2,10,12
1924,3,1,4
1924,5,3,8
1924,4,1,5
1924,5,14,19
1924,9,8,17
1924,5,1,6
1924,5,2,7
1924,6,3,9
1924,5,1,6
1924,8,1,9
1924,8,4,12
1924,5,2,7
1924,6,3,9
1924,1,0,1
1924,9,2,11
1924,2,1,3
1924,4,3,7
1924,2,0,2
1924,4,2,6
1924,5,3,8
1924,5,3,8
1924,8,5,13
1924,5,2,7
1924,5,2,7
1924,3,2,5
1924,6,5,11
1924,9,6,15
1924,6,2,8
1924,6,3,9
1924,7,5,12
1924,4,2,6
1924,5,3,8
1924,6,3,9
1924,7,3,10
1924,2,1,3
1924,9,11,20
1924,7,10,17
1924,8,10,18
1924,5,14,19
1924,8,3,11
1924,1,0,1
1924,9,5,14
1924,5,1,6
1924,6,11,17
1924,6,2,8
1924,8,2,10
1924,8,5,13
1924,5,1,6
1924,3,2,5
1924,4,2,6
1924,4,16,20
1924,7,0,7
1924,4,1,5
1924,6,5,11
1924,8,4,12
1924,4,2,6
1924,7,1,8
1924,7,13,20
1924,4,2,6
1924,5,1,6
1924,8,10,18
1924,2,1,3
1924,3,2,5
1924,4,2,6
1924,7,3,10
1924,6,4,10
1924,4,0,4
1924,6,0,6
1924,4,1,5
1924,1,0,1
1924,2,1,3
1924,8,4,12
1924,8,7,15
1924,4,2,6
1924,5,1,6
1924,4,3,7
1924,5,0,5
1924,8,5,13
1924,5,11,16
1924,3,1,4
1924,1,0,1
1924,7,6,13
1924,8,6,14
1924,5,10,15
1924,4,3,7
1924,6,4,10
1924,6,3,9
1924,2,10,12
1924,6,4,10
1924,2,0,2
1924,3,2,5
1924,3,1,4
1924,7,6,13
1924,5,4,9
1924,9,2,11
1924,5,2,7
1924,2,1,3
1924,9,4,13
1924,8,5,13
1924,2,1,3
1924,4,2,6
1924,8,1,9
1924,3,2,5
1924,6,1,7
1924,8,7,15
1924,2,0,2
1924,3,13,16
1924,7,4,11
1924,5,4,9
1924,6,3,9
1924,5,11,16
1924,6,2,8
1924,5,3,8
1924,4,3,7
1924,4,3,7
1924,5,3,8
1924,5,4,9
1924,2,0,2
1924,5,0,5
1924,3,2,5
1924,3,1,4
1924,13,10,23
1924,2,1,3
1924,2,0,2
1924,11,0,11
1924,2,11,13
1924,5,4,9
1924,7,6,13
1924,5,0,5
1924,8,4,12
1924,12,1,13
1924,2,1,3
1924,5,4,9
1924,7,2,9
1924,5,3,8
1924,8,6,14
1924,6,13,19
1924,3,0,3
1924,6,4,10
1924,8,6,14
1924,6,5,11
1924,3,2,5
1924,8,1,9
1924,4,2,6
1924,3,2,5
1924,8,3,11
1924,2,1,3
1924,2,1,3
1924,9,0,9
1924,8,2,10
1924,8,1,9
1924,7,2,9
1924,7,6,13
1924,17,0,17
1924,4,1,5
1924,4,3,7
1924,3,2,5
1924,7,11,18
1924,6,5,11
1924,8,3,11
1924,7,4,11
1924,5,3,8
1924,2,0,2
1924,9,11,20
1924,7,0,7
1924,4,3,7
1924,6,1,7
1924,3,1,4
1924,7,4,11
1924,7,0,7
1924,6,2,8
1924,5,4,9
1924,6,3,9
1924,3,0,3
1924,1,0,1
1924,5,4,9
1924,9,12,21
1924,9,1,10
1924,7,6,13
1924,8,6,14
1924,6,3,9
1924,8,7,15
1924,5,2,7
1924,8,3,11
1924,7,0,7
1924,7,6,13
1924,6,11,17
1924,1,0,1
1924,9,3,12
1924,5,4,9
1924,5,1,6
1924,3,1,4
1924,5,12,17
1924,5,4,9
1924,5,1,6
1924,6,4,10
1924,5,4,9
1924,3,0,3
1924,7,6,13
1924,7,18,25
1924,7,2,9
1924,8,5,13
1924,6,5,11
1924,6,11,17
1924,2,1,3
1924,7,1,8
1924,8,10,18
1924,3,12,15
1924,6,1,7
1924,3,2,5
1924,2,0,2
1924,5,4,9
1924,10,1,11
1924,4,2,6
1924,4,14,18
1924,5,4,9
1924,2,10,12
1924,5,16,21
1924,2,10,12
1924,5,0,5
1924,9,0,9
1924,3,0,3
1924,2,12,14
1924,7,2,9
1924,6,3,9
1924,5,4,9
1924,4,3,7
1924,8,11,19
1924,2,13,15
1924,5,3,8
1924,4,3,7
1924,7,3,10
1924,2,10,12
1924,6,2,8
1924,8,5,13
1924,6,14,20
1924,5,2,7
1924,9,12,21
1924,4,3,7
1924,4,12,16
1924,4,1,5
1924,6,2,8
1924,6,4,10
1924,6,0,6
1924,6,11,17
1924,7,6,13
1924,7,0,7
1924,14,1,15
1924,7,6,13
1924,9,5,14
1924,5,1,6
1924,9,1,10
1924,3,0,3
1924,8,3,11
1924,6,10,16
1924,9,5,14
1924,5,12,17
1924,4,0,4
1924,4,1,5
1924,3,1,4
1924,7,3,10
1924,20,1,21
1924,6,5,11
1924,3,15,18
1924,1,0,1
1924,5,4,9
1924,6,2,8
1924,6,2,8
1924,7,6,13
1924,5,4,9
1924,7,10,17
1924,8,7,15
1924,16,14,30
1924,5,2,7
1924,5,12,17
1924,8,2,10
1924,8,7,15
1924,4,1,5
1924,4,3,7
1924,8,7,15
1924,2,1,3
1924,2,1,3
1924,4,15,19
1924,6,2,8
1924,2,0,2
1924,7,2,9
1924,8,4,12
1924,5,4,9
1924,4,3,7
1924,7,3,10
1924,7,4,11
1924,6,4,10
1924,5,1,6
1924,6,3,9
1924,8,12,20
1924,22,1,23
1924,8,0,8
1924,2,1,3
1924,6,5,11
1924,3,1,4
1924,4,3,7
1924,8,3,11
1924,8,7,15
1924,5,4,9
1924,7,4,11
1924,7,12,19
1924,6,10,16
1924,5,4,9
1924,5,1,6
1924,8,10,18
1924,5,0,5
1924,6,5,11
1924,7,0,7
1924,16,1,17
1924,5,3,8
1924,6,4,10
1924,2,12,14
1924,8,10,18
1924,8,2,10
1924,6,0,6
1924,13,11,24
1924,2,0,2
1924,5,2,7
1924,4,3,7
1924,5,2,7
1924,8,2,10
1924,10,0,10
1924,4,3,7
1924,2,0,2
1924,2,0,2
1924,4,3,7
1924,3,17,20
1924,8,3,11
1924,4,2,6
1924,8,4,12
1924,6,2,8
1924,2,14,16
1924,5,1,6
1924,3,1,4
1924,6,5,11
1924,7,13,20
1924,3,2,5
1924,3,2,5
1924,9,8,17
1924,7,3,10
1924,8,7,15
1924,7,5,12
1924,4,2,6
1924,4,3,7
1924,3,1,4
1924,7,3,10
1924,9,5,14
1924,5,3,8
1924,5,3,8
1924,7,5,12
1924,6,5,11
1924,6,3,9
1924,2,1,3
1924,4,2,6
1924,4,1,5
1924,5,3,8
1924,6,5,11
1924,4,10,14
1924,9,5,14
1924,9,15,24
1924,5,4,9
1924,1,0,1
1924,5,2,7
1924,7,4,11
1924,5,2,7
1924,6,5,11
1924,7,3,10
1924,9,6,15
1924,15,14,29
1924,2,1,3
1924,4,1,5
1924,5,12,17
1924,2,0,2
1924,5,11,16
1924,4,3,7
1924,3,0,3
1924,6,4,10
1924,2,1,3
1924,8,3,11
1924,4,10,14
1924,9,1,10
1924,9,7,16
1924,5,4,9
1924,4,1,5
1924,7,6,13
1924,8,2,10
1924,3,2,5
1924,5,1,6
1924,8,7,15
1924,9,11,20
1924,6,5,11
1924,7,6,13
1924,5,3,8
1924,6,3,9
1924,2,0,2
1924,4,2,6
1924,9,4,13
1924,4,2,6
1924,5,4,9
1924,5,3,8
1924,2,1,3
1924,8,2,10
1924,7,1,8
1924,9,3,12
1924,6,10,16
1924,7,5,12
1924,3,2,5
1924,8,10,18
1924,10,1,11
1924,12,1,13
1924,5,1,6
1924,4,3,7
1924,3,2,5
1924,5,1,6
1924,10,10,20
1924,7,2,9
1924,6,11,17
1924,9,3,12
1924,8,2,10
1924,4,2,6
1924,5,16,21
1924,5,4,9
1924,13,1,14
1924,4,3,7
1924,4,3,7
1924,6,4,10
1924,7,4,11
1924,6,2,8
1924,2,1,3
1924,4,3,7
1925,3,1,4
1925,5,4,9
1925,8,2,10
1925,4,0,4
1925,4,3,7
1925,5,1,6
1925,9,8,17
1925,21,14,35
1925,6,4,10
1925,8,4,12
1925,4,2,6
1925,9,6,15
1925,5,2,7
1925,5,3,8
1925,8,1,9
1925,8,1,9
1925,8,3,11
1925,7,3,10
1925,4,2,6
1925,7,5,12
1925,7,3,10
1925,2,1,3
1925,2,0,2
1925,9,6,15
1925,8,6,14
1925,9,3,12
1925,6,1,7
1925,4,3,7
1925,1,0,1
1925,7,1,8
1925,14,13,27
1925,5,20,25
1925,2,12,14
1925,5,3,8
1925,6,3,9
1925,3,0,3
1925,5,14,19
1925,4,3,7
1925,6,0,6
1925,6,2,8
1925,4,11,15
1925,2,1,3
1925,4,2,6
1925,5,4,9
1925,11,10,21
1925,4,3,7
1925,5,1,6
1925,6,2,8
1925,9,8,17
1925,6,5,11
1925,3,1,4
1925,3,2,5
1925,6,5,11
1925,8,7,15
1925,6,1,7
1925,3,12,15
1925,10,1,11
1925,4,15,19
1925,1,0,1
1925,9,14,23
1925,8,4,12
1925,8,10,18
1925,9,10,19
1925,7,2,9
1925,2,1,3
1925,7,6,13
1925,4,3,7
1925,8,4,12
1925,8,1,9
1925,8,10,18
1925,7,2,9
1925,7,6,13
1925,3,2,5
1925,4,2,6
1925,6,5,11
1925,2,1,3
1925,9,6,15
1925,4,3,7
1925,3,1,4
1925,8,7,15
1925,3,0,3
1925,7,2,9
1925,6,5,11
1925,6,4,10
1925,4,1,5
1925,6,1,7
1925,3,2,5
1925,2,1,3
1925,2,15,17
1925,4,12,16
1925,5,2,7
1925,8,10,18
1925,5,3,8
1925,8,0,8
1925,9,2,11
1925,3,2,5
1925,9,3,12
1925,5,3,8
1925,7,5,12
1925,7,3,10
1925,3,10,13
1925,5,11,16
1925,9,13,22
1925,7,5,12
1925,9,5,14
1925,8,7,15
1925,6,4,10
1925,6,4,10
1925,9,4,13
1925,5,4,9
1925,4,1,5
1925,8,7,15
1925,7,5,12
1925,4,1,5
1925,6,12,18
1925,3,18,21
1925,3,1,4
1925,6,2,8
1925,2,1,3
1925,3,2,5
1925,5,4,9
1925,6,6,12
1925,1,0,1
1925,8,7,15
1925,7,2,9
1925,6,5,11
1925,8,7,15
1925,2,12,14
1925,5,4,9
1925,6,1,7
1925,7,2,9
1925,8,4,12
1925,5,13,18
1925,8,14,22
1925,9,4,13
1925,10,0,10
1925,6,2,8
1925,4,11,15
1925,8,10,18
1925,7,3,10
1925,7,5,12
1925,8,11,19
1925,9,10,19
1925,6,5,11
1925,3,2,5
1925,5,2,7
1925,4,3,7
1925,5,3,8
1925,7,15,22
1925,5,2,7
1925,7,15,22
1925,12,0,12
1925,5,3,8
1925,2,1,3
1925,4,1,5
1925,6,5,11
1925,5,4,9
1925,8,0,8
1925,6,5,11
1925,1,1,2
1925,9,8,17
1925,8,10,18
1925,5,13,18
1925,8,3,11
1925,13,1,14
1925,9,0,9
1925,2,1,3
1925,7,4,11
1925,19,10,29
1925,3,2,5
1925,2,0,2
1925,3,1,4
1925,5,4,9
1925,9,4,13
1925,4,3,7
1925,3,1,4
1925,8,5,13
1925,8,13,21
1925,6,3,9
1925,9,8,17
1925,5,4,9
1925,4,0,4
1925,6,4,10
1925,3,1,4
1925,3,0,3
1925,6,5,11
1925,8,1,9
1925,8,4,12
1925,7,1,8
1925,1,0,1
1925,4,3,7
1925,4,2,6
1925,5,4,9
1925,4,2,6
1925,5,3,8
1925,8,7,15
1925,6,5,11
1925,7,10,17
1925,8,7,15
1925,7,2,9
1925,8,4,12
1925,7,12,19
1925,6,4,10
1925,7,5,12
1925,6,2,8
1925,3,12,15
1925,2,1,3
1925,7,5,12
1925,7,10,17
1925,8,5,13
1925,6,1,7
1925,2,1,3
1925,3,2,5
1925,3,10,13
1925,6,11,17
1925,7,12,19
1925,5,4,9
1925,6,5,11
1925,9,6,15
1925,9,7,16
1925,5,2,7
1925,9,10,19
1925,7,12,19
1925,9,5,14
1925,7,3,10
1925,4,3,7
1925,4,3,7
1925,5,11,16
1925,8,2,10
1925,8,4,12
1925,8,2,10
1925,3,12,15
1925,8,15,23
1925,7,10,17
1925,9,10,19
1925,7,3,10
1925,6,1,7
1925,8,4,12
1925,8,6,14
1925,5,4,9
1925,3,12,15
1925,9,7,16
1925,6,3,9
1925,6,2,8
1925,5,4,9
1925,9,1,10
1925,4,20,24
1925,2,0,2
1925,8,6,14
1925,6,5,11
1925,2,11,13
1925,6,5,11
1925,9,5,14
1925,9,2,11
1925,7,6,13
1925,2,15,17
1925,10,1,11
1925,9,7,16
1925,8,5,13
1925,8,3,11
1925,5,1,6
1925,6,1,7
1925,5,2,7
1925,3,1,4
1925,5,3,8
1925,5,2,7
1925,5,4,9
1925,8,1,9
1925,9,1,10
1925,3,2,5
1925,6,1,7
1925,4,10,14
1925,3,1,4
1925,7,2,9
1925,8,4,12
1925,5,4,9
1925,2,11,13
1925,5,3,8
1925,6,10,16
1925,4,2,6
1925,4,3,7
1925,9,10,19
1925,3,13,16
1925,4,2,6
1925,8,6,14
1925,7,5,12
1925,3,13,16
1925,3,1,4
1925,7,2,9
1925,3,11,14
1925,9,4,13
1925,7,4,11
1925,4,3,7
1925,5,11,16
1925,9,13,22
1925,6,10,16
1925,6,4,10
1925,6,5,11
1925,7,4,11
1925,7,3,10
1925,8,3,11
1925,5,1,6
1925,5,2,7
1925,4,2,6
1925,7,1,8
1925,4,2,6
1925,7,12,19
1925,2,10,12
1925,7,4,11
1925,5,14,19
1925,9,7,16
1925,6,5,11
1925,4,1,5
1925,5,15,20
1925,9,4,13
1925,7,2,9
1925,2,0,2
1925,15,11,26
1925,2,11,13
1925,6,4,10
1925,9,6,15
1925,5,2,7
1925,4,3,7
1925,5,3,8
1925,8,4,12
1925,6,5,11
1925,2,10,12
1925,8,6,14
1925,5,3,8
1925,12,10,22
1925,5,3,8
1925,2,15,17
1925,6,5,11
1925,8,3,11
1925,16,15,31
1925,8,5,13
1925,5,12,17
1925,8,2,10
1925,4,2,6
1925,7,6,13
1925,7,12,19
1925,6,4,10
1925,5,4,9
1925,7,3,10
1925,2,12,14
1925,9,11,20
1925,7,6,13
1925,11,10,21
1925,8,3,11
1925,3,16,19
1925,11,10,21
1925,5,4,9
1925,7,6,13
1925,1,0,1
1925,7,10,17
1925,8,6,14
1925,6,5,11
1925,5,11,16
1925,5,3,8
1925,8,4,12
1925,9,12,21
1925,9,11,20
1925,6,4,10
1925,9,3,12
1925,6,3,9
1925,4,1,5
1925,9,10,19
1925,3,2,5
1925,5,2,7
1925,6,2,8
1925,4,2,6
1925,3,1,4
1925,4,10,14
1925,5,2,7
1925,6,5,11
1925,7,6,13
1925,8,4,12
1925,6,5,11
1925,3,2,5
1925,9,7,16
1925,3,1,4
1925,4,3,7
1925,7,4,11
1925,5,1,6
1925,8,15,23
1925,5,3,8
1925,3,2,5
1925,6,5,11
1925,9,8,17
1925,6,4,10
1925,2,11,13
1925,7,11,18
1925,9,7,16
1925,7,4,11
1925,8,3,11
1925,4,1,5
1925,6,5,11
1925,3,11,14
1925,7,5,12
1925,7,4,11
1925,5,2,7
1925,9,7,16
1925,6,0,6
1925,5,2,7
1925,15,1,16
1925,6,2,8
1925,4,1,5
1925,7,2,9
1925,7,4,11
1925,2,0,2
1925,7,4,11
1925,8,3,11
1925,6,4,10
1925,9,10,19
1925,3,11,14
1925,7,3,10
1925,3,12,15
1925,3,0,3
1925,8,3,11
1925,7,11,18
1925,9,8,17
1925,5,13,18
1925,8,4,12
1925,5,2,7
1925,17,15,32
1925,7,6,13
1925,6,4,10
1925,2,1,3
1925,7,4,11
1925,6,5,11
1925,5,3,8
1925,7,12,19
1925,13,11,24
1925,6,4,10
1925,3,0,3
1925,5,3,8
1925,7,6,13
1925,5,4,9
1925,1,0,1
1925,19,1,20
1925,3,10,13
1925,8,3,11
1925,2,1,3
1925,5,1,6
1925,5,1,6
1925,4,3,7
1925,6,2,8
1925,6,3,9
1925,6,2,8
1925,4,3,7
1925,9,6,15
1925,6,3,9
1925,5,4,9
1925,5,4,9
1925,7,5,12
1925,4,3,7
1925,9,13,22
1925,9,6,15
1925,3,0,3
1925,9,11,20
1925,3,2,5
1925,4,2,6
1925,2,12,14
1925,6,11,17
1925,5,21,26
1925,11,10,21
1925,2,1,3
1925,3,2,5
1925,4,3,7
1925,9,2,11
1925,7,3,10
1925,7,5,12
1925,8,4,12
1925,9,6,15
1925,6,1,7
1925,9,2,11
1925,6,24,30
1925,7,2,9
1925,7,3,10
1925,9,7,16
1925,6,5,11
1925,8,5,13
1925,8,5,13
1925,3,2,5
1925,8,1,9
1925,10,1,11
1925,8,3,11
1925,9,1,10
1925,5,4,9
1925,3,11,14
1925,7,6,13
1925,5,3,8
1925,7,2,9
1925,3,2,5
1925,3,2,5
1925,4,3,7
1925,1,0,1
1925,8,6,14
1925,4,3,7
1925,3,1,4
1925,4,3,7
1925,9,6,15
1925,5,3,8
1925,5,3,8
1925,3,2,5
1925,5,10,15
1925,5,1,6
1925,6,10,16
1925,2,1,3
1925,3,1,4
1925,5,4,9
1925,8,3,11
1925,3,1,4
1925,3,2,5
1925,6,2,8
1925,5,0,5
1925,8,4,12
1925,5,2,7
1925,8,2,10
1925,6,5,11
1925,3,1,4
1925,8,3,11
1925,6,1,7
1925,5,10,15
1925,8,1,9
1925,4,1,5
1925,7,4,11
1925,8,3,11
1925,5,2,7
1925,4,1,5
1925,3,0,3
1925,1,0,1
1925,6,3,9
1925,3,2,5
1925,9,10,19
1925,6,1,7
1925,7,0,7
1925,8,11,19
1925,4,3,7
1925,8,6,14
1925,11,0,11
1925,4,1,5
1925,6,4,10
1925,7,16,23
1925,8,6,14
1925,6,4,10
1925,4,11,15
1925,7,20,27
1925,6,11,17
1925,6,5,11
1925,3,11,14
1925,6,3,9
1925,2,1,3
1925,5,18,23
1925,11,0,11
1925,6,3,9
1925,8,10,18
1925,5,10,15
1925,1,0,1
1925,6,10,16
1925,8,0,8
1925,8,4,12
1925,7,4,11
1925,5,1,6
1925,2,10,12
1925,5,3,8
1925,7,6,13
1925,9,1,10
1925,5,14,19
1925,5,4,9
1925,1,0,1
1925,8,5,13
1925,9,10,19
1925,9,7,16
1925,7,5,12
1925,7,1,8
1925,7,1,8
1925,12,10,22
1925,4,1,5
1925,4,2,6
1925,3,2,5
1925,3,1,4
1925,5,4,9
1925,8,3,11
1925,6,5,11
1925,7,2,9
1925,8,4,12
1925,3,1,4
1925,4,3,7
1925,6,0,6
1925,6,10,16
1925,5,10,15
1925,7,4,11
1925,8,2,10
1925,2,1,3
1925,7,6,13
1925,4,0,4
1925,4,3,7
1925,2,12,14
1925,6,5,11
1925,5,4,9
1925,2,10,12
1925,3,14,17
1925,7,5,12
1925,5,0,5
1925,8,2,10
1925,6,4,10
1925,4,2,6
1925,5,1,6
1925,8,5,13
1925,13,11,24
1925,5,2,7
1925,3,12,15
1925,7,5,12
1925,6,3,9
1925,8,11,19
1925,1,0,1
1925,9,10,19
1925,6,1,7
1925,5,1,6
1925,9,7,16
1925,9,8,17
1925,3,13,16
1925,7,6,13
1925,5,11,16
1925,6,1,7
1925,5,3,8
1925,7,14,21
1925,4,3,7
1925,3,10,13
1925,7,6,13
1925,5,10,15
1925,4,3,7
1925,3,0,3
1925,2,13,15
1925,8,1,9
1925,9,8,17
1925,5,3,8
1925,4,2,6
1925,4,1,5
1925,8,4,12
1925,12,11,23
1925,4,1,5
1925,3,1,4
1925,3,2,5
1925,5,4,9
1925,8,5,13
1925,9,6,15
1925,3,0,3
1925,6,1,7
1925,4,12,16
1925,6,3,9
1925,6,4,10
1925,3,14,17
1925,5,2,7
1925,4,3,7
1925,9,7,16
1925,5,11,16
1925,5,4,9
1925,9,4,13
1925,5,2,7
1925,7,3,10
1925,8,3,11
1925,3,11,14
1925,5,2,7
1925,9,8,17
1925,3,12,15
1925,9,17,26
1925,2,1,3
1925,7,5,12
1925,3,0,3
1925,6,11,17
1925,4,0,4
1925,7,3,10
1925,8,1,9
1925,5,1,6
1925,6,3,9
1925,6,1,7
1925,7,5,12
1925,9,3,12
1925,4,1,5
1925,9,8,17
1925,2,1,3
1925,2,10,12
1925,6,19,25
1925,7,3,10
1925,3,0,3
1925,7,6,13
1925,6,2,8
1925,2,0,2
1925,4,2,6
1925,18,12,30
1925,6,4,10
1925,8,12,20
1925,4,3,7
1925,6,3,9
1925,3,1,4
1925,7,10,17
1925,9,1,10
1925,9,5,14
1925,6,5,11
1925,6,3,9
1925,8,3,11
1925,3,15,18
1925,6,3,9
1925,8,3,11
1925,5,4,9
1925,4,2,6
1925,6,5,11
1925,6,3,9
1925,5,3,8
1925,8,4,12
1925,7,11,18
1925,5,4,9
1925,3,2,5
1925,10,1,11
1925,3,1,4
1925,3,1,4
1925,6,4,10
1925,6,0,6
1925,5,3,8
1925,7,6,13
1925,3,2,5
1925,8,1,9
1925,6,2,8
1925,3,2,5
1925,7,2,9
1925,7,12,19
1925,3,0,3
1925,6,4,10
1925,7,1,8
1925,8,6,14
1925,7,4,11
1925,4,3,7
1925,6,11,17
1925,4,2,6
1925,3,0,3
1925,2,1,3
1925,6,5,11
1925,7,16,23
1925,3,10,13
1925,3,0,3
1925,6,2,8
1925,4,3,7
1925,5,1,6
1925,9,12,21
1925,5,10,15
1925,6,2,8
1925,5,10,15
1925,4,2,6
1925,9,5,14
1925,8,7,15
1925,2,10,12
1925,8,6,14
1925,3,10,13
1925,8,6,14
1925,7,2,9
1925,4,2,6
1925,6,2,8
1925,9,2,11
1925,9,0,9
1925,5,1,6
1925,5,2,7
1925,11,1,12
1925,7,2,9
1925,4,3,7
1925,4,3,7
1925,9,4,13
1925,5,2,7
1925,7,1,8
1925,6,5,11
1925,8,3,11
1925,5,3,8
1925,3,2,5
1925,4,2,6
1925,5,1,6
1925,9,5,14
1925,4,2,6
1925,8,5,13
1925,5,3,8
1925,3,2,5
1925,8,1,9
1925,5,1,6
1925,4,12,16
1925,7,4,11
1925,3,1,4
1925,3,2,5
1925,3,2,5
1925,3,2,5
1925,3,2,5
1925,7,6,13
1925,3,2,5
1925,7,10,17
1925,5,2,7
1925,4,1,5
1925,9,3,12
1925,8,4,12
1925,4,2,6
1925,5,2,7
1925,7,6,13
1925,2,14,16
1925,10,0,10
1925,3,1,4
1925,9,1,10
1925,4,10,14
1925,9,6,15
1925,6,1,7
1925,5,1,6
1925,6,4,10
1925,5,4,9
1925,3,10,13
1925,2,0,2
1925,5,1,6
1925,2,1,3
1925,3,1,4
1925,4,10,14
1925,2,0,2
1925,9,10,19
1925,3,0,3
1925,4,3,7
1925,3,0,3
1925,2,0,2
1925,8,2,10
1925,9,3,12
1925,3,2,5
1925,4,10,14
1925,8,12,20
1925,5,4,9
1925,5,4,9
1925,9,3,12
1925,5,0,5
1925,8,1,9
1925,3,13,16
1925,5,4,9
1925,4,3,7
1925,8,4,12
1925,7,6,13
1925,8,7,15
1925,5,3,8
1925,7,3,10
1925,7,13,20
1925,6,4,10
1925,2,1,3
1925,5,3,8
1925,3,2,5
1925,1,0,1
1925,9,2,11
1925,7,2,9
1925,2,15,17
1925,3,2,5
1925,7,4,11
1925,3,1,4
1925,7,2,9
1925,5,1,6
1925,2,0,2
1925,5,2,7
1925,5,3,8
1925,9,2,11
1925,8,4,12
1925,5,4,9
1925,4,1,5
1925,8,5,13
1925,2,0,2
1925,5,4,9
1925,6,3,9
1925,7,10,17
1925,3,2,5
1925,5,3,8
1925,8,11,19
1925,6,14,20
1925,7,4,11
1925,2,0,2
1925,3,1,4
1925,5,0,5
1925,5,12,17
1925,3,0,3
1925,3,1,4
1925,4,10,14
1925,8,1,9
1925,4,2,6
1925,6,1,7
1925,7,6,13
1925,9,2,11
1925,9,11,20
1925,6,1,7
1925,7,6,13
1925,6,0,6
1925,6,2,8
1925,6,2,8
1925,3,2,5
1925,3,2,5
1925,3,2,5
1925,4,11,15
1925,6,2,8
1925,5,2,7
1925,4,2,6
1925,7,4,11
1925,5,2,7
1925,7,1,8
1925,7,5,12
1925,11,10,21
1925,7,6,13
1925,8,7,15
1925,5,4,9
1925,3,1,4
1925,8,12,20
1925,4,3,7
1925,7,6,13
1925,5,4,9
1925,9,8,17
1925,2,1,3
1925,6,3,9
1925,7,11,18
1925,1,0,1
1925,5,3,8
1925,8,4,12
1925,7,6,13
1925,8,2,10
1925,2,1,3
1925,1,0,1
1925,9,7,16
1925,9,2,11
1925,9,2,11
1925,4,2,6
1925,8,2,10
1925,6,1,7
1925,5,4,9
1925,5,20,25
1925,8,1,9
1925,2,1,3
1925,3,11,14
1925,5,0,5
1925,4,10,14
1925,6,0,6
1925,9,7,16
1925,3,0,3
1925,7,6,13
1925,6,4,10
1925,7,4,11
1925,3,2,5
1925,5,2,7
1925,6,13,19
1925,6,11,17
1925,3,2,5
1925,3,1,4
1925,5,1,6
1925,4,13,17
1925,9,2,11
1925,5,14,19
1925,6,4,10
1925,4,0,4
1925,5,4,9
1925,2,1,3
1925,7,4,11
1925,4,3,7
1925,4,14,18
1925,7,6,13
1925,19,10,29
1925,8,2,10
1925,4,2,6
1925,2,0,2
1925,1,0,1
1925,8,1,9
1925,2,10,12
1925,6,5,11
1925,2,1,3
1925,2,12,14
1925,8,11,19
1925,9,10,19
1925,1,0,1
1925,6,5,11
1925,5,4,9
1925,3,2,5
1925,4,0,4
1925,5,0,5
1925,7,12,19
1925,6,4,10
1925,3,2,5
1925,2,1,3
1925,8,1,9
1925,4,3,7
1925,9,10,19
1925,1,0,1
1925,3,2,5
1925,3,2,5
1925,6,12,18
1925,12,1,13
1925,3,2,5
1925,9,5,14
1925,7,6,13
1925,2,11,13
1925,13,1,14
1925,4,1,5
1925,4,3,7
1925,8,10,18
1925,9,6,15
1925,2,1,3
1925,7,4,11
1925,3,1,4
1925,8,0,8
1925,7,6,13
1925,5,3,8
1925,3,10,13
1925,2,0,2
1925,2,1,3
1925,3,10,13
1925,7,3,10
1925,4,2,6
1925,4,2,6
1925,6,3,9
1925,9,24,33
1925,8,2,10
1925,8,5,13
1925,3,2,5
1925,4,0,4
1925,9,11,20
1925,5,2,7
1925,3,1,4
1925,2,1,3
1925,6,5,11
1925,9,3,12
1925,9,3,12
1925,5,3,8
1925,4,3,7
1925,6,0,6
1925,4,1,5
1925,6,4,10
1925,3,0,3
1925,14,10,24
1925,6,5,11
1925,8,10,18
1925,7,6,13
1925,14,1,15
1925,4,11,15
1925,9,2,11
1925,9,3,12
1925,4,3,7
1925,9,4,13
1925,5,3,8
1925,5,1,6
1925,6,5,11
1925,5,0,5
1925,7,6,13
1925,4,3,7
1925,2,1,3
1925,7,6,13
1925,8,5,13
1925,9,8,17
1925,8,6,14
1925,5,1,6
1925,5,4,9
1925,7,4,11
1925,1,0,1
1925,4,3,7
1925,4,2,6
1925,11,1,12
1925,3,2,5
1925,5,4,9
1925,6,4,10
1925,3,2,5
1925,10,1,11
1925,5,4,9
1925,9,7,16
1925,9,7,16
1925,4,0,4
1925,6,3,9
1925,4,2,6
1925,6,4,10
1925,8,3,11
1925,6,1,7
1925,7,2,9
1925,7,3,10
1925,5,4,9
1925,9,5,14
1925,6,4,10
1925,4,2,6
1925,5,4,9
1925,4,2,6
1925,3,2,5
1925,5,3,8
1925,5,4,9
1925,6,0,6
1925,4,10,14
1925,6,2,8
1925,5,2,7
1925,4,1,5
1925,3,2,5
1925,3,1,4
1925,7,2,9
1925,6,10,16
1925,4,0,4
1925,3,13,16
1925,10,1,11
1925,7,3,10
1925,4,3,7
1925,5,2,7
1925,8,6,14
1925,2,1,3
1925,8,4,12
1925,6,2,8
1925,6,6,12
1925,3,1,4
1925,9,4,13
1925,2,1,3
1925,4,1,5
1925,4,2,6
1925,4,2,6
1925,5,3,8
1925,3,0,3
1925,8,6,14
1925,2,1,3
1925,8,0,8
1925,4,3,7
1925,4,1,5
1925,6,2,8
1925,5,3,8
1925,6,2,8
1925,5,3,8
1925,2,0,2
1925,4,0,4
1925,5,2,7
1925,5,0,5
1925,6,3,9
1925,2,11,13
1925,9,12,21
1925,1,0,1
1925,6,5,11
1925,8,3,11
1925,5,1,6
1925,4,2,6
1925,4,2,6
1925,7,3,10
1925,9,7,16
1925,9,5,14
1925,5,10,15
1925,3,2,5
1925,5,0,5
1925,6,2,8
1925,7,2,9
1925,9,6,15
1925,4,3,7
1925,9,5,14
1925,2,1,3
1925,3,15,18
1925,3,2,5
1925,17,0,17
1925,6,2,8
1925,3,0,3
1925,5,0,5
1925,8,4,12
1925,6,5,11
1925,3,2,5
1925,7,6,13
1925,7,10,17
1925,9,7,16
1925,8,11,19
1925,7,2,9
1925,3,2,5
1925,6,11,17
1925,4,2,6
1925,1,0,1
1925,4,14,18
1925,3,2,5
1925,15,1,16
1925,2,1,3
1925,6,1,7
1925,2,1,3
1925,7,6,13
1925,6,3,9
1925,7,3,10
1925,2,1,3
1925,8,0,8
1925,8,2,10
1925,5,0,5
1925,3,2,5
1925,6,5,11
1925,6,4,10
1925,4,0,4
1925,4,3,7
1925,6,2,8
1925,5,10,15
1925,7,18,25
1925,9,5,14
1925,4,3,7
1925,8,5,13
1925,6,0,6
1925,4,2,6
1925,4,1,5
1925,3,1,4
1925,7,2,9
1925,6,0,6
1925,4,3,7
1925,3,0,3
1925,9,7,16
1925,5,4,9
1925,3,1,4
1925,4,3,7
1925,5,10,15
1925,1,1,2
1925,6,5,11
1925,7,6,13
1925,8,0,8
1925,9,7,16
1925,6,2,8
1925,7,6,13
1925,4,1,5
1925,4,10,14
1925,5,4,9
1925,6,4,10
1925,3,1,4
1925,3,0,3
1925,6,5,11
1925,4,3,7
1925,2,11,13
1925,4,3,7
1925,10,0,10
1925,5,2,7
1925,9,2,11
1925,7,3,10
1925,9,8,17
1925,8,1,9
1925,3,0,3
1925,8,10,18
1925,7,5,12
1925,4,2,6
1925,4,1,5
1925,4,10,14
1925,6,11,17
1925,4,1,5
1925,3,2,5
1925,4,3,7
1925,4,0,4
1925,6,3,9
1925,3,2,5
1925,9,7,16
1926,12,11,23
1926,5,1,6
1926,7,6,13
1926,2,1,3
1926,3,0,3
1926,6,3,9
1926,7,6,13
1926,1,0,1
1926,8,7,15
1926,9,2,11
1926,9,5,14
1926,10,1,11
1926,3,10,13
1926,3,1,4
1926,4,11,15
1926,8,4,12
1926,2,0,2
1926,9,3,12
1926,3,2,5
1926,5,1,6
1926,2,1,3
1926,5,3,8
1926,3,2,5
1926,6,5,11
1926,3,2,5
1926,4,3,7
1926,6,1,7
1926,2,0,2
1926,4,3,7
1926,5,4,9
1926,4,2,6
1926,3,15,18
1926,3,2,5
1926,8,6,14
1926,2,1,3
1926,5,1,6
1926,3,1,4
1926,7,3,10
1926,3,2,5
1926,5,10,15
1926,3,2,5
1926,3,1,4
1926,2,1,3
1926,5,1,6
1926,2,1,3
1926,4,1,5
1926,8,3,11
1926,4,2,6
1926,5,4,9
1926,9,5,14
1926,5,2,7
1926,5,4,9
1926,7,0,7
1926,5,18,23
1926,2,1,3
1926,4,2,6
1926,2,12,14
1926,8,5,13
1926,5,2,7
1926,5,1,6
1926,4,11,15
1926,6,2,8
1926,5,5,10
1926,9,8,17
1926,8,2,10
1926,5,3,8
1926,7,11,18
1926,6,3,9
1926,2,1,3
1926,18,1,19
1926,5,3,8
1926,3,1,4
1926,9,5,14
1926,3,2,5
1926,2,1,3
1926,2,1,3
1926,8,7,15
1926,4,3,7
1926,9,1,10
1926,4,1,5
1926,9,3,12
1926,7,4,11
1926,8,6,14
1926,4,3,7
1926,4,0,4
1926,4,2,6
1926,7,2,9
1926,5,11,16
1926,8,6,14
1926,8,6,14
1926,3,2,5
1926,5,1,6
1926,6,5,11
1926,12,1,13
1926,6,2,8
1926,6,5,11
1926,2,0,2
1926,8,7,15
1926,8,2,10
1926,9,8,17
1926,5,3,8
1926,9,1,10
1926,5,4,9
1926,9,4,13
1926,5,3,8
1926,9,5,14
1926,3,0,3
1926,5,2,7
1926,7,3,10
1926,5,2,7
1926,3,1,4
1926,4,2,6
1926,6,5,11
1926,7,3,10
1926,8,5,13
1926,4,0,4
1926,9,16,25
1926,3,2,5
1926,8,4,12
1926,5,4,9
1926,9,10,19
1926,3,2,5
1926,7,2,9
1926,5,2,7
1926,4,13,17
1926,7,6,13
1926,4,2,6
1926,5,4,9
1926,8,11,19
1926,9,6,15
1926,4,1,5
1926,2,1,3
1926,3,2,5
1926,2,11,13
1926,9,1,10
1926,6,5,11
1926,4,3,7
1926,8,3,11
1926,7,4,11
1926,9,6,15
1926,4,3,7
1926,6,2,8
1926,4,1,5
1926,3,1,4
1926,3,1,4
1926,2,11,13
1926,8,3,11
1926,9,6,15
1926,8,7,15
1926,3,2,5
1926,4,2,6
1926,5,11,16
1926,5,10,15
1926,3,2,5
1926,11,0,11
1926,7,14,21
1926,5,11,16
1926,5,3,8
1926,3,2,5
1926,6,1,7
1926,1,0,1
1926,2,1,3
1926,4,14,18
1926,5,3,8
1926,5,4,9
1926,3,1,4
1926,3,1,4
1926,2,11,13
1926,6,0,6
1926,6,5,11
1926,7,6,13
1926,5,1,6
1926,11,10,21
1926,7,1,8
1926,8,2,10
1926,4,10,14
1926,6,4,10
1926,2,0,2
1926,7,5,12
1926,14,0,14
1926,9,5,14
1926,5,3,8
1926,5,11,16
1926,8,7,15
1926,4,1,5
1926,14,10,24
1926,3,1,4
1926,6,5,11
1926,3,0,3
1926,9,0,9
1926,9,13,22
1926,3,2,5
1926,5,4,9
1926,2,0,2
1926,6,2,8
1926,7,4,11
1926,6,2,8
1926,11,1,12
1926,6,5,11
1926,6,5,11
1926,4,2,6
1926,2,0,2
1926,9,1,10
1926,6,5,11
1926,4,3,7
1926,3,14,17
1926,2,1,3
1926,7,4,11
1926,13,10,23
1926,4,1,5
1926,9,13,22
1926,2,10,12
1926,6,0,6
1926,12,1,13
1926,6,2,8
1926,8,1,9
1926,6,4,10
1926,2,1,3
1926,6,5,11
1926,5,5,10
1926,7,10,17
1926,6,3,9
1926,6,11,17
1926,10,1,11
1926,8,0,8
1926,2,0,2
1926,7,12,19
1926,6,4,10
1926,9,10,19
1926,3,2,5
1926,6,5,11
1926,2,13,15
1926,7,6,13
1926,7,4,11
1926,5,3,8
1926,5,1,6
1926,7,6,13
1926,8,5,13
1926,5,12,17
1926,6,3,9
1926,5,3,8
1926,5,2,7
1926,4,4,8
1926,4,2,6
1926,9,7,16
1926,5,2,7
1926,5,1,6
1926,6,2,8
1926,6,5,11
1926,6,3,9
1926,6,2,8
1926,6,0,6
1926,4,13,17
1926,8,4,12
1926,7,2,9
1926,5,4,9
1926,2,10,12
1926,5,4,9
1926,4,1,5
1926,6,5,11
1926,8,7,15
1926,6,3,9
1926,8,5,13
1926,7,2,9
1926,4,3,7
1926,7,5,12
1926,4,12,16
1926,13,10,23
1926,8,14,22
1926,7,1,8
1926,3,11,14
1926,7,6,13
1926,9,5,14
1926,6,5,11
1926,9,2,11
1926,6,6,12
1926,2,1,3
1926,8,14,22
1926,7,2,9
1926,1,0,1
1926,2,1,3
1926,8,3,11
1926,7,5,12
1926,5,3,8
1926,4,2,6
1926,3,1,4
1926,8,5,13
1926,4,10,14
1926,6,11,17
1926,5,3,8
1926,5,4,9
1926,5,2,7
1926,6,4,10
1926,9,2,11
1926,5,1,6
1926,8,5,13
1926,17,12,29
1926,7,6,13
1926,9,7,16
1926,9,8,17
1926,7,6,13
1926,5,3,8
1926,7,13,20
1926,8,5,13
1926,3,1,4
1926,5,4,9
1926,4,3,7
1926,2,1,3
1926,3,1,4
1926,5,1,6
1926,5,2,7
1926,8,5,13
1926,3,2,5
1926,5,3,8
1926,6,3,9
1926,4,12,16
1926,2,1,3
1926,6,5,11
1926,3,2,5
1926,6,5,11
1926,4,3,7
1926,3,2,5
1926,3,2,5
1926,2,1,3
1926,3,1,4
1926,7,6,13
1926,3,2,5
1926,9,7,16
1926,5,4,9
1926,4,2,6
1926,8,2,10
1926,6,3,9
1926,5,2,7
1926,4,3,7
1926,9,3,12
1926,3,1,4
1926,4,3,7
1926,2,0,2
1926,8,2,10
1926,5,3,8
1926,8,7,15
1926,3,1,4
1926,5,4,9
1926,12,1,13
1926,7,2,9
1926,9,5,14
1926,7,10,17
1926,9,7,16
1926,9,10,19
1926,7,6,13
1926,9,7,16
1926,5,4,9
1926,5,1,6
1926,5,12,17
1926,12,11,23
1926,6,14,20
1926,13,1,14
1926,7,0,7
1926,9,5,14
1926,5,4,9
1926,5,4,9
1926,7,2,9
1926,6,5,11
1926,5,12,17
1926,3,2,5
1926,8,5,13
1926,5,10,15
1926,3,2,5
1926,10,1,11
1926,8,5,13
1926,4,3,7
1926,5,1,6
1926,3,0,3
1926,5,1,6
1926,8,2,10
1926,3,15,18
1926,8,4,12
1926,1,0,1
1926,4,0,4
1926,7,4,11
1926,10,1,11
1926,3,0,3
1926,4,3,7
1926,6,5,11
1926,3,15,18
1926,2,0,2
1926,5,10,15
1926,5,2,7
1926,1,0,1
1926,7,2,9
1926,4,3,7
1926,8,7,15
1926,1,0,1
1926,5,4,9
1926,9,11,20
1926,2,1,3
1926,6,5,11
1926,4,3,7
1926,6,3,9
1926,4,1,5
1926,5,11,16
1926,4,3,7
1926,4,2,6
1926,9,7,16
1926,6,4,10
1926,4,3,7
1926,8,4,12
1926,6,0,6
1926,5,3,8
1926,8,1,9
1926,3,2,5
1926,9,13,22
1926,8,3,11
1926,8,6,14
1926,7,6,13
1926,9,3,12
1926,2,10,12
1926,13,11,24
1926,4,3,7
1926,5,1,6
1926,7,4,11
1926,1,0,1
1926,5,0,5
1926,8,2,10
1926,6,5,11
1926,6,5,11
1926,3,0,3
1926,4,1,5
1926,7,3,10
1926,3,10,13
1926,6,5,11
1926,8,5,13
1926,3,2,5
1926,6,5,11
1926,8,7,15
1926,4,3,7
1926,9,7,16
1926,7,3,10
1926,4,0,4
1926,4,1,5
1926,5,0,5
1926,7,6,13
1926,3,2,5
1926,8,1,9
1926,6,1,7
1926,6,3,9
1926,3,2,5
1926,4,1,5
1926,9,10,19
1926,4,2,6
1926,6,2,8
1926,6,2,8
1926,3,1,4
1926,9,12,21
1926,6,5,11
1926,9,7,16
1926,6,2,8
1926,2,10,12
1926,6,2,8
1926,2,12,14
1926,8,3,11
1926,5,13,18
1926,4,3,7
1926,7,1,8
1926,4,0,4
1926,3,2,5
1926,6,5,11
1926,8,3,11
1926,5,3,8
1926,4,2,6
1926,8,2,10
1926,8,14,22
1926,9,4,13
1926,9,0,9
1926,4,3,7
1926,5,1,6
1926,4,3,7
1926,1,0,1
1926,8,3,11
1926,8,0,8
1926,5,4,9
1926,8,7,15
1926,6,4,10
1926,5,2,7
1926,6,5,11
1926,5,4,9
1926,3,10,13
1926,7,6,13
1926,13,11,24
1926,4,2,6
1926,4,3,7
1926,3,2,5
1926,9,4,13
1926,6,2,8
1926,3,1,4
1926,8,7,15
1926,9,1,10
1926,3,1,4
1926,6,4,10
1926,5,3,8
1926,5,3,8
1926,6,2,8
1926,6,5,11
1926,9,6,15
1926,7,12,19
1926,7,2,9
1926,8,6,14
1926,3,1,4
1926,3,3,6
1926,2,12,14
1926,4,11,15
1926,7,4,11
1926,4,11,15
1926,8,7,15
1926,9,8,17
1926,5,4,9
1926,6,3,9
1926,5,0,5
1926,7,2,9
1926,5,4,9
1926,7,5,12
1926,9,1,10
1926,8,7,15
1926,3,2,5
1926,2,1,3
1926,6,3,9
1926,16,0,16
1926,5,4,9
1926,7,1,8
1926,3,2,5
1926,5,0,5
1926,6,2,8
1926,6,2,8
1926,9,4,13
1926,7,0,7
1926,6,1,7
1926,8,4,12
1926,3,2,5
1926,7,1,8
1926,3,11,14
1926,2,1,3
1926,4,3,7
1926,6,3,9
1926,4,2,6
1926,5,0,5
1926,7,3,10
1926,7,5,12
1926,3,11,14
1926,8,5,13
1926,9,11,20
1926,3,2,5
1926,9,4,13
1926,3,11,14
1926,7,6,13
1926,5,4,9
1926,6,2,8
1926,4,1,5
1926,5,3,8
1926,3,1,4
1926,2,1,3
1926,6,11,17
1926,3,2,5
1926,5,12,17
1926,5,10,15
1926,7,3,10
1926,4,3,7
1926,5,2,7
1926,4,2,6
1926,6,1,7
1926,9,3,12
1926,4,3,7
1926,3,2,5
1926,3,2,5
1926,6,5,11
1926,4,1,5
1926,3,2,5
1926,6,2,8
1926,3,0,3
1926,7,5,12
1926,4,3,7
1926,9,2,11
1926,4,12,16
1926,8,5,13
1926,3,12,15
1926,8,3,11
1926,5,4,9
1926,2,11,13
1926,2,0,2
1926,2,1,3
1926,7,2,9
1926,5,4,9
1926,7,2,9
1926,4,4,8
1926,5,4,9
1926,5,14,19
1926,4,2,6
1926,8,0,8
1926,4,3,7
1926,6,3,9
1926,6,3,9
1926,5,4,9
1926,2,1,3
1926,6,3,9
1926,4,1,5
1926,7,10,17
1926,4,0,4
1926,7,5,12
1926,7,4,11
1926,3,2,5
1926,8,0,8
1926,5,2,7
1926,3,0,3
1926,3,2,5
1926,5,2,7
1926,6,2,8
1926,5,1,6
1926,6,5,11
1926,4,2,6
1926,8,7,15
1926,2,11,13
1926,7,3,10
1926,6,1,7
1926,8,7,15
1926,6,10,16
1926,9,0,9
1926,7,3,10
1926,7,4,11
1926,4,1,5
1926,8,2,10
1926,4,3,7
1926,9,6,15
1926,2,1,3
1926,4,3,7
1926,6,5,11
1926,4,2,6
1926,6,4,10
1926,3,1,4
1926,8,4,12
1926,4,3,7
1926,17,14,31
1926,9,4,13
1926,6,18,24
1926,4,19,23
1926,2,1,3
1926,5,0,5
1926,8,3,11
1926,7,2,9
1926,5,19,24
1926,8,3,11
1926,5,2,7
1926,5,0,5
1926,7,5,12
1926,6,2,8
1926,8,6,14
1926,6,3,9
1926,8,6,14
1926,7,6,13
1926,6,1,7
1926,2,1,3
1926,7,10,17
1926,5,4,9
1926,3,2,5
1926,12,10,22
1926,9,13,22
1926,6,4,10
1926,5,1,6
1926,7,6,13
1926,8,12,20
1926,5,2,7
1926,5,2,7
1926,2,10,12
1926,4,2,6
1926,6,2,8
1926,3,1,4
1926,8,6,14
1926,7,2,9
1926,3,0,3
1926,5,11,16
1926,4,3,7
1926,3,2,5
1926,5,4,9
1926,9,7,16
1926,8,7,15
1926,8,0,8
1926,3,2,5
1926,4,3,7
1926,8,3,11
1926,5,4,9
1926,3,2,5
1926,4,2,6
1926,9,7,16
1926,5,13,18
1926,5,3,8
1926,2,1,3
1926,2,1,3
1926,4,0,4
1926,9,7,16
1926,5,3,8
1926,5,4,9
1926,9,5,14
1926,5,2,7
1926,2,11,13
1926,8,3,11
1926,4,10,14
1926,4,3,7
1926,4,1,5
1926,2,13,15
1926,2,16,18
1926,5,4,9
1926,7,6,13
1926,5,0,5
1926,8,3,11
1926,8,5,13
1926,9,2,11
1926,11,1,12
1926,7,4,11
1926,6,4,10
1926,4,3,7
1926,5,4,9
1926,6,0,6
1926,1,0,1
1926,6,2,8
1926,7,6,13
1926,7,10,17
1926,5,4,9
1926,6,4,10
1926,3,13,16
1926,13,10,23
1926,4,2,6
1926,2,14,16
1926,5,3,8
1926,9,13,22
1926,6,4,10
1926,5,3,8
1926,6,2,8
1926,3,11,14
1926,8,5,13
1926,6,1,7
1926,9,6,15
1926,9,14,23
1926,5,5,10
1926,2,0,2
1926,3,2,5
1926,2,1,3
1926,7,4,11
1926,6,5,11
1926,8,12,20
1926,3,2,5
1926,5,3,8
1926,3,2,5
1926,3,1,4
1926,5,4,9
1926,8,4,12
1926,7,4,11
1926,2,1,3
1926,6,5,11
1926,4,14,18
1926,3,2,5
1926,5,0,5
1926,6,3,9
1926,2,0,2
1926,1,0,1
1926,7,2,9
1926,7,0,7
1926,4,3,7
1926,9,5,14
1926,6,5,11
1926,4,3,7
1926,3,2,5
1926,5,2,7
1926,5,2,7
1926,2,0,2
1926,5,4,9
1926,6,0,6
1926,6,3,9
1926,5,4,9
1926,3,2,5
1926,7,3,10
1926,3,2,5
1926,6,5,11
1926,7,10,17
1926,4,1,5
1926,5,4,9
1926,4,1,5
1926,4,3,7
1926,5,2,7
1926,6,1,7
1926,8,10,18
1926,3,2,5
1926,2,1,3
1926,8,2,10
1926,2,1,3
1926,6,2,8
1926,9,6,15
1926,8,6,14
1926,6,1,7
1926,5,10,15
1926,9,0,9
1926,2,1,3
1926,8,4,12
1926,2,1,3
1926,7,2,9
1926,8,7,15
1926,5,4,9
1926,2,1,3
1926,6,0,6
1926,10,1,11
1926,4,2,6
1926,8,3,11
1926,14,11,25
1926,1,0,1
1926,3,2,5
1926,7,6,13
1926,8,7,15
1926,2,0,2
1926,4,3,7
1926,5,4,9
1926,5,3,8
1926,2,14,16
1926,7,6,13
1926,8,4,12
1926,14,0,14
1926,5,2,7
1926,7,3,10
1926,4,2,6
1926,5,4,9
1926,7,11,18
1926,7,5,12
1926,3,1,4
1926,9,11,20
1926,4,3,7
1926,7,2,9
1926,8,2,10
1926,6,4,10
1926,7,4,11
1926,6,1,7
1926,7,5,12
1926,7,3,10
1926,5,4,9
1926,7,4,11
1926,8,7,15
1926,8,12,20
1926,6,3,9
1926,2,1,3
1926,6,3,9
1926,6,3,9
1926,3,0,3
1926,2,0,2
1926,2,0,2
1926,3,2,5
1926,1,0,1
1926,8,5,13
1926,9,2,11
1926,6,4,10
1926,11,0,11
1926,3,1,4
1926,6,5,11
1926,5,2,7
1926,3,2,5
1926,6,5,11
1926,7,4,11
1926,8,3,11
1926,6,0,6
1926,4,2,6
1926,9,3,12
1926,5,0,5
1926,2,1,3
1926,7,5,12
1926,9,8,17
1926,4,3,7
1926,7,4,11
1926,5,10,15
1926,7,5,12
1926,2,10,12
1926,3,1,4
1926,4,3,7
1926,4,1,5
1926,5,3,8
1926,2,0,2
1926,8,10,18
1926,6,4,10
1926,4,2,6
1926,2,0,2
1926,7,2,9
1926,11,1,12
1926,3,21,24
1926,4,1,5
1926,5,4,9
1926,5,4,9
1926,5,1,6
1926,5,0,5
1926,5,0,5
1926,9,2,11
1926,7,2,9
1926,5,2,7
1926,7,5,12
1926,3,1,4
1926,3,2,5
1926,4,3,7
1926,5,2,7
1926,5,2,7
1926,4,2,6
1926,5,10,15
1926,4,3,7
1926,3,2,5
1926,4,1,5
1926,3,11,14
1926,4,2,6
1926,7,11,18
1926,6,4,10
1926,4,2,6
1926,5,3,8
1926,7,2,9
1926,5,3,8
1926,6,1,7
1926,7,1,8
1926,5,4,9
1926,5,1,6
1926,4,0,4
1926,7,0,7
1926,8,2,10
1926,5,3,8
1926,9,4,13
1926,6,4,10
1926,8,7,15
1926,4,2,6
1926,2,1,3
1926,3,0,3
1926,4,1,5
1926,4,3,7
1926,6,2,8
1926,1,0,1
1926,2,1,3
1926,9,1,10
1926,3,1,4
1926,4,0,4
1926,6,2,8
1926,5,1,6
1926,3,1,4
1926,5,2,7
1926,4,10,14
1926,4,2,6
1926,5,4,9
1926,6,2,8
1926,6,0,6
1926,8,6,14
1926,2,2,4
1926,3,1,4
1926,4,2,6
1926,8,5,13
1926,3,1,4
1926,3,0,3
1926,4,3,7
1926,7,6,13
1926,3,2,5
1926,4,2,6
1926,2,10,12
1926,6,0,6
1926,9,1,10
1926,7,6,13
1926,3,2,5
1926,4,1,5
1926,7,3,10
1926,2,10,12
1926,8,4,12
1926,9,4,13
1926,9,0,9
1926,4,3,7
1926,10,1,11
1926,2,1,3
1926,6,5,11
1926,9,6,15
1926,4,11,15
1926,7,6,13
1926,3,2,5
1926,2,1,3
1926,6,0,6
1926,2,1,3
1926,4,3,7
1926,3,1,4
1926,3,1,4
1926,8,6,14
1926,4,3,7
1926,7,15,22
1926,3,2,5
1926,9,3,12
1926,1,0,1
1926,9,3,12
1926,5,4,9
1926,5,1,6
1926,4,0,4
1926,4,1,5
1926,7,1,8
1926,4,0,4
1926,9,7,16
1926,5,3,8
1926,6,1,7
1926,5,1,6
1926,5,3,8
1926,7,0,7
1926,8,4,12
1926,5,1,6
1926,8,7,15
1926,9,3,12
1926,3,2,5
1926,6,2,8
1926,5,1,6
1926,2,1,3
1926,6,1,7
1926,2,2,4
1926,9,2,11
1926,8,2,10
1926,3,2,5
1926,5,2,7
1926,6,12,18
1926,5,0,5
1926,3,0,3
1926,5,3,8
1926,2,0,2
1926,1,0,1
1926,6,5,11
1926,2,19,21
1926,7,6,13
1926,8,5,13
1926,7,2,9
1926,6,1,7
1926,2,1,3
1926,14,12,26
1926,7,11,18
1926,6,4,10
1926,3,0,3
1926,5,2,7
1926,2,0,2
1926,9,1,10
1926,6,3,9
1926,3,2,5
1926,5,1,6
1926,4,3,7
1926,3,2,5
1926,4,2,6
1926,9,1,10
1926,3,17,20
1926,7,2,9
1926,7,4,11
1926,5,1,6
1926,7,2,9
1926,2,11,13
1926,3,2,5
1926,5,0,5
1926,6,2,8
1926,9,5,14
1926,3,0,3
1926,5,3,8
1926,7,6,13
1926,7,3,10
1926,8,7,15
1926,2,0,2
1926,9,8,17
1926,6,2,8
1926,5,4,9
1926,7,5,12
1926,2,0,2
1926,7,4,11
1926,5,2,7
1926,2,1,3
1926,8,6,14
1926,8,2,10
1926,8,1,9
1926,4,2,6
1926,7,6,13
1926,3,1,4
1926,2,1,3
1926,7,2,9
1926,7,5,12
1926,4,2,6
1926,8,5,13
1926,4,2,6
1926,5,0,5
1926,8,0,8
1926,8,3,11
1926,5,1,6
1926,4,2,6
1926,7,10,17
1926,5,2,7
1926,8,4,12
1926,6,1,7
1926,11,0,11
1926,3,2,5
1926,3,1,4
1926,5,1,6
1926,3,1,4
1926,10,0,10
1926,6,12,18
1926,2,1,3
1926,10,1,11
1926,3,11,14
1926,5,4,9
1926,8,4,12
1926,5,2,7
1926,5,2,7
1926,2,0,2
1926,4,3,7
1926,5,11,16
1926,8,1,9
1926,3,2,5
1926,8,10,18
1926,5,3,8
1926,6,0,6
1926,6,10,16
1926,6,10,16
1926,5,4,9
1926,5,0,5
1926,4,3,7
1926,4,14,18
1926,5,1,6
1926,7,1,8
1926,3,11,14
1926,1,0,1
1926,4,0,4
1926,5,4,9
1926,5,2,7
1926,3,2,5
1926,6,3,9
1926,4,3,7
1926,4,1,5
1926,9,5,14
1926,3,1,4
1926,5,1,6
1926,5,0,5
1926,5,4,9
1926,7,2,9
1926,1,0,1
1926,3,1,4
1926,5,1,6
1926,6,4,10
1926,2,1,3
1926,9,5,14
1926,6,5,11
1926,9,2,11
1926,2,1,3
1926,4,1,5
1926,6,4,10
1926,2,1,3
1926,5,0,5
1926,3,2,5
1926,5,4,9
1926,3,0,3
1926,3,23,26
1926,2,10,12
1926,1,0,1
1926,5,1,6
1926,3,1,4
1926,3,2,5
1926,5,1,6
1926,5,4,9
1926,5,4,9
1926,10,1,11
1926,6,3,9
1926,3,1,4
1926,3,2,5
1926,6,0,6
1926,6,3,9
1926,3,1,4
1926,6,5,11
1926,5,4,9
1926,7,3,10
1926,3,2,5
1926,9,4,13
1926,7,4,11
1926,6,3,9
1926,8,3,11
1926,8,7,15
1926,6,5,11
1926,5,4,9
1926,4,3,7
1926,3,0,3
1926,7,3,10
1926,4,3,7
1926,3,2,5
1926,8,0,8
1926,5,2,7
1926,4,2,6
1926,2,1,3
1926,4,0,4
1926,7,4,11
1926,8,2,10
1926,4,3,7
1926,4,0,4
1926,14,0,14
1926,6,1,7
1926,3,2,5
1926,5,2,7
1926,7,2,9
1926,6,11,17
1926,7,15,22
1926,2,1,3
1926,5,1,6
1926,8,2,10
1926,3,2,5
1926,9,3,12
1926,6,3,9
1926,2,1,3
1926,6,6,12
1926,3,1,4
1926,6,4,10
1926,9,2,11
1926,8,4,12
1926,3,1,4
1926,8,11,19
1926,5,2,7
1926,2,1,3
1926,3,2,5
1926,2,12,14
1926,5,1,6
1926,2,10,12
1926,4,10,14
1926,3,1,4
1926,6,2,8
1926,7,4,11
1926,2,1,3
1926,8,5,13
1926,2,0,2
1926,2,11,13
1926,5,4,9
1926,3,2,5
1926,3,2,5
1926,6,1,7
1926,6,2,8
1926,5,4,9
1926,5,4,9
1926,7,6,13
1926,2,1,3
1926,2,1,3
1926,6,2,8
1926,4,0,4
1926,5,10,15
1926,3,2,5
1926,2,10,12
1926,3,2,5
1927,6,2,8
1927,10,1,11
1927,2,1,3
1927,3,2,5
1927,8,3,11
1927,7,15,22
1927,6,2,8
1927,4,2,6
1927,5,0,5
1927,7,2,9
1927,4,10,14
1927,7,3,10
1927,6,2,8
1927,3,2,5
1927,9,9,18
1927,9,6,15
1927,5,2,7
1927,3,1,4
1927,1,0,1
1927,6,10,16
1927,6,1,7
1927,6,3,9
1927,6,3,9
1927,2,2,4
1927,7,1,8
1927,7,6,13
1927,5,2,7
1927,5,4,9
1927,5,2,7
1927,3,2,5
1927,3,1,4
1927,8,7,15
1927,7,2,9
1927,8,3,11
1927,2,1,3
1927,5,1,6
1927,2,14,16
1927,5,12,17
1927,3,13,16
1927,11,10,21
1927,9,1,10
1927,3,2,5
1927,3,0,3
1927,7,3,10
1927,5,4,9
1927,4,0,4
1927,9,5,14
1927,5,4,9
1927,9,1,10
1927,8,5,13
1927,6,3,9
1927,4,0,4
1927,7,5,12
1927,3,1,4
1927,4,3,7
1927,5,4,9
1927,7,0,7
1927,5,1,6
1927,8,5,13
1927,4,2,6
1927,7,4,11
1927,3,0,3
1927,4,2,6
1927,6,13,19
1927,3,2,5
1927,7,3,10
1927,3,1,4
1927,5,4,9
1927,4,2,6
1927,8,2,10
1927,15,10,25
1927,5,1,6
1927,4,3,7
1927,6,4,10
1927,7,0,7
1927,5,1,6
1927,4,3,7
1927,5,3,8
1927,9,4,13
1927,8,12,20
1927,2,1,3
1927,6,2,8
1927,7,6,13
1927,9,11,20
1927,9,1,10
1927,5,4,9
1927,4,12,16
1927,1,0,1
1927,9,8,17
1927,7,2,9
1927,9,3,12
1927,8,5,13
1927,6,2,8
1927,9,5,14
1927,4,1,5
1927,7,2,9
1927,2,1,3
1927,4,2,6
1927,8,4,12
1927,2,1,3
1927,6,5,11
1927,4,3,7
1927,7,15,22
1927,4,16,20
1927,3,1,4
1927,9,0,9
1927,7,0,7
1927,5,2,7
1927,3,10,13
1927,8,7,15
1927,3,2,5
1927,2,1,3
1927,2,0,2
1927,6,2,8
1927,8,7,15
1927,5,4,9
1927,8,4,12
1927,9,8,17
1927,4,3,7
1927,7,6,13
1927,7,6,13
1927,7,0,7
1927,7,3,10
1927,4,12,16
1927,6,0,6
1927,3,1,4
1927,7,10,17
1927,6,5,11
1927,7,6,13
1927,9,6,15
1927,7,4,11
1927,4,3,7
1927,5,1,6
1927,7,6,13
1927,7,2,9
1927,11,10,21
1927,5,3,8
1927,6,4,10
1927,9,13,22
1927,5,11,16
1927,4,3,7
1927,8,3,11
1927,3,13,16
1927,7,4,11
1927,3,2,5
1927,4,1,5
1927,3,2,5
1927,4,2,6
1927,6,1,7
1927,5,3,8
1927,3,0,3
1927,9,8,17
1927,8,0,8
1927,11,10,21
1927,5,3,8
1927,6,4,10
1927,6,5,11
1927,9,16,25
1927,5,1,6
1927,9,0,9
1927,4,2,6
1927,3,2,5
1927,5,4,9
1927,8,3,11
1927,2,1,3
1927,6,1,7
1927,17,11,28
1927,4,3,7
1927,6,5,11
1927,6,3,9
1927,6,3,9
1927,8,7,15
1927,7,5,12
1927,4,4,8
1927,4,1,5
1927,3,1,4
1927,10,1,11
1927,5,2,7
1927,4,2,6
1927,6,3,9
1927,8,7,15
1927,5,4,9
1927,9,7,16
1927,3,2,5
1927,4,1,5
1927,4,3,7
1927,5,4,9
1927,7,0,7
1927,3,10,13
1927,11,1,12
1927,4,1,5
1927,3,1,4
1927,6,1,7
1927,7,2,9
1927,5,2,7
1927,2,1,3
1927,3,12,15
1927,2,12,14
1927,9,6,15
1927,2,1,3
1927,6,3,9
1927,8,6,14
1927,9,5,14
1927,5,2,7
1927,6,2,8
1927,2,1,3
1927,8,10,18
1927,2,1,3
1927,4,3,7
1927,6,3,9
1927,12,0,12
1927,9,2,11
1927,2,0,2
1927,4,3,7
1927,4,11,15
1927,7,4,11
1927,8,1,9
1927,5,3,8
1927,6,13,19
1927,8,6,14
1927,3,0,3
1927,4,3,7
1927,3,0,3
1927,6,5,11
1927,7,5,12
1927,5,12,17
1927,2,1,3
1927,8,3,11
1927,6,3,9
1927,2,15,17
1927,6,4,10
1927,6,11,17
1927,5,3,8
1927,6,2,8
1927,7,5,12
1927,5,4,9
1927,6,5,11
1927,6,3,9
1927,5,2,7
1927,6,5,11
1927,7,4,11
1927,4,20,24
1927,6,1,7
1927,8,4,12
1927,7,2,9
1927,6,6,12
1927,9,4,13
1927,6,5,11
1927,8,5,13
1927,9,4,13
1927,7,5,12
1927,7,1,8
1927,4,1,5
1927,3,2,5
1927,11,1,12
1927,6,3,9
1927,6,5,11
1927,8,5,13
1927,8,4,12
1927,2,0,2
1927,9,6,15
1927,8,14,22
1927,1,0,1
1927,3,1,4
1927,4,3,7
1927,2,11,13
1927,4,3,7
1927,2,1,3
1927,2,1,3
1927,9,7,16
1927,5,3,8
1927,5,1,6
1927,3,2,5
1927,3,1,4
1927,7,2,9
1927,5,0,5
1927,8,1,9
1927,5,13,18
1927,8,7,15
1927,7,3,10
1927,8,6,14
1927,4,3,7
1927,7,3,10
1927,8,0,8
1927,7,1,8
1927,8,2,10
1927,3,2,5
1927,1,0,1
1927,8,3,11
1927,6,4,10
1927,5,2,7
1927,8,5,13
1927,3,11,14
1927,8,6,14
1927,7,15,22
1927,7,4,11
1927,2,10,12
1927,6,1,7
1927,5,2,7
1927,6,2,8
1927,3,11,14
1927,10,0,10
1927,9,8,17
1927,3,11,14
1927,14,10,24
1927,1,0,1
1927,9,8,17
1927,6,5,11
1927,7,6,13
1927,6,5,11
1927,6,3,9
1927,3,1,4
1927,3,0,3
1927,5,13,18
1927,3,2,5
1927,7,2,9
1927,1,0,1
1927,4,13,17
1927,3,10,13
1927,5,18,23
1927,9,10,19
1927,1,0,1
1927,4,1,5
1927,6,2,8
1927,14,1,15
1927,2,1,3
1927,7,4,11
1927,6,1,7
1927,7,2,9
1927,5,4,9
1927,2,0,2
1927,8,4,12
1927,7,3,10
1927,2,11,13
1927,5,1,6
1927,5,4,9
1927,6,0,6
1927,3,1,4
1927,3,1,4
1927,11,1,12
1927,8,4,12
1927,6,4,10
1927,8,10,18
1927,5,1,6
1927,4,0,4
1927,5,3,8
1927,7,0,7
1927,9,10,19
1927,5,3,8
1927,8,0,8
1927,6,1,7
1927,9,1,10
1927,2,10,12
1927,4,3,7
1927,4,1,5
1927,7,5,12
1927,6,2,8
1927,6,5,11
1927,7,6,13
1927,5,1,6
1927,4,1,5
1927,9,11,20
1927,9,6,15
1927,5,12,17
1927,8,10,18
1927,5,3,8
1927,3,2,5
1927,5,4,9
1927,12,11,23
1927,7,5,12
1927,8,7,15
1927,8,11,19
1927,2,1,3
1927,6,4,10
1927,4,3,7
1927,6,5,11
1927,8,3,11
1927,9,3,12
1927,12,1,13
1927,6,1,7
1927,7,1,8
1927,5,10,15
1927,5,4,9
1927,9,3,12
1927,4,2,6
1927,4,3,7
1927,4,13,17
1927,8,11,19
1927,6,5,11
1927,5,10,15
1927,2,1,3
1927,6,3,9
1927,6,4,10
1927,6,5,11
1927,11,10,21
1927,4,2,6
1927,9,4,13
1927,11,10,21
1927,7,6,13
1927,4,1,5
1927,11,10,21
1927,8,7,15
1927,5,4,9
1927,6,1,7
1927,2,0,2
1927,6,2,8
1927,6,14,20
1927,7,6,13
1927,4,3,7
1927,10,0,10
1927,4,3,7
1927,1,0,1
1927,6,4,10
1927,5,12,17
1927,2,1,3
1927,6,4,10
1927,7,4,11
1927,5,0,5
1927,11,10,21
1927,7,2,9
1927,10,1,11
1927,8,1,9
1927,4,0,4
1927,6,0,6
1927,5,10,15
1927,6,1,7
1927,6,3,9
1927,4,3,7
1927,2,12,14
1927,5,3,8
1927,3,2,5
1927,8,3,11
1927,8,7,15
1927,3,1,4
1927,5,0,5
1927,7,2,9
1927,8,4,12
1927,6,2,8
1927,7,4,11
1927,6,4,10
1927,6,4,10
1927,7,14,21
1927,3,1,4
1927,3,0,3
1927,3,2,5
1927,4,3,7
1927,5,1,6
1927,4,0,4
1927,7,3,10
1927,7,1,8
1927,7,3,10
1927,7,5,12
1927,5,4,9
1927,8,2,10
1927,7,6,13
1927,6,5,11
1927,3,12,15
1927,7,4,11
1927,3,2,5
1927,3,2,5
1927,8,5,13
1927,4,2,6
1927,7,13,20
1927,9,11,20
1927,5,11,16
1927,4,11,15
1927,3,1,4
1927,6,5,11
1927,7,2,9
1927,6,2,8
1927,9,6,15
1927,4,1,5
1927,4,3,7
1927,5,3,8
1927,5,3,8
1927,9,4,13
1927,2,1,3
1927,7,3,10
1927,6,5,11
1927,4,2,6
1927,3,2,5
1927,8,3,11
1927,4,3,7
1927,7,3,10
1927,4,0,4
1927,7,6,13
1927,4,2,6
1927,6,3,9
1927,6,4,10
1927,2,1,3
1927,7,10,17
1927,7,1,8
1927,9,7,16
1927,8,5,13
1927,2,0,2
1927,7,3,10
1927,4,2,6
1927,7,3,10
1927,9,3,12
1927,8,7,15
1927,9,8,17
1927,7,2,9
1927,4,12,16
1927,4,11,15
1927,4,2,6
1927,6,2,8
1927,6,0,6
1927,7,5,12
1927,4,0,4
1927,8,7,15
1927,8,1,9
1927,9,3,12
1927,6,3,9
1927,9,8,17
1927,7,3,10
1927,9,8,17
1927,5,0,5
1927,8,6,14
1927,2,1,3
1927,9,3,12
1927,8,2,10
1927,5,4,9
1927,9,10,19
1927,5,3,8
1927,6,1,7
1927,6,11,17
1927,6,5,11
1927,6,13,19
1927,5,1,6
1927,6,5,11
1927,7,6,13
1927,4,1,5
1927,6,2,8
1927,5,10,15
1927,7,4,11
1927,7,6,13
1927,5,1,6
1927,14,12,26
1927,2,1,3
1927,4,1,5
1927,2,1,3
1927,7,4,11
1927,6,1,7
1927,3,2,5
1927,7,5,12
1927,3,0,3
1927,7,6,13
1927,6,5,11
1927,4,2,6
1927,6,1,7
1927,6,5,11
1927,7,4,11
1927,5,4,9
1927,9,10,19
1927,6,5,11
1927,8,7,15
1927,14,10,24
1927,6,5,11
1927,2,10,12
1927,3,11,14
1927,4,3,7
1927,9,4,13
1927,2,1,3
1927,6,3,9
1927,2,0,2
1927,6,2,8
1927,12,1,13
1927,21,1,22
1927,5,4,9
1927,8,2,10
1927,7,2,9
1927,6,4,10
1927,8,4,12
1927,8,10,18
1927,6,5,11
1927,8,5,13
1927,7,6,13
1927,5,4,9
1927,2,14,16
1927,8,17,25
1927,5,1,6
1927,7,6,13
1927,6,4,10
1927,5,3,8
1927,9,8,17
1927,12,1,13
1927,3,2,5
1927,4,11,15
1927,2,1,3
1927,9,6,15
1927,3,2,5
1927,5,11,16
1927,7,4,11
1927,4,3,7
1927,8,11,19
1927,8,10,18
1927,6,2,8
1927,8,5,13
1927,1,0,1
1927,7,5,12
1927,6,3,9
1927,4,2,6
1927,2,1,3
1927,5,0,5
1927,6,5,11
1927,3,2,5
1927,7,19,26
1927,4,14,18
1927,7,5,12
1927,1,0,1
1927,12,11,23
1927,4,0,4
1927,7,5,12
1927,1,0,1
1927,4,1,5
1927,9,10,19
1927,6,3,9
1927,5,0,5
1927,7,3,10
1927,14,11,25
1927,7,6,13
1927,3,2,5
1927,8,5,13
1927,7,0,7
1927,7,6,13
1927,2,1,3
1927,6,2,8
1927,8,5,13
1927,7,0,7
1927,9,6,15
1927,3,2,5
1927,9,6,15
1927,6,5,11
1927,2,1,3
1927,6,3,9
1927,4,1,5
1927,7,5,12
1927,5,3,8
1927,7,3,10
1927,9,13,22
1927,3,11,14
1927,9,7,16
1927,3,14,17
1927,6,5,11
1927,6,1,7
1927,4,1,5
1927,8,6,14
1927,8,3,11
1927,7,3,10
1927,4,2,6
1927,5,2,7
1927,9,6,15
1927,3,1,4
1927,13,10,23
1927,9,10,19
1927,4,1,5
1927,9,7,16
1927,3,2,5
1927,3,0,3
1927,9,2,11
1927,3,2,5
1927,7,5,12
1927,6,3,9
1927,5,4,9
1927,9,3,12
1927,6,5,11
1927,4,2,6
1927,11,10,21
1927,9,11,20
1927,5,2,7
1927,5,3,8
1927,7,4,11
1927,5,4,9
1927,5,4,9
1927,3,2,5
1927,5,1,6
1927,5,14,19
1927,4,0,4
1927,5,3,8
1927,6,4,10
1927,3,2,5
1927,9,7,16
1927,6,5,11
1927,6,10,16
1927,8,2,10
1927,4,3,7
1927,4,2,6
1927,6,5,11
1927,9,10,19
1927,8,5,13
1927,6,1,7
1927,2,1,3
1927,3,1,4
1927,4,2,6
1927,2,1,3
1927,5,3,8
1927,5,4,9
1927,4,3,7
1927,6,5,11
1927,2,1,3
1927,2,1,3
1927,5,2,7
1927,4,1,5
1927,8,3,11
1927,7,3,10
1927,7,6,13
1927,7,3,10
1927,5,4,9
1927,2,2,4
1927,3,0,3
1927,5,2,7
1927,7,5,12
1927,7,4,11
1927,6,5,11
1927,7,6,13
1927,3,2,5
1927,6,2,8
1927,4,3,7
1927,5,2,7
1927,3,2,5
1927,9,8,17
1927,3,2,5
1927,7,1,8
1927,3,2,5
1927,9,4,13
1927,9,6,15
1927,5,2,7
1927,8,7,15
1927,6,11,17
1927,9,3,12
1927,6,14,20
1927,7,10,17
1927,3,2,5
1927,4,3,7
1927,1,0,1
1927,6,5,11
1927,7,2,9
1927,11,10,21
1927,15,1,16
1927,3,12,15
1927,4,10,14
1927,5,2,7
1927,6,5,11
1927,5,1,6
1927,6,5,11
1927,6,4,10
1927,7,2,9
1927,5,2,7
1927,4,1,5
1927,3,1,4
1927,2,1,3
1927,9,8,17
1927,7,4,11
1927,3,0,3
1927,4,3,7
1927,6,5,11
1927,6,11,17
1927,9,4,13
1927,5,2,7
1927,7,5,12
1927,8,10,18
1927,2,12,14
1927,8,2,10
1927,5,4,9
1927,6,4,10
1927,6,4,10
1927,4,3,7
1927,6,3,9
1927,5,4,9
1927,5,4,9
1927,9,2,11
1927,5,3,8
1927,7,3,10
1927,5,0,5
1927,5,3,8
1927,3,2,5
1927,2,13,15
1927,10,1,11
1927,5,12,17
1927,6,2,8
1927,3,2,5
1927,7,4,11
1927,7,2,9
1927,6,5,11
1927,2,1,3
1927,2,1,3
1927,4,1,5
1927,6,3,9
1927,3,2,5
1927,3,0,3
1927,6,2,8
1927,3,1,4
1927,5,4,9
1927,7,4,11
1927,6,5,11
1927,5,2,7
1927,6,2,8
1927,7,6,13
1927,2,1,3
1927,12,1,13
1927,6,5,11
1927,8,6,14
1927,9,2,11
1927,7,4,11
1927,9,6,15
1927,4,0,4
1927,2,1,3
1927,5,4,9
1927,4,1,5
1927,6,2,8
1927,3,0,3
1927,8,5,13
1927,7,3,10
1927,4,2,6
1927,5,1,6
1927,2,11,13
1927,4,1,5
1927,5,2,7
1927,3,0,3
1927,5,2,7
1927,9,7,16
1927,5,2,7
1927,8,17,25
1927,4,2,6
1927,6,2,8
1927,6,3,9
1927,5,4,9
1927,2,0,2
1927,9,2,11
1927,4,1,5
1927,3,1,4
1927,6,5,11
1927,6,1,7
1927,2,1,3
1927,4,3,7
1927,6,4,10
1927,3,12,15
1927,3,2,5
1927,6,1,7
1927,2,0,2
1927,5,4,9
1927,8,1,9
1927,7,6,13
1927,4,2,6
1927,6,0,6
1927,5,1,6
1927,2,1,3
1927,2,12,14
1927,8,3,11
1927,4,3,7
1927,5,4,9
1927,2,0,2
1927,2,1,3
1927,6,2,8
1927,3,2,5
1927,4,0,4
1927,2,0,2
1927,2,1,3
1927,3,2,5
1927,6,12,18
1927,7,3,10
1927,7,6,13
1927,7,1,8
1927,2,1,3
1927,7,0,7
1927,4,3,7
1927,2,1,3
1927,1,0,1
1927,8,7,15
1927,5,1,6
1927,6,2,8
1927,6,2,8
1927,6,3,9
1927,4,0,4
1927,7,2,9
1927,7,3,10
1927,6,5,11
1927,3,1,4
1927,5,1,6
1927,6,2,8
1927,12,11,23
1927,3,0,3
1927,5,3,8
1927,8,1,9
1927,6,3,9
1927,8,0,8
1927,7,10,17
1927,8,4,12
1927,5,3,8
1927,6,5,11
1927,7,3,10
1927,3,2,5
1927,4,1,5
1927,6,2,8
1927,4,1,5
1927,2,1,3
1927,4,1,5
1927,3,2,5
1927,5,4,9
1927,2,1,3
1927,6,5,11
1927,3,0,3
1927,6,1,7
1927,6,1,7
1927,6,1,7
1927,3,2,5
1927,5,3,8
1927,5,2,7
1927,7,14,21
1927,9,3,12
1927,5,2,7
1927,5,3,8
1927,1,0,1
1927,6,1,7
1927,7,10,17
1927,6,5,11
1927,2,1,3
1927,5,2,7
1927,8,14,22
1927,5,0,5
1927,6,6,12
1927,6,2,8
1927,8,2,10
1927,8,4,12
1927,2,1,3
1927,8,6,14
1927,7,4,11
1927,4,11,15
1927,9,8,17
1927,6,1,7
1927,5,0,5
1927,4,3,7
1927,5,3,8
1927,6,3,9
1927,9,4,13
1927,4,2,6
1927,7,3,10
1927,1,0,1
1927,3,13,16
1927,4,3,7
1927,7,1,8
1927,9,5,14
1927,7,6,13
1927,13,1,14
1927,4,3,7
1927,2,1,3
1927,5,1,6
1927,8,1,9
1927,6,4,10
1927,7,5,12
1927,8,2,10
1927,8,0,8
1927,6,1,7
1927,4,3,7
1927,6,4,10
1927,9,1,10
1927,8,7,15
1927,8,6,14
1927,7,0,7
1927,6,1,7
1927,9,2,11
1927,8,7,15
1927,2,1,3
1927,6,10,16
1927,4,14,18
1927,4,0,4
1927,6,5,11
1927,9,5,14
1927,6,10,16
1927,2,1,3
1927,2,1,3
1927,4,2,6
1927,6,5,11
1927,2,10,12
1927,5,0,5
1927,8,7,15
1927,4,1,5
1927,2,2,4
1927,8,3,11
1927,5,3,8
1927,2,1,3
1927,7,3,10
1927,3,2,5
1927,6,12,18
1927,3,1,4
1927,1,0,1
1927,3,10,13
1927,3,2,5
1927,7,2,9
1927,3,1,4
1927,4,3,7
1927,5,3,8
1927,8,5,13
1927,4,3,7
1927,8,4,12
1927,3,2,5
1927,7,6,13
1927,5,0,5
1927,2,12,14
1927,5,3,8
1927,3,2,5
1927,4,3,7
1927,6,4,10
1927,4,1,5
1927,2,1,3
1927,6,5,11
1927,7,4,11
1927,1,0,1
1927,14,0,14
1927,11,10,21
1927,4,3,7
1927,3,2,5
1927,3,2,5
1927,6,3,9
1927,2,1,3
1927,8,4,12
1927,6,0,6
1927,4,3,7
1927,5,3,8
1927,12,11,23
1927,5,0,5
1927,6,1,7
1927,7,1,8
1927,6,1,7
1927,2,0,2
1927,7,6,13
1927,3,2,5
1927,5,0,5
1927,6,10,16
1927,6,1,7
1927,9,8,17
1927,2,1,3
1927,3,0,3
1927,8,6,14
1927,4,3,7
1927,2,14,16
1927,5,2,7
1927,7,4,11
1927,9,6,15
1927,9,6,15
1927,9,14,23
1927,4,0,4
1927,5,0,5
1927,13,1,14
1927,12,10,22
1927,3,2,5
1927,9,1,10
1927,6,5,11
1927,6,2,8
1927,8,4,12
1927,8,10,18
1927,2,1,3
1927,9,1,10
1927,7,11,18
1927,4,3,7
1927,6,1,7
1927,7,2,9
1927,8,1,9
1927,9,3,12
1927,5,2,7
1927,3,2,5
1927,8,6,14
1927,8,0,8
1927,3,1,4
1927,2,1,3
1927,1,0,1
1927,6,4,10
1927,4,0,4
1927,5,2,7
1927,6,5,11
1927,11,1,12
1927,7,5,12
1927,8,4,12
1927,5,16,21
1927,6,2,8
1927,5,0,5
1927,6,5,11
1927,7,5,12
1927,6,4,10
1927,3,0,3
1927,5,4,9
1927,3,2,5
1927,2,0,2
1927,5,4,9
1927,3,2,5
1927,6,5,11
1927,5,3,8
1927,5,3,8
1927,5,3,8
1927,5,15,20
1927,6,1,7
1927,5,4,9
1927,5,2,7
1927,6,12,18
1927,3,2,5
1927,5,3,8
1927,9,6,15
1927,6,10,16
1927,7,6,13
1927,4,1,5
1927,5,4,9
1927,6,2,8
1927,3,0,3
1927,6,3,9
1927,9,3,12
1927,3,2,5
1927,2,1,3
1927,3,2,5
1927,5,4,9
1927,2,1,3
1927,3,11,14
1927,8,5,13
1927,6,5,11
1927,4,3,7
1927,4,3,7
1927,7,2,9
1927,6,3,9
1927,4,3,7
1927,6,3,9
1927,8,4,12
1927,5,11,16
1927,3,2,5
1927,5,3,8
1927,5,1,6
1927,8,7,15
1927,3,2,5
1927,8,1,9
1927,6,0,6
1927,13,0,13
1927,2,1,3
1927,6,0,6
1927,11,0,11
1927,3,0,3
1927,7,11,18
1927,7,0,7
1927,4,2,6
1927,2,1,3
1927,5,1,6
1927,7,3,10
1927,8,3,11
1927,6,4,10
1927,6,0,6
1927,6,10,16
1927,3,0,3
1927,5,12,17
1927,4,1,5
1927,4,3,7
1927,5,3,8
1927,8,5,13
1927,4,1,5
1927,7,3,10
1927,3,0,3
1927,5,4,9
1927,3,2,5
1927,6,1,7
1927,6,5,11
1927,4,2,6
1927,10,0,10
1927,2,1,3
1927,8,4,12
1927,2,1,3
1927,4,3,7
1927,8,7,15
1927,4,3,7
1927,5,2,7
1927,5,2,7
1927,7,1,8
1927,6,5,11
1927,7,10,17
1927,2,1,3
1927,10,0,10
1927,6,3,9
1927,4,3,7
1927,6,5,11
1927,3,2,5
1927,3,0,3
1927,2,10,12
1927,1,0,1
1927,5,3,8
1927,6,0,6
1927,4,3,7
1927,4,3,7
1927,3,1,4
1927,4,3,7
1927,5,2,7
1927,2,1,3
1927,6,1,7
1927,8,3,11
1927,10,1,11
1927,6,1,7
1927,4,1,5
1927,6,5,11
1927,10,0,10
1927,4,2,6
1927,11,1,12
1927,1,0,1
1927,3,1,4
1927,2,1,3
1927,9,2,11
1927,2,1,3
1927,4,1,5
1927,7,4,11
1927,6,2,8
1927,2,1,3
1927,6,4,10
1927,5,4,9
1927,7,1,8
1927,3,2,5
1927,4,15,19
1927,6,1,7
1927,5,10,15
1927,2,12,14
1927,5,4,9
1927,4,1,5
1927,2,1,3
1927,4,2,6
1927,5,4,9
1927,9,4,13
1927,6,1,7
1927,9,14,23
1927,8,6,14
1927,8,5,13
1927,5,3,8
1927,9,6,15
1927,4,3,7
1927,2,10,12
1927,3,2,5
1927,5,3,8
1927,8,3,11
1927,1,0,1
1927,5,11,16
1927,5,4,9
1927,5,4,9
1927,6,4,10
1927,9,5,14
1927,5,4,9
1927,6,2,8
1927,8,1,9
1927,4,3,7
1928,7,5,12
1928,8,4,12
1928,4,3,7
1928,8,2,10
1928,5,1,6
1928,4,1,5
1928,5,2,7
1928,8,3,11
1928,7,14,21
1928,2,1,3
1928,9,3,12
1928,7,2,9
1928,5,0,5
1928,6,4,10
1928,6,1,7
1928,1,1,2
1928,2,0,2
1928,4,3,7
1928,7,3,10
1928,8,7,15
1928,5,0,5
1928,8,6,14
1928,4,1,5
1928,3,2,5
1928,4,1,5
1928,3,2,5
1928,8,2,10
1928,8,1,9
1928,4,3,7
1928,6,5,11
1928,7,2,9
1928,3,2,5
1928,7,0,7
1928,8,1,9
1928,5,4,9
1928,7,5,12
1928,5,4,9
1928,6,3,9
1928,4,2,6
1928,6,4,10
1928,3,2,5
1928,7,10,17
1928,5,10,15
1928,9,6,15
1928,7,1,8
1928,5,1,6
1928,6,11,17
1928,4,1,5
1928,7,6,13
1928,7,2,9
1928,13,0,13
1928,9,2,11
1928,9,8,17
1928,9,5,14
1928,13,10,23
1928,9,8,17
1928,6,0,6
1928,11,1,12
1928,2,1,3
1928,8,6,14
1928,6,2,8
1928,3,0,3
1928,6,5,11
1928,8,3,11
1928,5,0,5
1928,10,0,10
1928,5,2,7
1928,3,2,5
1928,9,3,12
1928,2,1,3
1928,8,5,13
1928,6,0,6
1928,3,2,5
1928,3,0,3
1928,4,2,6
1928,7,12,19
1928,7,2,9
1928,7,2,9
1928,5,4,9
1928,4,0,4
1928,6,11,17
1928,6,2,8
1928,3,2,5
1928,10,0,10
1928,5,4,9
1928,3,2,5
1928,4,12,16
1928,3,2,5
1928,7,3,10
1928,4,0,4
1928,6,1,7
1928,9,4,13
1928,5,4,9
1928,7,2,9
1928,6,5,11
1928,10,0,10
1928,9,0,9
1928,4,2,6
1928,6,10,16
1928,5,14,19
1928,5,1,6
1928,6,3,9
1928,9,6,15
1928,3,1,4
1928,3,0,3
1928,6,5,11
1928,3,2,5
1928,7,6,13
1928,5,3,8
1928,8,12,20
1928,5,2,7
1928,7,5,12
1928,4,1,5
1928,6,10,16
1928,3,10,13
1928,4,14,18
1928,6,13,19
1928,8,7,15
1928,6,4,10
1928,8,4,12
1928,5,3,8
1928,5,10,15
1928,4,3,7
1928,4,2,6
1928,5,3,8
1928,4,1,5
1928,6,3,9
1928,8,5,13
1928,7,1,8
1928,7,0,7
1928,2,1,3
1928,9,3,12
1928,9,8,17
1928,6,4,10
1928,9,5,14
1928,3,1,4
1928,5,4,9
1928,7,5,12
1928,3,2,5
1928,7,11,18
1928,4,10,14
1928,5,10,15
1928,3,13,16
1928,6,13,19
1928,5,4,9
1928,5,1,6
1928,3,11,14
1928,7,0,7
1928,6,5,11
1928,6,2,8
1928,3,2,5
1928,6,5,11
1928,5,4,9
1928,4,3,7
1928,3,0,3
1928,4,2,6
1928,4,2,6
1928,5,4,9
1928,7,6,13
1928,4,2,6
1928,7,4,11
1928,5,1,6
1928,8,5,13
1928,10,0,10
1928,9,4,13
1928,6,5,11
1928,2,15,17
1928,5,1,6
1928,4,3,7
1928,7,2,9
1928,3,0,3
1928,4,3,7
1928,6,5,11
1928,4,15,19
1928,2,12,14
1928,2,1,3
1928,4,1,5
1928,6,0,6
1928,7,1,8
1928,9,2,11
1928,7,6,13
1928,4,2,6
1928,11,1,12
1928,5,4,9
1928,5,4,9
1928,6,5,11
1928,4,3,7
1928,3,0,3
1928,3,0,3
1928,7,6,13
1928,5,11,16
1928,3,2,5
1928,9,5,14
1928,2,15,17
1928,4,2,6
1928,3,1,4
1928,8,7,15
1928,3,1,4
1928,5,4,9
1928,5,3,8
1928,9,6,15
1928,8,5,13
1928,6,5,11
1928,4,11,15
1928,2,0,2
1928,7,2,9
1928,6,5,11
1928,3,10,13
1928,3,2,5
1928,8,2,10
1928,8,4,12
1928,7,5,12
1928,6,3,9
1928,7,6,13
1928,4,3,7
1928,4,2,6
1928,3,1,4
1928,7,10,17
1928,5,3,8
1928,8,12,20
1928,5,0,5
1928,3,10,13
1928,3,1,4
1928,3,2,5
1928,5,4,9
1928,2,15,17
1928,5,3,8
1928,2,0,2
1928,4,2,6
1928,4,3,7
1928,6,5,11
1928,8,3,11
1928,3,1,4
1928,7,6,13
1928,6,4,10
1928,6,10,16
1928,3,2,5
1928,2,0,2
1928,2,0,2
1928,3,1,4
1928,4,3,7
1928,9,7,16
1928,4,11,15
1928,4,3,7
1928,3,2,5
1928,2,1,3
1928,9,3,12
1928,5,3,8
1928,2,1,3
1928,4,3,7
1928,4,3,7
1928,6,3,9
1928,8,4,12
1928,3,2,5
1928,4,3,7
1928,2,1,3
1928,8,7,15
1928,9,5,14
1928,3,1,4
1928,4,3,7
1928,5,4,9
1928,6,3,9
1928,4,14,18
1928,7,6,13
1928,3,2,5
1928,4,3,7
1928,4,0,4
1928,4,3,7
1928,4,3,7
1928,8,3,11
1928,2,1,3
1928,4,2,6
1928,3,0,3
1928,6,4,10
1928,9,12,21
1928,9,7,16
1928,5,2,7
1928,6,2,8
1928,7,1,8
1928,5,0,5
1928,4,1,5
1928,1,0,1
1928,8,4,12
1928,4,3,7
1928,4,2,6
1928,9,2,11
1928,3,10,13
1928,2,0,2
1928,1,0,1
1928,7,4,11
1928,6,5,11
1928,7,4,11
1928,6,1,7
1928,7,10,17
1928,4,1,5
1928,8,3,11
1928,3,2,5
1928,3,0,3
1928,8,10,18
1928,5,4,9
1928,2,1,3
1928,2,0,2
1928,4,1,5
1928,2,0,2
1928,2,1,3
1928,4,11,15
1928,2,1,3
1928,4,3,7
1928,5,12,17
1928,4,0,4
1928,3,2,5
1928,3,12,15
1928,9,3,12
1928,7,1,8
1928,8,1,9
1928,9,2,11
1928,9,1,10
1928,2,2,4
1928,6,0,6
1928,2,1,3
1928,4,3,7
1928,6,5,11
1928,5,0,5
1928,5,3,8
1928,5,11,16
1928,10,1,11
1928,4,3,7
1928,3,1,4
1928,5,2,7
1928,9,4,13
1928,4,0,4
1928,9,4,13
1928,3,2,5
1928,7,2,9
1928,2,1,3
1928,7,6,13
1928,5,4,9
1928,4,3,7
1928,1,0,1
1928,4,10,14
1928,20,12,32
1928,3,2,5
1928,6,0,6
1928,5,2,7
1928,6,4,10
1928,13,12,25
1928,6,10,16
1928,5,2,7
1928,9,7,16
1928,6,5,11
1928,4,3,7
1928,7,2,9
1928,5,10,15
1928,5,3,8
1928,6,3,9
1928,4,1,5
1928,8,5,13
1928,8,3,11
1928,6,11,17
1928,5,3,8
1928,5,2,7
1928,1,0,1
1928,8,6,14
1928,7,5,12
1928,8,2,10
1928,5,2,7
1928,4,3,7
1928,4,2,6
1928,4,1,5
1928,5,3,8
1928,9,5,14
1928,8,3,11
1928,6,5,11
1928,8,10,18
1928,6,2,8
1928,6,2,8
1928,6,3,9
1928,4,2,6
1928,7,3,10
1928,4,11,15
1928,3,1,4
1928,8,3,11
1928,13,11,24
1928,7,5,12
1928,7,15,22
1928,8,6,14
1928,6,5,11
1928,9,3,12
1928,3,0,3
1928,2,1,3
1928,3,1,4
1928,8,1,9
1928,6,1,7
1928,7,6,13
1928,4,2,6
1928,7,5,12
1928,6,4,10
1928,2,1,3
1928,13,1,14
1928,9,6,15
1928,7,15,22
1928,3,2,5
1928,3,2,5
1928,10,1,11
1928,4,15,19
1928,5,2,7
1928,7,2,9
1928,8,11,19
1928,8,6,14
1928,8,7,15
1928,5,12,17
1928,5,3,8
1928,4,3,7
1928,9,8,17
1928,7,3,10
1928,3,2,5
1928,5,4,9
1928,9,8,17
1928,8,3,11
1928,4,3,7
1928,4,3,7
1928,5,2,7
1928,5,4,9
1928,3,1,4
1928,5,12,17
1928,5,4,9
1928,9,1,10
1928,8,7,15
1928,5,4,9
1928,6,5,11
1928,7,0,7
1928,5,10,15
1928,9,2,11
1928,4,1,5
1928,4,0,4
1928,7,10,17
1928,3,1,4
1928,7,5,12
1928,4,0,4
1928,6,2,8
1928,8,7,15
1928,12,0,12
1928,6,0,6
1928,6,2,8
1928,2,10,12
1928,12,0,12
1928,3,2,5
1928,4,3,7
1928,9,4,13
1928,11,10,21
1928,5,1,6
1928,7,16,23
1928,6,2,8
1928,6,4,10
1928,4,3,7
1928,5,10,15
1928,9,3,12
1928,6,2,8
1928,2,1,3
1928,8,0,8
1928,9,4,13
1928,3,1,4
1928,2,1,3
1928,4,1,5
1928,4,2,6
1928,4,3,7
1928,4,0,4
1928,5,4,9
1928,8,3,11
1928,9,5,14
1928,9,2,11
1928,4,1,5
1928,7,4,11
1928,11,1,12
1928,8,3,11
1928,6,12,18
1928,1,0,1
1928,6,2,8
1928,7,0,7
1928,8,4,12
1928,6,4,10
1928,8,4,12
1928,7,1,8
1928,3,1,4
1928,5,4,9
1928,6,5,11
1928,3,10,13
1928,6,3,9
1928,5,4,9
1928,2,0,2
1928,8,1,9
1928,7,4,11
1928,6,0,6
1928,4,0,4
1928,4,2,6
1928,6,3,9
1928,9,3,12
1928,5,2,7
1928,8,6,14
1928,4,12,16
1928,8,2,10
1928,7,4,11
1928,3,2,5
1928,7,2,9
1928,5,1,6
1928,6,5,11
1928,1,0,1
1928,7,3,10
1928,5,2,7
1928,7,6,13
1928,6,3,9
1928,4,1,5
1928,4,1,5
1928,4,11,15
1928,8,11,19
1928,7,4,11
1928,4,3,7
1928,8,7,15
1928,3,2,5
1928,5,2,7
1928,2,1,3
1928,4,10,14
1928,4,3,7
1928,9,8,17
1928,4,2,6
1928,6,4,10
1928,9,4,13
1928,4,11,15
1928,7,6,13
1928,4,3,7
1928,5,13,18
1928,8,1,9
1928,6,2,8
1928,7,5,12
1928,3,11,14
1928,5,4,9
1928,7,4,11
1928,5,12,17
1928,7,4,11
1928,4,3,7
1928,8,7,15
1928,5,2,7
1928,4,1,5
1928,7,4,11
1928,6,12,18
1928,8,4,12
1928,2,0,2
1928,8,6,14
1928,2,1,3
1928,7,1,8
1928,4,3,7
1928,5,4,9
1928,7,1,8
1928,9,8,17
1928,8,2,10
1928,7,3,10
1928,9,2,11
1928,7,4,11
1928,4,3,7
1928,6,5,11
1928,15,0,15
1928,8,7,15
1928,6,5,11
1928,8,7,15
1928,4,3,7
1928,9,7,16
1928,5,13,18
1928,7,6,13
1928,6,10,16
1928,8,11,19
1928,1,0,1
1928,5,10,15
1928,4,3,7
1928,8,3,11
1928,5,2,7
1928,5,4,9
1928,3,11,14
1928,6,0,6
1928,3,11,14
1928,6,11,17
1928,9,16,25
1928,5,2,7
1928,5,4,9
1928,5,0,5
1928,8,14,22
1928,7,11,18
1928,9,8,17
1928,8,20,28
1928,4,3,7
1928,5,3,8
1928,6,2,8
1928,6,5,11
1928,6,5,11
1928,1,0,1
1928,2,1,3
1928,6,2,8
1928,8,6,14
1928,5,2,7
1928,3,11,14
1928,9,1,10
1928,6,2,8
1928,6,5,11
1928,4,10,14
1928,5,3,8
1928,7,4,11
1928,8,12,20
1928,7,13,20
1928,4,0,4
1928,8,2,10
1928,6,2,8
1928,5,4,9
1928,4,0,4
1928,6,12,18
1928,4,14,18
1928,5,3,8
1928,8,5,13
1928,3,1,4
1928,4,2,6
1928,7,6,13
1928,4,12,16
1928,6,5,11
1928,5,1,6
1928,9,5,14
1928,9,0,9
1928,4,3,7
1928,4,2,6
1928,4,3,7
1928,4,2,6
1928,6,5,11
1928,3,10,13
1928,5,1,6
1928,3,1,4
1928,6,4,10
1928,2,1,3
1928,3,1,4
1928,4,1,5
1928,4,2,6
1928,4,3,7
1928,5,2,7
1928,11,1,12
1928,2,1,3
1928,6,11,17
1928,4,11,15
1928,2,11,13
1928,3,10,13
1928,3,2,5
1928,4,2,6
1928,10,0,10
1928,5,2,7
1928,4,2,6
1928,6,3,9
1928,2,1,3
1928,3,0,3
1928,6,4,10
1928,3,1,4
1928,6,4,10
1928,4,0,4
1928,9,1,10
1928,5,10,15
1928,3,2,5
1928,7,3,10
1928,6,2,8
1928,3,2,5
1928,6,11,17
1928,8,3,11
1928,7,6,13
1928,4,2,6
1928,9,6,15
1928,4,3,7
1928,5,4,9
1928,4,2,6
1928,6,2,8
1928,7,6,13
1928,7,1,8
1928,5,0,5
1928,6,5,11
1928,11,10,21
1928,2,1,3
1928,9,8,17
1928,5,1,6
1928,3,16,19
1928,3,2,5
1928,9,4,13
1928,6,4,10
1928,2,0,2
1928,4,3,7
1928,3,0,3
1928,6,5,11
1928,9,3,12
1928,7,2,9
1928,4,3,7
1928,4,3,7
1928,4,0,4
1928,8,7,15
1928,5,4,9
1928,7,4,11
1928,5,2,7
1928,5,1,6
1928,2,1,3
1928,5,4,9
1928,5,4,9
1928,2,0,2
1928,8,2,10
1928,7,3,10
1928,7,3,10
1928,2,10,12
1928,8,3,11
1928,4,2,6
1928,5,0,5
1928,6,5,11
1928,4,2,6
1928,5,4,9
1928,8,5,13
1928,6,4,10
1928,8,7,15
1928,8,2,10
1928,8,3,11
1928,2,1,3
1928,10,0,10
1928,5,0,5
1928,5,3,8
1928,2,1,3
1928,6,3,9
1928,5,1,6
1928,8,1,9
1928,3,1,4
1928,16,0,16
1928,8,7,15
1928,2,10,12
1928,5,15,20
1928,3,2,5
1928,7,10,17
1928,6,5,11
1928,5,16,21
1928,7,6,13
1928,8,12,20
1928,6,5,11
1928,6,1,7
1928,7,6,13
1928,5,1,6
1928,4,2,6
1928,4,3,7
1928,12,1,13
1928,13,10,23
1928,7,5,12
1928,6,4,10
1928,7,5,12
1928,6,4,10
1928,5,2,7
1928,2,1,3
1928,7,4,11
1928,4,2,6
1928,3,1,4
1928,7,4,11
1928,7,3,10
1928,8,5,13
1928,4,2,6
1928,6,2,8
1928,9,4,13
1928,7,1,8
1928,8,7,15
1928,3,2,5
1928,7,6,13
1928,2,12,14
1928,4,13,17
1928,6,5,11
1928,8,3,11
1928,5,1,6
1928,6,24,30
1928,5,2,7
1928,4,3,7
1928,3,1,4
1928,8,3,11
1928,2,1,3
1928,2,1,3
1928,6,5,11
1928,6,0,6
1928,4,2,6
1928,2,1,3
1928,4,1,5
1928,8,7,15
1928,5,4,9
1928,3,2,5
1928,5,11,16
1928,7,5,12
1928,9,12,21
1928,7,2,9
1928,8,7,15
1928,4,10,14
1928,5,18,23
1928,8,4,12
1928,4,2,6
1928,7,3,10
1928,6,4,10
1928,5,10,15
1928,12,1,13
1928,3,2,5
1928,6,1,7
1928,6,3,9
1928,6,0,6
1928,5,4,9
1928,7,5,12
1928,4,18,22
1928,4,3,7
1928,8,5,13
1928,5,1,6
1928,3,1,4
1928,9,5,14
1928,9,3,12
1928,7,5,12
1928,6,14,20
1928,8,0,8
1928,3,16,19
1928,3,2,5
1928,2,1,3
1928,8,6,14
1928,2,1,3
1928,7,4,11
1928,3,13,16
1928,9,10,19
1928,8,14,22
1928,4,11,15
1928,3,11,14
1928,5,2,7
1928,5,4,9
1928,5,1,6
1928,6,4,10
1928,3,1,4
1928,5,4,9
1928,7,4,11
1928,2,11,13
1928,8,5,13
1928,8,7,15
1928,5,1,6
1928,9,4,13
1928,4,3,7
1928,3,2,5
1928,6,3,9
1928,8,0,8
1928,4,1,5
1928,10,1,11
1928,4,2,6
1928,6,5,11
1928,4,3,7
1928,6,3,9
1928,12,1,13
1928,5,10,15
1928,4,3,7
1928,7,1,8
1928,8,3,11
1928,5,4,9
1928,5,2,7
1928,5,1,6
1928,5,3,8
1928,8,7,15
1928,8,4,12
1928,8,0,8
1928,2,1,3
1928,5,2,7
1928,4,2,6
1928,4,2,6
1928,4,10,14
1928,4,0,4
1928,3,2,5
1928,1,0,1
1928,5,1,6
1928,3,1,4
1928,7,0,7
1928,6,3,9
1928,3,2,5
1928,8,0,8
1928,4,2,6
1928,6,2,8
1928,7,1,8
1928,6,1,7
1928,2,1,3
1928,2,10,12
1928,6,4,10
1928,5,2,7
1928,4,1,5
1928,4,2,6
1928,6,1,7
1928,3,0,3
1928,7,0,7
1928,6,5,11
1928,4,11,15
1928,8,4,12
1928,6,3,9
1928,6,5,11
1928,7,3,10
1928,4,3,7
1928,8,10,18
1928,6,2,8
1928,4,13,17
1928,11,1,12
1928,6,18,24
1928,6,11,17
1928,9,4,13
1928,7,2,9
1928,4,3,7
1928,1,0,1
1928,2,1,3
1928,3,10,13
1928,9,1,10
1928,3,2,5
1928,3,1,4
1928,3,1,4
1928,4,11,15
1928,6,10,16
1928,8,5,13
1928,3,2,5
1928,5,4,9
1928,9,0,9
1928,8,11,19
1928,3,2,5
1928,3,1,4
1928,3,2,5
1928,4,3,7
1928,3,2,5
1928,2,10,12
1928,3,2,5
1928,9,6,15
1928,6,4,10
1928,6,11,17
1928,5,3,8
1928,9,2,11
1928,14,11,25
1928,2,1,3
1928,4,3,7
1928,3,1,4
1928,3,2,5
1928,3,1,4
1928,4,12,16
1928,6,2,8
1928,6,1,7
1928,3,1,4
1928,7,6,13
1928,4,3,7
1928,3,2,5
1928,5,4,9
1928,6,5,11
1928,3,10,13
1928,3,2,5
1928,2,0,2
1928,2,1,3
1928,2,0,2
1928,6,1,7
1928,3,1,4
1928,6,3,9
1928,3,13,16
1928,4,3,7
1928,2,1,3
1928,4,1,5
1928,4,3,7
1928,5,2,7
1928,3,1,4
1928,1,0,1
1928,5,16,21
1928,1,0,1
1928,7,4,11
1928,7,3,10
1928,3,0,3
1928,5,4,9
1928,9,3,12
1928,7,0,7
1928,9,3,12
1928,4,13,17
1928,7,1,8
1928,2,1,3
1928,9,10,19
1928,4,3,7
1928,4,3,7
1928,6,3,9
1928,4,3,7
1928,6,1,7
1928,5,1,6
1928,8,6,14
1928,4,0,4
1928,3,11,14
1928,9,4,13
1928,4,3,7
1928,5,2,7
1928,5,3,8
1928,8,6,14
1928,6,0,6
1928,8,4,12
1928,3,2,5
1928,7,5,12
1928,1,0,1
1928,4,3,7
1928,9,2,11
1928,7,16,23
1928,4,3,7
1928,9,5,14
1928,8,3,11
1928,6,2,8
1928,4,0,4
1928,6,5,11
1928,2,0,2
1928,5,3,8
1928,3,2,5
1928,3,1,4
1928,4,3,7
1928,4,1,5
1928,5,3,8
1928,4,2,6
1928,3,2,5
1928,6,5,11
1928,6,2,8
1928,5,2,7
1928,5,3,8
1928,7,1,8
1928,6,2,8
1928,1,0,1
1928,1,0,1
1928,2,14,16
1928,4,1,5
1928,6,4,10
1928,8,3,11
1928,6,5,11
1928,3,1,4
1928,3,2,5
1928,5,3,8
1928,5,2,7
1928,5,4,9
1928,2,0,2
1928,5,2,7
1928,7,5,12
1928,6,5,11
1928,8,2,10
1928,8,7,15
1928,4,3,7
1928,4,3,7
1928,9,3,12
1928,16,1,17
1928,6,3,9
1928,5,3,8
1928,16,10,26
1928,6,1,7
1928,5,4,9
1928,3,2,5
1928,9,2,11
1928,3,2,5
1928,3,2,5
1928,9,4,13
1928,8,7,15
1928,9,8,17
1928,9,6,15
1928,9,2,11
1928,9,2,11
1928,7,1,8
1928,2,10,12
1928,3,1,4
1928,8,3,11
1928,3,14,17
1928,2,1,3
1928,4,3,7
1928,1,0,1
1928,7,3,10
1928,11,1,12
1928,11,0,11
1928,6,1,7
1928,4,0,4
1928,4,3,7
1928,6,3,9
1928,7,6,13
1928,7,4,11
1928,2,1,3
1928,4,3,7
1928,2,1,3
1928,8,7,15
1928,6,2,8
1928,6,3,9
1928,6,10,16
1928,4,0,4
1928,4,2,6
1928,3,2,5
1928,2,0,2
1928,10,1,11
1928,8,6,14
1928,5,0,5
1928,7,3,10
1928,8,7,15
1928,3,2,5
1928,5,3,8
1928,4,1,5
1928,11,0,11
1928,7,5,12
1928,5,3,8
1928,6,4,10
1928,6,11,17
1928,7,2,9
1928,7,2,9
1928,5,2,7
1928,6,11,17
1928,7,6,13
1928,9,3,12
1928,6,16,22
1928,7,6,13
1928,5,3,8
1928,7,2,9
1928,4,3,7
1928,6,3,9
1928,4,3,7
1928,6,1,7
1928,2,1,3
1928,2,12,14
1928,7,6,13
1928,6,1,7
1928,10,0,10
1928,6,4,10
1928,6,2,8
1928,5,1,6
1928,6,13,19
1928,4,1,5
1928,5,4,9
1928,5,2,7
1928,6,1,7
1928,4,3,7
1928,5,0,5
1928,2,12,14
1928,5,4,9
1928,3,2,5
1928,8,6,14
1928,6,1,7
1928,6,5,11
1928,4,3,7
1928,7,1,8
1928,2,0,2
1928,7,1,8
1928,7,11,18
1928,1,0,1
1928,7,5,12
1928,7,3,10
1928,5,15,20
1928,6,3,9
1928,4,3,7
1928,9,2,11
1928,5,2,7
1928,2,12,14
1928,5,2,7
1928,8,3,11
1928,3,2,5
1928,8,5,13
1928,3,2,5
1928,4,2,6
1928,14,11,25
1928,7,2,9
1928,9,5,14
1928,4,3,7
1928,6,1,7
1928,8,5,13
1928,7,4,11
1928,6,4,10
1928,5,2,7
1928,2,1,3
1928,5,3,8
1928,3,2,5
1928,5,2,7
1928,2,1,3
1928,2,1,3
1928,9,4,13
1928,6,5,11
1928,5,3,8
1928,4,0,4
1928,4,11,15
1928,9,6,15
1928,5,2,7
1928,6,0,6
1928,5,4,9
1928,8,5,13
1928,9,7,16
1928,5,3,8
1928,5,3,8
1928,7,1,8
1928,8,3,11
1928,5,0,5
1928,4,1,5
1928,2,1,3
1928,7,11,18
1928,9,2,11
1928,3,1,4
1928,4,2,6
1928,8,4,12
1928,4,3,7
1928,8,0,8
1928,7,4,11
1928,7,6,13
1928,6,2,8
1928,4,3,7
1928,8,13,21
1928,3,0,3
1928,10,1,11
1928,4,3,7
1928,5,2,7
1928,9,5,14
1928,6,1,7
1928,8,3,11
1928,7,6,13
1928,8,1,9
1928,8,3,11
1928,5,3,8
1928,14,10,24
1928,7,4,11
1928,4,3,7
1928,8,5,13
1928,3,2,5
1928,2,0,2
1928,6,2,8
1928,6,5,11
1928,3,10,13
1928,7,5,12
1928,1,0,1
1928,6,11,17
1928,7,5,12
1928,4,3,7
1928,3,1,4
1928,5,4,9
1928,6,5,11
1928,19,10,29
1928,6,2,8
1928,5,2,7
1928,5,1,6
1928,1,0,1
1928,6,1,7
1928,7,2,9
1928,7,6,13
1928,4,2,6
1928,9,1,10
1928,4,1,5
1928,9,3,12
1928,7,3,10
1928,7,3,10
1929,4,3,7
1929,5,2,7
1929,5,4,9
1929,3,1,4
1929,2,13,15
1929,8,3,11
1929,3,15,18
1929,5,3,8
1929,4,13,17
1929,13,12,25
1929,11,1,12
1929,3,1,4
1929,8,4,12
1929,7,3,10
1929,9,11,20
1929,4,1,5
1929,8,2,10
1929,6,5,11
1929,5,1,6
1929,9,4,13
1929,7,4,11
1929,2,1,3
1929,5,14,19
1929,5,4,9
1929,3,1,4
1929,5,4,9
1929,5,2,7
1929,9,4,13
1929,6,5,11
1929,4,1,5
1929,4,0,4
1929,7,4,11
1929,9,16,25
1929,3,0,3
1929,9,4,13
1929,10,0,10
1929,1,0,1
1929,4,2,6
1929,3,2,5
1929,9,6,15
1929,5,4,9
1929,3,1,4
1929,4,3,7
1929,5,11,16
1929,9,3,12
1929,5,3,8
1929,7,6,13
1929,9,2,11
1929,9,4,13
1929,5,4,9
1929,3,2,5
1929,5,0,5
1929,2,1,3
1929,7,6,13
1929,7,3,10
1929,5,11,16
1929,4,2,6
1929,5,2,7
1929,9,6,15
1929,9,2,11
1929,3,2,5
1929,8,3,11
1929,7,1,8
1929,10,1,11
1929,5,4,9
1929,9,7,16
1929,8,7,15
1929,7,2,9
1929,7,3,10
1929,7,3,10
1929,5,2,7
1929,2,1,3
1929,17,12,29
1929,6,3,9
1929,8,2,10
1929,6,2,8
1929,7,2,9
1929,4,13,17
1929,4,3,7
1929,3,2,5
1929,10,1,11
1929,7,3,10
1929,4,1,5
1929,2,0,2
1929,8,4,12
1929,5,4,9
1929,6,5,11
1929,9,10,19
1929,14,12,26
1929,6,24,30
1929,4,4,8
1929,4,3,7
1929,4,4,8
1929,5,1,6
1929,6,1,7
1929,7,0,7
1929,5,3,8
1929,9,11,20
1929,4,3,7
1929,2,1,3
1929,7,10,17
1929,16,0,16
1929,9,7,16
1929,4,1,5
1929,7,2,9
1929,8,3,11
1929,1,0,1
1929,2,10,12
1929,9,7,16
1929,2,0,2
1929,3,12,15
1929,4,3,7
1929,7,6,13
1929,5,13,18
1929,8,4,12
1929,3,1,4
1929,2,1,3
1929,9,4,13
1929,8,5,13
1929,4,2,6
1929,5,4,9
1929,3,2,5
1929,3,2,5
1929,6,4,10
1929,6,5,11
1929,4,2,6
1929,2,10,12
1929,5,4,9
1929,3,1,4
1929,5,4,9
1929,11,0,11
1929,3,2,5
1929,8,1,9
1929,2,11,13
1929,5,1,6
1929,9,2,11
1929,4,3,7
1929,6,3,9
1929,4,3,7
1929,7,5,12
1929,7,3,10
1929,4,0,4
1929,5,3,8
1929,4,2,6
1929,9,0,9
1929,5,10,15
1929,4,11,15
1929,9,13,22
1929,4,3,7
1929,3,2,5
1929,8,7,15
1929,9,2,11
1929,4,2,6
1929,7,13,20
1929,6,0,6
1929,6,11,17
1929,8,2,10
1929,7,13,20
1929,9,3,12
1929,3,2,5
1929,9,7,16
1929,6,6,12
1929,3,15,18
1929,4,12,16
1929,6,4,10
1929,2,1,3
1929,4,3,7
1929,5,3,8
1929,7,0,7
1929,9,10,19
1929,6,5,11
1929,6,2,8
1929,8,10,18
1929,9,7,16
1929,9,4,13
1929,7,4,11
1929,8,4,12
1929,7,1,8
1929,6,5,11
1929,3,12,15
1929,4,1,5
1929,5,3,8
1929,4,3,7
1929,5,4,9
1929,4,3,7
1929,7,4,11
1929,9,10,19
1929,1,0,1
1929,9,5,14
1929,9,3,12
1929,6,2,8
1929,5,3,8
1929,14,13,27
1929,6,2,8
1929,7,6,13
1929,4,1,5
1929,5,4,9
1929,6,5,11
1929,7,0,7
1929,4,11,15
1929,5,2,7
1929,5,0,5
1929,20,16,36
1929,8,6,14
1929,6,3,9
1929,5,4,9
1929,7,5,12
1929,4,1,5
1929,2,1,3
1929,3,10,13
1929,3,0,3
1929,6,10,16
1929,7,0,7
1929,6,1,7
1929,6,1,7
1929,5,1,6
1929,5,1,6
1929,6,3,9
1929,8,6,14
1929,12,1,13
1929,2,1,3
1929,7,1,8
1929,3,2,5
1929,7,3,10
1929,6,3,9
1929,4,13,17
1929,7,4,11
1929,2,10,12
1929,3,2,5
1929,2,16,18
1929,2,11,13
1929,7,3,10
1929,7,6,13
1929,5,4,9
1929,7,5,12
1929,4,11,15
1929,9,8,17
1929,9,8,17
1929,6,3,9
1929,6,3,9
1929,5,0,5
1929,3,2,5
1929,6,5,11
1929,5,0,5
1929,7,3,10
1929,3,10,13
1929,5,4,9
1929,8,10,18
1929,8,3,11
1929,5,3,8
1929,5,2,7
1929,4,3,7
1929,5,1,6
1929,3,10,13
1929,5,4,9
1929,6,4,10
1929,7,6,13
1929,4,15,19
1929,5,4,9
1929,2,0,2
1929,5,1,6
1929,1,0,1
1929,8,15,23
1929,8,12,20
1929,7,5,12
1929,4,3,7
1929,7,4,11
1929,6,5,11
1929,8,5,13
1929,3,1,4
1929,2,1,3
1929,3,1,4
1929,10,1,11
1929,5,4,9
1929,5,2,7
1929,4,2,6
1929,5,3,8
1929,9,8,17
1929,5,2,7
1929,7,12,19
1929,7,1,8
1929,11,1,12
1929,7,6,13
1929,4,1,5
1929,2,12,14
1929,7,2,9
1929,4,3,7
1929,6,2,8
1929,8,3,11
1929,9,2,11
1929,9,3,12
1929,6,5,11
1929,3,2,5
1929,6,14,20
1929,9,13,22
1929,8,7,15
1929,6,15,21
1929,8,7,15
1929,5,11,16
1929,5,1,6
1929,4,0,4
1929,5,1,6
1929,8,2,10
1929,8,5,13
1929,4,3,7
1929,9,6,15
1929,7,10,17
1929,8,1,9
1929,3,2,5
1929,7,4,11
1929,3,2,5
1929,8,1,9
1929,2,11,13
1929,9,4,13
1929,5,4,9
1929,3,12,15
1929,4,1,5
1929,6,1,7
1929,2,1,3
1929,8,1,9
1929,3,12,15
1929,1,0,1
1929,3,2,5
1929,2,14,16
1929,9,8,17
1929,6,4,10
1929,4,0,4
1929,9,10,19
1929,4,1,5
1929,4,2,6
1929,8,4,12
1929,9,5,14
1929,3,1,4
1929,8,11,19
1929,8,7,15
1929,2,17,19
1929,4,3,7
1929,4,21,25
1929,6,5,11
1929,5,2,7
1929,6,4,10
1929,8,2,10
1929,9,5,14
1929,8,6,14
1929,2,0,2
1929,9,7,16
1929,4,15,19
1929,4,2,6
1929,5,4,9
1929,7,5,12
1929,2,11,13
1929,7,6,13
1929,7,3,10
1929,6,15,21
1929,6,2,8
1929,8,1,9
1929,17,11,28
1929,7,2,9
1929,4,1,5
1929,5,4,9
1929,3,0,3
1929,9,2,11
1929,7,2,9
1929,7,6,13
1929,9,6,15
1929,2,1,3
1929,2,1,3
1929,2,17,19
1929,5,4,9
1929,5,2,7
1929,1,0,1
1929,8,10,18
1929,7,3,10
1929,3,2,5
1929,3,1,4
1929,7,6,13
1929,9,10,19
1929,4,3,7
1929,5,3,8
1929,9,0,9
1929,5,11,16
1929,3,14,17
1929,3,2,5
1929,3,10,13
1929,3,13,16
1929,7,3,10
1929,9,4,13
1929,7,3,10
1929,7,6,13
1929,9,5,14
1929,4,1,5
1929,2,1,3
1929,8,5,13
1929,3,10,13
1929,7,11,18
1929,8,11,19
1929,7,6,13
1929,5,4,9
1929,4,15,19
1929,9,0,9
1929,7,2,9
1929,4,3,7
1929,4,1,5
1929,8,12,20
1929,8,7,15
1929,8,7,15
1929,9,2,11
1929,1,0,1
1929,20,15,35
1929,5,4,9
1929,5,1,6
1929,5,2,7
1929,4,11,15
1929,7,2,9
1929,8,3,11
1929,8,1,9
1929,9,10,19
1929,7,11,18
1929,9,8,17
1929,6,5,11
1929,5,3,8
1929,6,5,11
1929,8,3,11
1929,3,13,16
1929,2,1,3
1929,6,4,10
1929,8,7,15
1929,7,6,13
1929,6,13,19
1929,2,1,3
1929,9,0,9
1929,7,4,11
1929,4,2,6
1929,7,6,13
1929,8,4,12
1929,9,0,9
1929,7,3,10
1929,3,11,14
1929,6,5,11
1929,8,3,11
1929,2,13,15
1929,15,14,29
1929,6,12,18
1929,5,2,7
1929,4,2,6
1929,7,6,13
1929,8,4,12
1929,6,11,17
1929,5,3,8
1929,6,4,10
1929,7,3,10
1929,3,14,17
1929,11,1,12
1929,8,3,11
1929,5,11,16
1929,5,4,9
1929,3,0,3
1929,5,0,5
1929,7,4,11
1929,8,11,19
1929,4,3,7
1929,7,3,10
1929,4,3,7
1929,6,12,18
1929,5,12,17
1929,3,11,14
1929,3,2,5
1929,5,1,6
1929,9,8,17
1929,5,1,6
1929,7,5,12
1929,8,7,15
1929,4,2,6
1929,8,7,15
1929,7,4,11
1929,6,5,11
1929,7,1,8
1929,4,3,7
1929,4,13,17
1929,5,2,7
1929,5,4,9
1929,4,10,14
1929,5,4,9
1929,8,6,14
1929,2,14,16
1929,12,10,22
1929,7,1,8
1929,8,2,10
1929,7,10,17
1929,8,0,8
1929,6,0,6
1929,5,2,7
1929,5,3,8
1929,3,2,5
1929,6,5,11
1929,6,4,10
1929,6,2,8
1929,7,0,7
1929,4,3,7
1929,4,1,5
1929,8,5,13
1929,4,1,5
1929,6,2,8
1929,9,3,12
1929,6,3,9
1929,5,3,8
1929,5,4,9
1929,5,2,7
1929,7,2,9
1929,5,4,9
1929,3,10,13
1929,9,5,14
1929,5,2,7
1929,4,3,7
1929,8,7,15
1929,2,0,2
1929,4,12,16
1929,9,12,21
1929,6,10,16
1929,6,1,7
1929,7,5,12
1929,3,0,3
1929,3,2,5
1929,7,10,17
1929,6,4,10
1929,5,3,8
1929,6,10,16
1929,7,6,13
1929,11,10,21
1929,2,14,16
1929,4,2,6
1929,8,14,22
1929,2,12,14
1929,3,2,5
1929,11,11,22
1929,6,3,9
1929,3,2,5
1929,5,4,9
1929,4,3,7
1929,5,4,9
1929,4,3,7
1929,7,4,11
1929,4,1,5
1929,5,3,8
1929,4,10,14
1929,3,11,14
1929,7,5,12
1929,6,3,9
1929,6,5,11
1929,9,7,16
1929,2,13,15
1929,8,6,14
1929,14,12,26
1929,5,3,8
1929,4,3,7
1929,8,0,8
1929,9,8,17
1929,5,10,15
1929,9,2,11
1929,5,12,17
1929,8,4,12
1929,4,14,18
1929,3,1,4
1929,8,1,9
1929,8,4,12
1929,8,2,10
1929,6,12,18
1929,7,6,13
1929,11,10,21
1929,9,10,19
1929,3,1,4
1929,5,4,9
1929,4,0,4
1929,6,10,16
1929,6,28,34
1929,5,3,8
1929,3,1,4
1929,6,17,23
1929,4,15,19
1929,9,3,12
1929,4,2,6
1929,3,0,3
1929,9,1,10
1929,8,0,8
1929,8,7,15
1929,7,2,9
1929,8,4,12
1929,3,11,14
1929,8,2,10
1929,5,2,7
1929,5,4,9
1929,6,16,22
1929,3,0,3
1929,6,5,11
1929,3,10,13
1929,3,1,4
1929,6,2,8
1929,6,4,10
1929,2,1,3
1929,8,5,13
1929,7,4,11
1929,8,7,15
1929,9,6,15
1929,2,10,12
1929,6,3,9
1929,9,7,16
1929,6,10,16
1929,6,2,8
1929,9,15,24
1929,4,1,5
1929,7,5,12
1929,6,3,9
1929,6,0,6
1929,9,3,12
1929,8,15,23
1929,8,3,11
1929,16,12,28
1929,6,2,8
1929,8,7,15
1929,4,3,7
1929,2,12,14
1929,3,2,5
1929,13,12,25
1929,4,3,7
1929,6,4,10
1929,10,0,10
1929,8,2,10
1929,8,15,23
1929,7,6,13
1929,4,2,6
1929,6,5,11
1929,6,1,7
1929,4,0,4
1929,2,10,12
1929,3,1,4
1929,4,0,4
1929,3,12,15
1929,7,1,8
1929,5,3,8
1929,7,3,10
1929,7,6,13
1929,4,3,7
1929,5,2,7
1929,4,2,6
1929,5,4,9
1929,4,2,6
1929,8,5,13
1929,4,0,4
1929,7,6,13
1929,7,2,9
1929,9,6,15
1929,7,6,13
1929,3,10,13
1929,5,3,8
1929,7,2,9
1929,4,1,5
1929,6,5,11
1929,7,5,12
1929,7,11,18
1929,5,0,5
1929,6,5,11
1929,2,11,13
1929,5,10,15
1929,7,4,11
1929,5,13,18
1929,6,2,8
1929,5,2,7
1929,9,8,17
1929,6,1,7
1929,3,16,19
1929,4,0,4
1929,7,11,18
1929,6,4,10
1929,2,1,3
1929,8,4,12
1929,4,1,5
1929,6,4,10
1929,3,10,13
1929,2,1,3
1929,7,2,9
1929,3,11,14
1929,4,2,6
1929,7,3,10
1929,6,5,11
1929,4,1,5
1929,5,1,6
1929,4,3,7
1929,8,4,12
1929,6,11,17
1929,6,2,8
1929,5,2,7
1929,8,4,12
1929,9,4,13
1929,3,2,5
1929,3,2,5
1929,2,1,3
1929,3,1,4
1929,4,2,6
1929,4,3,7
1929,10,0,10
1929,8,5,13
1929,6,4,10
1929,7,10,17
1929,5,3,8
1929,8,5,13
1929,3,13,16
1929,4,11,15
1929,2,0,2
1929,9,5,14
1929,6,0,6
1929,7,5,12
1929,4,1,5
1929,9,3,12
1929,7,10,17
1929,8,2,10
1929,3,2,5
1929,9,7,16
1929,8,7,15
1929,5,3,8
1929,7,5,12
1929,5,3,8
1929,6,4,10
1929,6,4,10
1929,3,2,5
1929,8,5,13
1929,2,14,16
1929,3,21,24
1929,3,10,13
1929,3,1,4
1929,4,1,5
1929,13,10,23
1929,4,1,5
1929,9,0,9
1929,3,1,4
1929,9,8,17
1929,4,3,7
1929,4,2,6
1929,4,0,4
1929,6,1,7
1929,7,10,17
1929,4,3,7
1929,5,3,8
1929,8,1,9
1929,3,10,13
1929,5,2,7
1929,3,2,5
1929,5,3,8
1929,5,3,8
1929,7,2,9
1929,4,3,7
1929,7,5,12
1929,7,6,13
1929,5,10,15
1929,9,6,15
1929,12,10,22
1929,2,10,12
1929,8,6,14
1929,9,10,19
1929,2,11,13
1929,4,11,15
1929,4,0,4
1929,3,0,3
1929,7,3,10
1929,5,4,9
1929,5,13,18
1929,9,10,19
1929,9,11,20
1929,4,0,4
1929,6,2,8
1929,7,1,8
1929,6,3,9
1929,2,1,3
1929,2,16,18
1929,10,1,11
1929,6,2,8
1929,5,2,7
1929,8,2,10
1929,5,1,6
1929,3,10,13
1929,1,0,1
1929,6,1,7
1929,3,2,5
1929,7,4,11
1929,3,1,4
1929,5,2,7
1929,9,13,22
1929,3,2,5
1929,3,2,5
1929,9,8,17
1929,11,10,21
1929,2,0,2
1929,7,14,21
1929,5,3,8
1929,4,15,19
1929,2,12,14
1929,2,1,3
1929,8,8,16
1929,7,5,12
1929,8,0,8
1929,6,4,10
1929,7,1,8
1929,12,0,12
1929,6,14,20
1929,5,0,5
1929,5,10,15
1929,13,11,24
1929,9,8,17
1929,7,6,13
1929,6,4,10
1929,8,7,15
1929,11,10,21
1929,5,0,5
1929,5,21,26
1929,5,4,9
1929,6,5,11
1929,9,13,22
1929,8,0,8
1929,8,3,11
1929,3,11,14
1929,5,3,8
1929,4,2,6
1929,4,14,18
1929,13,1,14
1929,4,2,6
1929,4,3,7
1929,3,2,5
1929,5,4,9
1929,6,2,8
1929,9,6,15
1929,6,4,10
1929,5,1,6
1929,9,4,13
1929,7,1,8
1929,6,12,18
1929,7,6,13
1929,6,4,10
1929,6,3,9
1929,4,1,5
1929,7,10,17
1929,4,2,6
1929,6,5,11
1929,7,2,9
1929,7,1,8
1929,9,11,20
1929,4,2,6
1929,5,3,8
1929,3,1,4
1929,6,3,9
1929,6,5,11
1929,9,8,17
1929,6,1,7
1929,7,5,12
1929,4,2,6
1929,4,3,7
1929,3,0,3
1929,7,11,18
1929,6,0,6
1929,5,2,7
1929,7,5,12
1929,3,2,5
1929,4,2,6
1929,8,2,10
1929,3,2,5
1929,4,3,7
1929,3,1,4
1929,2,14,16
1929,1,0,1
1929,3,11,14
1929,5,3,8
1929,17,13,30
1929,2,1,3
1929,4,1,5
1929,9,5,14
1929,5,4,9
1929,2,1,3
1929,9,4,13
1929,3,0,3
1929,9,7,16
1929,5,4,9
1929,3,0,3
1929,5,2,7
1929,9,3,12
1929,8,6,14
1929,6,5,11
1929,2,12,14
1929,7,3,10
1929,3,2,5
1929,4,10,14
1929,3,2,5
1929,5,2,7
1929,2,1,3
1929,7,2,9
1929,9,5,14
1929,4,11,15
1929,8,2,10
1929,3,2,5
1929,1,0,1
1929,3,2,5
1929,9,10,19
1929,3,2,5
1929,8,1,9
1929,5,4,9
1929,1,0,1
1929,4,3,7
1929,3,2,5
1929,5,3,8
1929,3,2,5
1929,6,2,8
1929,7,6,13
1929,8,5,13
1929,8,2,10
1929,3,2,5
1929,4,0,4
1929,6,2,8
1929,5,4,9
1929,6,2,8
1929,8,12,20
1929,4,1,5
1929,1,0,1
1929,8,6,14
1929,2,1,3
1929,1,0,1
1929,7,1,8
1929,8,7,15
1929,4,3,7
1929,3,1,4
1929,2,13,15
1929,9,2,11
1929,8,10,18
1929,7,5,12
1929,9,13,22
1929,5,4,9
1929,4,3,7
1929,6,1,7
1929,6,2,8
1929,7,16,23
1929,10,0,10
1929,5,2,7
1929,3,1,4
1929,8,5,13
1929,1,0,1
1929,6,1,7
1929,5,0,5
1929,5,2,7
1929,8,0,8
1929,3,1,4
1929,5,2,7
1929,5,2,7
1929,6,2,8
1929,9,6,15
1929,8,14,22
1929,7,6,13
1929,9,6,15
1929,4,0,4
1929,4,0,4
1929,4,0,4
1929,3,0,3
1929,6,3,9
1929,10,1,11
1929,5,4,9
1929,5,3,8
1929,8,7,15
1929,5,10,15
1929,3,2,5
1929,9,5,14
1929,7,6,13
1929,4,1,5
1929,2,0,2
1929,7,4,11
1929,5,4,9
1929,9,7,16
1929,3,10,13
1929,7,6,13
1929,7,4,11
1929,6,2,8
1929,5,4,9
1929,2,1,3
1929,5,4,9
1929,8,4,12
1929,7,6,13
1929,5,4,9
1929,6,0,6
1929,2,1,3
1929,9,5,14
1929,4,2,6
1929,15,0,15
1929,9,2,11
1929,9,5,14
1929,8,5,13
1929,3,2,5
1929,4,0,4
1929,3,13,16
1929,9,4,13
1929,7,6,13
1929,9,13,22
1929,6,4,10
1929,2,15,17
1929,8,6,14
1929,5,0,5
1929,3,10,13
1929,9,7,16
1929,8,4,12
1929,7,4,11
1929,3,12,15
1929,7,10,17
1929,7,2,9
1929,6,2,8
1929,10,0,10
1929,7,11,18
1929,12,10,22
1929,2,1,3
1929,9,5,14
1929,8,10,18
1929,8,2,10
1929,4,11,15
1929,4,3,7
1929,3,10,13
1929,6,5,11
1929,7,5,12
1929,9,8,17
1929,5,10,15
1929,2,10,12
1929,5,1,6
1929,7,2,9
1929,5,4,9
1929,7,2,9
1929,8,7,15
1929,4,3,7
1929,9,7,16
1929,8,14,22
1929,8,3,11
1929,5,10,15
1929,4,0,4
1929,6,5,11
1929,8,1,9
1929,4,3,7
1929,6,13,19
1929,9,2,11
1929,5,4,9
1929,7,11,18
1929,5,1,6
1929,4,0,4
1929,6,2,8
1929,4,1,5
1929,2,1,3
1929,4,3,7
1929,2,1,3
1929,13,11,24
1929,9,3,12
1929,8,6,14
1929,4,3,7
1929,4,3,7
1929,6,2,8
1929,4,3,7
1929,6,3,9
1929,4,10,14
1929,9,7,16
1929,9,3,12
1929,6,4,10
1929,6,1,7
1929,1,0,1
1929,7,5,12
1929,8,4,12
1929,9,10,19
1929,6,5,11
1929,7,6,13
1929,8,7,15
1929,5,2,7
1929,4,2,6
1929,5,0,5
1929,7,4,11
1929,2,1,3
1929,5,10,15
1929,4,11,15
1929,7,1,8
1929,5,2,7
1929,2,1,3
1929,7,1,8
1929,3,2,5
1929,5,2,7
1929,4,3,7
1929,8,5,13
1929,5,1,6
1929,7,6,13
1929,4,2,6
1929,5,2,7
1929,3,2,5
1929,5,3,8
1929,4,3,7
1929,2,1,3
1929,3,0,3
1929,3,2,5
1929,3,12,15
1929,4,2,6
1929,5,0,5
1929,7,3,10
1929,4,1,5
1929,5,4,9
1929,3,2,5
1929,4,13,17
1929,6,1,7
1929,4,3,7
1929,1,0,1
1929,10,0,10
1929,4,0,4
1929,6,4,10
1929,2,16,18
1929,3,3,6
1929,4,3,7
1929,8,4,12
1929,4,2,6
1929,3,2,5
1929,3,2,5
1929,5,2,7
1929,5,4,9
1929,9,10,19
1929,6,4,10
1929,8,7,15
1929,9,6,15
1929,7,11,18
1929,4,1,5
1929,7,3,10
1929,9,5,14
1929,9,7,16
1929,2,12,14
1929,6,2,8
1929,4,3,7
1929,5,4,9
1929,5,2,7
1929,2,0,2
1929,1,0,1
1929,3,2,5
1929,5,0,5
1929,5,0,5
1929,7,0,7
1929,5,4,9
1929,6,3,9
1929,2,1,3
1929,4,2,6
1929,2,1,3
1929,3,10,13
1929,1,0,1
1929,4,3,7
1929,4,1,5
1929,9,6,15
1929,8,5,13
1929,7,10,17
1929,4,0,4
1929,3,0,3
1929,4,3,7
1929,7,4,11
1929,5,4,9
1929,3,2,5
1929,5,0,5
1929,7,4,11
1929,3,1,4
1929,7,2,9
1929,4,0,4
1929,7,6,13
1929,6,4,10
1929,7,6,13
1929,5,3,8
1929,7,4,11
1929,9,4,13
1929,5,4,9
1929,6,5,11
1929,8,6,14
1929,3,1,4
1929,11,10,21
1929,9,7,16
1929,3,2,5
1929,8,4,12
1929,9,10,19
1929,8,5,13
1929,8,0,8
1929,5,3,8
1929,3,12,15
1929,2,1,3
1929,3,10,13
1929,5,11,16
1929,4,2,6
1929,6,3,9
1929,5,3,8
1929,4,1,5
1929,11,10,21
1929,5,1,6
1929,3,10,13
1929,9,8,17
1929,8,6,14
1929,8,5,13
1929,6,4,10
1929,6,3,9
1929,10,0,10
1929,3,2,5
1929,1,0,1
1929,4,0,4
1929,9,8,17
1929,4,2,6
1929,5,1,6
1929,2,10,12
1929,3,0,3
1929,3,2,5
1929,7,4,11
1929,3,1,4
1929,8,1,9
1929,3,2,5
1929,6,14,20
1929,6,3,9
1929,8,3,11
1929,5,1,6
1929,6,3,9
1929,9,0,9
1929,8,4,12
1929,5,4,9
1929,3,12,15
1929,3,1,4
1929,8,7,15
1929,3,2,5
1929,4,3,7
1929,9,4,13
1929,8,7,15
1929,8,3,11
1929,2,1,3
1929,5,2,7
1929,4,2,6
1929,4,1,5
1929,2,1,3
1929,3,1,4
1929,9,3,12
1929,3,1,4
1929,8,10,18
1929,3,2,5
1930,4,3,7
1930,6,1,7
1930,1,0,1
1930,7,6,13
1930,6,3,9
1930,3,2,5
1930,6,2,8
1930,9,8,17
1930,5,4,9
1930,3,1,4
1930,3,13,16
1930,8,7,15
1930,7,1,8
1930,6,1,7
1930,3,0,3
1930,5,3,8
1930,7,1,8
1930,11,1,12
1930,4,3,7
1930,7,2,9
1930,8,10,18
1930,7,2,9
1930,2,1,3
1930,6,4,10
1930,3,2,5
1930,9,0,9
1930,5,4,9
1930,5,3,8
1930,7,2,9
1930,4,3,7
1930,2,0,2
1930,2,1,3
1930,6,3,9
1930,8,15,23
1930,3,2,5
1930,9,1,10
1930,6,1,7
1930,8,6,14
1930,6,3,9
1930,6,4,10
1930,8,3,11
1930,4,3,7
1930,7,6,13
1930,6,5,11
1930,5,4,9
1930,4,3,7
1930,6,5,11
1930,16,15,31
1930,5,1,6
1930,9,2,11
1930,4,12,16
1930,5,1,6
1930,6,5,11
1930,5,4,9
1930,3,2,5
1930,6,1,7
1930,4,2,6
1930,6,4,10
1930,2,1,3
1930,1,0,1
1930,4,11,15
1930,8,3,11
1930,2,13,15
1930,7,5,12
1930,9,7,16
1930,12,0,12
1930,8,4,12
1930,4,10,14
1930,4,13,17
1930,9,5,14
1930,5,10,15
1930,7,1,8
1930,8,7,15
1930,2,1,3
1930,6,11,17
1930,5,4,9
1930,7,4,11
1930,8,3,11
1930,9,7,16
1930,6,4,10
1930,7,4,11
1930,3,1,4
1930,6,5,11
1930,9,5,14
1930,9,13,22
1930,8,6,14
1930,19,15,34
1930,8,2,10
1930,6,4,10
1930,8,11,19
1930,7,3,10
1930,5,2,7
1930,4,3,7
1930,6,4,10
1930,9,4,13
1930,9,3,12
1930,6,3,9
1930,9,0,9
1930,2,19,21
1930,4,3,7
1930,8,3,11
1930,8,11,19
1930,9,8,17
1930,10,1,11
1930,9,4,13
1930,3,2,5
1930,8,4,12
1930,5,13,18
1930,6,5,11
1930,1,0,1
1930,9,8,17
1930,5,3,8
1930,6,5,11
1930,7,12,19
1930,11,10,21
1930,4,2,6
1930,8,7,15
1930,8,7,15
1930,8,4,12
1930,7,1,8
1930,7,4,11
1930,2,1,3
1930,11,10,21
1930,8,6,14
1930,3,18,21
1930,6,10,16
1930,4,1,5
1930,4,3,7
1930,9,1,10
1930,3,1,4
1930,4,3,7
1930,3,1,4
1930,4,3,7
1930,7,6,13
1930,4,1,5
1930,9,11,20
1930,5,4,9
1930,6,4,10
1930,9,5,14
1930,1,0,1
1930,8,7,15
1930,2,1,3
1930,8,16,24
1930,16,11,27
1930,3,1,4
1930,3,1,4
1930,7,4,11
1930,2,1,3
1930,7,3,10
1930,13,10,23
1930,6,5,11
1930,8,5,13
1930,5,2,7
1930,6,5,11
1930,3,1,4
1930,5,4,9
1930,9,4,13
1930,7,4,11
1930,6,10,16
1930,3,14,17
1930,2,0,2
1930,9,4,13
1930,8,10,18
1930,5,14,19
1930,6,4,10
1930,7,0,7
1930,3,1,4
1930,5,1,6
1930,2,1,3
1930,2,10,12
1930,9,7,16
1930,5,4,9
1930,7,25,32
1930,7,6,13
1930,5,3,8
1930,7,6,13
1930,5,3,8
1930,3,2,5
1930,14,12,26
1930,7,6,13
1930,7,0,7
1930,7,13,20
1930,6,2,8
1930,2,13,15
1930,4,1,5
1930,9,8,17
1930,4,1,5
1930,7,14,21
1930,8,14,22
1930,6,4,10
1930,6,11,17
1930,7,4,11
1930,7,3,10
1930,8,10,18
1930,4,2,6
1930,5,4,9
1930,3,10,13
1930,5,3,8
1930,4,0,4
1930,9,8,17
1930,3,2,5
1930,4,1,5
1930,6,2,8
1930,7,12,19
1930,4,3,7
1930,4,3,7
1930,6,14,20
1930,7,5,12
1930,5,16,21
1930,11,0,11
1930,3,0,3
1930,7,5,12
1930,7,4,11
1930,2,1,3
1930,4,1,5
1930,3,2,5
1930,9,6,15
1930,8,2,10
1930,1,0,1
1930,5,4,9
1930,4,2,6
1930,7,4,11
1930,7,3,10
1930,7,5,12
1930,5,0,5
1930,8,2,10
1930,4,3,7
1930,9,16,25
1930,3,16,19
1930,12,1,13
1930,9,3,12
1930,6,5,11
1930,4,11,15
1930,7,15,22
1930,4,1,5
1930,3,10,13
1930,3,2,5
1930,2,10,12
1930,6,1,7
1930,6,5,11
1930,6,1,7
1930,3,2,5
1930,8,10,18
1930,10,1,11
1930,20,13,33
1930,5,12,17
1930,4,2,6
1930,3,2,5
1930,13,1,14
1930,6,3,9
1930,5,4,9
1930,9,8,17
1930,7,6,13
1930,5,2,7
1930,8,7,15
1930,5,2,7
1930,6,10,16
1930,11,1,12
1930,7,6,13
1930,5,3,8
1930,5,1,6
1930,8,0,8
1930,4,3,7
1930,6,3,9
1930,6,5,11
1930,4,3,7
1930,9,1,10
1930,3,10,13
1930,9,8,17
1930,5,0,5
1930,7,0,7
1930,6,2,8
1930,7,3,10
1930,5,2,7
1930,7,10,17
1930,8,5,13
1930,4,10,14
1930,7,3,10
1930,3,1,4
1930,3,2,5
1930,9,8,17
1930,7,2,9
1930,7,5,12
1930,8,5,13
1930,16,11,27
1930,5,1,6
1930,6,5,11
1930,4,2,6
1930,4,1,5
1930,4,2,6
1930,2,1,3
1930,11,1,12
1930,9,11,20
1930,6,5,11
1930,6,5,11
1930,2,0,2
1930,9,8,17
1930,5,2,7
1930,9,6,15
1930,6,5,11
1930,7,3,10
1930,7,6,13
1930,15,11,26
1930,9,1,10
1930,7,6,13
1930,7,4,11
1930,4,3,7
1930,3,1,4
1930,3,2,5
1930,6,5,11
1930,7,4,11
1930,5,2,7
1930,7,3,10
1930,4,10,14
1930,3,2,5
1930,2,10,12
1930,9,4,13
1930,3,16,19
1930,4,16,20
1930,5,4,9
1930,7,1,8
1930,3,2,5
1930,7,4,11
1930,8,5,13
1930,9,6,15
1930,9,6,15
1930,6,5,11
1930,2,15,17
1930,7,13,20
1930,8,3,11
1930,8,4,12
1930,9,1,10
1930,11,10,21
1930,4,1,5
1930,6,12,18
1930,18,10,28
1930,8,7,15
1930,5,4,9
1930,8,11,19
1930,8,5,13
1930,2,1,3
1930,4,3,7
1930,6,5,11
1930,7,10,17
1930,7,17,24
1930,6,2,8
1930,7,4,11
1930,4,10,14
1930,6,5,11
1930,13,0,13
1930,4,3,7
1930,9,4,13
1930,7,10,17
1930,5,14,19
1930,5,4,9
1930,9,12,21
1930,6,4,10
1930,6,5,11
1930,6,0,6
1930,9,7,16
1930,5,12,17
1930,6,0,6
1930,6,10,16
1930,6,3,9
1930,5,4,9
1930,9,2,11
1930,3,2,5
1930,1,0,1
1930,4,1,5
1930,5,4,9
1930,3,2,5
1930,5,4,9
1930,7,6,13
1930,8,5,13
1930,2,1,3
1930,7,6,13
1930,6,12,18
1930,6,2,8
1930,5,3,8
1930,2,1,3
1930,2,1,3
1930,6,2,8
1930,7,13,20
1930,9,2,11
1930,6,2,8
1930,3,2,5
1930,6,10,16
1930,4,0,4
1930,2,14,16
1930,7,10,17
1930,5,3,8
1930,6,5,11
1930,8,5,13
1930,9,8,17
1930,6,2,8
1930,2,15,17
1930,9,10,19
1930,7,2,9
1930,7,5,12
1930,1,0,1
1930,6,5,11
1930,2,0,2
1930,8,4,12
1930,7,11,18
1930,2,11,13
1930,8,5,13
1930,19,12,31
1930,5,4,9
1930,5,4,9
1930,9,4,13
1930,4,3,7
1930,17,10,27
1930,10,1,11
1930,7,4,11
1930,3,2,5
1930,5,3,8
1930,11,1,12
1930,6,3,9
1930,9,8,17
1930,8,5,13
1930,18,14,32
1930,9,7,16
1930,6,4,10
1930,5,10,15
1930,8,5,13
1930,2,17,19
1930,5,4,9
1930,9,12,21
1930,7,2,9
1930,4,3,7
1930,4,1,5
1930,4,10,14
1930,5,0,5
1930,5,4,9
1930,4,2,6
1930,3,1,4
1930,4,3,7
1930,7,3,10
1930,2,1,3
1930,6,11,17
1930,8,0,8
1930,8,4,12
1930,7,5,12
1930,2,1,3
1930,3,2,5
1930,5,4,9
1930,5,4,9
1930,4,2,6
1930,5,3,8
1930,3,0,3
1930,7,1,8
1930,6,5,11
1930,3,13,16
1930,7,2,9
1930,5,3,8
1930,4,2,6
1930,9,6,15
1930,3,2,5
1930,6,4,10
1930,4,2,6
1930,5,4,9
1930,5,2,7
1930,3,12,15
1930,9,3,12
1930,3,10,13
1930,2,0,2
1930,8,21,29
1930,3,0,3
1930,15,0,15
1930,6,10,16
1930,2,1,3
1930,9,17,26
1930,6,19,25
1930,9,12,21
1930,9,5,14
1930,3,2,5
1930,5,4,9
1930,8,7,15
1930,6,1,7
1930,4,1,5
1930,3,11,14
1930,7,0,7
1930,4,3,7
1930,13,12,25
1930,3,11,14
1930,5,4,9
1930,4,16,20
1930,8,1,9
1930,7,2,9
1930,5,1,6
1930,5,13,18
1930,9,7,16
1930,7,1,8
1930,13,11,24
1930,8,3,11
1930,1,0,1
1930,5,11,16
1930,4,12,16
1930,4,12,16
1930,7,5,12
1930,7,6,13
1930,7,11,18
1930,8,2,10
1930,8,3,11
1930,6,4,10
1930,9,4,13
1930,6,4,10
1930,4,2,6
1930,4,2,6
1930,5,4,9
1930,13,1,14
1930,2,14,16
1930,6,5,11
1930,6,3,9
1930,6,4,10
1930,6,2,8
1930,3,12,15
1930,6,10,16
1930,2,1,3
1930,5,1,6
1930,4,3,7
1930,3,10,13
1930,6,5,11
1930,7,6,13
1930,3,2,5
1930,5,4,9
1930,6,3,9
1930,8,3,11
1930,3,10,13
1930,4,15,19
1930,3,1,4
1930,6,5,11
1930,2,1,3
1930,3,1,4
1930,7,5,12
1930,4,1,5
1930,8,3,11
1930,7,15,22
1930,5,4,9
1930,9,8,17
1930,5,1,6
1930,4,15,19
1930,4,3,7
1930,7,2,9
1930,6,4,10
1930,6,5,11
1930,5,4,9
1930,5,3,8
1930,5,4,9
1930,8,0,8
1930,7,6,13
1930,4,2,6
1930,3,11,14
1930,6,4,10
1930,5,4,9
1930,4,3,7
1930,5,4,9
1930,5,2,7
1930,7,3,10
1930,9,7,16
1930,10,1,11
1930,5,1,6
1930,4,15,19
1930,6,2,8
1930,8,0,8
1930,7,3,10
1930,7,2,9
1930,8,1,9
1930,8,6,14
1930,3,11,14
1930,5,17,22
1930,7,4,11
1930,3,12,15
1930,6,4,10
1930,3,2,5
1930,4,3,7
1930,4,10,14
1930,5,2,7
1930,5,4,9
1930,8,7,15
1930,7,0,7
1930,8,10,18
1930,6,2,8
1930,2,1,3
1930,4,12,16
1930,3,2,5
1930,8,1,9
1930,2,1,3
1930,3,2,5
1930,9,5,14
1930,4,2,6
1930,6,1,7
1930,13,12,25
1930,9,5,14
1930,6,5,11
1930,4,1,5
1930,3,2,5
1930,6,12,18
1930,4,0,4
1930,9,4,13
1930,8,1,9
1930,5,10,15
1930,5,2,7
1930,5,1,6
1930,8,0,8
1930,6,4,10
1930,6,1,7
1930,4,3,7
1930,9,5,14
1930,6,12,18
1930,5,4,9
1930,7,6,13
1930,7,2,9
1930,6,5,11
1930,9,1,10
1930,8,19,27
1930,7,6,13
1930,11,1,12
1930,5,3,8
1930,6,2,8
1930,5,3,8
1930,7,3,10
1930,6,11,17
1930,7,11,18
1930,3,12,15
1930,3,2,5
1930,7,5,12
1930,4,10,14
1930,9,5,14
1930,6,1,7
1930,3,2,5
1930,7,15,22
1930,1,0,1
1930,2,1,3
1930,3,0,3
1930,7,5,12
1930,3,11,14
1930,5,4,9
1930,9,5,14
1930,12,1,13
1930,8,12,20
1930,9,10,19
1930,7,2,9
1930,3,2,5
1930,8,4,12
1930,9,7,16
1930,5,0,5
1930,5,3,8
1930,9,5,14
1930,4,13,17
1930,3,0,3
1930,8,14,22
1930,7,6,13
1930,6,11,17
1930,6,4,10
1930,5,3,8
1930,4,3,7
1930,9,5,14
1930,7,14,21
1930,4,10,14
1930,6,13,19
1930,3,2,5
1930,8,1,9
1930,5,10,15
1930,2,1,3
1930,6,3,9
1930,6,2,8
1930,8,12,20
1930,4,3,7
1930,2,12,14
1930,9,12,21
1930,9,14,23
1930,7,16,23
1930,6,2,8
1930,4,12,16
1930,15,1,16
1930,8,6,14
1930,7,6,13
1930,8,7,15
1930,6,13,19
1930,6,14,20
1930,5,4,9
1930,9,4,13
1930,9,10,19
1930,5,2,7
1930,4,17,21
1930,2,10,12
1930,4,1,5
1930,8,4,12
1930,3,10,13
1930,4,1,5
1930,7,13,20
1930,6,15,21
1930,8,5,13
1930,13,1,14
1930,4,16,20
1930,5,4,9
1930,9,8,17
1930,5,3,8
1930,5,13,18
1930,8,6,14
1930,9,8,17
1930,17,10,27
1930,3,1,4
1930,7,3,10
1930,7,6,13
1930,6,0,6
1930,7,2,9
1930,6,4,10
1930,1,0,1
1930,4,3,7
1930,6,5,11
1930,8,10,18
1930,6,5,11
1930,5,4,9
1930,6,1,7
1930,5,11,16
1930,3,1,4
1930,4,1,5
1930,8,7,15
1930,6,5,11
1930,5,3,8
1930,6,10,16
1930,4,1,5
1930,8,6,14
1930,2,1,3
1930,16,15,31
1930,9,10,19
1930,4,3,7
1930,9,0,9
1930,5,4,9
1930,4,10,14
1930,8,6,14
1930,5,2,7
1930,1,0,1
1930,19,15,34
1930,8,5,13
1930,7,2,9
1930,5,4,9
1930,6,5,11
1930,14,1,15
1930,7,14,21
1930,3,1,4
1930,9,5,14
1930,6,3,9
1930,8,5,13
1930,5,4,9
1930,6,5,11
1930,4,1,5
1930,9,10,19
1930,8,12,20
1930,4,10,14
1930,2,16,18
1930,6,3,9
1930,6,10,16
1930,9,6,15
1930,2,0,2
1930,6,1,7
1930,10,1,11
1930,6,5,11
1930,7,4,11
1930,7,3,10
1930,8,10,18
1930,8,4,12
1930,9,10,19
1930,9,6,15
1930,2,0,2
1930,3,2,5
1930,5,3,8
1930,7,6,13
1930,5,4,9
1930,6,5,11
1930,6,5,11
1930,4,3,7
1930,4,3,7
1930,7,14,21
1930,5,11,16
1930,3,12,15
1930,6,5,11
1930,6,2,8
1930,8,2,10
1930,10,1,11
1930,3,2,5
1930,6,1,7
1930,6,5,11
1930,5,2,7
1930,9,5,14
1930,9,4,13
1930,6,5,11
1930,7,4,11
1930,14,13,27
1930,2,10,12
1930,1,0,1
1930,5,3,8
1930,5,11,16
1930,7,12,19
1930,4,3,7
1930,4,3,7
1930,4,1,5
1930,7,10,17
1930,10,1,11
1930,4,12,16
1930,4,10,14
1930,9,4,13
1930,6,3,9
1930,8,6,14
1930,3,2,5
1930,5,4,9
1930,8,14,22
1930,9,8,17
1930,2,13,15
1930,9,3,12
1930,9,5,14
1930,9,2,11
1930,8,7,15
1930,4,12,16
1930,1,0,1
1930,5,11,16
1930,4,1,5
1930,8,12,20
1930,6,11,17
1930,6,3,9
1930,4,3,7
1930,9,3,12
1930,6,14,20
1930,2,11,13
1930,7,1,8
1930,4,0,4
1930,3,2,5
1930,7,3,10
1930,4,13,17
1930,5,2,7
1930,9,8,17
1930,6,2,8
1930,5,4,9
1930,6,4,10
1930,7,1,8
1930,4,3,7
1930,5,4,9
1930,5,4,9
1930,5,0,5
1930,5,2,7
1930,9,1,10
1930,4,2,6
1930,5,1,6
1930,7,4,11
1930,4,3,7
1930,5,1,6
1930,4,1,5
1930,6,4,10
1930,6,5,11
1930,8,6,14
1930,6,1,7
1930,8,5,13
1930,5,3,8
1930,5,1,6
1930,4,1,5
1930,9,1,10
1930,7,2,9
1930,5,11,16
1930,5,4,9
1930,3,0,3
1930,3,1,4
1930,9,8,17
1930,9,2,11
1930,3,0,3
1930,6,10,16
1930,4,3,7
1930,7,13,20
1930,4,2,6
1930,4,2,6
1930,6,0,6
1930,11,1,12
1930,18,0,18
1930,4,3,7
1930,14,11,25
1930,8,2,10
1930,4,0,4
1930,6,18,24
1930,5,1,6
1930,4,2,6
1930,4,2,6
1930,5,10,15
1930,8,3,11
1930,8,5,13
1930,7,6,13
1930,9,2,11
1930,5,4,9
1930,3,2,5
1930,6,5,11
1930,9,1,10
1930,7,0,7
1930,8,7,15
1930,8,3,11
1930,4,2,6
1930,5,4,9
1930,7,2,9
1930,5,15,20
1930,7,6,13
1930,8,10,18
1930,7,2,9
1930,8,4,12
1930,7,4,11
1930,3,0,3
1930,5,1,6
1930,5,1,6
1930,15,0,15
1930,4,3,7
1930,3,2,5
1930,5,4,9
1930,4,3,7
1930,5,0,5
1930,7,5,12
1930,3,2,5
1930,8,4,12
1930,9,10,19
1930,3,3,6
1930,9,1,10
1930,3,2,5
1930,4,2,6
1930,7,5,12
1930,6,2,8
1930,6,5,11
1930,3,1,4
1930,9,3,12
1930,2,0,2
1930,5,0,5
1930,5,4,9
1930,4,3,7
1930,9,8,17
1930,8,7,15
1930,6,1,7
1930,4,12,16
1930,4,14,18
1930,15,1,16
1930,3,17,20
1930,4,11,15
1930,6,4,10
1930,4,3,7
1930,5,4,9
1930,7,2,9
1930,7,3,10
1930,9,8,17
1930,6,6,12
1930,4,0,4
1930,3,0,3
1930,7,0,7
1930,8,0,8
1930,4,2,6
1930,2,1,3
1930,8,10,18
1930,2,1,3
1930,2,1,3
1930,6,10,16
1930,5,0,5
1930,5,4,9
1930,4,14,18
1930,4,2,6
1930,6,13,19
1930,6,5,11
1930,8,7,15
1930,6,16,22
1930,5,2,7
1930,6,4,10
1930,4,12,16
1930,4,1,5
1930,5,4,9
1930,7,1,8
1930,3,10,13
1930,8,10,18
1930,4,3,7
1930,4,2,6
1930,4,3,7
1930,5,1,6
1930,2,0,2
1930,5,0,5
1930,2,1,3
1930,9,6,15
1930,2,0,2
1930,2,0,2
1930,5,4,9
1930,3,2,5
1930,9,6,15
1930,2,0,2
1930,7,5,12
1930,5,3,8
1930,4,2,6
1930,9,4,13
1930,6,4,10
1930,7,3,10
1930,7,5,12
1930,3,2,5
1930,7,5,12
1930,3,1,4
1930,9,10,19
1930,8,10,18
1930,2,1,3
1930,5,14,19
1930,5,4,9
1930,7,2,9
1930,9,3,12
1930,5,0,5
1930,2,1,3
1930,8,7,15
1930,5,10,15
1930,8,7,15
1930,13,10,23
1930,16,12,28
1930,2,11,13
1930,9,1,10
1930,6,3,9
1930,9,8,17
1930,3,0,3
1930,3,2,5
1930,9,8,17
1930,9,6,15
1930,11,0,11
1930,4,16,20
1930,7,6,13
1930,7,4,11
1930,5,4,9
1930,5,0,5
1930,3,2,5
1930,6,5,11
1930,6,12,18
1930,2,1,3
1930,3,14,17
1930,4,1,5
1930,8,3,11
1930,4,1,5
1930,4,3,7
1930,14,10,24
1930,6,17,23
1930,5,1,6
1930,5,3,8
1930,4,2,6
1930,6,5,11
1930,4,2,6
1930,5,0,5
1930,2,1,3
1930,3,2,5
1930,2,0,2
1930,8,4,12
1930,4,3,7
1930,6,11,17
1930,5,1,6
1930,8,13,21
1930,9,5,14
1930,2,1,3
1930,6,3,9
1930,6,0,6
1930,8,2,10
1930,5,18,23
1930,4,3,7
1930,5,3,8
1930,7,11,18
1930,7,10,17
1930,4,11,15
1930,9,6,15
1930,7,1,8
1930,3,2,5
1930,8,4,12
1930,3,2,5
1930,8,7,15
1930,7,10,17
1930,2,13,15
1930,6,4,10
1930,6,1,7
1930,5,14,19
1930,5,1,6
1930,8,7,15
1930,8,22,30
1930,12,1,13
1930,7,2,9
1930,2,1,3
1930,4,2,6
1930,8,4,12
1930,3,2,5
1930,3,1,4
1930,19,14,33
1930,9,4,13
1930,5,2,7
1930,1,0,1
1930,2,1,3
1930,5,2,7
1930,9,7,16
1930,9,6,15
1930,5,3,8
1930,5,2,7
1930,6,11,17
1930,4,2,6
1930,7,6,13
1930,8,2,10
1930,4,11,15
1930,3,0,3
1930,10,1,11
1930,8,6,14
1930,3,1,4
1930,2,1,3
1930,8,6,14
1930,8,4,12
1930,6,0,6
1930,5,0,5
1930,6,2,8
1930,7,2,9
1930,4,0,4
1930,5,3,8
1930,5,4,9
1930,3,2,5
1930,2,1,3
1930,5,2,7
1930,4,3,7
1930,9,5,14
1930,5,4,9
1930,7,15,22
1930,7,4,11
1930,7,3,10
1930,5,4,9
1930,8,7,15
1930,5,4,9
1930,5,2,7
1930,4,17,21
1930,5,4,9
1930,4,3,7
1930,8,2,10
1930,6,4,10
1930,9,2,11
1930,11,10,21
1930,9,4,13
1930,7,5,12
1930,5,4,9
1930,5,2,7
1930,8,3,11
1930,9,2,11
1930,7,4,11
1930,2,1,3
1930,7,1,8
1930,3,10,13
1930,8,6,14
1930,7,3,10
1930,5,13,18
1930,9,14,23
1930,5,3,8
1930,6,1,7
1930,12,11,23
1930,6,4,10
1930,3,1,4
1930,2,1,3
1930,1,0,1
1930,6,4,10
1930,2,10,12
1930,7,5,12
1930,7,0,7
1930,15,14,29
1930,19,10,29
1930,5,3,8
1930,6,3,9
1930,6,4,10
1930,4,2,6
1930,7,13,20
1930,6,4,10
1930,9,7,16
1930,5,2,7
1930,5,12,17
1930,9,8,17
1930,4,3,7
1930,14,10,24
1930,3,2,5
1930,4,3,7
1930,6,2,8
1930,6,5,11
1930,7,6,13
1930,5,4,9
1930,9,18,27
1930,7,5,12
1930,8,4,12
1930,7,0,7
1930,7,3,10
1930,6,2,8
1930,3,2,5
1930,7,10,17
1930,3,10,13
1930,4,1,5
1930,10,1,11
1930,5,4,9
1930,9,3,12
1930,4,3,7
1930,4,1,5
1930,7,6,13
1930,4,2,6
1930,7,15,22
1930,9,4,13
1930,4,3,7
1930,6,4,10
1930,7,6,13
1930,8,4,12
1930,4,10,14
1930,6,2,8
1930,7,15,22
1930,8,2,10
1930,19,16,35
1930,8,0,8
1930,5,2,7
1930,6,3,9
1930,6,3,9
1930,5,1,6
1930,3,2,5
1930,4,3,7
1930,3,13,16
1930,9,0,9
1930,7,1,8
1930,7,5,12
1930,3,1,4
1930,7,6,13
1930,5,10,15
1930,8,3,11
1930,8,2,10
1930,7,1,8
1930,8,13,21
1930,9,7,16
1930,6,5,11
1930,5,10,15
1930,5,3,8
1930,8,10,18
1930,8,11,19
1930,9,3,12
1930,6,3,9
1930,13,11,24
1930,5,11,16
1930,5,15,20
1930,7,10,17
1930,7,6,13
1930,3,1,4
1930,9,4,13
1930,5,2,7
1930,6,1,7
1930,5,0,5
1930,3,1,4
1930,2,0,2
1930,7,1,8
1931,7,4,11
1931,6,2,8
1931,7,3,10
1931,5,4,9
1931,6,3,9
1931,9,5,14
1931,7,3,10
1931,5,3,8
1931,9,3,12
1931,6,5,11
1931,4,0,4
1931,7,6,13
1931,8,7,15
1931,7,10,17
1931,6,4,10
1931,7,1,8
1931,7,4,11
1931,4,3,7
1931,6,3,9
1931,7,0,7
1931,2,1,3
1931,4,14,18
1931,6,5,11
1931,5,4,9
1931,5,4,9
1931,8,3,11
1931,7,5,12
1931,9,6,15
1931,2,11,13
1931,5,4,9
1931,7,1,8
1931,7,3,10
1931,2,1,3
1931,6,4,10
1931,9,2,11
1931,4,1,5
1931,5,1,6
1931,7,2,9
1931,3,2,5
1931,6,12,18
1931,8,0,8
1931,4,3,7
1931,1,0,1
1931,3,2,5
1931,7,5,12
1931,9,3,12
1931,5,4,9
1931,5,10,15
1931,3,13,16
1931,5,1,6
1931,5,4,9
1931,12,1,13
1931,7,3,10
1931,3,12,15
1931,7,5,12
1931,4,0,4
1931,2,10,12
1931,5,4,9
1931,5,1,6
1931,3,2,5
1931,8,2,10
1931,1,0,1
1931,7,4,11
1931,6,1,7
1931,8,1,9
1931,4,2,6
1931,7,7,14
1931,7,10,17
1931,6,10,16
1931,5,4,9
1931,5,4,9
1931,3,1,4
1931,4,3,7
1931,3,2,5
1931,8,3,11
1931,8,4,12
1931,3,1,4
1931,1,0,1
1931,9,7,16
1931,8,5,13
1931,2,0,2
1931,5,3,8
1931,9,8,17
1931,6,5,11
1931,9,10,19
1931,3,2,5
1931,9,8,17
1931,8,2,10
1931,7,7,14
1931,3,0,3
1931,3,1,4
1931,9,0,9
1931,7,1,8
1931,9,5,14
1931,6,1,7
1931,9,10,19
1931,9,4,13
1931,2,1,3
1931,7,2,9
1931,8,3,11
1931,4,10,14
1931,8,4,12
1931,8,2,10
1931,4,2,6
1931,5,0,5
1931,4,0,4
1931,5,4,9
1931,6,2,8
1931,6,2,8
1931,3,2,5
1931,2,1,3
1931,3,1,4
1931,5,11,16
1931,6,3,9
1931,4,3,7
1931,4,1,5
1931,9,5,14
1931,6,3,9
1931,5,10,15
1931,7,4,11
1931,8,3,11
1931,5,4,9
1931,3,1,4
1931,6,3,9
1931,4,3,7
1931,13,1,14
1931,9,3,12
1931,7,3,10
1931,7,5,12
1931,3,1,4
1931,8,0,8
1931,5,4,9
1931,8,4,12
1931,7,3,10
1931,8,18,26
1931,4,1,5
1931,6,11,17
1931,1,0,1
1931,3,1,4
1931,9,4,13
1931,7,10,17
1931,3,10,13
1931,6,5,11
1931,5,4,9
1931,6,1,7
1931,5,11,16
1931,4,10,14
1931,8,4,12
1931,3,2,5
1931,4,3,7
1931,4,2,6
1931,9,13,22
1931,5,1,6
1931,5,4,9
1931,8,3,11
1931,5,1,6
1931,4,2,6
1931,6,4,10
1931,3,1,4
1931,9,4,13
1931,7,4,11
1931,5,0,5
1931,4,2,6
1931,4,14,18
1931,2,1,3
1931,4,2,6
1931,3,2,5
1931,5,2,7
1931,2,0,2
1931,7,5,12
1931,9,3,12
1931,2,1,3
1931,3,2,5
1931,5,2,7
1931,5,4,9
1931,4,3,7
1931,2,14,16
1931,6,4,10
1931,8,12,20
1931,4,0,4
1931,2,0,2
1931,3,2,5
1931,5,10,15
1931,7,5,12
1931,8,5,13
1931,2,1,3
1931,9,2,11
1931,3,0,3
1931,5,12,17
1931,3,1,4
1931,7,5,12
1931,5,1,6
1931,6,17,23
1931,9,7,16
1931,7,5,12
1931,5,3,8
1931,2,1,3
1931,15,10,25
1931,8,5,13
1931,6,1,7
1931,7,1,8
1931,4,2,6
1931,4,14,18
1931,3,1,4
1931,9,8,17
1931,7,10,17
1931,8,20,28
1931,6,3,9
1931,5,4,9
1931,6,2,8
1931,9,5,14
1931,8,6,14
1931,5,0,5
1931,9,3,12
1931,3,2,5
1931,5,4,9
1931,7,5,12
1931,2,0,2
1931,3,0,3
1931,4,0,4
1931,7,11,18
1931,8,4,12
1931,4,2,6
1931,7,6,13
1931,5,12,17
1931,2,1,3
1931,3,2,5
1931,5,2,7
1931,8,5,13
1931,7,1,8
1931,4,3,7
1931,2,1,3
1931,5,10,15
1931,7,6,13
1931,7,1,8
1931,7,2,9
1931,6,5,11
1931,6,5,11
1931,7,10,17
1931,2,0,2
1931,7,10,17
1931,3,2,5
1931,6,13,19
1931,4,3,7
1931,3,2,5
1931,7,3,10
1931,3,10,13
1931,3,1,4
1931,9,10,19
1931,9,6,15
1931,7,6,13
1931,4,2,6
1931,4,16,20
1931,6,4,10
1931,8,4,12
1931,4,2,6
1931,7,2,9
1931,9,6,15
1931,12,0,12
1931,4,2,6
1931,3,0,3
1931,6,0,6
1931,6,2,8
1931,9,11,20
1931,3,11,14
1931,4,3,7
1931,5,4,9
1931,10,1,11
1931,8,4,12
1931,5,4,9
1931,7,4,11
1931,6,5,11
1931,4,0,4
1931,4,3,7
1931,3,2,5
1931,3,1,4
1931,5,4,9
1931,7,6,13
1931,5,4,9
1931,8,11,19
1931,9,2,11
1931,3,2,5
1931,5,3,8
1931,4,3,7
1931,9,14,23
1931,5,0,5
1931,6,5,11
1931,5,2,7
1931,8,18,26
1931,10,0,10
1931,2,12,14
1931,9,2,11
1931,6,5,11
1931,4,12,16
1931,5,4,9
1931,3,2,5
1931,9,8,17
1931,7,4,11
1931,7,3,10
1931,9,2,11
1931,3,3,6
1931,6,2,8
1931,5,0,5
1931,6,4,10
1931,5,10,15
1931,7,5,12
1931,7,2,9
1931,4,2,6
1931,6,5,11
1931,12,11,23
1931,7,6,13
1931,6,2,8
1931,9,2,11
1931,3,2,5
1931,4,3,7
1931,4,3,7
1931,5,3,8
1931,5,4,9
1931,9,8,17
1931,3,1,4
1931,8,6,14
1931,2,1,3
1931,4,3,7
1931,9,5,14
1931,2,1,3
1931,2,10,12
1931,6,4,10
1931,5,2,7
1931,8,6,14
1931,4,1,5
1931,2,1,3
1931,6,5,11
1931,5,1,6
1931,4,3,7
1931,3,1,4
1931,9,2,11
1931,8,7,15
1931,7,5,12
1931,4,0,4
1931,8,7,15
1931,1,0,1
1931,9,8,17
1931,5,1,6
1931,6,5,11
1931,7,5,12
1931,5,11,16
1931,3,2,5
1931,8,6,14
1931,7,3,10
1931,6,3,9
1931,8,3,11
1931,8,2,10
1931,9,10,19
1931,2,12,14
1931,5,1,6
1931,6,4,10
1931,9,0,9
1931,8,1,9
1931,4,0,4
1931,6,1,7
1931,4,1,5
1931,7,3,10
1931,4,18,22
1931,2,10,12
1931,7,2,9
1931,3,12,15
1931,7,3,10
1931,8,5,13
1931,9,3,12
1931,3,0,3
1931,3,10,13
1931,5,1,6
1931,4,13,17
1931,9,4,13
1931,4,2,6
1931,2,1,3
1931,8,2,10
1931,8,6,14
1931,3,0,3
1931,5,12,17
1931,3,1,4
1931,7,4,11
1931,3,0,3
1931,2,11,13
1931,6,2,8
1931,8,2,10
1931,7,5,12
1931,7,1,8
1931,7,1,8
1931,7,6,13
1931,6,1,7
1931,6,11,17
1931,3,10,13
1931,14,1,15
1931,6,4,10
1931,4,0,4
1931,5,0,5
1931,7,4,11
1931,6,3,9
1931,3,1,4
1931,3,2,5
1931,6,4,10
1931,4,2,6
1931,7,3,10
1931,4,13,17
1931,9,3,12
1931,3,2,5
1931,9,3,12
1931,8,5,13
1931,4,1,5
1931,4,3,7
1931,8,7,15
1931,6,1,7
1931,2,1,3
1931,11,10,21
1931,4,2,6
1931,2,0,2
1931,8,7,15
1931,7,5,12
1931,8,0,8
1931,5,4,9
1931,3,1,4
1931,5,4,9
1931,7,12,19
1931,3,11,14
1931,4,10,14
1931,9,6,15
1931,7,6,13
1931,4,1,5
1931,3,10,13
1931,5,16,21
1931,6,5,11
1931,5,1,6
1931,3,2,5
1931,5,4,9
1931,4,14,18
1931,7,3,10
1931,5,4,9
1931,3,1,4
1931,10,0,10
1931,6,11,17
1931,4,1,5
1931,9,1,10
1931,7,6,13
1931,6,2,8
1931,1,0,1
1931,6,5,11
1931,7,1,8
1931,3,1,4
1931,7,6,13
1931,5,4,9
1931,9,7,16
1931,8,2,10
1931,3,2,5
1931,8,2,10
1931,7,2,9
1931,4,11,15
1931,7,3,10
1931,14,10,24
1931,2,0,2
1931,8,4,12
1931,8,6,14
1931,9,4,13
1931,13,0,13
1931,10,0,10
1931,3,10,13
1931,4,0,4
1931,3,0,3
1931,5,4,9
1931,6,4,10
1931,5,3,8
1931,8,5,13
1931,6,11,17
1931,3,10,13
1931,7,3,10
1931,7,5,12
1931,2,0,2
1931,14,10,24
1931,4,2,6
1931,4,2,6
1931,6,5,11
1931,1,0,1
1931,4,3,7
1931,9,10,19
1931,9,2,11
1931,8,3,11
1931,4,3,7
1931,6,0,6
1931,5,1,6
1931,6,5,11
1931,8,5,13
1931,5,16,21
1931,7,3,10
1931,4,3,7
1931,2,0,2
1931,2,13,15
1931,3,2,5
1931,7,0,7
1931,4,3,7
1931,3,12,15
1931,8,2,10
1931,5,12,17
1931,2,1,3
1931,9,5,14
1931,6,4,10
1931,6,10,16
1931,5,4,9
1931,5,4,9
1931,4,10,14
1931,9,1,10
1931,2,2,4
1931,2,1,3
1931,3,1,4
1931,9,5,14
1931,9,1,10
1931,5,1,6
1931,5,17,22
1931,5,2,7
1931,5,4,9
1931,5,4,9
1931,6,4,10
1931,4,2,6
1931,9,7,16
1931,6,15,21
1931,4,2,6
1931,6,5,11
1931,5,3,8
1931,11,10,21
1931,4,2,6
1931,4,3,7
1931,5,1,6
1931,7,1,8
1931,7,11,18
1931,8,7,15
1931,11,10,21
1931,3,14,17
1931,7,0,7
1931,3,1,4
1931,4,1,5
1931,5,3,8
1931,4,3,7
1931,4,2,6
1931,4,3,7
1931,6,11,17
1931,4,3,7
1931,4,3,7
1931,1,0,1
1931,2,0,2
1931,4,12,16
1931,13,1,14
1931,3,2,5
1931,2,1,3
1931,5,13,18
1931,6,1,7
1931,7,3,10
1931,4,0,4
1931,5,0,5
1931,5,4,9
1931,4,2,6
1931,1,0,1
1931,6,2,8
1931,6,3,9
1931,8,5,13
1931,6,1,7
1931,7,4,11
1931,9,7,16
1931,6,2,8
1931,9,8,17
1931,4,3,7
1931,4,3,7
1931,8,5,13
1931,4,3,7
1931,4,2,6
1931,2,1,3
1931,6,4,10
1931,5,4,9
1931,6,3,9
1931,3,1,4
1931,6,5,11
1931,4,2,6
1931,6,5,11
1931,4,13,17
1931,5,3,8
1931,5,3,8
1931,2,14,16
1931,6,3,9
1931,5,1,6
1931,8,10,18
1931,7,3,10
1931,6,10,16
1931,7,1,8
1931,3,13,16
1931,9,4,13
1931,5,4,9
1931,5,2,7
1931,6,3,9
1931,6,2,8
1931,3,0,3
1931,7,11,18
1931,9,4,13
1931,9,3,12
1931,4,2,6
1931,3,1,4
1931,9,1,10
1931,14,1,15
1931,4,3,7
1931,8,6,14
1931,2,1,3
1931,7,3,10
1931,7,1,8
1931,7,4,11
1931,6,1,7
1931,5,4,9
1931,3,1,4
1931,5,23,28
1931,6,5,11
1931,9,2,11
1931,5,5,10
1931,8,2,10
1931,7,1,8
1931,8,7,15
1931,7,2,9
1931,6,2,8
1931,7,4,11
1931,4,3,7
1931,4,10,14
1931,7,5,12
1931,7,14,21
1931,6,5,11
1931,7,2,9
1931,6,13,19
1931,9,4,13
1931,7,5,12
1931,17,13,30
1931,4,10,14
1931,7,12,19
1931,6,4,10
1931,1,0,1
1931,5,12,17
1931,5,3,8
1931,8,4,12
1931,3,2,5
1931,2,19,21
1931,5,1,6
1931,3,12,15
1931,9,4,13
1931,4,3,7
1931,3,2,5
1931,9,1,10
1931,5,4,9
1931,5,2,7
1931,5,4,9
1931,1,0,1
1931,5,4,9
1931,5,3,8
1931,11,0,11
1931,4,2,6
1931,3,10,13
1931,2,1,3
1931,5,2,7
1931,2,0,2
1931,9,8,17
1931,5,3,8
1931,8,12,20
1931,5,0,5
1931,5,4,9
1931,6,2,8
1931,7,6,13
1931,5,0,5
1931,2,1,3
1931,6,3,9
1931,4,1,5
1931,4,1,5
1931,7,12,19
1931,4,1,5
1931,3,2,5
1931,5,4,9
1931,7,6,13
1931,7,2,9
1931,9,3,12
1931,1,0,1
1931,4,0,4
1931,5,2,7
1931,6,5,11
1931,6,10,16
1931,7,6,13
1931,7,1,8
1931,9,10,19
1931,8,2,10
1931,2,1,3
1931,2,1,3
1931,2,1,3
1931,9,2,11
1931,1,0,1
1931,8,5,13
1931,7,12,19
1931,7,3,10
1931,3,2,5
1931,4,3,7
1931,5,10,15
1931,8,5,13
1931,4,3,7
1931,3,2,5
1931,9,3,12
1931,5,4,9
1931,4,3,7
1931,3,2,5
1931,9,5,14
1931,7,3,10
1931,6,10,16
1931,3,2,5
1931,8,4,12
1931,4,13,17
1931,6,3,9
1931,4,2,6
1931,7,6,13
1931,5,2,7
1931,6,17,23
1931,6,4,10
1931,3,1,4
1931,3,1,4
1931,5,3,8
1931,6,5,11
1931,2,1,3
1931,8,7,15
1931,10,0,10
1931,7,2,9
1931,7,5,12
1931,6,1,7
1931,5,0,5
1931,7,3,10
1931,7,10,17
1931,6,3,9
1931,3,2,5
1931,5,2,7
1931,3,2,5
1931,3,1,4
1931,7,1,8
1931,7,6,13
1931,7,3,10
1931,2,1,3
1931,4,0,4
1931,5,0,5
1931,2,13,15
1931,5,4,9
1931,5,22,27
1931,3,2,5
1931,5,4,9
1931,5,2,7
1931,4,13,17
1931,7,6,13
1931,8,7,15
1931,3,12,15
1931,5,4,9
1931,8,6,14
1931,7,11,18
1931,8,1,9
1931,6,3,9
1931,5,4,9
1931,14,12,26
1931,6,3,9
1931,6,2,8
1931,1,0,1
1931,8,1,9
1931,5,4,9
1931,8,6,14
1931,4,0,4
1931,2,1,3
1931,4,10,14
1931,4,2,6
1931,5,4,9
1931,3,0,3
1931,6,0,6
1931,8,5,13
1931,9,0,9
1931,3,10,13
1931,6,1,7
1931,4,1,5
1931,4,2,6
1931,6,4,10
1931,5,0,5
1931,3,10,13
1931,9,2,11
1931,3,2,5
1931,6,0,6
1931,2,0,2
1931,8,4,12
1931,1,0,1
1931,7,5,12
1931,2,1,3
1931,4,1,5
1931,1,0,1
1931,5,2,7
1931,7,5,12
1931,6,2,8
1931,3,0,3
1931,8,4,12
1931,4,2,6
1931,6,2,8
1931,9,4,13
1931,9,11,20
1931,6,10,16
1931,9,8,17
1931,8,0,8
1931,7,2,9
1931,3,2,5
1931,6,5,11
1931,5,3,8
1931,4,2,6
1931,7,3,10
1931,5,1,6
1931,6,3,9
1931,3,2,5
1931,3,2,5
1931,4,2,6
1931,7,1,8
1931,5,1,6
1931,4,1,5
1931,3,2,5
1931,8,11,19
1931,6,2,8
1931,6,3,9
1931,5,4,9
1931,2,16,18
1931,7,3,10
1931,7,6,13
1931,4,3,7
1931,5,3,8
1931,6,4,10
1931,3,2,5
1931,15,1,16
1931,3,2,5
1931,2,0,2
1931,5,13,18
1931,9,3,12
1931,8,0,8
1931,4,2,6
1931,6,1,7
1931,8,7,15
1931,7,1,8
1931,3,2,5
1931,9,3,12
1931,4,3,7
1931,7,14,21
1931,5,0,5
1931,9,4,13
1931,5,4,9
1931,6,3,9
1931,4,2,6
1931,1,0,1
1931,6,2,8
1931,8,4,12
1931,9,8,17
1931,5,3,8
1931,1,0,1
1931,4,3,7
1931,4,3,7
1931,3,0,3
1931,8,1,9
1931,4,3,7
1931,5,0,5
1931,8,5,13
1931,11,1,12
1931,18,1,19
1931,7,17,24
1931,7,6,13
1931,6,4,10
1931,9,0,9
1931,7,3,10
1931,12,1,13
1931,6,5,11
1931,8,5,13
1931,3,17,20
1931,4,2,6
1931,8,10,18
1931,5,2,7
1931,7,5,12
1931,6,1,7
1931,4,3,7
1931,9,6,15
1931,9,3,12
1931,1,0,1
1931,3,1,4
1931,5,4,9
1931,7,13,20
1931,9,1,10
1931,2,1,3
1931,4,14,18
1931,2,12,14
1931,1,0,1
1931,4,3,7
1931,7,5,12
1931,5,4,9
1931,3,1,4
1931,3,2,5
1931,9,2,11
1931,8,7,15
1931,7,1,8
1931,5,1,6
1931,9,2,11
1931,5,1,6
1931,6,4,10
1931,9,6,15
1931,7,1,8
1931,3,2,5
1931,5,3,8
1931,8,6,14
1931,4,1,5
1931,8,3,11
1931,6,0,6
1931,3,2,5
1931,3,2,5
1931,8,2,10
1931,6,5,11
1931,7,5,12
1931,4,2,6
1931,3,0,3
1931,3,2,5
1931,5,4,9
1931,5,14,19
1931,4,2,6
1931,4,1,5
1931,5,3,8
1931,4,2,6
1931,5,10,15
1931,8,10,18
1931,9,8,17
1931,6,5,11
1931,3,2,5
1931,8,4,12
1931,7,3,10
1931,4,1,5
1931,2,1,3
1931,5,4,9
1931,6,11,17
1931,8,10,18
1931,7,2,9
1931,3,1,4
1931,7,3,10
1931,2,1,3
1931,15,12,27
1931,6,3,9
1931,5,11,16
1931,7,11,18
1931,8,1,9
1931,4,3,7
1931,2,1,3
1931,7,1,8
1931,5,2,7
1931,9,6,15
1931,6,0,6
1931,5,1,6
1931,6,4,10
1931,6,5,11
1931,8,6,14
1931,5,4,9
1931,5,4,9
1931,16,1,17
1931,1,0,1
1931,4,10,14
1931,9,1,10
1931,4,3,7
1931,6,5,11
1931,1,0,1
1931,10,0,10
1931,8,5,13
1931,7,11,18
1931,6,5,11
1931,8,4,12
1931,2,1,3
1931,5,1,6
1931,5,3,8
1931,5,0,5
1931,4,1,5
1931,8,0,8
1931,5,1,6
1931,5,3,8
1931,7,1,8
1931,8,0,8
1931,1,0,1
1931,4,1,5
1931,6,1,7
1931,6,4,10
1931,8,5,13
1931,5,4,9
1931,4,3,7
1931,7,4,11
1931,8,4,12
1931,7,6,13
1931,9,5,14
1931,11,1,12
1931,9,4,13
1931,6,5,11
1931,3,2,5
1931,4,11,15
1931,13,1,14
1931,5,4,9
1931,6,4,10
1931,3,1,4
1931,3,2,5
1931,5,14,19
1931,5,3,8
1931,4,10,14
1931,7,4,11
1931,8,2,10
1931,4,14,18
1931,3,2,5
1931,4,3,7
1931,4,3,7
1931,8,3,11
1931,6,3,9
1931,8,10,18
1931,8,2,10
1931,3,0,3
1931,5,0,5
1931,4,1,5
1931,5,1,6
1931,3,2,5
1931,4,3,7
1931,5,15,20
1931,6,5,11
1931,3,0,3
1931,8,3,11
1931,4,0,4
1931,3,11,14
1931,5,1,6
1931,5,1,6
1931,9,2,11
1931,3,1,4
1931,3,2,5
1931,4,4,8
1931,7,4,11
1931,8,4,12
1931,7,6,13
1931,5,2,7
1931,7,3,10
1931,5,4,9
1931,9,3,12
1931,3,2,5
1931,6,4,10
1931,3,11,14
1931,2,0,2
1931,6,1,7
1931,4,3,7
1931,3,12,15
1931,3,0,3
1931,11,1,12
1931,3,1,4
1931,5,4,9
1931,8,0,8
1931,6,3,9
1931,8,3,11
1931,4,3,7
1931,5,1,6
1931,10,1,11
1931,5,12,17
1931,6,4,10
1931,8,5,13
1931,5,10,15
1931,7,0,7
1931,7,3,10
1931,5,3,8
1931,8,4,12
1931,7,2,9
1931,4,1,5
1931,5,4,9
1931,3,0,3
1931,7,0,7
1931,5,0,5
1931,7,5,12
1931,2,13,15
1931,4,1,5
1931,7,5,12
1931,15,1,16
1931,5,4,9
1931,2,0,2
1931,1,0,1
1931,8,3,11
1931,6,2,8
1931,5,2,7
1931,3,2,5
1931,7,11,18
1931,6,0,6
1931,2,1,3
1931,3,15,18
1931,9,4,13
1931,6,1,7
1931,4,2,6
1931,6,10,16
1931,8,7,15
1931,6,3,9
1931,3,2,5
1931,3,1,4
1931,4,3,7
1931,10,1,11
1931,3,0,3
1931,2,1,3
1931,5,1,6
1931,3,0,3
1931,4,17,21
1931,5,1,6
1931,6,3,9
1931,6,1,7
1931,7,3,10
1931,5,3,8
1931,5,0,5
1931,3,1,4
1931,8,3,11
1931,3,1,4
1931,3,2,5
1931,6,3,9
1931,1,0,1
1931,5,2,7
1931,4,1,5
1931,8,5,13
1931,13,13,26
1931,3,2,5
1931,2,10,12
1931,5,1,6
1931,5,0,5
1931,7,4,11
1931,6,5,11
1931,2,2,4
1931,6,5,11
1931,7,11,18
1931,8,1,9
1931,1,0,1
1931,9,4,13
1931,2,1,3
1931,4,3,7
1931,6,2,8
1931,7,2,9
1931,7,1,8
1931,8,12,20
1931,2,1,3
1931,6,2,8
1931,9,7,16
1931,5,13,18
1931,3,10,13
1931,6,3,9
1931,3,2,5
1931,9,2,11
1931,3,14,17
1931,5,2,7
1931,2,1,3
1931,5,0,5
1931,5,4,9
1931,2,1,3
1931,6,5,11
1931,8,7,15
1931,7,3,10
1931,4,3,7
1931,7,5,12
1931,5,11,16
1931,6,3,9
1931,6,2,8
1931,9,2,11
1931,2,1,3
1931,4,3,7
1931,8,3,11
1931,17,0,17
1931,6,1,7
1931,1,0,1
1931,4,2,6
1931,7,2,9
1931,3,1,4
1931,6,1,7
1931,6,4,10
1931,3,2,5
1931,4,14,18
1931,3,1,4
1931,6,2,8
1931,4,1,5
1931,4,3,7
1931,4,3,7
1931,2,1,3
1931,9,1,10
1931,3,2,5
1931,5,3,8
1931,3,0,3
1931,3,10,13
1931,3,1,4
1931,7,0,7
1931,6,10,16
1931,3,2,5
1931,6,16,22
1931,7,6,13
1931,5,2,7
1931,5,14,19
1931,7,1,8
1931,4,10,14
1931,6,1,7
1931,4,3,7
1931,6,4,10
1931,2,0,2
1931,9,2,11
1931,7,15,22
1931,3,2,5
1931,5,1,6
1931,3,2,5
1931,6,5,11
1931,6,4,10
1931,11,10,21
1931,5,3,8
1931,5,2,7
1931,8,6,14
1931,3,2,5
1931,6,3,9
1931,7,2,9
1931,9,7,16
1931,6,2,8
1931,3,2,5
1931,6,4,10
1931,9,4,13
1931,5,1,6
1931,8,3,11
1931,7,1,8
1931,7,4,11
1931,7,3,10
1931,7,2,9
1931,8,3,11
1931,5,4,9
1931,3,13,16
1931,3,12,15
1931,5,3,8
1931,2,12,14
1931,3,1,4
1931,8,4,12
1931,6,2,8
1931,5,3,8
1931,8,5,13
1931,13,1,14
1931,8,10,18
1931,2,1,3
1931,4,2,6
1931,6,2,8
1931,2,0,2
1931,5,2,7
1931,3,0,3
1931,5,1,6
1931,8,1,9
1931,4,2,6
1932,1,0,1
1932,8,3,11
1932,9,2,11
1932,5,4,9
1932,5,13,18
1932,6,12,18
1932,2,10,12
1932,7,6,13
1932,7,3,10
1932,3,2,5
1932,6,5,11
1932,9,8,17
1932,3,0,3
1932,5,3,8
1932,3,1,4
1932,5,4,9
1932,2,0,2
1932,8,2,10
1932,4,3,7
1932,8,2,10
1932,3,2,5
1932,7,6,13
1932,9,8,17
1932,9,7,16
1932,4,14,18
1932,5,0,5
1932,5,1,6
1932,5,0,5
1932,3,2,5
1932,5,4,9
1932,4,2,6
1932,2,0,2
1932,6,1,7
1932,4,3,7
1932,1,0,1
1932,6,0,6
1932,4,1,5
1932,3,11,14
1932,8,0,8
1932,2,1,3
1932,5,0,5
1932,7,14,21
1932,7,1,8
1932,7,15,22
1932,3,1,4
1932,6,5,11
1932,6,3,9
1932,2,10,12
1932,4,2,6
1932,8,0,8
1932,8,7,15
1932,7,4,11
1932,7,2,9
1932,2,1,3
1932,8,3,11
1932,5,14,19
1932,7,0,7
1932,5,0,5
1932,4,3,7
1932,6,3,9
1932,3,2,5
1932,5,3,8
1932,8,6,14
1932,5,4,9
1932,7,6,13
1932,1,0,1
1932,4,1,5
1932,5,4,9
1932,3,16,19
1932,8,13,21
1932,5,3,8
1932,4,1,5
1932,7,1,8
1932,2,1,3
1932,8,7,15
1932,5,16,21
1932,7,2,9
1932,9,10,19
1932,6,11,17
1932,5,0,5
1932,7,2,9
1932,2,1,3
1932,3,12,15
1932,8,3,11
1932,9,10,19
1932,9,2,11
1932,3,14,17
1932,8,2,10
1932,4,3,7
1932,4,2,6
1932,5,10,15
1932,6,5,11
1932,2,10,12
1932,8,4,12
1932,6,4,10
1932,4,3,7
1932,7,1,8
1932,7,12,19
1932,2,11,13
1932,5,1,6
1932,5,11,16
1932,7,6,13
1932,5,4,9
1932,4,10,14
1932,8,3,11
1932,7,5,12
1932,8,7,15
1932,6,13,19
1932,6,4,10
1932,2,1,3
1932,7,4,11
1932,5,3,8
1932,7,10,17
1932,6,3,9
1932,8,7,15
1932,4,3,7
1932,2,1,3
1932,7,1,8
1932,7,5,12
1932,11,1,12
1932,4,3,7
1932,4,2,6
1932,3,2,5
1932,5,3,8
1932,6,5,11
1932,3,1,4
1932,7,2,9
1932,2,0,2
1932,2,1,3
1932,3,10,13
1932,6,1,7
1932,8,11,19
1932,7,11,18
1932,9,4,13
1932,8,6,14
1932,9,0,9
1932,5,4,9
1932,8,7,15
1932,8,3,11
1932,3,0,3
1932,4,1,5
1932,7,0,7
1932,3,11,14
1932,2,1,3
1932,9,6,15
1932,3,15,18
1932,6,10,16
1932,6,5,11
1932,3,1,4
1932,14,1,15
1932,1,0,1
1932,5,2,7
1932,4,2,6
1932,4,3,7
1932,5,3,8
1932,4,0,4
1932,3,0,3
1932,9,8,17
1932,4,1,5
1932,7,10,17
1932,5,3,8
1932,7,2,9
1932,7,5,12
1932,5,12,17
1932,6,5,11
1932,8,5,13
1932,4,1,5
1932,6,5,11
1932,6,5,11
1932,4,3,7
1932,6,5,11
1932,7,6,13
1932,3,0,3
1932,11,0,11
1932,9,2,11
1932,4,0,4
1932,3,10,13
1932,9,0,9
1932,4,1,5
1932,3,0,3
1932,6,3,9
1932,5,4,9
1932,8,3,11
1932,5,2,7
1932,8,2,10
1932,3,2,5
1932,5,3,8
1932,9,4,13
1932,8,7,15
1932,7,0,7
1932,6,0,6
1932,7,6,13
1932,5,3,8
1932,6,0,6
1932,3,0,3
1932,7,6,13
1932,6,4,10
1932,9,2,11
1932,2,0,2
1932,8,6,14
1932,9,1,10
1932,7,2,9
1932,5,0,5
1932,8,3,11
1932,1,0,1
1932,4,3,7
1932,11,10,21
1932,6,2,8
1932,8,0,8
1932,6,4,10
1932,11,1,12
1932,2,0,2
1932,7,3,10
1932,9,4,13
1932,2,1,3
1932,3,2,5
1932,2,0,2
1932,3,1,4
1932,4,3,7
1932,2,11,13
1932,13,10,23
1932,6,4,10
1932,9,3,12
1932,3,2,5
1932,8,2,10
1932,4,2,6
1932,5,3,8
1932,7,11,18
1932,4,3,7
1932,8,6,14
1932,7,12,19
1932,4,2,6
1932,3,2,5
1932,9,4,13
1932,10,0,10
1932,8,5,13
1932,3,2,5
1932,7,11,18
1932,6,3,9
1932,6,1,7
1932,5,0,5
1932,5,12,17
1932,7,2,9
1932,6,5,11
1932,5,1,6
1932,6,5,11
1932,8,7,15
1932,2,14,16
1932,8,0,8
1932,6,18,24
1932,6,3,9
1932,2,1,3
1932,4,2,6
1932,5,3,8
1932,3,2,5
1932,8,7,15
1932,4,3,7
1932,4,2,6
1932,4,2,6
1932,5,1,6
1932,5,3,8
1932,7,1,8
1932,5,4,9
1932,4,0,4
1932,7,6,13
1932,6,5,11
1932,9,7,16
1932,6,2,8
1932,6,3,9
1932,7,11,18
1932,5,3,8
1932,6,5,11
1932,3,1,4
1932,8,11,19
1932,8,6,14
1932,4,2,6
1932,9,4,13
1932,8,12,20
1932,3,0,3
1932,7,1,8
1932,3,2,5
1932,2,11,13
1932,3,2,5
1932,17,13,30
1932,5,0,5
1932,6,4,10
1932,7,5,12
1932,5,2,7
1932,8,5,13
1932,8,4,12
1932,6,3,9
1932,8,2,10
1932,9,3,12
1932,4,1,5
1932,7,5,12
1932,6,4,10
1932,4,1,5
1932,8,6,14
1932,3,1,4
1932,5,1,6
1932,5,13,18
1932,6,4,10
1932,3,0,3
1932,6,10,16
1932,3,2,5
1932,7,3,10
1932,2,0,2
1932,5,0,5
1932,3,2,5
1932,4,3,7
1932,8,10,18
1932,4,2,6
1932,3,12,15
1932,2,1,3
1932,8,11,19
1932,4,13,17
1932,5,3,8
1932,6,2,8
1932,4,2,6
1932,6,4,10
1932,6,2,8
1932,6,12,18
1932,12,11,23
1932,7,5,12
1932,3,13,16
1932,2,13,15
1932,8,6,14
1932,4,2,6
1932,5,2,7
1932,9,17,26
1932,4,0,4
1932,7,2,9
1932,3,1,4
1932,6,5,11
1932,5,4,9
1932,4,1,5
1932,2,1,3
1932,1,0,1
1932,4,2,6
1932,8,7,15
1932,7,6,13
1932,6,4,10
1932,8,1,9
1932,6,1,7
1932,5,1,6
1932,4,2,6
1932,5,1,6
1932,9,5,14
1932,6,5,11
1932,2,1,3
1932,3,1,4
1932,7,10,17
1932,20,13,33
1932,6,5,11
1932,4,2,6
1932,9,8,17
1932,9,2,11
1932,6,4,10
1932,6,5,11
1932,3,1,4
1932,4,10,14
1932,4,10,14
1932,6,4,10
1932,7,10,17
1932,7,4,11
1932,4,12,16
1932,7,3,10
1932,7,6,13
1932,6,5,11
1932,7,6,13
1932,9,10,19
1932,12,1,13
1932,3,2,5
1932,3,2,5
1932,7,11,18
1932,7,15,22
1932,9,2,11
1932,8,5,13
1932,4,3,7
1932,9,2,11
1932,4,3,7
1932,7,4,11
1932,6,1,7
1932,7,5,12
1932,8,15,23
1932,3,2,5
1932,3,1,4
1932,5,4,9
1932,9,2,11
1932,11,10,21
1932,4,11,15
1932,5,2,7
1932,2,1,3
1932,6,5,11
1932,9,8,17
1932,5,4,9
1932,3,2,5
1932,4,3,7
1932,2,1,3
1932,4,3,7
1932,2,1,3
1932,10,0,10
1932,7,10,17
1932,8,7,15
1932,4,3,7
1932,6,5,11
1932,4,3,7
1932,3,12,15
1932,2,1,3
1932,4,1,5
1932,6,3,9
1932,7,3,10
1932,6,4,10
1932,6,3,9
1932,4,3,7
1932,4,12,16
1932,5,3,8
1932,4,1,5
1932,6,1,7
1932,5,13,18
1932,8,6,14
1932,6,3,9
1932,4,0,4
1932,7,6,13
1932,8,7,15
1932,8,1,9
1932,5,4,9
1932,7,6,13
1932,5,10,15
1932,6,5,11
1932,5,2,7
1932,3,17,20
1932,5,1,6
1932,5,2,7
1932,2,1,3
1932,9,3,12
1932,7,6,13
1932,6,3,9
1932,7,4,11
1932,9,8,17
1932,8,6,14
1932,6,1,7
1932,4,0,4
1932,2,1,3
1932,2,0,2
1932,5,1,6
1932,3,2,5
1932,3,1,4
1932,2,0,2
1932,2,1,3
1932,4,2,6
1932,9,2,11
1932,14,11,25
1932,4,2,6
1932,3,0,3
1932,5,4,9
1932,6,3,9
1932,7,6,13
1932,2,1,3
1932,5,0,5
1932,1,0,1
1932,9,3,12
1932,6,3,9
1932,8,5,13
1932,7,0,7
1932,3,2,5
1932,6,3,9
1932,2,1,3
1932,3,2,5
1932,18,11,29
1932,3,2,5
1932,6,4,10
1932,7,5,12
1932,3,1,4
1932,9,2,11
1932,9,3,12
1932,3,1,4
1932,8,3,11
1932,3,2,5
1932,5,1,6
1932,3,12,15
1932,8,11,19
1932,7,6,13
1932,8,14,22
1932,9,4,13
1932,2,11,13
1932,6,5,11
1932,9,1,10
1932,2,11,13
1932,17,10,27
1932,8,7,15
1932,4,3,7
1932,6,1,7
1932,6,3,9
1932,6,1,7
1932,16,10,26
1932,14,10,24
1932,3,0,3
1932,6,11,17
1932,4,3,7
1932,6,5,11
1932,5,10,15
1932,7,4,11
1932,9,8,17
1932,5,4,9
1932,8,5,13
1932,7,6,13
1932,7,6,13
1932,5,2,7
1932,5,4,9
1932,5,1,6
1932,5,1,6
1932,5,0,5
1932,9,5,14
1932,5,10,15
1932,6,5,11
1932,6,2,8
1932,4,3,7
1932,4,3,7
1932,8,4,12
1932,9,3,12
1932,8,15,23
1932,9,4,13
1932,4,1,5
1932,7,3,10
1932,5,3,8
1932,5,2,7
1932,6,2,8
1932,5,2,7
1932,5,4,9
1932,9,10,19
1932,4,13,17
1932,6,5,11
1932,7,0,7
1932,6,1,7
1932,4,15,19
1932,7,0,7
1932,7,4,11
1932,9,5,14
1932,9,3,12
1932,9,6,15
1932,7,6,13
1932,6,11,17
1932,8,4,12
1932,5,4,9
1932,7,5,12
1932,5,3,8
1932,8,5,13
1932,6,5,11
1932,6,3,9
1932,6,3,9
1932,5,4,9
1932,7,4,11
1932,2,1,3
1932,5,4,9
1932,5,4,9
1932,5,15,20
1932,2,13,15
1932,4,3,7
1932,5,4,9
1932,4,2,6
1932,7,4,11
1932,5,2,7
1932,7,4,11
1932,4,3,7
1932,4,2,6
1932,2,1,3
1932,2,0,2
1932,7,12,19
1932,8,6,14
1932,9,0,9
1932,9,6,15
1932,6,5,11
1932,7,3,10
1932,3,3,6
1932,5,3,8
1932,6,12,18
1932,4,3,7
1932,4,12,16
1932,5,4,9
1932,6,1,7
1932,6,4,10
1932,3,2,5
1932,4,2,6
1932,3,1,4
1932,4,2,6
1932,8,2,10
1932,7,0,7
1932,8,5,13
1932,3,13,16
1932,9,3,12
1932,4,3,7
1932,5,4,9
1932,3,2,5
1932,4,3,7
1932,8,4,12
1932,6,4,10
1932,5,15,20
1932,3,2,5
1932,6,4,10
1932,2,11,13
1932,8,7,15
1932,6,1,7
1932,6,5,11
1932,4,2,6
1932,5,2,7
1932,3,1,4
1932,7,6,13
1932,9,14,23
1932,7,0,7
1932,2,11,13
1932,9,3,12
1932,6,2,8
1932,4,1,5
1932,4,14,18
1932,7,5,12
1932,2,13,15
1932,8,7,15
1932,4,0,4
1932,6,4,10
1932,4,2,6
1932,18,17,35
1932,9,10,19
1932,8,7,15
1932,7,5,12
1932,3,1,4
1932,3,13,16
1932,5,3,8
1932,8,2,10
1932,4,15,19
1932,9,8,17
1932,7,12,19
1932,5,3,8
1932,5,1,6
1932,3,2,5
1932,4,3,7
1932,4,3,7
1932,4,2,6
1932,7,6,13
1932,8,7,15
1932,7,6,13
1932,13,12,25
1932,8,7,15
1932,5,4,9
1932,3,2,5
1932,5,3,8
1932,7,5,12
1932,5,1,6
1932,5,10,15
1932,6,2,8
1932,4,15,19
1932,9,8,17
1932,4,1,5
1932,6,11,17
1932,3,11,14
1932,9,2,11
1932,6,1,7
1932,6,3,9
1932,5,4,9
1932,4,2,6
1932,8,3,11
1932,4,3,7
1932,8,5,13
1932,11,10,21
1932,1,0,1
1932,4,12,16
1932,8,7,15
1932,3,0,3
1932,6,4,10
1932,4,1,5
1932,8,1,9
1932,3,14,17
1932,2,1,3
1932,9,8,17
1932,4,1,5
1932,11,0,11
1932,5,4,9
1932,8,6,14
1932,3,1,4
1932,8,2,10
1932,5,3,8
1932,3,1,4
1932,4,3,7
1932,4,3,7
1932,3,2,5
1932,9,2,11
1932,8,5,13
1932,9,2,11
1932,4,2,6
1932,3,13,16
1932,6,4,10
1932,8,1,9
1932,5,4,9
1932,7,4,11
1932,8,6,14
1932,2,1,3
1932,7,0,7
1932,5,4,9
1932,2,0,2
1932,6,3,9
1932,9,8,17
1932,6,16,22
1932,5,2,7
1932,6,5,11
1932,5,3,8
1932,3,2,5
1932,8,1,9
1932,9,1,10
1932,7,2,9
1932,8,5,13
1932,6,2,8
1932,5,16,21
1932,4,1,5
1932,3,2,5
1932,5,3,8
1932,3,2,5
1932,5,4,9
1932,9,5,14
1932,3,1,4
1932,8,4,12
1932,3,2,5
1932,9,0,9
1932,6,5,11
1932,3,2,5
1932,4,3,7
1932,5,4,9
1932,2,10,12
1932,5,16,21
1932,8,11,19
1932,5,1,6
1932,9,4,13
1932,6,5,11
1932,5,4,9
1932,4,3,7
1932,7,3,10
1932,9,7,16
1932,9,6,15
1932,7,2,9
1932,7,5,12
1932,7,3,10
1932,1,0,1
1932,9,3,12
1932,6,2,8
1932,7,10,17
1932,6,12,18
1932,8,7,15
1932,6,12,18
1932,5,4,9
1932,7,2,9
1932,6,1,7
1932,7,3,10
1932,7,5,12
1932,5,10,15
1932,3,2,5
1932,5,4,9
1932,2,1,3
1932,4,1,5
1932,5,15,20
1932,2,1,3
1932,12,10,22
1932,8,13,21
1932,4,0,4
1932,9,8,17
1932,4,2,6
1932,4,3,7
1932,9,3,12
1932,9,6,15
1932,8,6,14
1932,4,1,5
1932,2,1,3
1932,10,1,11
1932,4,2,6
1932,7,10,17
1932,9,1,10
1932,7,4,11
1932,6,4,10
1932,7,4,11
1932,4,3,7
1932,4,3,7
1932,4,3,7
1932,5,2,7
1932,6,10,16
1932,7,2,9
1932,3,1,4
1932,8,5,13
1932,7,2,9
1932,5,4,9
1932,3,1,4
1932,7,4,11
1932,3,13,16
1932,3,2,5
1932,6,3,9
1932,5,4,9
1932,7,0,7
1932,7,2,9
1932,8,5,13
1932,1,0,1
1932,8,12,20
1932,4,3,7
1932,6,4,10
1932,2,13,15
1932,7,3,10
1932,4,2,6
1932,1,0,1
1932,6,3,9
1932,5,18,23
1932,4,2,6
1932,4,3,7
1932,4,1,5
1932,3,2,5
1932,6,11,17
1932,6,4,10
1932,3,2,5
1932,2,1,3
1932,7,4,11
1932,6,5,11
1932,3,2,5
1932,3,15,18
1932,8,2,10
1932,8,7,15
1932,14,11,25
1932,4,1,5
1932,12,1,13
1932,6,2,8
1932,3,2,5
1932,7,2,9
1932,13,0,13
1932,6,2,8
1932,9,2,11
1932,9,8,17
1932,2,1,3
1932,4,3,7
1932,3,0,3
1932,5,10,15
1932,4,1,5
1932,3,0,3
1932,9,4,13
1932,5,1,6
1932,2,10,12
1932,9,10,19
1932,8,10,18
1932,4,2,6
1932,6,1,7
1932,9,5,14
1932,2,1,3
1932,7,6,13
1932,3,1,4
1932,1,0,1
1932,7,4,11
1932,6,2,8
1932,3,1,4
1932,8,2,10
1932,8,1,9
1932,5,11,16
1932,9,4,13
1932,7,6,13
1932,7,6,13
1932,6,4,10
1932,9,8,17
1932,4,0,4
1932,4,2,6
1932,5,2,7
1932,9,7,16
1932,4,3,7
1932,18,13,31
1932,5,3,8
1932,6,1,7
1932,9,10,19
1932,5,2,7
1932,3,2,5
1932,6,3,9
1932,6,2,8
1932,5,11,16
1932,7,6,13
1932,6,5,11
1932,3,0,3
1932,7,2,9
1932,3,2,5
1932,2,1,3
1932,3,1,4
1932,1,0,1
1932,8,1,9
1932,2,13,15
1932,8,2,10
1932,7,5,12
1932,8,3,11
1932,9,18,27
1932,5,4,9
1932,5,0,5
1932,3,0,3
1932,3,1,4
1932,1,0,1
1932,6,1,7
1932,2,0,2
1932,5,0,5
1932,9,5,14
1932,3,1,4
1932,9,3,12
1932,3,0,3
1932,2,1,3
1932,8,4,12
1932,2,0,2
1932,2,1,3
1932,5,4,9
1932,6,11,17
1932,3,2,5
1932,4,3,7
1932,2,1,3
1932,8,13,21
1932,7,3,10
1932,3,2,5
1932,4,0,4
1932,3,2,5
1932,5,3,8
1932,7,3,10
1932,3,2,5
1932,8,0,8
1932,8,3,11
1932,11,0,11
1932,4,1,5
1932,4,2,6
1932,7,6,13
1932,4,3,7
1932,7,3,10
1932,4,10,14
1932,9,4,13
1932,6,5,11
1932,6,0,6
1932,4,3,7
1932,6,5,11
1932,9,7,16
1932,3,2,5
1932,4,10,14
1932,5,4,9
1932,4,3,7
1932,3,1,4
1932,4,1,5
1932,6,5,11
1932,6,0,6
1932,6,1,7
1932,5,0,5
1932,6,4,10
1932,8,14,22
1932,3,2,5
1932,8,1,9
1932,8,7,15
1932,4,2,6
1932,5,11,16
1932,3,1,4
1932,4,2,6
1932,9,3,12
1932,2,0,2
1932,2,0,2
1932,3,1,4
1932,7,5,12
1932,2,2,4
1932,5,11,16
1932,6,5,11
1932,8,4,12
1932,5,1,6
1932,8,1,9
1932,6,1,7
1932,4,3,7
1932,7,2,9
1932,3,0,3
1932,4,0,4
1932,5,4,9
1932,5,1,6
1932,8,7,15
1932,7,15,22
1932,4,3,7
1932,6,3,9
1932,5,4,9
1932,7,3,10
1932,7,4,11
1932,5,2,7
1932,3,1,4
1932,9,3,12
1932,5,3,8
1932,9,6,15
1932,6,2,8
1932,2,1,3
1932,5,4,9
1932,9,3,12
1932,4,3,7
1932,5,15,20
1932,3,11,14
1932,6,5,11
1932,6,5,11
1932,8,5,13
1932,8,11,19
1932,4,10,14
1932,4,2,6
1932,5,4,9
1932,8,0,8
1932,4,2,6
1932,13,10,23
1932,6,1,7
1932,5,0,5
1932,2,1,3
1932,5,4,9
1932,9,2,11
1932,7,4,11
1932,8,3,11
1932,6,2,8
1932,10,1,11
1932,4,3,7
1932,5,4,9
1932,2,1,3
1932,3,2,5
1932,5,2,7
1932,5,11,16
1932,4,1,5
1932,6,4,10
1932,7,15,22
1932,6,3,9
1932,3,10,13
1932,4,3,7
1932,8,3,11
1932,7,10,17
1932,7,6,13
1932,6,2,8
1932,4,3,7
1932,6,5,11
1932,6,4,10
1932,7,10,17
1932,3,2,5
1932,5,4,9
1932,7,11,18
1932,9,10,19
1932,7,1,8
1932,11,10,21
1932,5,4,9
1932,2,1,3
1932,7,6,13
1932,6,2,8
1932,5,4,9
1932,8,5,13
1932,7,1,8
1932,7,3,10
1932,15,0,15
1932,2,1,3
1932,3,1,4
1932,5,3,8
1932,5,3,8
1932,5,4,9
1932,3,0,3
1932,6,5,11
1932,4,3,7
1932,7,1,8
1932,8,13,21
1932,3,2,5
1932,6,5,11
1932,3,0,3
1932,5,2,7
1932,3,11,14
1932,8,2,10
1932,7,5,12
1932,5,1,6
1932,8,6,14
1932,2,13,15
1932,5,4,9
1932,5,3,8
1932,3,1,4
1932,9,2,11
1932,6,5,11
1932,8,6,14
1932,6,3,9
1932,3,2,5
1932,5,4,9
1932,4,3,7
1932,3,1,4
1932,9,12,21
1932,6,4,10
1932,6,2,8
1932,9,3,12
1932,4,3,7
1932,6,0,6
1932,8,3,11
1932,4,2,6
1932,4,11,15
1932,2,0,2
1932,7,5,12
1932,6,5,11
1932,2,12,14
1932,4,1,5
1932,3,2,5
1932,4,3,7
1932,2,1,3
1932,6,4,10
1932,7,7,14
1932,3,0,3
1932,3,1,4
1932,5,2,7
1932,9,6,15
1932,14,13,27
1932,4,1,5
1932,4,10,14
1932,11,1,12
1932,3,2,5
1932,6,4,10
1932,9,2,11
1932,5,2,7
1932,6,3,9
1932,4,3,7
1932,11,10,21
1932,4,1,5
1932,7,11,18
1932,5,2,7
1932,5,4,9
1932,4,10,14
1932,3,1,4
1932,3,13,16
1932,10,1,11
1932,2,1,3
1932,9,4,13
1932,5,4,9
1932,5,4,9
1932,7,3,10
1932,3,2,5
1932,7,1,8
1932,8,3,11
1932,4,3,7
1932,9,3,12
1932,8,3,11
1932,7,1,8
1932,4,2,6
1932,6,5,11
1932,3,1,4
1932,3,0,3
1932,4,1,5
1932,9,3,12
1932,3,1,4
1932,3,2,5
1932,7,1,8
1932,9,4,13
1932,3,1,4
1932,5,2,7
1932,3,2,5
1932,9,0,9
1932,8,3,11
1932,4,3,7
1932,4,1,5
1932,6,13,19
1932,3,0,3
1932,3,2,5
1932,8,5,13
1932,7,2,9
1932,8,7,15
1932,8,7,15
1932,7,4,11
1932,3,2,5
1932,4,1,5
1932,6,2,8
1932,8,3,11
1932,3,2,5
1932,3,2,5
1932,5,3,8
1932,7,6,13
1932,1,0,1
1932,5,4,9
1932,5,4,9
1932,5,0,5
1932,7,4,11
1932,9,2,11
1932,5,1,6
1932,6,4,10
1932,5,1,6
1932,3,2,5
1932,5,2,7
1932,4,3,7
1932,7,4,11
1932,4,3,7
1932,7,3,10
1932,9,2,11
1932,6,5,11
1932,7,4,11
1932,6,3,9
1932,7,2,9
1932,2,1,3
1932,9,6,15
1932,5,4,9
1932,6,3,9
1932,5,3,8
1932,4,1,5
1932,5,2,7
1932,5,0,5
1932,5,2,7
1932,2,11,13
1932,3,13,16
1932,3,1,4
1932,3,1,4
1932,1,0,1
1932,3,2,5
1932,9,6,15
1932,4,3,7
1932,3,11,14
1932,3,1,4
1932,2,1,3
1932,8,4,12
1932,2,0,2
1932,4,2,6
1932,7,0,7
1932,7,2,9
1932,8,7,15
1932,8,5,13
1932,3,0,3
1932,6,13,19
1932,6,2,8
1932,12,0,12
1932,8,4,12
1932,8,4,12
1932,8,2,10
1932,3,2,5
1932,8,6,14
1932,8,7,15
1932,1,0,1
1932,5,4,9
1932,8,4,12
1932,5,4,9
1932,8,7,15
1932,7,4,11
1932,8,3,11
1932,7,13,20
1932,5,3,8
1932,6,4,10
1932,5,5,10
1932,5,4,9
1932,5,3,8
1932,6,3,9
1932,7,1,8
1932,7,4,11
1932,2,1,3
1932,6,12,18
1932,5,2,7
1932,7,5,12
1932,6,13,19
1933,3,0,3
1933,4,1,5
1933,4,1,5
1933,4,2,6
1933,4,1,5
1933,3,1,4
1933,5,2,7
1933,7,4,11
1933,4,3,7
1933,5,4,9
1933,7,11,18
1933,4,11,15
1933,6,2,8
1933,7,1,8
1933,5,1,6
1933,6,4,10
1933,3,0,3
1933,7,3,10
1933,2,1,3
1933,2,1,3
1933,1,1,2
1933,2,0,2
1933,7,0,7
1933,5,4,9
1933,7,1,8
1933,8,5,13
1933,4,3,7
1933,4,2,6
1933,3,1,4
1933,12,0,12
1933,2,1,3
1933,3,2,5
1933,1,0,1
1933,6,4,10
1933,2,1,3
1933,3,0,3
1933,2,10,12
1933,5,4,9
1933,3,1,4
1933,1,0,1
1933,8,1,9
1933,3,1,4
1933,7,5,12
1933,4,0,4
1933,5,0,5
1933,3,1,4
1933,3,1,4
1933,5,1,6
1933,4,0,4
1933,2,1,3
1933,6,2,8
1933,3,1,4
1933,5,1,6
1933,7,3,10
1933,7,10,17
1933,6,5,11
1933,2,0,2
1933,7,5,12
1933,2,1,3
1933,4,1,5
1933,4,3,7
1933,2,0,2
1933,3,1,4
1933,4,0,4
1933,6,2,8
1933,5,4,9
1933,16,10,26
1933,5,4,9
1933,4,3,7
1933,4,0,4
1933,6,5,11
1933,11,10,21
1933,6,4,10
1933,5,3,8
1933,4,1,5
1933,8,2,10
1933,7,1,8
1933,3,10,13
1933,16,0,16
1933,5,1,6
1933,6,4,10
1933,2,0,2
1933,3,1,4
1933,2,1,3
1933,3,2,5
1933,1,0,1
1933,4,10,14
1933,3,2,5
1933,5,2,7
1933,5,2,7
1933,3,2,5
1933,3,2,5
1933,5,2,7
1933,6,1,7
1933,5,1,6
1933,4,3,7
1933,9,8,17
1933,2,0,2
1933,5,3,8
1933,2,1,3
1933,6,3,9
1933,7,0,7
1933,4,1,5
1933,6,3,9
1933,8,3,11
1933,6,4,10
1933,4,11,15
1933,6,3,9
1933,3,0,3
1933,8,4,12
1933,7,5,12
1933,5,3,8
1933,8,1,9
1933,3,1,4
1933,2,11,13
1933,8,3,11
1933,8,11,19
1933,5,1,6
1933,5,4,9
1933,8,1,9
1933,10,0,10
1933,4,13,17
1933,2,1,3
1933,3,2,5
1933,11,0,11
1933,6,5,11
1933,2,1,3
1933,6,4,10
1933,6,2,8
1933,2,1,3
1933,4,0,4
1933,2,1,3
1933,6,5,11
1933,5,2,7
1933,2,1,3
1933,5,4,9
1933,5,2,7
1933,4,2,6
1933,2,1,3
1933,8,5,13
1933,5,3,8
1933,9,6,15
1933,7,6,13
1933,6,2,8
1933,8,6,14
1933,5,12,17
1933,4,2,6
1933,2,11,13
1933,5,2,7
1933,4,3,7
1933,3,2,5
1933,7,6,13
1933,8,4,12
1933,9,10,19
1933,6,2,8
1933,1,0,1
1933,5,0,5
1933,3,0,3
1933,7,3,10
1933,4,3,7
1933,8,10,18
1933,7,0,7
1933,7,5,12
1933,2,10,12
1933,4,2,6
1933,3,2,5
1933,6,4,10
1933,7,10,17
1933,4,3,7
1933,5,0,5
1933,7,6,13
1933,2,1,3
1933,4,1,5
1933,7,6,13
1933,4,3,7
1933,7,3,10
1933,4,3,7
1933,7,3,10
1933,3,11,14
1933,8,4,12
1933,1,1,2
1933,8,2,10
1933,5,4,9
1933,2,1,3
1933,7,5,12
1933,7,1,8
1933,8,6,14
1933,4,0,4
1933,8,4,12
1933,8,10,18
1933,9,11,20
1933,5,3,8
1933,1,0,1
1933,3,0,3
1933,5,3,8
1933,6,1,7
1933,3,2,5
1933,5,1,6
1933,5,1,6
1933,9,5,14
1933,1,0,1
1933,5,4,9
1933,3,2,5
1933,4,1,5
1933,6,3,9
1933,8,4,12
1933,6,5,11
1933,11,10,21
1933,7,3,10
1933,8,0,8
1933,4,1,5
1933,5,2,7
1933,6,4,10
1933,5,2,7
1933,3,2,5
1933,8,2,10
1933,3,0,3
1933,10,1,11
1933,1,0,1
1933,5,1,6
1933,9,1,10
1933,6,2,8
1933,5,14,19
1933,6,5,11
1933,7,5,12
1933,5,4,9
1933,6,5,11
1933,9,2,11
1933,5,3,8
1933,8,7,15
1933,10,1,11
1933,6,5,11
1933,3,1,4
1933,7,6,13
1933,4,2,6
1933,7,2,9
1933,4,2,6
1933,7,6,13
1933,4,1,5
1933,7,0,7
1933,2,0,2
1933,7,6,13
1933,6,3,9
1933,3,1,4
1933,4,2,6
1933,8,4,12
1933,2,1,3
1933,8,4,12
1933,6,0,6
1933,3,2,5
1933,4,11,15
1933,9,0,9
1933,3,0,3
1933,6,5,11
1933,3,0,3
1933,3,0,3
1933,6,5,11
1933,7,0,7
1933,9,5,14
1933,6,4,10
1933,8,6,14
1933,8,6,14
1933,3,0,3
1933,3,1,4
1933,7,1,8
1933,5,2,7
1933,3,1,4
1933,7,4,11
1933,6,5,11
1933,3,1,4
1933,3,2,5
1933,3,0,3
1933,4,1,5
1933,4,3,7
1933,7,2,9
1933,6,5,11
1933,4,3,7
1933,3,2,5
1933,8,6,14
1933,10,1,11
1933,6,5,11
1933,5,4,9
1933,5,2,7
1933,6,0,6
1933,4,3,7
1933,15,11,26
1933,5,2,7
1933,10,1,11
1933,5,2,7
1933,2,11,13
1933,5,4,9
1933,5,1,6
1933,3,2,5
1933,4,2,6
1933,4,0,4
1933,5,3,8
1933,2,1,3
1933,9,7,16
1933,8,7,15
1933,5,3,8
1933,7,4,11
1933,7,3,10
1933,8,11,19
1933,7,2,9
1933,8,15,23
1933,8,6,14
1933,3,1,4
1933,2,1,3
1933,3,1,4
1933,2,1,3
1933,2,1,3
1933,6,2,8
1933,5,4,9
1933,3,2,5
1933,3,2,5
1933,5,1,6
1933,7,12,19
1933,9,7,16
1933,6,1,7
1933,3,1,4
1933,7,2,9
1933,3,1,4
1933,7,5,12
1933,6,1,7
1933,7,2,9
1933,14,1,15
1933,5,4,9
1933,3,11,14
1933,2,1,3
1933,1,0,1
1933,8,3,11
1933,3,1,4
1933,4,2,6
1933,8,6,14
1933,6,11,17
1933,17,11,28
1933,7,4,11
1933,5,0,5
1933,9,5,14
1933,5,4,9
1933,8,5,13
1933,8,5,13
1933,2,0,2
1933,6,1,7
1933,1,0,1
1933,9,6,15
1933,9,3,12
1933,9,2,11
1933,4,2,6
1933,6,2,8
1933,2,1,3
1933,4,3,7
1933,3,2,5
1933,6,0,6
1933,6,13,19
1933,2,10,12
1933,4,3,7
1933,8,7,15
1933,7,4,11
1933,7,14,21
1933,7,2,9
1933,5,3,8
1933,6,2,8
1933,5,2,7
1933,4,0,4
1933,8,4,12
1933,8,4,12
1933,5,3,8
1933,3,1,4
1933,7,2,9
1933,3,1,4
1933,13,13,26
1933,4,1,5
1933,4,3,7
1933,3,12,15
1933,3,2,5
1933,5,3,8
1933,7,6,13
1933,14,10,24
1933,8,2,10
1933,2,1,3
1933,7,2,9
1933,9,10,19
1933,7,6,13
1933,2,0,2
1933,2,12,14
1933,7,5,12
1933,3,2,5
1933,6,4,10
1933,5,2,7
1933,5,2,7
1933,9,5,14
1933,8,7,15
1933,4,3,7
1933,4,3,7
1933,8,7,15
1933,9,11,20
1933,6,4,10
1933,5,2,7
1933,6,1,7
1933,5,3,8
1933,5,4,9
1933,9,8,17
1933,1,0,1
1933,7,5,12
1933,7,11,18
1933,3,0,3
1933,6,13,19
1933,3,1,4
1933,6,5,11
1933,7,4,11
1933,6,5,11
1933,6,1,7
1933,2,1,3
1933,1,0,1
1933,6,3,9
1933,4,15,19
1933,4,3,7
1933,6,10,16
1933,5,13,18
1933,14,1,15
1933,7,0,7
1933,2,13,15
1933,8,5,13
1933,6,3,9
1933,3,2,5
1933,8,5,13
1933,5,0,5
1933,7,4,11
1933,9,3,12
1933,9,1,10
1933,3,1,4
1933,3,15,18
1933,7,5,12
1933,8,3,11
1933,2,17,19
1933,3,2,5
1933,8,7,15
1933,3,3,6
1933,3,11,14
1933,3,2,5
1933,4,3,7
1933,3,10,13
1933,3,1,4
1933,5,3,8
1933,4,3,7
1933,6,4,10
1933,5,4,9
1933,13,1,14
1933,6,5,11
1933,7,0,7
1933,4,0,4
1933,3,2,5
1933,7,11,18
1933,2,0,2
1933,14,1,15
1933,3,2,5
1933,6,5,11
1933,4,3,7
1933,5,2,7
1933,9,4,13
1933,3,0,3
1933,8,7,15
1933,4,10,14
1933,4,15,19
1933,6,2,8
1933,8,15,23
1933,9,5,14
1933,9,4,13
1933,5,3,8
1933,7,4,11
1933,7,3,10
1933,7,5,12
1933,6,5,11
1933,5,3,8
1933,9,0,9
1933,11,1,12
1933,9,10,19
1933,5,3,8
1933,3,1,4
1933,8,10,18
1933,5,3,8
1933,9,0,9
1933,3,1,4
1933,4,11,15
1933,6,11,17
1933,9,7,16
1933,4,0,4
1933,9,3,12
1933,5,4,9
1933,5,4,9
1933,7,3,10
1933,8,4,12
1933,3,2,5
1933,2,1,3
1933,9,4,13
1933,6,10,16
1933,5,4,9
1933,3,15,18
1933,2,1,3
1933,7,5,12
1933,6,2,8
1933,4,16,20
1933,5,2,7
1933,7,10,17
1933,5,1,6
1933,8,4,12
1933,5,2,7
1933,9,1,10
1933,3,12,15
1933,4,3,7
1933,3,2,5
1933,5,3,8
1933,9,0,9
1933,10,1,11
1933,6,5,11
1933,3,0,3
1933,7,1,8
1933,6,3,9
1933,6,10,16
1933,6,4,10
1933,8,2,10
1933,4,3,7
1933,5,13,18
1933,2,11,13
1933,1,0,1
1933,8,3,11
1933,7,6,13
1933,9,8,17
1933,5,4,9
1933,8,1,9
1933,6,5,11
1933,4,3,7
1933,3,0,3
1933,9,8,17
1933,2,15,17
1933,7,10,17
1933,5,2,7
1933,7,4,11
1933,9,5,14
1933,8,3,11
1933,7,2,9
1933,9,3,12
1933,5,4,9
1933,7,3,10
1933,6,4,10
1933,4,1,5
1933,6,3,9
1933,9,2,11
1933,4,2,6
1933,13,12,25
1933,2,1,3
1933,1,0,1
1933,5,4,9
1933,12,11,23
1933,7,11,18
1933,3,13,16
1933,6,5,11
1933,7,2,9
1933,4,2,6
1933,3,11,14
1933,11,1,12
1933,8,13,21
1933,4,3,7
1933,15,14,29
1933,7,3,10
1933,4,3,7
1933,1,0,1
1933,3,0,3
1933,7,3,10
1933,1,0,1
1933,1,0,1
1933,6,5,11
1933,6,11,17
1933,5,2,7
1933,5,2,7
1933,8,5,13
1933,6,3,9
1933,4,2,6
1933,3,0,3
1933,8,5,13
1933,4,0,4
1933,8,1,9
1933,5,2,7
1933,6,3,9
1933,6,5,11
1933,3,2,5
1933,4,14,18
1933,9,1,10
1933,5,1,6
1933,4,2,6
1933,7,4,11
1933,6,5,11
1933,5,3,8
1933,6,10,16
1933,4,2,6
1933,7,6,13
1933,9,4,13
1933,6,5,11
1933,8,5,13
1933,9,4,13
1933,9,1,10
1933,4,10,14
1933,4,1,5
1933,2,1,3
1933,6,3,9
1933,5,2,7
1933,4,10,14
1933,6,11,17
1933,8,7,15
1933,3,0,3
1933,1,0,1
1933,6,2,8
1933,5,4,9
1933,4,0,4
1933,9,2,11
1933,4,0,4
1933,2,1,3
1933,3,2,5
1933,3,1,4
1933,7,11,18
1933,7,6,13
1933,8,6,14
1933,2,0,2
1933,3,2,5
1933,9,5,14
1933,6,10,16
1933,3,2,5
1933,7,1,8
1933,3,2,5
1933,3,2,5
1933,2,1,3
1933,6,2,8
1933,2,1,3
1933,5,4,9
1933,6,4,10
1933,5,3,8
1933,2,1,3
1933,9,3,12
1933,1,0,1
1933,5,3,8
1933,4,1,5
1933,4,2,6
1933,6,4,10
1933,9,8,17
1933,3,0,3
1933,4,1,5
1933,3,2,5
1933,4,1,5
1933,4,3,7
1933,12,0,12
1933,6,5,11
1933,8,3,11
1933,3,2,5
1933,9,6,15
1933,8,3,11
1933,5,3,8
1933,6,0,6
1933,6,11,17
1933,3,2,5
1933,4,3,7
1933,7,12,19
1933,4,0,4
1933,7,2,9
1933,4,0,4
1933,2,11,13
1933,3,2,5
1933,3,2,5
1933,1,0,1
1933,2,0,2
1933,2,1,3
1933,2,1,3
1933,3,1,4
1933,1,0,1
1933,1,0,1
1933,4,2,6
1933,8,2,10
1933,7,0,7
1933,2,14,16
1933,7,0,7
1933,2,1,3
1933,4,1,5
1933,14,1,15
1933,9,4,13
1933,5,2,7
1933,8,11,19
1933,9,4,13
1933,4,3,7
1933,8,7,15
1933,6,5,11
1933,8,4,12
1933,7,3,10
1933,5,10,15
1933,4,1,5
1933,7,3,10
1933,8,7,15
1933,5,0,5
1933,10,1,11
1933,1,0,1
1933,3,1,4
1933,6,5,11
1933,6,5,11
1933,3,2,5
1933,1,0,1
1933,2,12,14
1933,2,1,3
1933,2,10,12
1933,6,3,9
1933,6,5,11
1933,7,0,7
1933,7,1,8
1933,5,3,8
1933,4,1,5
1933,8,0,8
1933,2,1,3
1933,8,7,15
1933,6,5,11
1933,1,0,1
1933,7,2,9
1933,9,5,14
1933,4,3,7
1933,6,2,8
1933,7,2,9
1933,8,5,13
1933,9,5,14
1933,3,1,4
1933,6,1,7
1933,6,4,10
1933,8,1,9
1933,8,1,9
1933,12,0,12
1933,2,1,3
1933,8,12,20
1933,5,2,7
1933,6,10,16
1933,2,1,3
1933,9,3,12
1933,5,1,6
1933,4,3,7
1933,4,1,5
1933,3,1,4
1933,2,0,2
1933,9,4,13
1933,7,1,8
1933,9,7,16
1933,5,3,8
1933,4,3,7
1933,3,2,5
1933,6,2,8
1933,9,1,10
1933,9,10,19
1933,2,0,2
1933,4,3,7
1933,2,1,3
1933,2,0,2
1933,4,3,7
1933,3,2,5
1933,7,2,9
1933,13,12,25
1933,8,1,9
1933,3,2,5
1933,1,0,1
1933,6,5,11
1933,12,11,23
1933,4,14,18
1933,9,8,17
1933,6,4,10
1933,9,6,15
1933,5,11,16
1933,8,3,11
1933,3,1,4
1933,8,7,15
1933,2,15,17
1933,5,4,9
1933,8,6,14
1933,6,1,7
1933,5,3,8
1933,8,2,10
1933,6,5,11
1933,7,2,9
1933,8,12,20
1933,9,13,22
1933,3,1,4
1933,3,1,4
1933,9,3,12
1933,5,2,7
1933,8,5,13
1933,3,1,4
1933,6,10,16
1933,2,1,3
1933,4,3,7
1933,3,16,19
1933,6,13,19
1933,18,1,19
1933,4,3,7
1933,8,16,24
1933,2,1,3
1933,3,0,3
1933,2,1,3
1933,7,0,7
1933,4,1,5
1933,7,2,9
1933,8,4,12
1933,4,1,5
1933,3,0,3
1933,3,2,5
1933,18,1,19
1933,5,4,9
1933,2,1,3
1933,6,2,8
1933,6,3,9
1933,2,1,3
1933,6,15,21
1933,7,1,8
1933,8,3,11
1933,3,11,14
1933,7,3,10
1933,9,10,19
1933,3,2,5
1933,6,3,9
1933,3,2,5
1933,1,0,1
1933,2,1,3
1933,6,0,6
1933,2,1,3
1933,1,0,1
1933,7,3,10
1933,2,1,3
1933,5,4,9
1933,6,5,11
1933,7,1,8
1933,8,12,20
1933,6,3,9
1933,6,5,11
1933,5,4,9
1933,8,5,13
1933,6,0,6
1933,1,0,1
1933,4,2,6
1933,5,1,6
1933,7,6,13
1933,3,2,5
1933,7,10,17
1933,4,1,5
1933,8,4,12
1933,5,3,8
1933,6,3,9
1933,4,0,4
1933,8,4,12
1933,2,0,2
1933,8,2,10
1933,8,5,13
1933,2,1,3
1933,5,3,8
1933,2,11,13
1933,4,3,7
1933,2,0,2
1933,9,11,20
1933,8,6,14
1933,5,2,7
1933,3,2,5
1933,3,2,5
1933,19,10,29
1933,6,2,8
1933,11,0,11
1933,6,5,11
1933,3,2,5
1933,5,3,8
1933,3,2,5
1933,2,1,3
1933,3,2,5
1933,4,3,7
1933,4,3,7
1933,5,11,16
1933,6,5,11
1933,2,1,3
1933,5,1,6
1933,8,7,15
1933,5,3,8
1933,5,1,6
1933,8,5,13
1933,2,1,3
1933,7,11,18
1933,6,1,7
1933,5,1,6
1933,5,4,9
1933,6,5,11
1933,5,0,5
1933,7,6,13
1933,2,0,2
1933,3,13,16
1933,14,1,15
1933,4,15,19
1933,6,2,8
1933,7,2,9
1933,9,5,14
1933,7,6,13
1933,4,3,7
1933,6,4,10
1933,2,1,3
1933,7,6,13
1933,4,1,5
1933,8,3,11
1933,5,2,7
1933,5,2,7
1933,8,7,15
1933,6,5,11
1933,6,0,6
1933,8,4,12
1933,2,12,14
1933,3,0,3
1933,5,3,8
1933,6,2,8
1933,5,0,5
1933,5,4,9
1933,8,1,9
1933,3,14,17
1933,3,11,14
1933,6,14,20
1933,9,4,13
1933,5,4,9
1933,4,1,5
1933,6,1,7
1933,2,1,3
1933,4,3,7
1933,3,3,6
1933,10,1,11
1933,7,12,19
1933,5,4,9
1933,8,1,9
1933,4,0,4
1933,4,3,7
1933,8,10,18
1933,7,6,13
1933,4,3,7
1933,3,1,4
1933,12,1,13
1933,2,1,3
1933,2,1,3
1933,9,5,14
1933,2,0,2
1933,3,2,5
1933,4,3,7
1933,6,1,7
1933,7,6,13
1933,10,1,11
1933,6,13,19
1933,5,0,5
1933,9,6,15
1933,7,6,13
1933,4,3,7
1933,4,3,7
1933,4,3,7
1933,8,1,9
1933,6,4,10
1933,5,4,9
1933,8,5,13
1933,6,2,8
1933,8,7,15
1933,7,4,11
1933,3,11,14
1933,6,4,10
1933,4,2,6
1933,3,0,3
1933,5,10,15
1933,5,4,9
1933,9,5,14
1933,2,1,3
1933,7,2,9
1933,6,4,10
1933,6,5,11
1933,8,1,9
1933,2,0,2
1933,5,2,7
1933,7,0,7
1933,5,3,8
1933,5,3,8
1933,9,8,17
1933,14,1,15
1933,6,3,9
1933,4,3,7
1933,2,12,14
1933,7,1,8
1933,5,5,10
1933,7,5,12
1933,5,3,8
1933,2,0,2
1933,9,5,14
1933,6,1,7
1933,8,12,20
1933,9,5,14
1933,9,1,10
1933,5,13,18
1933,6,2,8
1933,5,11,16
1933,2,1,3
1933,7,2,9
1933,9,11,20
1933,3,0,3
1933,2,0,2
1933,4,1,5
1933,8,10,18
1933,9,4,13
1933,2,1,3
1933,7,3,10
1933,3,2,5
1933,5,4,9
1933,5,1,6
1933,3,10,13
1933,4,10,14
1933,7,3,10
1933,4,1,5
1933,2,15,17
1933,13,11,24
1933,2,0,2
1933,5,3,8
1933,7,3,10
1933,4,2,6
1933,3,12,15
1933,2,1,3
1933,2,0,2
1933,5,3,8
1933,4,12,16
1933,5,0,5
1933,2,1,3
1933,7,3,10
1933,8,4,12
1933,4,1,5
1933,7,1,8
1933,4,3,7
1933,4,4,8
1933,3,14,17
1933,3,1,4
1933,9,3,12
1933,2,1,3
1933,5,5,10
1933,3,2,5
1933,6,4,10
1933,5,2,7
1933,3,2,5
1933,2,0,2
1933,8,0,8
1933,5,4,9
1933,1,0,1
1933,5,4,9
1933,9,6,15
1933,6,1,7
1933,9,6,15
1933,6,1,7
1933,5,11,16
1933,4,3,7
1933,7,3,10
1933,8,18,26
1933,3,2,5
1933,5,4,9
1933,6,5,11
1933,9,1,10
1933,3,1,4
1933,8,7,15
1933,3,1,4
1933,2,1,3
1933,2,0,2
1933,8,12,20
1933,6,0,6
1933,2,14,16
1933,10,1,11
1933,1,0,1
1933,4,3,7
1933,4,3,7
1933,8,3,11
1933,12,0,12
1933,5,3,8
1933,9,2,11
1933,2,1,3
1933,6,5,11
1933,2,11,13
1933,6,4,10
1933,3,2,5
1933,7,2,9
1933,6,6,12
1933,5,3,8
1933,6,2,8
1933,8,7,15
1933,6,3,9
1933,3,2,5
1933,3,2,5
1933,4,0,4
1933,2,1,3
1933,3,2,5
1933,4,0,4
1933,4,2,6
1933,6,1,7
1933,2,1,3
1933,2,1,3
1933,9,1,10
1933,7,0,7
1933,5,10,15
1933,7,3,10
1933,3,1,4
1933,5,1,6
1933,5,3,8
1933,8,0,8
1933,3,0,3
1933,5,1,6
1933,4,1,5
1933,2,0,2
1933,5,3,8
1933,1,0,1
1933,2,0,2
1933,3,1,4
1933,3,1,4
1933,2,0,2
1933,3,2,5
1933,4,2,6
1933,1,0,1
1933,4,1,5
1933,4,3,7
1933,2,1,3
1933,4,3,7
1933,5,1,6
1933,4,0,4
1933,4,0,4
1933,3,1,4
1933,10,1,11
1933,9,2,11
1933,2,1,3
1933,6,3,9
1933,3,2,5
1933,6,1,7
1933,6,0,6
1933,5,2,7
1933,6,4,10
1933,10,0,10
1933,14,13,27
1933,4,11,15
1933,4,3,7
1933,6,5,11
1933,6,5,11
1933,5,2,7
1933,6,0,6
1933,3,2,5
1933,6,1,7
1933,4,3,7
1933,4,3,7
1933,9,0,9
1933,6,4,10
1933,8,2,10
1933,6,1,7
1933,4,3,7
1933,9,8,17
1933,2,1,3
1933,6,0,6
1933,4,3,7
1933,4,2,6
1933,4,3,7
1933,3,12,15
1933,3,0,3
1933,10,1,11
1933,3,10,13
1933,5,2,7
1933,2,1,3
1933,3,2,5
1933,3,12,15
1933,4,0,4
1933,5,3,8
1933,2,1,3
1933,3,0,3
1933,5,13,18
1933,3,10,13
1933,2,1,3
1933,3,0,3
1933,16,12,28
1933,7,1,8
1933,6,5,11
1933,5,3,8
1933,7,4,11
1933,3,0,3
1933,5,4,9
1933,5,4,9
1933,9,3,12
1933,3,1,4
1933,8,10,18
1933,7,12,19
1933,5,2,7
1933,7,1,8
1933,1,0,1
1933,8,7,15
1933,6,12,18
1933,2,1,3
1933,5,2,7
1933,6,5,11
1933,5,2,7
1933,5,4,9
1933,5,4,9
1933,4,11,15
1933,7,2,9
1933,6,3,9
1933,5,3,8
1933,3,2,5
1933,3,1,4
1933,6,0,6
1933,7,0,7
1933,10,1,11
1933,5,4,9
1933,2,2,4
1933,9,11,20
1933,4,3,7
1933,4,1,5
1933,8,5,13
1933,4,2,6
1933,2,1,3
1933,4,1,5
1933,3,0,3
1933,7,2,9
1933,2,1,3
1933,12,1,13
1933,2,12,14
1933,5,2,7
1933,4,1,5
1933,5,1,6
1933,7,5,12
1933,6,5,11
1933,5,3,8
1933,6,5,11
1933,7,1,8
1933,3,0,3
1933,4,2,6
1933,6,1,7
1933,4,0,4
1933,2,1,3
1933,4,3,7
1934,6,5,11
1934,8,7,15
1934,8,3,11
1934,6,0,6
1934,5,2,7
1934,6,1,7
1934,6,5,11
1934,7,1,8
1934,5,4,9
1934,3,2,5
1934,6,5,11
1934,8,4,12
1934,2,0,2
1934,6,2,8
1934,5,11,16
1934,7,6,13
1934,5,4,9
1934,7,3,10
1934,1,1,2
1934,9,8,17
1934,4,1,5
1934,3,2,5
1934,2,0,2
1934,4,10,14
1934,4,14,18
1934,5,0,5
1934,4,0,4
1934,7,3,10
1934,9,6,15
1934,9,6,15
1934,3,1,4
1934,8,3,11
1934,2,0,2
1934,7,2,9
1934,2,1,3
1934,8,1,9
1934,7,5,12
1934,6,5,11
1934,5,4,9
1934,6,5,11
1934,4,3,7
1934,2,15,17
1934,5,3,8
1934,3,2,5
1934,7,3,10
1934,1,0,1
1934,7,11,18
1934,5,4,9
1934,2,15,17
1934,5,0,5
1934,9,4,13
1934,6,1,7
1934,3,2,5
1934,3,2,5
1934,5,1,6
1934,2,0,2
1934,5,4,9
1934,2,1,3
1934,3,2,5
1934,3,2,5
1934,10,1,11
1934,7,10,17
1934,3,2,5
1934,4,1,5
1934,7,1,8
1934,4,1,5
1934,4,2,6
1934,8,10,18
1934,7,4,11
1934,5,2,7
1934,7,6,13
1934,6,4,10
1934,9,4,13
1934,7,1,8
1934,3,2,5
1934,8,7,15
1934,9,5,14
1934,6,2,8
1934,7,6,13
1934,6,2,8
1934,20,10,30
1934,7,2,9
1934,5,0,5
1934,5,4,9
1934,8,6,14
1934,6,10,16
1934,7,4,11
1934,7,2,9
1934,12,1,13
1934,5,4,9
1934,9,10,19
1934,6,11,17
1934,4,1,5
1934,3,2,5
1934,5,10,15
1934,12,11,23
1934,5,2,7
1934,6,5,11
1934,4,2,6
1934,4,1,5
1934,6,2,8
1934,6,0,6
1934,3,2,5
1934,5,3,8
1934,8,7,15
1934,4,1,5
1934,8,1,9
1934,6,3,9
1934,3,0,3
1934,4,3,7
1934,3,1,4
1934,5,3,8
1934,13,12,25
1934,5,4,9
1934,6,10,16
1934,4,10,14
1934,6,3,9
1934,7,1,8
1934,9,1,10
1934,4,14,18
1934,5,11,16
1934,5,3,8
1934,6,5,11
1934,4,3,7
1934,8,5,13
1934,3,2,5
1934,5,0,5
1934,8,6,14
1934,2,0,2
1934,3,2,5
1934,14,1,15
1934,7,3,10
1934,7,6,13
1934,5,10,15
1934,7,17,24
1934,5,1,6
1934,6,13,19
1934,7,3,10
1934,8,3,11
1934,2,0,2
1934,5,2,7
1934,5,4,9
1934,7,6,13
1934,5,4,9
1934,9,10,19
1934,3,10,13
1934,9,8,17
1934,5,4,9
1934,6,2,8
1934,4,0,4
1934,8,1,9
1934,11,10,21
1934,8,12,20
1934,5,2,7
1934,3,13,16
1934,5,3,8
1934,5,4,9
1934,6,5,11
1934,13,1,14
1934,8,5,13
1934,7,6,13
1934,5,10,15
1934,6,4,10
1934,3,2,5
1934,4,3,7
1934,7,2,9
1934,5,0,5
1934,8,2,10
1934,4,3,7
1934,4,3,7
1934,6,11,17
1934,6,4,10
1934,6,5,11
1934,2,1,3
1934,2,14,16
1934,7,3,10
1934,5,4,9
1934,8,0,8
1934,9,3,12
1934,9,2,11
1934,7,12,19
1934,7,4,11
1934,8,2,10
1934,3,2,5
1934,5,0,5
1934,3,10,13
1934,6,5,11
1934,2,1,3
1934,5,3,8
1934,7,2,9
1934,6,14,20
1934,5,4,9
1934,6,3,9
1934,3,10,13
1934,4,3,7
1934,8,3,11
1934,6,2,8
1934,5,4,9
1934,3,1,4
1934,8,10,18
1934,2,1,3
1934,9,5,14
1934,3,11,14
1934,8,5,13
1934,2,1,3
1934,14,10,24
1934,3,2,5
1934,8,3,11
1934,6,5,11
1934,6,5,11
1934,4,1,5
1934,5,1,6
1934,1,0,1
1934,6,5,11
1934,8,5,13
1934,4,1,5
1934,9,5,14
1934,4,16,20
1934,7,10,17
1934,9,10,19
1934,13,10,23
1934,9,5,14
1934,6,5,11
1934,5,2,7
1934,4,11,15
1934,7,3,10
1934,5,4,9
1934,4,10,14
1934,6,5,11
1934,5,1,6
1934,5,2,7
1934,7,4,11
1934,4,13,17
1934,12,11,23
1934,5,3,8
1934,6,1,7
1934,2,14,16
1934,7,5,12
1934,5,11,16
1934,5,2,7
1934,3,2,5
1934,6,2,8
1934,7,3,10
1934,7,3,10
1934,2,1,3
1934,6,3,9
1934,7,1,8
1934,5,0,5
1934,6,5,11
1934,7,5,12
1934,3,18,21
1934,9,7,16
1934,9,3,12
1934,6,4,10
1934,9,7,16
1934,7,0,7
1934,6,4,10
1934,4,1,5
1934,5,0,5
1934,5,0,5
1934,9,6,15
1934,7,6,13
1934,9,2,11
1934,7,3,10
1934,5,2,7
1934,7,16,23
1934,8,1,9
1934,5,3,8
1934,7,11,18
1934,6,5,11
1934,6,12,18
1934,3,2,5
1934,1,0,1
1934,10,0,10
1934,9,13,22
1934,4,3,7
1934,6,4,10
1934,5,0,5
1934,2,1,3
1934,7,12,19
1934,5,2,7
1934,8,6,14
1934,4,10,14
1934,5,1,6
1934,7,2,9
1934,5,4,9
1934,9,6,15
1934,9,2,11
1934,8,7,15
1934,5,4,9
1934,1,0,1
1934,5,4,9
1934,5,3,8
1934,2,1,3
1934,7,6,13
1934,5,4,9
1934,6,2,8
1934,5,11,16
1934,3,2,5
1934,5,12,17
1934,9,3,12
1934,3,11,14
1934,8,7,15
1934,3,1,4
1934,3,1,4
1934,4,3,7
1934,5,10,15
1934,4,3,7
1934,13,1,14
1934,6,16,22
1934,12,0,12
1934,3,1,4
1934,5,4,9
1934,9,8,17
1934,4,13,17
1934,6,3,9
1934,3,2,5
1934,2,1,3
1934,7,10,17
1934,5,1,6
1934,2,11,13
1934,7,1,8
1934,6,2,8
1934,5,3,8
1934,4,2,6
1934,8,12,20
1934,7,2,9
1934,8,3,11
1934,8,2,10
1934,5,10,15
1934,20,2,22
1934,5,4,9
1934,4,13,17
1934,11,10,21
1934,5,4,9
1934,6,3,9
1934,8,7,15
1934,4,3,7
1934,3,15,18
1934,7,4,11
1934,3,2,5
1934,3,1,4
1934,5,1,6
1934,2,1,3
1934,6,2,8
1934,4,12,16
1934,6,12,18
1934,5,3,8
1934,2,1,3
1934,6,11,17
1934,5,14,19
1934,1,0,1
1934,1,0,1
1934,7,3,10
1934,3,2,5
1934,10,1,11
1934,4,3,7
1934,8,6,14
1934,5,13,18
1934,4,11,15
1934,3,2,5
1934,6,2,8
1934,8,1,9
1934,8,6,14
1934,8,3,11
1934,5,2,7
1934,3,1,4
1934,8,5,13
1934,4,2,6
1934,8,7,15
1934,4,3,7
1934,8,10,18
1934,7,4,11
1934,6,1,7
1934,3,1,4
1934,7,3,10
1934,7,18,25
1934,3,2,5
1934,4,2,6
1934,6,5,11
1934,12,1,13
1934,9,7,16
1934,7,3,10
1934,15,13,28
1934,2,1,3
1934,6,4,10
1934,6,2,8
1934,2,11,13
1934,2,15,17
1934,9,0,9
1934,3,11,14
1934,13,11,24
1934,6,4,10
1934,3,0,3
1934,7,0,7
1934,7,11,18
1934,3,2,5
1934,9,12,21
1934,5,1,6
1934,4,11,15
1934,4,3,7
1934,2,1,3
1934,6,3,9
1934,6,12,18
1934,6,4,10
1934,4,10,14
1934,8,7,15
1934,3,2,5
1934,7,6,13
1934,9,10,19
1934,8,4,12
1934,9,7,16
1934,7,6,13
1934,5,2,7
1934,8,3,11
1934,7,1,8
1934,5,3,8
1934,7,10,17
1934,6,3,9
1934,4,2,6
1934,3,2,5
1934,4,2,6
1934,9,7,16
1934,3,2,5
1934,5,2,7
1934,3,2,5
1934,9,3,12
1934,6,0,6
1934,7,5,12
1934,8,5,13
1934,6,5,11
1934,9,14,23
1934,6,5,11
1934,3,2,5
1934,5,0,5
1934,2,1,3
1934,7,11,18
1934,5,3,8
1934,8,10,18
1934,6,2,8
1934,3,0,3
1934,9,14,23
1934,7,12,19
1934,6,4,10
1934,15,10,25
1934,3,2,5
1934,3,0,3
1934,3,11,14
1934,6,5,11
1934,9,5,14
1934,13,10,23
1934,6,3,9
1934,4,1,5
1934,4,0,4
1934,4,1,5
1934,9,5,14
1934,7,5,12
1934,6,2,8
1934,4,1,5
1934,8,7,15
1934,9,2,11
1934,8,6,14
1934,11,1,12
1934,2,15,17
1934,4,2,6
1934,4,1,5
1934,3,3,6
1934,7,6,13
1934,7,2,9
1934,3,11,14
1934,2,10,12
1934,5,4,9
1934,2,1,3
1934,4,3,7
1934,6,3,9
1934,4,2,6
1934,6,2,8
1934,4,0,4
1934,5,4,9
1934,9,6,15
1934,8,6,14
1934,6,2,8
1934,5,1,6
1934,8,0,8
1934,2,0,2
1934,7,10,17
1934,5,0,5
1934,8,4,12
1934,5,11,16
1934,9,7,16
1934,7,0,7
1934,6,3,9
1934,2,13,15
1934,13,11,24
1934,7,1,8
1934,7,10,17
1934,6,4,10
1934,2,10,12
1934,5,2,7
1934,5,1,6
1934,6,2,8
1934,4,1,5
1934,5,4,9
1934,4,2,6
1934,7,13,20
1934,9,10,19
1934,6,0,6
1934,5,1,6
1934,8,4,12
1934,8,7,15
1934,4,1,5
1934,8,7,15
1934,8,7,15
1934,7,1,8
1934,4,0,4
1934,5,4,9
1934,5,2,7
1934,7,1,8
1934,7,2,9
1934,8,8,16
1934,6,2,8
1934,2,1,3
1934,4,11,15
1934,8,4,12
1934,7,6,13
1934,6,4,10
1934,4,3,7
1934,6,3,9
1934,3,0,3
1934,5,12,17
1934,4,3,7
1934,8,6,14
1934,2,2,4
1934,5,4,9
1934,3,10,13
1934,5,4,9
1934,3,2,5
1934,3,12,15
1934,5,2,7
1934,7,5,12
1934,7,4,11
1934,7,1,8
1934,9,2,11
1934,6,5,11
1934,5,0,5
1934,7,3,10
1934,2,11,13
1934,5,2,7
1934,7,3,10
1934,7,2,9
1934,9,10,19
1934,6,12,18
1934,10,0,10
1934,8,5,13
1934,4,10,14
1934,4,0,4
1934,3,2,5
1934,8,6,14
1934,5,2,7
1934,9,1,10
1934,15,0,15
1934,8,5,13
1934,2,11,13
1934,5,1,6
1934,4,3,7
1934,6,2,8
1934,6,2,8
1934,9,10,19
1934,6,3,9
1934,6,5,11
1934,7,13,20
1934,8,0,8
1934,8,3,11
1934,14,11,25
1934,6,18,24
1934,2,11,13
1934,9,1,10
1934,7,5,12
1934,4,3,7
1934,9,8,17
1934,16,13,29
1934,16,15,31
1934,11,10,21
1934,7,5,12
1934,4,2,6
1934,4,0,4
1934,7,4,11
1934,9,8,17
1934,11,10,21
1934,4,10,14
1934,7,4,11
1934,7,2,9
1934,2,0,2
1934,4,11,15
1934,3,12,15
1934,5,1,6
1934,5,10,15
1934,5,4,9
1934,6,3,9
1934,5,3,8
1934,6,1,7
1934,8,4,12
1934,5,2,7
1934,3,1,4
1934,2,1,3
1934,9,4,13
1934,7,13,20
1934,3,2,5
1934,5,2,7
1934,9,7,16
1934,5,13,18
1934,7,4,11
1934,3,2,5
1934,4,2,6
1934,3,1,4
1934,11,1,12
1934,8,5,13
1934,8,3,11
1934,8,6,14
1934,7,6,13
1934,3,2,5
1934,4,2,6
1934,7,6,13
1934,7,2,9
1934,2,10,12
1934,4,3,7
1934,5,10,15
1934,2,0,2
1934,12,11,23
1934,7,11,18
1934,18,0,18
1934,5,4,9
1934,8,7,15
1934,2,0,2
1934,6,3,9
1934,5,0,5
1934,4,0,4
1934,7,11,18
1934,5,10,15
1934,8,10,18
1934,8,10,18
1934,8,3,11
1934,5,3,8
1934,9,1,10
1934,8,12,20
1934,9,3,12
1934,5,4,9
1934,4,2,6
1934,7,4,11
1934,8,10,18
1934,3,2,5
1934,7,6,13
1934,6,2,8
1934,5,13,18
1934,4,3,7
1934,5,3,8
1934,2,1,3
1934,7,0,7
1934,7,4,11
1934,5,3,8
1934,3,1,4
1934,7,5,12
1934,3,16,19
1934,15,14,29
1934,4,2,6
1934,8,6,14
1934,9,8,17
1934,3,2,5
1934,4,2,6
1934,4,2,6
1934,4,3,7
1934,6,5,11
1934,4,0,4
1934,2,1,3
1934,8,7,15
1934,5,1,6
1934,7,6,13
1934,5,3,8
1934,5,4,9
1934,5,11,16
1934,7,4,11
1934,8,7,15
1934,5,3,8
1934,6,2,8
1934,7,6,13
1934,4,1,5
1934,3,2,5
1934,2,1,3
1934,6,14,20
1934,6,5,11
1934,3,2,5
1934,13,10,23
1934,5,4,9
1934,4,2,6
1934,8,2,10
1934,2,15,17
1934,4,2,6
1934,6,5,11
1934,1,0,1
1934,8,17,25
1934,2,1,3
1934,6,5,11
1934,6,4,10
1934,8,3,11
1934,4,2,6
1934,5,11,16
1934,9,11,20
1934,7,2,9
1934,6,5,11
1934,3,2,5
1934,5,2,7
1934,6,3,9
1934,4,3,7
1934,4,1,5
1934,6,10,16
1934,6,3,9
1934,5,0,5
1934,9,0,9
1934,4,2,6
1934,2,1,3
1934,7,3,10
1934,4,0,4
1934,8,3,11
1934,9,7,16
1934,5,4,9
1934,6,3,9
1934,5,12,17
1934,9,0,9
1934,2,11,13
1934,7,2,9
1934,6,3,9
1934,3,0,3
1934,5,3,8
1934,3,1,4
1934,6,3,9
1934,4,0,4
1934,11,1,12
1934,2,11,13
1934,4,3,7
1934,2,1,3
1934,5,4,9
1934,8,10,18
1934,3,2,5
1934,6,3,9
1934,2,1,3
1934,5,2,7
1934,1,0,1
1934,16,15,31
1934,6,4,10
1934,7,5,12
1934,4,2,6
1934,4,2,6
1934,2,0,2
1934,6,3,9
1934,9,5,14
1934,5,11,16
1934,6,3,9
1934,4,3,7
1934,8,0,8
1934,4,2,6
1934,4,1,5
1934,7,2,9
1934,6,4,10
1934,7,5,12
1934,9,7,16
1934,4,2,6
1934,2,11,13
1934,2,1,3
1934,8,2,10
1934,5,2,7
1934,8,4,12
1934,2,11,13
1934,3,10,13
1934,4,0,4
1934,7,6,13
1934,7,10,17
1934,7,4,11
1934,7,11,18
1934,6,10,16
1934,4,2,6
1934,8,7,15
1934,8,0,8
1934,6,2,8
1934,3,13,16
1934,3,0,3
1934,4,12,16
1934,9,8,17
1934,5,4,9
1934,6,4,10
1934,14,0,14
1934,5,1,6
1934,2,0,2
1934,9,3,12
1934,7,5,12
1934,5,3,8
1934,4,1,5
1934,8,7,15
1934,4,16,20
1934,5,1,6
1934,5,4,9
1934,4,21,25
1934,6,4,10
1934,2,1,3
1934,7,3,10
1934,7,4,11
1934,5,3,8
1934,4,0,4
1934,4,1,5
1934,5,2,7
1934,7,0,7
1934,3,1,4
1934,7,4,11
1934,6,4,10
1934,7,2,9
1934,3,1,4
1934,8,2,10
1934,2,0,2
1934,9,2,11
1934,8,12,20
1934,6,4,10
1934,9,4,13
1934,4,1,5
1934,4,3,7
1934,6,3,9
1934,3,2,5
1934,4,11,15
1934,4,10,14
1934,7,6,13
1934,2,0,2
1934,9,11,20
1934,7,4,11
1934,3,14,17
1934,9,2,11
1934,2,13,15
1934,5,16,21
1934,2,15,17
1934,3,10,13
1934,8,2,10
1934,6,5,11
1934,6,3,9
1934,5,3,8
1934,8,7,15
1934,3,17,20
1934,8,6,14
1934,3,2,5
1934,9,8,17
1934,7,0,7
1934,7,4,11
1934,6,5,11
1934,4,3,7
1934,8,3,11
1934,6,4,10
1934,2,1,3
1934,6,4,10
1934,7,1,8
1934,4,2,6
1934,3,2,5
1934,6,5,11
1934,9,6,15
1934,7,2,9
1934,6,4,10
1934,1,1,2
1934,9,0,9
1934,7,3,10
1934,2,15,17
1934,5,0,5
1934,9,5,14
1934,7,3,10
1934,3,2,5
1934,5,1,6
1934,5,1,6
1934,6,2,8
1934,7,5,12
1934,7,4,11
1934,8,2,10
1934,7,4,11
1934,2,1,3
1934,5,4,9
1934,4,3,7
1934,3,2,5
1934,6,1,7
1934,8,1,9
1934,4,3,7
1934,7,2,9
1934,6,0,6
1934,5,2,7
1934,5,2,7
1934,4,12,16
1934,5,0,5
1934,2,0,2
1934,9,8,17
1934,3,2,5
1934,7,3,10
1934,8,3,11
1934,2,12,14
1934,4,3,7
1934,1,0,1
1934,8,7,15
1934,2,0,2
1934,5,0,5
1934,2,1,3
1934,2,1,3
1934,10,0,10
1934,6,2,8
1934,15,0,15
1934,4,3,7
1934,4,1,5
1934,8,6,14
1934,4,3,7
1934,3,1,4
1934,4,2,6
1934,6,4,10
1934,9,3,12
1934,2,1,3
1934,9,5,14
1934,2,1,3
1934,9,10,19
1934,3,1,4
1934,9,8,17
1934,7,4,11
1934,6,2,8
1934,8,4,12
1934,6,1,7
1934,4,3,7
1934,8,6,14
1934,12,11,23
1934,9,5,14
1934,6,2,8
1934,3,2,5
1934,9,0,9
1934,4,10,14
1934,2,0,2
1934,7,5,12
1934,7,2,9
1934,9,4,13
1934,9,2,11
1934,3,0,3
1934,6,5,11
1934,5,3,8
1934,3,1,4
1934,6,4,10
1934,2,1,3
1934,9,10,19
1934,2,1,3
1934,5,0,5
1934,6,12,18
1934,3,2,5
1934,8,7,15
1934,4,3,7
1934,9,6,15
1934,5,3,8
1934,9,3,12
1934,5,4,9
1934,3,2,5
1934,4,1,5
1934,8,12,20
1934,7,6,13
1934,4,2,6
1934,3,2,5
1934,5,2,7
1934,7,1,8
1934,2,1,3
1934,6,5,11
1934,9,5,14
1934,2,0,2
1934,7,6,13
1934,8,5,13
1934,5,11,16
1934,7,2,9
1934,3,0,3
1934,9,5,14
1934,6,5,11
1934,1,0,1
1934,3,2,5
1934,11,0,11
1934,8,5,13
1934,10,1,11
1934,6,1,7
1934,8,2,10
1934,3,1,4
1934,8,6,14
1934,2,1,3
1934,5,3,8
1934,2,0,2
1934,4,0,4
1934,1,0,1
1934,3,1,4
1934,7,12,19
1934,5,13,18
1934,11,0,11
1934,7,0,7
1934,4,1,5
1934,5,4,9
1934,6,1,7
1934,8,2,10
1934,2,1,3
1934,3,1,4
1934,3,1,4
1934,3,2,5
1934,4,3,7
1934,7,1,8
1934,6,4,10
1934,5,1,6
1934,8,7,15
1934,1,1,2
1934,7,3,10
1934,2,11,13
1934,12,0,12
1934,2,1,3
1934,4,11,15
1934,1,0,1
1934,9,3,12
1934,2,1,3
1934,4,2,6
1934,5,4,9
1934,1,0,1
1934,4,2,6
1934,6,3,9
1934,6,4,10
1934,7,11,18
1934,3,10,13
1934,2,12,14
1934,6,5,11
1934,9,5,14
1934,6,4,10
1934,6,3,9
1934,4,4,8
1934,3,1,4
1934,3,2,5
1934,6,5,11
1934,8,4,12
1934,2,1,3
1934,8,2,10
1934,2,11,13
1934,4,2,6
1934,5,1,6
1934,1,0,1
1934,6,4,10
1934,7,5,12
1934,4,1,5
1934,5,3,8
1934,6,1,7
1934,2,1,3
1934,6,5,11
1934,5,4,9
1934,5,4,9
1934,4,2,6
1934,7,4,11
1934,3,2,5
1934,7,1,8
1934,5,1,6
1934,3,2,5
1934,4,3,7
1934,2,1,3
1934,5,1,6
1934,5,0,5
1934,3,0,3
1934,4,1,5
1934,11,1,12
1934,3,11,14
1934,2,1,3
1934,8,3,11
1934,6,5,11
1934,5,4,9
1934,1,0,1
1934,6,1,7
1934,7,3,10
1934,6,5,11
1934,2,1,3
1934,6,5,11
1934,7,4,11
1934,9,6,15
1934,2,1,3
1934,9,7,16
1934,4,1,5
1934,5,2,7
1934,2,0,2
1934,3,2,5
1934,6,4,10
1934,4,3,7
1934,3,1,4
1934,5,0,5
1934,6,4,10
1934,7,4,11
1934,7,3,10
1934,8,7,15
1934,5,2,7
1934,3,2,5
1934,1,0,1
1934,3,2,5
1934,3,1,4
1934,4,2,6
1934,3,1,4
1934,2,0,2
1934,2,0,2
1934,4,2,6
1934,1,0,1
1934,5,12,17
1934,6,4,10
1934,4,1,5
1934,9,7,16
1934,5,2,7
1934,2,1,3
1934,2,1,3
1934,2,12,14
1934,6,1,7
1934,4,1,5
1934,6,11,17
1934,5,4,9
1934,2,1,3
1934,5,2,7
1934,2,1,3
1934,12,10,22
1934,5,2,7
1934,2,1,3
1934,5,3,8
1934,3,1,4
1934,2,1,3
1934,2,0,2
1934,9,4,13
1934,6,13,19
1934,3,0,3
1934,3,0,3
1934,9,4,13
1934,6,0,6
1934,5,4,9
1934,9,6,15
1934,2,0,2
1934,2,0,2
1934,4,2,6
1934,7,3,10
1934,8,1,9
1934,2,1,3
1934,4,1,5
1934,8,4,12
1934,5,3,8
1934,14,0,14
1934,5,2,7
1934,5,2,7
1934,6,3,9
1934,5,4,9
1934,3,2,5
1934,2,1,3
1934,4,1,5
1934,1,0,1
1934,6,5,11
1934,6,1,7
1934,7,11,18
1934,4,3,7
1934,9,7,16
1934,4,3,7
1934,13,0,13
1934,3,0,3
1934,8,1,9
1934,9,3,12
1934,3,16,19
1934,3,2,5
1934,9,8,17
1934,2,1,3
1934,7,11,18
1934,8,3,11
1934,15,1,16
1934,4,2,6
1934,7,2,9
1934,8,0,8
1934,4,3,7
1934,2,1,3
1934,5,1,6
1934,9,7,16
1934,4,3,7
1934,1,0,1
1934,5,4,9
1934,2,1,3
1934,5,5,10
1934,3,2,5
1934,4,3,7
1934,2,1,3
1934,5,3,8
1934,10,1,11
1934,3,1,4
1934,5,0,5
1934,5,4,9
1934,3,0,3
1934,1,0,1
1934,9,3,12
1934,9,6,15
1934,1,0,1
1934,3,0,3
1934,4,0,4
1934,5,0,5
1934,3,2,5
1934,3,1,4
1934,6,2,8
1934,12,10,22
1934,3,10,13
1934,5,4,9
1934,4,3,7
1934,3,0,3
1934,4,2,6
1934,11,0,11
1934,7,2,9
1934,8,5,13
1934,4,0,4
1934,6,3,9
1934,4,0,4
1934,5,1,6
1934,7,1,8
1934,6,1,7
1934,8,5,13
1934,9,6,15
1934,5,0,5
1934,4,2,6
1934,8,2,10
1934,7,5,12
1934,9,5,14
1934,5,3,8
1934,6,10,16
1934,6,2,8
1934,8,5,13
1934,4,3,7
1934,5,4,9
1934,9,0,9
1934,5,3,8
1934,8,3,11
1934,3,2,5
1934,4,1,5
1934,4,10,14
1934,3,1,4
1934,4,3,7
1934,11,0,11
1935,4,2,6
1935,4,3,7
1935,6,12,18
1935,1,0,1
1935,3,12,15
1935,2,1,3
1935,7,6,13
1935,4,3,7
1935,7,4,11
1935,4,2,6
1935,1,0,1
1935,5,4,9
1935,4,0,4
1935,9,10,19
1935,9,4,13
1935,6,5,11
1935,4,2,6
1935,4,2,6
1935,4,0,4
1935,3,2,5
1935,6,5,11
1935,7,18,25
1935,3,0,3
1935,4,10,14
1935,7,1,8
1935,4,3,7
1935,2,1,3
1935,3,1,4
1935,6,4,10
1935,4,1,5
1935,9,4,13
1935,4,0,4
1935,8,1,9
1935,8,4,12
1935,3,2,5
1935,4,3,7
1935,4,4,8
1935,6,1,7
1935,6,5,11
1935,5,0,5
1935,8,1,9
1935,6,5,11
1935,4,2,6
1935,7,4,11
1935,5,12,17
1935,7,2,9
1935,4,3,7
1935,7,6,13
1935,6,5,11
1935,6,4,10
1935,9,5,14
1935,4,1,5
1935,4,10,14
1935,5,2,7
1935,3,2,5
1935,3,1,4
1935,3,2,5
1935,7,6,13
1935,4,12,16
1935,6,0,6
1935,9,8,17
1935,6,0,6
1935,7,6,13
1935,2,1,3
1935,10,0,10
1935,7,5,12
1935,5,10,15
1935,5,4,9
1935,4,11,15
1935,3,2,5
1935,3,11,14
1935,5,5,10
1935,2,11,13
1935,3,2,5
1935,8,3,11
1935,4,2,6
1935,4,16,20
1935,2,1,3
1935,9,2,11
1935,5,4,9
1935,9,8,17
1935,8,5,13
1935,5,3,8
1935,5,3,8
1935,6,4,10
1935,4,1,5
1935,5,3,8
1935,3,0,3
1935,7,5,12
1935,3,2,5
1935,7,5,12
1935,12,11,23
1935,7,2,9
1935,2,0,2
1935,8,10,18
1935,18,0,18
1935,5,12,17
1935,3,0,3
1935,2,12,14
1935,9,8,17
1935,3,11,14
1935,8,3,11
1935,5,2,7
1935,5,11,16
1935,7,6,13
1935,8,6,14
1935,2,1,3
1935,9,2,11
1935,1,0,1
1935,3,0,3
1935,5,4,9
1935,12,1,13
1935,5,2,7
1935,9,2,11
1935,7,0,7
1935,4,0,4
1935,2,2,4
1935,8,6,14
1935,2,1,3
1935,4,3,7
1935,5,3,8
1935,7,3,10
1935,3,2,5
1935,3,12,15
1935,7,4,11
1935,2,0,2
1935,7,6,13
1935,3,1,4
1935,6,2,8
1935,4,15,19
1935,5,4,9
1935,9,10,19
1935,5,4,9
1935,5,1,6
1935,10,1,11
1935,5,0,5
1935,3,1,4
1935,2,1,3
1935,4,2,6
1935,2,12,14
1935,6,3,9
1935,8,4,12
1935,7,4,11
1935,6,1,7
1935,7,14,21
1935,3,13,16
1935,4,10,14
1935,7,10,17
1935,4,1,5
1935,3,0,3
1935,6,15,21
1935,5,2,7
1935,4,1,5
1935,9,1,10
1935,4,1,5
1935,3,1,4
1935,8,10,18
1935,3,2,5
1935,3,2,5
1935,3,1,4
1935,3,0,3
1935,3,2,5
1935,10,1,11
1935,2,1,3
1935,4,2,6
1935,4,10,14
1935,8,1,9
1935,8,4,12
1935,3,1,4
1935,5,0,5
1935,5,4,9
1935,4,0,4
1935,4,1,5
1935,4,1,5
1935,5,20,25
1935,10,0,10
1935,2,0,2
1935,7,2,9
1935,2,1,3
1935,5,0,5
1935,6,2,8
1935,4,2,6
1935,8,0,8
1935,7,1,8
1935,7,1,8
1935,8,10,18
1935,3,2,5
1935,1,0,1
1935,4,0,4
1935,3,0,3
1935,3,0,3
1935,8,2,10
1935,6,2,8
1935,6,4,10
1935,6,5,11
1935,3,2,5
1935,6,5,11
1935,1,0,1
1935,6,5,11
1935,9,6,15
1935,7,3,10
1935,6,16,22
1935,4,1,5
1935,5,0,5
1935,7,2,9
1935,8,6,14
1935,4,11,15
1935,8,2,10
1935,7,2,9
1935,4,1,5
1935,9,1,10
1935,3,2,5
1935,9,4,13
1935,7,6,13
1935,5,12,17
1935,5,4,9
1935,5,13,18
1935,4,1,5
1935,5,2,7
1935,3,2,5
1935,5,2,7
1935,5,3,8
1935,6,4,10
1935,7,1,8
1935,8,7,15
1935,8,4,12
1935,13,0,13
1935,2,1,3
1935,6,3,9
1935,2,12,14
1935,7,6,13
1935,5,3,8
1935,10,0,10
1935,3,2,5
1935,3,2,5
1935,4,3,7
1935,3,1,4
1935,8,7,15
1935,9,6,15
1935,6,1,7
1935,7,11,18
1935,3,10,13
1935,8,3,11
1935,8,7,15
1935,8,3,11
1935,6,3,9
1935,2,0,2
1935,5,3,8
1935,3,1,4
1935,5,4,9
1935,9,4,13
1935,5,3,8
1935,9,5,14
1935,3,1,4
1935,6,1,7
1935,4,2,6
1935,6,5,11
1935,6,5,11
1935,4,13,17
1935,8,3,11
1935,6,5,11
1935,3,1,4
1935,5,4,9
1935,9,10,19
1935,8,6,14
1935,6,3,9
1935,7,4,11
1935,7,4,11
1935,8,13,21
1935,8,4,12
1935,4,0,4
1935,7,10,17
1935,2,0,2
1935,8,3,11
1935,6,0,6
1935,6,11,17
1935,9,3,12
1935,6,4,10
1935,4,1,5
1935,5,12,17
1935,4,2,6
1935,4,0,4
1935,9,3,12
1935,3,15,18
1935,4,2,6
1935,6,2,8
1935,4,1,5
1935,6,5,11
1935,8,4,12
1935,3,0,3
1935,4,3,7
1935,4,1,5
1935,5,4,9
1935,6,0,6
1935,4,2,6
1935,5,0,5
1935,7,3,10
1935,7,3,10
1935,4,2,6
1935,7,5,12
1935,2,0,2
1935,6,5,11
1935,8,0,8
1935,5,10,15
1935,7,2,9
1935,8,7,15
1935,6,2,8
1935,6,2,8
1935,7,4,11
1935,4,11,15
1935,2,10,12
1935,9,5,14
1935,11,1,12
1935,3,2,5
1935,3,0,3
1935,2,10,12
1935,5,2,7
1935,5,4,9
1935,4,4,8
1935,9,7,16
1935,4,3,7
1935,7,4,11
1935,2,0,2
1935,5,4,9
1935,9,10,19
1935,2,1,3
1935,3,0,3
1935,2,1,3
1935,9,8,17
1935,3,2,5
1935,9,11,20
1935,4,13,17
1935,6,11,17
1935,6,12,18
1935,4,2,6
1935,3,2,5
1935,3,2,5
1935,3,2,5
1935,8,14,22
1935,5,4,9
1935,6,5,11
1935,4,3,7
1935,4,1,5
1935,2,1,3
1935,5,4,9
1935,7,4,11
1935,2,13,15
1935,5,4,9
1935,14,1,15
1935,4,0,4
1935,9,8,17
1935,9,3,12
1935,4,2,6
1935,5,1,6
1935,3,1,4
1935,5,2,7
1935,4,1,5
1935,3,1,4
1935,4,10,14
1935,7,4,11
1935,9,3,12
1935,7,3,10
1935,8,6,14
1935,5,4,9
1935,7,2,9
1935,7,5,12
1935,4,1,5
1935,4,10,14
1935,15,0,15
1935,8,11,19
1935,4,11,15
1935,7,6,13
1935,3,0,3
1935,3,1,4
1935,6,10,16
1935,6,3,9
1935,6,1,7
1935,7,2,9
1935,9,1,10
1935,6,12,18
1935,9,7,16
1935,8,3,11
1935,1,0,1
1935,5,4,9
1935,8,7,15
1935,16,11,27
1935,5,4,9
1935,8,10,18
1935,2,0,2
1935,5,4,9
1935,4,3,7
1935,9,4,13
1935,5,3,8
1935,9,7,16
1935,10,1,11
1935,3,11,14
1935,7,5,12
1935,6,5,11
1935,3,11,14
1935,6,2,8
1935,7,6,13
1935,7,4,11
1935,4,0,4
1935,9,3,12
1935,3,13,16
1935,7,3,10
1935,4,12,16
1935,8,17,25
1935,9,10,19
1935,5,3,8
1935,8,3,11
1935,5,1,6
1935,2,11,13
1935,3,14,17
1935,5,12,17
1935,2,1,3
1935,3,0,3
1935,8,11,19
1935,5,10,15
1935,3,13,16
1935,7,6,13
1935,8,5,13
1935,6,3,9
1935,6,1,7
1935,7,1,8
1935,5,3,8
1935,2,1,3
1935,8,6,14
1935,5,2,7
1935,6,2,8
1935,3,1,4
1935,5,0,5
1935,3,11,14
1935,5,3,8
1935,7,0,7
1935,4,11,15
1935,8,3,11
1935,3,0,3
1935,4,17,21
1935,7,4,11
1935,5,3,8
1935,7,5,12
1935,6,12,18
1935,7,0,7
1935,9,10,19
1935,5,4,9
1935,7,3,10
1935,9,3,12
1935,9,10,19
1935,3,11,14
1935,2,16,18
1935,6,10,16
1935,4,3,7
1935,7,4,11
1935,4,2,6
1935,8,2,10
1935,6,5,11
1935,7,12,19
1935,8,0,8
1935,6,5,11
1935,5,2,7
1935,7,11,18
1935,3,13,16
1935,7,12,19
1935,6,4,10
1935,4,1,5
1935,9,8,17
1935,9,10,19
1935,6,4,10
1935,2,1,3
1935,6,4,10
1935,7,2,9
1935,5,4,9
1935,7,4,11
1935,3,2,5
1935,5,10,15
1935,10,1,11
1935,7,5,12
1935,4,2,6
1935,5,1,6
1935,5,2,7
1935,5,12,17
1935,11,1,12
1935,8,7,15
1935,9,5,14
1935,5,15,20
1935,2,14,16
1935,7,11,18
1935,4,2,6
1935,8,0,8
1935,4,2,6
1935,6,5,11
1935,10,1,11
1935,7,2,9
1935,3,2,5
1935,3,1,4
1935,1,0,1
1935,2,1,3
1935,8,6,14
1935,6,5,11
1935,6,3,9
1935,6,4,10
1935,6,13,19
1935,9,3,12
1935,7,4,11
1935,5,4,9
1935,9,3,12
1935,5,15,20
1935,9,7,16
1935,5,2,7
1935,3,2,5
1935,8,0,8
1935,8,7,15
1935,9,10,19
1935,18,1,19
1935,6,11,17
1935,8,3,11
1935,4,1,5
1935,8,4,12
1935,4,1,5
1935,6,5,11
1935,5,0,5
1935,9,3,12
1935,8,3,11
1935,8,4,12
1935,8,5,13
1935,7,0,7
1935,7,14,21
1935,6,13,19
1935,5,3,8
1935,4,3,7
1935,7,11,18
1935,4,3,7
1935,2,0,2
1935,3,2,5
1935,8,7,15
1935,8,10,18
1935,3,12,15
1935,5,3,8
1935,6,4,10
1935,9,5,14
1935,5,4,9
1935,6,5,11
1935,4,10,14
1935,4,3,7
1935,7,1,8
1935,6,3,9
1935,2,1,3
1935,6,11,17
1935,4,0,4
1935,16,1,17
1935,4,14,18
1935,4,0,4
1935,6,4,10
1935,7,6,13
1935,7,6,13
1935,7,12,19
1935,5,10,15
1935,2,15,17
1935,8,10,18
1935,4,2,6
1935,8,3,11
1935,7,10,17
1935,7,6,13
1935,3,1,4
1935,2,0,2
1935,7,6,13
1935,5,12,17
1935,9,2,11
1935,9,1,10
1935,13,1,14
1935,9,4,13
1935,5,1,6
1935,11,1,12
1935,7,0,7
1935,6,4,10
1935,2,15,17
1935,7,2,9
1935,3,10,13
1935,12,11,23
1935,4,3,7
1935,2,10,12
1935,5,3,8
1935,5,4,9
1935,8,1,9
1935,7,3,10
1935,9,6,15
1935,4,2,6
1935,5,4,9
1935,7,6,13
1935,2,13,15
1935,5,2,7
1935,9,0,9
1935,2,1,3
1935,4,2,6
1935,2,10,12
1935,3,1,4
1935,5,2,7
1935,8,7,15
1935,5,18,23
1935,6,3,9
1935,7,6,13
1935,4,0,4
1935,7,11,18
1935,4,10,14
1935,3,14,17
1935,2,2,4
1935,8,7,15
1935,9,4,13
1935,4,2,6
1935,3,0,3
1935,5,4,9
1935,4,3,7
1935,4,2,6
1935,5,1,6
1935,10,1,11
1935,2,1,3
1935,6,13,19
1935,6,13,19
1935,3,2,5
1935,7,5,12
1935,7,5,12
1935,2,0,2
1935,8,2,10
1935,9,3,12
1935,2,1,3
1935,6,4,10
1935,5,13,18
1935,3,1,4
1935,3,2,5
1935,6,3,9
1935,5,4,9
1935,5,0,5
1935,2,1,3
1935,8,4,12
1935,8,0,8
1935,3,11,14
1935,5,3,8
1935,4,1,5
1935,7,5,12
1935,5,3,8
1935,3,13,16
1935,6,4,10
1935,9,7,16
1935,9,3,12
1935,3,0,3
1935,7,6,13
1935,6,5,11
1935,3,0,3
1935,7,2,9
1935,6,5,11
1935,7,2,9
1935,9,3,12
1935,3,15,18
1935,5,2,7
1935,2,14,16
1935,6,3,9
1935,1,0,1
1935,9,2,11
1935,7,6,13
1935,5,4,9
1935,5,11,16
1935,4,0,4
1935,2,0,2
1935,2,0,2
1935,2,1,3
1935,6,4,10
1935,7,0,7
1935,7,13,20
1935,7,5,12
1935,4,2,6
1935,2,1,3
1935,14,13,27
1935,4,2,6
1935,3,12,15
1935,5,4,9
1935,8,5,13
1935,6,4,10
1935,7,2,9
1935,8,0,8
1935,6,4,10
1935,7,6,13
1935,7,5,12
1935,3,1,4
1935,2,0,2
1935,6,1,7
1935,8,2,10
1935,6,3,9
1935,9,3,12
1935,7,6,13
1935,5,4,9
1935,4,0,4
1935,8,6,14
1935,4,3,7
1935,4,2,6
1935,6,10,16
1935,8,13,21
1935,4,2,6
1935,9,8,17
1935,3,1,4
1935,2,13,15
1935,5,1,6
1935,8,2,10
1935,9,3,12
1935,6,4,10
1935,5,0,5
1935,9,8,17
1935,12,1,13
1935,6,2,8
1935,8,7,15
1935,7,6,13
1935,2,0,2
1935,4,10,14
1935,8,5,13
1935,6,0,6
1935,1,0,1
1935,4,1,5
1935,11,10,21
1935,7,11,18
1935,6,14,20
1935,7,6,13
1935,7,1,8
1935,3,11,14
1935,4,3,7
1935,5,4,9
1935,6,14,20
1935,4,3,7
1935,6,5,11
1935,3,2,5
1935,7,2,9
1935,8,6,14
1935,6,5,11
1935,8,6,14
1935,5,11,16
1935,8,2,10
1935,6,5,11
1935,9,6,15
1935,4,11,15
1935,5,3,8
1935,4,0,4
1935,6,4,10
1935,4,3,7
1935,9,3,12
1935,5,3,8
1935,4,2,6
1935,6,5,11
1935,6,4,10
1935,4,2,6
1935,8,3,11
1935,7,5,12
1935,6,3,9
1935,6,5,11
1935,9,5,14
1935,8,10,18
1935,8,0,8
1935,4,1,5
1935,8,3,11
1935,9,4,13
1935,5,4,9
1935,7,7,14
1935,3,11,14
1935,5,4,9
1935,7,3,10
1935,3,2,5
1935,2,1,3
1935,5,1,6
1935,6,0,6
1935,2,13,15
1935,7,6,13
1935,4,3,7
1935,2,10,12
1935,4,1,5
1935,5,1,6
1935,4,3,7
1935,7,0,7
1935,9,2,11
1935,3,1,4
1935,4,1,5
1935,5,4,9
1935,4,3,7
1935,6,5,11
1935,11,10,21
1935,2,10,12
1935,3,1,4
1935,4,2,6
1935,5,4,9
1935,9,1,10
1935,7,10,17
1935,2,1,3
1935,3,1,4
1935,4,0,4
1935,6,3,9
1935,2,11,13
1935,6,5,11
1935,6,4,10
1935,6,0,6
1935,5,2,7
1935,2,1,3
1935,4,2,6
1935,9,5,14
1935,5,2,7
1935,9,6,15
1935,7,4,11
1935,6,3,9
1935,8,14,22
1935,9,5,14
1935,6,5,11
1935,3,1,4
1935,4,3,7
1935,3,2,5
1935,3,2,5
1935,1,0,1
1935,5,3,8
1935,9,8,17
1935,6,5,11
1935,4,2,6
1935,4,0,4
1935,7,18,25
1935,7,2,9
1935,6,3,9
1935,6,1,7
1935,2,0,2
1935,6,5,11
1935,4,2,6
1935,5,4,9
1935,7,5,12
1935,3,2,5
1935,3,2,5
1935,4,1,5
1935,8,4,12
1935,5,4,9
1935,2,0,2
1935,5,4,9
1935,4,3,7
1935,7,10,17
1935,7,7,14
1935,7,4,11
1935,9,5,14
1935,8,2,10
1935,4,3,7
1935,14,1,15
1935,9,5,14
1935,3,2,5
1935,8,1,9
1935,5,11,16
1935,7,1,8
1935,7,6,13
1935,2,18,20
1935,6,4,10
1935,3,0,3
1935,8,1,9
1935,7,4,11
1935,8,2,10
1935,3,11,14
1935,8,0,8
1935,3,1,4
1935,3,1,4
1935,6,3,9
1935,5,4,9
1935,9,1,10
1935,5,3,8
1935,2,1,3
1935,3,1,4
1935,4,3,7
1935,4,3,7
1935,8,5,13
1935,8,1,9
1935,1,0,1
1935,7,2,9
1935,7,1,8
1935,6,1,7
1935,3,2,5
1935,8,2,10
1935,8,7,15
1935,5,0,5
1935,3,2,5
1935,7,3,10
1935,2,0,2
1935,5,1,6
1935,7,11,18
1935,7,0,7
1935,3,0,3
1935,9,3,12
1935,2,1,3
1935,9,4,13
1935,4,2,6
1935,4,13,17
1935,6,0,6
1935,8,4,12
1935,8,3,11
1935,6,5,11
1935,5,2,7
1935,4,3,7
1935,7,2,9
1935,8,4,12
1935,5,11,16
1935,7,5,12
1935,4,3,7
1935,2,1,3
1935,2,0,2
1935,6,5,11
1935,4,13,17
1935,4,11,15
1935,4,2,6
1935,6,5,11
1935,6,5,11
1935,8,5,13
1935,7,3,10
1935,5,0,5
1935,3,13,16
1935,7,15,22
1935,5,10,15
1935,3,0,3
1935,4,1,5
1935,3,2,5
1935,3,0,3
1935,13,12,25
1935,5,19,24
1935,2,14,16
1935,3,14,17
1935,7,4,11
1935,1,0,1
1935,9,10,19
1935,4,3,7
1935,9,1,10
1935,9,12,21
1935,6,1,7
1935,5,11,16
1935,7,5,12
1935,4,3,7
1935,10,1,11
1935,6,0,6
1935,7,4,11
1935,6,3,9
1935,7,10,17
1935,3,2,5
1935,2,1,3
1935,2,0,2
1935,2,0,2
1935,9,4,13
1935,9,5,14
1935,2,13,15
1935,7,6,13
1935,3,10,13
1935,6,1,7
1935,9,2,11
1935,6,5,11
1935,6,3,9
1935,6,1,7
1935,5,4,9
1935,8,2,10
1935,6,3,9
1935,5,4,9
1935,12,10,22
1935,3,2,5
1935,7,6,13
1935,3,2,5
1935,9,8,17
1935,7,5,12
1935,4,3,7
1935,7,13,20
1935,3,2,5
1935,2,10,12
1935,4,3,7
1935,7,3,10
1935,10,1,11
1935,13,10,23
1935,4,3,7
1935,6,5,11
1935,5,0,5
1935,6,10,16
1935,11,1,12
1935,4,2,6
1935,2,1,3
1935,5,2,7
1935,9,1,10
1935,5,2,7
1935,2,0,2
1935,3,1,4
1935,11,0,11
1935,6,1,7
1935,9,5,14
1935,5,1,6
1935,5,13,18
1935,2,10,12
1935,2,1,3
1935,8,2,10
1935,7,5,12
1935,6,2,8
1935,5,1,6
1935,3,13,16
1935,9,3,12
1935,8,7,15
1935,5,2,7
1935,5,0,5
1935,5,2,7
1935,9,3,12
1935,6,2,8
1935,3,1,4
1935,5,0,5
1935,5,1,6
1935,3,1,4
1935,8,4,12
1935,9,6,15
1935,4,3,7
1935,6,1,7
1935,5,3,8
1935,8,2,10
1935,2,1,3
1935,9,8,17
1935,3,2,5
1935,3,1,4
1935,4,2,6
1935,4,1,5
1935,7,2,9
1935,6,1,7
1935,5,0,5
1935,4,3,7
1935,4,1,5
1935,8,2,10
1935,6,4,10
1935,6,3,9
1935,8,1,9
1935,6,1,7
1935,3,2,5
1935,4,1,5
1935,5,4,9
1935,3,15,18
1935,3,2,5
1935,7,5,12
1935,13,0,13
1935,6,4,10
1935,8,11,19
1935,2,1,3
1935,5,3,8
1935,5,4,9
1935,4,0,4
1935,4,2,6
1935,3,2,5
1935,5,2,7
1935,9,7,16
1935,15,1,16
1935,5,4,9
1935,8,5,13
1935,7,4,11
1935,4,4,8
1935,6,2,8
1935,5,2,7
1935,8,4,12
1935,6,4,10
1935,3,2,5
1935,5,4,9
1935,9,4,13
1935,7,5,12
1935,3,1,4
1935,11,0,11
1935,4,2,6
1935,4,3,7
1935,5,1,6
1935,2,1,3
1935,5,3,8
1935,5,1,6
1935,4,3,7
1935,5,4,9
1935,4,3,7
1935,4,0,4
1935,4,1,5
1935,4,1,5
1935,8,6,14
1935,4,3,7
1935,4,2,6
1935,4,2,6
1935,6,0,6
1935,2,10,12
1935,3,15,18
1935,7,4,11
1935,5,4,9
1935,7,10,17
1935,2,10,12
1935,4,3,7
1935,6,2,8
1935,3,13,16
1935,4,2,6
1935,8,5,13
1935,2,11,13
1935,4,3,7
1935,11,0,11
1935,5,2,7
1935,3,0,3
1935,4,13,17
1935,4,2,6
1935,4,1,5
1935,1,0,1
1935,5,13,18
1935,7,19,26
1935,5,1,6
1935,13,10,23
1935,5,3,8
1935,5,2,7
1935,18,14,32
1935,6,4,10
1935,2,1,3
1935,5,1,6
1935,4,2,6
1935,2,1,3
1935,7,5,12
1935,5,4,9
1935,5,1,6
1935,9,5,14
1935,6,3,9
1935,1,0,1
1935,7,6,13
1935,8,7,15
1935,8,2,10
1935,7,5,12
1935,5,3,8
1935,7,3,10
1935,4,16,20
1935,6,3,9
1935,5,3,8
1935,8,3,11
1935,3,2,5
1935,5,2,7
1935,8,5,13
1935,5,3,8
1935,1,0,1
1935,9,1,10
1935,5,4,9
1935,5,3,8
1935,3,2,5
1935,1,0,1
1935,4,3,7
1935,5,3,8
1935,6,4,10
1935,4,2,6
1935,8,7,15
1935,3,1,4
1935,4,3,7
1935,3,15,18
1935,6,5,11
1935,7,4,11
1935,6,3,9
1935,5,10,15
1935,10,0,10
1935,5,2,7
1935,6,3,9
1935,5,4,9
1935,3,1,4
1935,4,1,5
1935,6,1,7
1935,6,1,7
1935,7,6,13
1935,9,1,10
1935,5,2,7
1935,4,3,7
1935,7,3,10
1935,6,2,8
1935,2,0,2
1935,3,2,5
1935,6,13,19
1935,6,0,6
1935,4,0,4
1935,9,7,16
1935,4,1,5
1935,5,4,9
1935,6,4,10
1935,9,0,9
1935,2,0,2
1935,6,3,9
1935,9,2,11
1935,1,0,1
1935,5,2,7
1935,7,5,12
1935,4,3,7
1935,4,14,18
1935,3,1,4
1935,2,10,12
1935,11,1,12
1935,3,2,5
1935,9,7,16
1935,4,2,6
1935,8,4,12
1935,12,0,12
1935,5,1,6
1935,8,2,10
1935,6,5,11
1935,5,3,8
1935,6,5,11
1935,3,0,3
1935,6,3,9
1935,7,14,21
1935,6,0,6
1935,7,6,13
1935,2,11,13
1935,6,14,20
1935,7,2,9
1935,4,10,14
1935,1,0,1
1935,4,3,7
1935,3,2,5
1935,1,0,1
1935,4,2,6
1935,6,4,10
1935,8,5,13
1935,6,2,8
1935,5,3,8
1935,2,12,14
1935,6,3,9
1935,8,3,11
1935,3,0,3
1935,7,3,10
1935,5,4,9
1935,8,0,8
1935,7,5,12
1935,2,0,2
1935,4,4,8
1935,5,3,8
1935,3,0,3
1935,3,2,5
1935,2,14,16
1935,5,1,6
1935,9,6,15
1935,9,7,16
1935,7,4,11
1935,4,3,7
1935,4,0,4
1935,8,11,19
1935,2,1,3
1935,3,0,3
1935,8,3,11
1935,6,5,11
1935,2,1,3
1935,3,1,4
1935,4,3,7
1936,9,4,13
1936,7,6,13
1936,8,6,14
1936,3,0,3
1936,8,5,13
1936,4,1,5
1936,7,12,19
1936,1,0,1
1936,6,3,9
1936,7,6,13
1936,7,14,21
1936,5,3,8
1936,4,12,16
1936,3,2,5
1936,6,5,11
1936,4,10,14
1936,7,4,11
1936,7,6,13
1936,7,5,12
1936,5,3,8
1936,6,5,11
1936,4,3,7
1936,6,4,10
1936,3,12,15
1936,5,3,8
1936,8,0,8
1936,3,2,5
1936,13,10,23
1936,4,1,5
1936,5,4,9
1936,3,2,5
1936,5,4,9
1936,7,2,9
1936,2,1,3
1936,4,1,5
1936,6,16,22
1936,5,0,5
1936,9,1,10
1936,2,1,3
1936,7,3,10
1936,6,13,19
1936,6,5,11
1936,6,2,8
1936,8,4,12
1936,5,1,6
1936,9,6,15
1936,7,6,13
1936,12,11,23
1936,9,8,17
1936,8,7,15
1936,8,1,9
1936,6,6,12
1936,7,6,13
1936,7,6,13
1936,4,3,7
1936,5,0,5
1936,7,6,13
1936,7,2,9
1936,4,12,16
1936,4,3,7
1936,5,3,8
1936,2,1,3
1936,8,6,14
1936,6,0,6
1936,6,10,16
1936,9,1,10
1936,10,0,10
1936,8,2,10
1936,4,1,5
1936,6,1,7
1936,6,2,8
1936,2,10,12
1936,3,1,4
1936,9,3,12
1936,7,2,9
1936,8,6,14
1936,5,3,8
1936,6,3,9
1936,5,11,16
1936,3,1,4
1936,5,12,17
1936,3,10,13
1936,9,12,21
1936,6,4,10
1936,5,0,5
1936,8,7,15
1936,7,10,17
1936,3,2,5
1936,3,11,14
1936,5,4,9
1936,2,1,3
1936,8,11,19
1936,5,2,7
1936,2,0,2
1936,4,2,6
1936,9,7,16
1936,8,1,9
1936,8,7,15
1936,1,0,1
1936,6,1,7
1936,7,4,11
1936,9,10,19
1936,2,1,3
1936,7,3,10
1936,4,16,20
1936,2,1,3
1936,3,1,4
1936,8,1,9
1936,8,12,20
1936,6,5,11
1936,3,2,5
1936,8,7,15
1936,6,0,6
1936,4,3,7
1936,3,2,5
1936,4,3,7
1936,6,4,10
1936,12,0,12
1936,17,1,18
1936,7,3,10
1936,5,4,9
1936,4,3,7
1936,6,4,10
1936,8,7,15
1936,6,1,7
1936,4,0,4
1936,9,4,13
1936,6,0,6
1936,8,5,13
1936,7,5,12
1936,5,14,19
1936,8,4,12
1936,6,5,11
1936,6,2,8
1936,3,0,3
1936,1,0,1
1936,7,6,13
1936,6,3,9
1936,2,0,2
1936,5,4,9
1936,5,2,7
1936,8,2,10
1936,8,5,13
1936,4,0,4
1936,1,0,1
1936,6,4,10
1936,7,4,11
1936,8,6,14
1936,5,2,7
1936,3,14,17
1936,7,1,8
1936,6,5,11
1936,3,2,5
1936,5,1,6
1936,9,6,15
1936,9,8,17
1936,7,4,11
1936,6,5,11
1936,4,3,7
1936,6,2,8
1936,3,2,5
1936,6,11,17
1936,9,11,20
1936,3,2,5
1936,9,6,15
1936,9,12,21
1936,2,0,2
1936,4,2,6
1936,4,3,7
1936,5,2,7
1936,5,3,8
1936,6,10,16
1936,7,3,10
1936,9,5,14
1936,5,4,9
1936,5,1,6
1936,9,7,16
1936,7,2,9
1936,6,2,8
1936,6,0,6
1936,4,0,4
1936,2,1,3
1936,8,3,11
1936,13,12,25
1936,6,19,25
1936,5,2,7
1936,6,6,12
1936,5,0,5
1936,5,4,9
1936,6,4,10
1936,7,0,7
1936,4,3,7
1936,3,1,4
1936,9,7,16
1936,4,1,5
1936,4,12,16
1936,5,2,7
1936,13,12,25
1936,4,0,4
1936,3,1,4
1936,5,0,5
1936,6,1,7
1936,6,2,8
1936,7,5,12
1936,9,7,16
1936,7,2,9
1936,6,5,11
1936,2,0,2
1936,6,11,17
1936,5,10,15
1936,3,0,3
1936,7,5,12
1936,8,2,10
1936,3,10,13
1936,5,4,9
1936,4,3,7
1936,7,3,10
1936,4,1,5
1936,3,2,5
1936,8,7,15
1936,8,4,12
1936,8,7,15
1936,8,6,14
1936,3,10,13
1936,8,5,13
1936,9,6,15
1936,7,2,9
1936,2,0,2
1936,7,1,8
1936,4,2,6
1936,6,11,17
1936,6,5,11
1936,4,2,6
1936,4,10,14
1936,4,2,6
1936,8,4,12
1936,2,11,13
1936,8,10,18
1936,4,0,4
1936,7,6,13
1936,4,3,7
1936,7,10,17
1936,9,3,12
1936,8,12,20
1936,4,0,4
1936,3,2,5
1936,3,2,5
1936,7,4,11
1936,9,10,19
1936,4,2,6
1936,7,4,11
1936,6,2,8
1936,4,3,7
1936,5,3,8
1936,13,10,23
1936,15,0,15
1936,4,11,15
1936,8,7,15
1936,6,4,10
1936,5,4,9
1936,8,3,11
1936,5,1,6
1936,4,3,7
1936,5,13,18
1936,4,3,7
1936,9,0,9
1936,6,12,18
1936,15,1,16
1936,7,2,9
1936,4,12,16
1936,2,11,13
1936,7,5,12
1936,12,1,13
1936,7,0,7
1936,5,13,18
1936,25,2,27
1936,7,1,8
1936,6,0,6
1936,8,0,8
1936,9,2,11
1936,1,0,1
1936,7,10,17
1936,2,1,3
1936,5,4,9
1936,4,10,14
1936,8,5,13
1936,9,12,21
1936,9,2,11
1936,7,3,10
1936,7,2,9
1936,6,2,8
1936,6,2,8
1936,8,2,10
1936,9,8,17
1936,5,3,8
1936,2,12,14
1936,3,2,5
1936,5,4,9
1936,5,2,7
1936,2,11,13
1936,6,10,16
1936,5,11,16
1936,6,5,11
1936,6,5,11
1936,4,3,7
1936,5,4,9
1936,13,10,23
1936,7,2,9
1936,4,3,7
1936,5,0,5
1936,8,1,9
1936,4,3,7
1936,15,0,15
1936,2,10,12
1936,9,7,16
1936,9,6,15
1936,3,0,3
1936,5,4,9
1936,9,6,15
1936,7,5,12
1936,7,11,18
1936,4,3,7
1936,3,11,14
1936,5,3,8
1936,5,0,5
1936,7,1,8
1936,6,1,7
1936,6,4,10
1936,6,2,8
1936,10,1,11
1936,7,4,11
1936,4,3,7
1936,6,5,11
1936,8,7,15
1936,7,5,12
1936,11,10,21
1936,5,4,9
1936,6,4,10
1936,8,7,15
1936,6,14,20
1936,9,8,17
1936,9,11,20
1936,5,4,9
1936,5,4,9
1936,5,4,9
1936,15,11,26
1936,6,2,8
1936,3,0,3
1936,11,1,12
1936,7,11,18
1936,4,3,7
1936,7,3,10
1936,7,4,11
1936,4,3,7
1936,8,5,13
1936,5,3,8
1936,3,16,19
1936,9,18,27
1936,7,5,12
1936,4,3,7
1936,6,2,8
1936,8,6,14
1936,3,12,15
1936,4,10,14
1936,4,3,7
1936,8,14,22
1936,9,2,11
1936,6,2,8
1936,6,10,16
1936,4,10,14
1936,4,1,5
1936,8,10,18
1936,4,2,6
1936,6,5,11
1936,5,3,8
1936,5,1,6
1936,4,3,7
1936,7,0,7
1936,4,10,14
1936,5,13,18
1936,4,3,7
1936,8,3,11
1936,5,4,9
1936,9,5,14
1936,6,2,8
1936,6,3,9
1936,8,10,18
1936,6,3,9
1936,7,12,19
1936,3,0,3
1936,7,3,10
1936,3,12,15
1936,5,4,9
1936,2,1,3
1936,8,4,12
1936,6,3,9
1936,4,15,19
1936,5,3,8
1936,5,2,7
1936,4,1,5
1936,7,5,12
1936,7,5,12
1936,2,1,3
1936,4,3,7
1936,4,3,7
1936,6,3,9
1936,2,10,12
1936,7,5,12
1936,6,4,10
1936,4,3,7
1936,9,10,19
1936,5,2,7
1936,4,12,16
1936,2,0,2
1936,17,1,18
1936,9,6,15
1936,3,2,5
1936,3,2,5
1936,6,0,6
1936,7,2,9
1936,6,5,11
1936,2,1,3
1936,7,3,10
1936,19,1,20
1936,6,2,8
1936,7,1,8
1936,2,15,17
1936,3,1,4
1936,5,1,6
1936,8,6,14
1936,8,0,8
1936,12,10,22
1936,6,4,10
1936,9,2,11
1936,4,10,14
1936,4,2,6
1936,8,4,12
1936,9,8,17
1936,5,2,7
1936,4,1,5
1936,9,4,13
1936,5,14,19
1936,9,6,15
1936,2,10,12
1936,9,4,13
1936,4,15,19
1936,2,12,14
1936,2,1,3
1936,4,2,6
1936,5,3,8
1936,14,13,27
1936,4,0,4
1936,1,0,1
1936,6,5,11
1936,4,12,16
1936,7,2,9
1936,8,4,12
1936,5,4,9
1936,9,6,15
1936,5,2,7
1936,7,5,12
1936,6,4,10
1936,7,6,13
1936,2,1,3
1936,2,1,3
1936,5,0,5
1936,7,6,13
1936,6,0,6
1936,2,1,3
1936,7,5,12
1936,7,2,9
1936,6,4,10
1936,3,2,5
1936,5,11,16
1936,8,3,11
1936,8,7,15
1936,6,4,10
1936,7,6,13
1936,3,0,3
1936,6,3,9
1936,7,2,9
1936,5,1,6
1936,9,6,15
1936,4,3,7
1936,8,7,15
1936,5,11,16
1936,8,6,14
1936,3,0,3
1936,8,6,14
1936,4,13,17
1936,8,6,14
1936,7,6,13
1936,3,2,5
1936,3,2,5
1936,5,10,15
1936,18,11,29
1936,5,3,8
1936,2,14,16
1936,7,6,13
1936,4,3,7
1936,4,1,5
1936,7,4,11
1936,5,4,9
1936,5,1,6
1936,1,0,1
1936,8,4,12
1936,7,6,13
1936,9,4,13
1936,13,1,14
1936,5,4,9
1936,4,13,17
1936,4,13,17
1936,5,12,17
1936,6,1,7
1936,2,1,3
1936,8,7,15
1936,3,1,4
1936,6,11,17
1936,2,1,3
1936,7,3,10
1936,5,14,19
1936,8,4,12
1936,2,11,13
1936,9,10,19
1936,6,10,16
1936,5,1,6
1936,2,11,13
1936,6,4,10
1936,9,12,21
1936,4,1,5
1936,3,11,14
1936,4,10,14
1936,3,0,3
1936,6,0,6
1936,6,3,9
1936,7,4,11
1936,4,3,7
1936,7,6,13
1936,5,10,15
1936,6,3,9
1936,2,1,3
1936,4,3,7
1936,6,1,7
1936,3,10,13
1936,8,6,14
1936,6,21,27
1936,5,0,5
1936,5,13,18
1936,4,14,18
1936,9,4,13
1936,16,12,28
1936,5,5,10
1936,5,0,5
1936,7,6,13
1936,7,1,8
1936,8,6,14
1936,8,7,15
1936,4,3,7
1936,4,2,6
1936,6,14,20
1936,4,2,6
1936,6,5,11
1936,9,5,14
1936,1,0,1
1936,5,4,9
1936,9,2,11
1936,8,4,12
1936,3,2,5
1936,9,10,19
1936,7,6,13
1936,3,11,14
1936,9,5,14
1936,4,0,4
1936,3,2,5
1936,7,4,11
1936,8,3,11
1936,13,10,23
1936,4,3,7
1936,5,0,5
1936,2,16,18
1936,8,2,10
1936,4,11,15
1936,4,2,6
1936,8,6,14
1936,7,17,24
1936,3,1,4
1936,7,6,13
1936,4,2,6
1936,9,18,27
1936,9,3,12
1936,7,2,9
1936,4,3,7
1936,5,4,9
1936,6,5,11
1936,4,11,15
1936,7,5,12
1936,5,16,21
1936,6,3,9
1936,7,10,17
1936,8,2,10
1936,6,2,8
1936,4,1,5
1936,18,0,18
1936,9,6,15
1936,5,4,9
1936,5,0,5
1936,9,1,10
1936,5,3,8
1936,3,2,5
1936,2,10,12
1936,7,10,17
1936,7,6,13
1936,9,3,12
1936,7,10,17
1936,5,2,7
1936,4,2,6
1936,8,6,14
1936,4,0,4
1936,4,3,7
1936,5,0,5
1936,5,4,9
1936,7,2,9
1936,6,2,8
1936,6,3,9
1936,4,11,15
1936,4,3,7
1936,3,11,14
1936,1,0,1
1936,6,4,10
1936,6,3,9
1936,5,2,7
1936,4,1,5
1936,9,3,12
1936,5,1,6
1936,6,1,7
1936,9,8,17
1936,2,10,12
1936,2,1,3
1936,7,11,18
1936,3,13,16
1936,3,11,14
1936,9,1,10
1936,2,0,2
1936,5,3,8
1936,5,1,6
1936,7,4,11
1936,6,4,10
1936,5,4,9
1936,4,14,18
1936,5,4,9
1936,6,4,10
1936,6,3,9
1936,5,4,9
1936,1,0,1
1936,5,2,7
1936,7,0,7
1936,7,6,13
1936,6,2,8
1936,9,7,16
1936,2,1,3
1936,5,1,6
1936,5,3,8
1936,9,4,13
1936,5,1,6
1936,6,0,6
1936,5,4,9
1936,5,16,21
1936,6,5,11
1936,8,6,14
1936,2,10,12
1936,7,2,9
1936,4,15,19
1936,7,4,11
1936,21,14,35
1936,6,5,11
1936,6,5,11
1936,3,10,13
1936,3,12,15
1936,2,1,3
1936,4,1,5
1936,4,3,7
1936,3,2,5
1936,3,10,13
1936,5,4,9
1936,5,11,16
1936,8,2,10
1936,4,2,6
1936,8,1,9
1936,7,2,9
1936,3,11,14
1936,9,5,14
1936,5,3,8
1936,3,2,5
1936,6,5,11
1936,6,5,11
1936,8,0,8
1936,9,8,17
1936,2,1,3
1936,6,17,23
1936,5,4,9
1936,3,2,5
1936,7,4,11
1936,3,2,5
1936,8,3,11
1936,7,6,13
1936,8,2,10
1936,4,16,20
1936,6,5,11
1936,6,5,11
1936,4,0,4
1936,7,6,13
1936,9,8,17
1936,2,0,2
1936,4,2,6
1936,10,1,11
1936,3,15,18
1936,3,16,19
1936,7,4,11
1936,4,10,14
1936,7,4,11
1936,3,2,5
1936,5,3,8
1936,15,12,27
1936,3,18,21
1936,5,4,9
1936,4,17,21
1936,9,1,10
1936,1,0,1
1936,4,3,7
1936,4,3,7
1936,8,5,13
1936,3,12,15
1936,8,11,19
1936,13,0,13
1936,8,5,13
1936,3,10,13
1936,5,4,9
1936,5,2,7
1936,4,0,4
1936,5,18,23
1936,9,2,11
1936,9,3,12
1936,6,3,9
1936,8,15,23
1936,9,1,10
1936,7,5,12
1936,9,8,17
1936,6,19,25
1936,6,3,9
1936,6,16,22
1936,5,1,6
1936,3,11,14
1936,5,3,8
1936,5,2,7
1936,7,22,29
1936,5,4,9
1936,4,1,5
1936,4,10,14
1936,7,5,12
1936,6,11,17
1936,6,5,11
1936,3,13,16
1936,7,2,9
1936,9,3,12
1936,7,0,7
1936,5,3,8
1936,7,4,11
1936,8,11,19
1936,5,4,9
1936,3,1,4
1936,5,0,5
1936,5,4,9
1936,4,3,7
1936,8,6,14
1936,5,10,15
1936,7,3,10
1936,7,11,18
1936,8,2,10
1936,3,1,4
1936,2,12,14
1936,7,2,9
1936,4,12,16
1936,4,11,15
1936,1,0,1
1936,3,0,3
1936,5,4,9
1936,4,13,17
1936,6,0,6
1936,3,11,14
1936,5,3,8
1936,4,3,7
1936,5,2,7
1936,4,3,7
1936,3,2,5
1936,9,1,10
1936,12,11,23
1936,4,4,8
1936,5,3,8
1936,3,2,5
1936,4,13,17
1936,8,11,19
1936,6,1,7
1936,7,3,10
1936,9,4,13
1936,4,2,6
1936,6,1,7
1936,9,0,9
1936,4,1,5
1936,6,5,11
1936,8,2,10
1936,5,3,8
1936,7,2,9
1936,4,1,5
1936,6,4,10
1936,6,4,10
1936,8,4,12
1936,7,3,10
1936,4,16,20
1936,9,9,18
1936,9,6,15
1936,3,2,5
1936,9,0,9
1936,9,6,15
1936,4,1,5
1936,5,14,19
1936,5,1,6
1936,1,0,1
1936,8,1,9
1936,9,3,12
1936,3,2,5
1936,4,2,6
1936,3,2,5
1936,9,7,16
1936,9,7,16
1936,5,10,15
1936,4,0,4
1936,3,2,5
1936,4,11,15
1936,2,0,2
1936,4,0,4
1936,5,2,7
1936,9,2,11
1936,10,1,11
1936,9,1,10
1936,5,2,7
1936,4,3,7
1936,7,6,13
1936,3,0,3
1936,6,2,8
1936,2,10,12
1936,5,12,17
1936,8,2,10
1936,6,5,11
1936,4,13,17
1936,9,7,16
1936,7,3,10
1936,4,1,5
1936,8,3,11
1936,7,2,9
1936,6,5,11
1936,7,3,10
1936,5,4,9
1936,6,3,9
1936,7,3,10
1936,6,4,10
1936,6,4,10
1936,6,0,6
1936,2,1,3
1936,8,3,11
1936,7,4,11
1936,7,11,18
1936,4,2,6
1936,6,1,7
1936,5,3,8
1936,7,3,10
1936,8,0,8
1936,6,4,10
1936,5,4,9
1936,9,0,9
1936,4,2,6
1936,7,5,12
1936,3,0,3
1936,5,10,15
1936,12,10,22
1936,5,11,16
1936,6,2,8
1936,3,1,4
1936,3,10,13
1936,5,4,9
1936,4,1,5
1936,2,16,18
1936,7,1,8
1936,4,0,4
1936,7,6,13
1936,3,2,5
1936,5,2,7
1936,2,2,4
1936,6,4,10
1936,8,6,14
1936,4,3,7
1936,5,4,9
1936,6,3,9
1936,2,10,12
1936,2,1,3
1936,4,3,7
1936,7,2,9
1936,9,2,11
1936,7,3,10
1936,7,5,12
1936,7,0,7
1936,11,10,21
1936,4,1,5
1936,5,3,8
1936,5,11,16
1936,6,2,8
1936,5,4,9
1936,3,1,4
1936,7,10,17
1936,3,15,18
1936,9,2,11
1936,9,1,10
1936,3,2,5
1936,5,4,9
1936,7,2,9
1936,5,4,9
1936,8,13,21
1936,7,4,11
1936,3,1,4
1936,4,2,6
1936,8,7,15
1936,8,4,12
1936,3,2,5
1936,7,2,9
1936,4,2,6
1936,8,6,14
1936,4,1,5
1936,3,2,5
1936,5,4,9
1936,3,12,15
1936,6,4,10
1936,6,0,6
1936,9,3,12
1936,3,2,5
1936,8,12,20
1936,7,6,13
1936,4,3,7
1936,6,5,11
1936,5,3,8
1936,3,2,5
1936,6,1,7
1936,7,0,7
1936,4,1,5
1936,4,2,6
1936,5,3,8
1936,6,3,9
1936,9,3,12
1936,9,6,15
1936,7,3,10
1936,6,6,12
1936,2,1,3
1936,8,4,12
1936,5,17,22
1936,5,0,5
1936,6,5,11
1936,13,1,14
1936,13,11,24
1936,4,1,5
1936,3,20,23
1936,5,4,9
1936,5,3,8
1936,7,0,7
1936,4,2,6
1936,7,4,11
1936,6,5,11
1936,5,2,7
1936,6,3,9
1936,3,10,13
1936,4,10,14
1936,14,1,15
1936,4,2,6
1936,1,0,1
1936,7,1,8
1936,5,2,7
1936,6,3,9
1936,1,0,1
1936,9,10,19
1936,8,1,9
1936,2,1,3
1936,3,18,21
1936,8,1,9
1936,6,4,10
1936,5,14,19
1936,4,19,23
1936,7,2,9
1936,8,0,8
1936,6,5,11
1936,6,4,10
1936,2,12,14
1936,6,4,10
1936,2,13,15
1936,5,3,8
1936,7,4,11
1936,4,0,4
1936,5,4,9
1936,3,2,5
1936,5,1,6
1936,6,1,7
1936,8,6,14
1936,6,3,9
1936,4,3,7
1936,8,1,9
1936,4,1,5
1936,5,4,9
1936,3,2,5
1936,4,2,6
1936,3,1,4
1936,6,3,9
1936,3,2,5
1936,5,4,9
1936,7,4,11
1936,1,0,1
1936,5,1,6
1936,4,1,5
1936,7,4,11
1936,3,2,5
1936,4,1,5
1936,3,1,4
1936,5,3,8
1936,4,0,4
1936,4,3,7
1936,13,11,24
1936,4,3,7
1936,3,2,5
1936,3,2,5
1936,5,0,5
1936,1,0,1
1936,3,0,3
1936,6,4,10
1936,6,4,10
1936,3,2,5
1936,4,3,7
1936,5,1,6
1936,2,1,3
1936,3,1,4
1936,9,6,15
1936,8,0,8
1936,7,3,10
1936,3,2,5
1936,7,7,14
1936,9,0,9
1936,3,2,5
1936,7,2,9
1936,6,2,8
1936,7,3,10
1936,3,2,5
1936,4,3,7
1936,1,0,1
1936,4,3,7
1936,5,14,19
1936,4,2,6
1936,15,1,16
1936,6,3,9
1936,5,3,8
1936,8,4,12
1936,3,2,5
1936,7,5,12
1936,5,4,9
1936,7,1,8
1936,7,5,12
1936,2,1,3
1936,4,1,5
1936,8,7,15
1936,8,7,15
1936,6,2,8
1936,8,4,12
1936,6,4,10
1936,7,1,8
1936,4,3,7
1936,8,3,11
1936,6,2,8
1936,14,11,25
1936,4,1,5
1936,14,1,15
1936,6,4,10
1936,6,5,11
1936,7,5,12
1936,8,7,15
1936,3,1,4
1936,3,2,5
1936,3,11,14
1936,9,12,21
1936,4,11,15
1936,4,2,6
1936,3,2,5
1936,3,10,13
1936,5,4,9
1936,5,11,16
1936,3,2,5
1936,5,4,9
1936,5,2,7
1936,7,2,9
1936,3,2,5
1936,7,12,19
1936,4,4,8
1936,8,12,20
1936,5,4,9
1936,3,10,13
1936,2,17,19
1936,7,2,9
1936,4,14,18
1936,5,1,6
1936,9,6,15
1936,6,2,8
1936,9,8,17
1936,3,10,13
1936,3,2,5
1936,5,1,6
1936,2,12,14
1936,10,1,11
1936,6,0,6
1936,7,1,8
1936,7,2,9
1936,6,4,10
1936,3,2,5
1936,6,3,9
1936,9,7,16
1936,2,1,3
1936,6,1,7
1936,5,2,7
1936,5,4,9
1936,7,4,11
1936,8,4,12
1936,4,3,7
1936,5,3,8
1936,4,3,7
1936,7,10,17
1936,13,1,14
1936,2,1,3
1936,6,0,6
1936,5,4,9
1936,3,11,14
1936,1,0,1
1936,7,5,12
1936,4,11,15
1936,6,5,11
1936,7,1,8
1936,2,13,15
1936,8,5,13
1936,7,13,20
1936,6,1,7
1936,7,4,11
1936,2,10,12
1936,3,2,5
1936,4,2,6
1936,3,13,16
1936,6,2,8
1936,2,1,3
1936,4,3,7
1936,7,3,10
1936,5,2,7
1936,3,17,20
1936,5,2,7
1936,14,10,24
1936,5,2,7
1936,3,0,3
1936,6,3,9
1936,6,5,11
1936,9,1,10
1936,5,0,5
1936,9,6,15
1936,7,3,10
1936,6,5,11
1936,5,1,6
1936,7,6,13
1936,5,0,5
1936,5,3,8
1936,6,5,11
1936,4,3,7
1936,5,3,8
1936,6,1,7
1936,3,2,5
1936,3,1,4
1936,5,4,9
1936,5,1,6
1936,6,4,10
1936,8,5,13
1936,9,3,12
1936,7,1,8
1936,5,4,9
1936,4,3,7
1936,3,2,5
1936,4,11,15
1936,8,8,16
1936,12,0,12
1936,14,0,14
1936,3,10,13
1936,7,11,18
1936,6,2,8
1936,6,3,9
1936,4,0,4
1936,8,6,14
1936,7,6,13
1936,2,17,19
1936,8,3,11
1936,10,1,11
1936,5,12,17
1936,5,4,9
1936,3,2,5
1936,4,2,6
1936,4,2,6
1936,2,1,3
1936,4,0,4
1936,4,0,4
1936,4,3,7
1936,5,4,9
1936,2,0,2
1936,3,2,5
1936,8,2,10
1936,7,6,13
1936,6,5,11
1936,3,2,5
1936,9,3,12
1936,5,3,8
1936,8,6,14
1936,5,1,6
1936,5,3,8
1936,9,2,11
1936,2,12,14
1936,3,1,4
1936,8,4,12
1936,5,4,9
1936,6,5,11
1936,9,1,10
1936,8,3,11
1936,7,3,10
1936,4,3,7
1936,6,3,9
1936,5,10,15
1936,6,1,7
1936,4,18,22
1936,2,1,3
1936,5,2,7
1936,5,4,9
1936,5,13,18
1937,2,1,3
1937,1,0,1
1937,4,3,7
1937,4,3,7
1937,5,0,5
1937,2,0,2
1937,4,3,7
1937,3,2,5
1937,5,11,16
1937,15,10,25
1937,4,2,6
1937,14,11,25
1937,6,1,7
1937,2,10,12
1937,9,2,11
1937,3,0,3
1937,4,3,7
1937,4,3,7
1937,5,4,9
1937,7,1,8
1937,6,5,11
1937,4,3,7
1937,3,0,3
1937,7,3,10
1937,3,2,5
1937,13,12,25
1937,6,4,10
1937,9,3,12
1937,7,11,18
1937,5,4,9
1937,3,1,4
1937,6,10,16
1937,4,0,4
1937,5,12,17
1937,9,5,14
1937,7,1,8
1937,3,1,4
1937,3,10,13
1937,7,2,9
1937,5,11,16
1937,3,2,5
1937,7,4,11
1937,6,1,7
1937,12,0,12
1937,3,12,15
1937,9,0,9
1937,6,4,10
1937,6,5,11
1937,6,1,7
1937,4,2,6
1937,5,15,20
1937,4,2,6
1937,2,11,13
1937,2,10,12
1937,7,2,9
1937,7,1,8
1937,4,1,5
1937,4,2,6
1937,3,2,5
1937,4,11,15
1937,3,1,4
1937,4,11,15
1937,3,2,5
1937,2,1,3
1937,3,2,5
1937,5,1,6
1937,3,1,4
1937,4,1,5
1937,7,2,9
1937,6,5,11
1937,5,4,9
1937,7,10,17
1937,8,14,22
1937,3,1,4
1937,9,12,21
1937,3,10,13
1937,8,1,9
1937,5,12,17
1937,10,1,11
1937,7,6,13
1937,7,14,21
1937,6,11,17
1937,5,1,6
1937,13,1,14
1937,7,6,13
1937,7,3,10
1937,8,5,13
1937,4,17,21
1937,9,5,14
1937,3,1,4
1937,4,2,6
1937,6,12,18
1937,4,0,4
1937,1,0,1
1937,2,1,3
1937,12,1,13
1937,5,3,8
1937,5,3,8
1937,7,6,13
1937,4,2,6
1937,8,2,10
1937,8,3,11
1937,9,6,15
1937,6,5,11
1937,6,5,11
1937,4,0,4
1937,8,3,11
1937,5,12,17
1937,5,1,6
1937,7,1,8
1937,6,3,9
1937,2,1,3
1937,3,1,4
1937,9,8,17
1937,4,1,5
1937,21,10,31
1937,7,1,8
1937,8,2,10
1937,4,1,5
1937,7,0,7
1937,6,5,11
1937,9,5,14
1937,4,3,7
1937,3,10,13
1937,6,3,9
1937,9,7,16
1937,3,0,3
1937,7,2,9
1937,4,11,15
1937,4,1,5
1937,10,1,11
1937,3,12,15
1937,7,5,12
1937,5,1,6
1937,6,2,8
1937,5,13,18
1937,6,5,11
1937,3,15,18
1937,6,4,10
1937,8,6,14
1937,2,10,12
1937,4,0,4
1937,5,2,7
1937,5,4,9
1937,4,2,6
1937,4,14,18
1937,6,5,11
1937,6,0,6
1937,3,2,5
1937,6,2,8
1937,2,1,3
1937,6,5,11
1937,4,2,6
1937,5,11,16
1937,5,4,9
1937,3,2,5
1937,6,4,10
1937,3,2,5
1937,6,0,6
1937,8,4,12
1937,2,1,3
1937,5,4,9
1937,6,5,11
1937,5,2,7
1937,3,2,5
1937,4,3,7
1937,7,4,11
1937,4,0,4
1937,8,7,15
1937,2,1,3
1937,4,3,7
1937,7,6,13
1937,3,1,4
1937,3,1,4
1937,9,0,9
1937,5,4,9
1937,4,1,5
1937,9,8,17
1937,5,16,21
1937,6,1,7
1937,4,1,5
1937,3,1,4
1937,3,2,5
1937,5,2,7
1937,7,4,11
1937,5,4,9
1937,4,2,6
1937,8,5,13
1937,6,5,11
1937,4,3,7
1937,4,3,7
1937,6,3,9
1937,2,11,13
1937,7,5,12
1937,9,11,20
1937,3,2,5
1937,9,19,28
1937,2,14,16
1937,9,10,19
1937,5,2,7
1937,4,1,5
1937,4,1,5
1937,6,4,10
1937,11,1,12
1937,6,2,8
1937,7,3,10
1937,6,2,8
1937,6,5,11
1937,6,2,8
1937,3,13,16
1937,9,5,14
1937,3,1,4
1937,1,0,1
1937,14,0,14
1937,8,6,14
1937,4,3,7
1937,3,1,4
1937,4,2,6
1937,5,3,8
1937,9,3,12
1937,4,3,7
1937,4,2,6
1937,2,1,3
1937,9,2,11
1937,9,11,20
1937,6,1,7
1937,6,3,9
1937,7,0,7
1937,8,6,14
1937,6,4,10
1937,6,5,11
1937,2,11,13
1937,3,2,5
1937,5,4,9
1937,8,7,15
1937,8,7,15
1937,2,1,3
1937,7,0,7
1937,3,12,15
1937,3,2,5
1937,6,5,11
1937,7,2,9
1937,3,10,13
1937,4,2,6
1937,2,1,3
1937,4,3,7
1937,4,2,6
1937,4,2,6
1937,4,1,5
1937,3,15,18
1937,9,13,22
1937,9,4,13
1937,3,10,13
1937,4,10,14
1937,4,2,6
1937,9,4,13
1937,2,1,3
1937,4,11,15
1937,4,11,15
1937,7,1,8
1937,9,6,15
1937,3,18,21
1937,13,1,14
1937,6,3,9
1937,7,4,11
1937,4,3,7
1937,8,2,10
1937,5,2,7
1937,9,8,17
1937,8,3,11
1937,7,5,12
1937,7,1,8
1937,6,5,11
1937,3,10,13
1937,5,4,9
1937,6,3,9
1937,9,6,15
1937,4,2,6
1937,6,3,9
1937,6,3,9
1937,6,1,7
1937,8,0,8
1937,4,3,7
1937,5,2,7
1937,6,2,8
1937,2,0,2
1937,8,4,12
1937,8,11,19
1937,2,1,3
1937,8,4,12
1937,6,0,6
1937,4,11,15
1937,6,2,8
1937,5,4,9
1937,4,14,18
1937,9,1,10
1937,5,3,8
1937,3,10,13
1937,6,5,11
1937,4,2,6
1937,9,8,17
1937,7,6,13
1937,4,3,7
1937,5,4,9
1937,6,3,9
1937,2,0,2
1937,8,6,14
1937,6,5,11
1937,7,5,12
1937,3,1,4
1937,4,11,15
1937,9,2,11
1937,7,1,8
1937,7,2,9
1937,6,1,7
1937,6,5,11
1937,8,7,15
1937,5,4,9
1937,9,5,14
1937,7,2,9
1937,6,5,11
1937,3,2,5
1937,5,4,9
1937,6,12,18
1937,5,17,22
1937,4,3,7
1937,5,2,7
1937,9,6,15
1937,4,0,4
1937,5,4,9
1937,8,10,18
1937,6,0,6
1937,8,1,9
1937,8,4,12
1937,5,2,7
1937,5,0,5
1937,6,12,18
1937,8,1,9
1937,3,2,5
1937,8,1,9
1937,9,3,12
1937,6,5,11
1937,3,10,13
1937,4,3,7
1937,5,4,9
1937,6,3,9
1937,8,14,22
1937,3,11,14
1937,6,5,11
1937,10,0,10
1937,8,3,11
1937,4,1,5
1937,6,2,8
1937,3,2,5
1937,3,2,5
1937,5,4,9
1937,4,3,7
1937,5,10,15
1937,7,6,13
1937,6,2,8
1937,4,1,5
1937,6,2,8
1937,1,0,1
1937,9,4,13
1937,3,2,5
1937,2,1,3
1937,2,0,2
1937,3,1,4
1937,5,1,6
1937,6,2,8
1937,8,16,24
1937,4,3,7
1937,9,16,25
1937,8,8,16
1937,5,1,6
1937,5,4,9
1937,4,3,7
1937,3,0,3
1937,5,1,6
1937,7,5,12
1937,4,13,17
1937,9,8,17
1937,3,2,5
1937,4,1,5
1937,3,2,5
1937,5,4,9
1937,7,6,13
1937,2,1,3
1937,5,2,7
1937,3,2,5
1937,9,7,16
1937,7,13,20
1937,5,4,9
1937,8,7,15
1937,5,3,8
1937,6,4,10
1937,5,2,7
1937,6,0,6
1937,2,1,3
1937,4,2,6
1937,5,2,7
1937,8,6,14
1937,4,3,7
1937,7,5,12
1937,2,1,3
1937,5,2,7
1937,8,7,15
1937,6,5,11
1937,4,3,7
1937,8,4,12
1937,7,4,11
1937,6,3,9
1937,8,1,9
1937,4,2,6
1937,4,2,6
1937,6,2,8
1937,9,1,10
1937,5,3,8
1937,5,0,5
1937,6,0,6
1937,8,5,13
1937,2,0,2
1937,4,1,5
1937,2,1,3
1937,2,11,13
1937,6,5,11
1937,8,4,12
1937,3,0,3
1937,6,3,9
1937,2,0,2
1937,8,5,13
1937,3,2,5
1937,5,14,19
1937,9,0,9
1937,5,10,15
1937,6,4,10
1937,9,6,15
1937,7,2,9
1937,9,6,15
1937,3,13,16
1937,8,2,10
1937,4,2,6
1937,2,11,13
1937,6,2,8
1937,8,1,9
1937,5,10,15
1937,9,4,13
1937,7,6,13
1937,7,1,8
1937,2,1,3
1937,2,0,2
1937,5,3,8
1937,7,0,7
1937,7,6,13
1937,5,3,8
1937,6,5,11
1937,8,0,8
1937,7,11,18
1937,8,3,11
1937,6,3,9
1937,8,2,10
1937,5,10,15
1937,9,5,14
1937,10,0,10
1937,7,2,9
1937,4,3,7
1937,8,1,9
1937,5,3,8
1937,1,0,1
1937,3,2,5
1937,2,1,3
1937,6,13,19
1937,7,5,12
1937,4,3,7
1937,3,2,5
1937,9,11,20
1937,2,2,4
1937,1,0,1
1937,7,0,7
1937,4,1,5
1937,6,0,6
1937,3,10,13
1937,7,2,9
1937,5,1,6
1937,9,4,13
1937,6,4,10
1937,4,1,5
1937,8,15,23
1937,8,6,14
1937,7,12,19
1937,6,3,9
1937,3,2,5
1937,8,4,12
1937,8,7,15
1937,6,2,8
1937,3,0,3
1937,4,2,6
1937,8,3,11
1937,8,3,11
1937,5,10,15
1937,3,2,5
1937,9,5,14
1937,7,4,11
1937,7,2,9
1937,5,10,15
1937,5,4,9
1937,7,6,13
1937,4,2,6
1937,8,5,13
1937,7,6,13
1937,1,0,1
1937,5,2,7
1937,3,2,5
1937,6,5,11
1937,9,14,23
1937,4,2,6
1937,4,2,6
1937,9,5,14
1937,7,0,7
1937,3,1,4
1937,7,1,8
1937,6,2,8
1937,8,6,14
1937,13,12,25
1937,9,7,16
1937,8,4,12
1937,7,4,11
1937,15,0,15
1937,8,4,12
1937,5,3,8
1937,2,2,4
1937,3,1,4
1937,5,1,6
1937,4,14,18
1937,4,15,19
1937,2,15,17
1937,5,0,5
1937,7,11,18
1937,8,10,18
1937,2,16,18
1937,12,11,23
1937,13,1,14
1937,8,7,15
1937,4,0,4
1937,4,0,4
1937,5,4,9
1937,12,11,23
1937,8,7,15
1937,2,12,14
1937,9,2,11
1937,5,2,7
1937,2,0,2
1937,3,11,14
1937,4,10,14
1937,5,1,6
1937,4,10,14
1937,1,0,1
1937,4,1,5
1937,4,3,7
1937,3,2,5
1937,4,3,7
1937,5,5,10
1937,9,4,13
1937,8,2,10
1937,3,2,5
1937,6,0,6
1937,7,0,7
1937,6,3,9
1937,6,5,11
1937,2,1,3
1937,2,1,3
1937,11,10,21
1937,5,3,8
1937,2,1,3
1937,6,4,10
1937,3,11,14
1937,2,10,12
1937,4,2,6
1937,6,15,21
1937,5,1,6
1937,2,1,3
1937,6,2,8
1937,6,13,19
1937,5,3,8
1937,6,5,11
1937,6,1,7
1937,9,4,13
1937,5,11,16
1937,7,14,21
1937,4,3,7
1937,3,10,13
1937,18,10,28
1937,6,4,10
1937,8,7,15
1937,3,0,3
1937,4,0,4
1937,9,6,15
1937,6,0,6
1937,6,5,11
1937,9,8,17
1937,2,10,12
1937,7,6,13
1937,9,4,13
1937,4,1,5
1937,1,0,1
1937,6,5,11
1937,1,0,1
1937,5,1,6
1937,3,1,4
1937,6,5,11
1937,11,0,11
1937,5,2,7
1937,6,5,11
1937,6,10,16
1937,7,6,13
1937,9,0,9
1937,6,4,10
1937,8,5,13
1937,8,4,12
1937,3,2,5
1937,6,5,11
1937,2,1,3
1937,5,3,8
1937,4,3,7
1937,7,5,12
1937,9,10,19
1937,4,3,7
1937,5,4,9
1937,9,6,15
1937,6,0,6
1937,5,1,6
1937,2,1,3
1937,7,3,10
1937,9,8,17
1937,8,7,15
1937,3,10,13
1937,6,5,11
1937,4,1,5
1937,6,0,6
1937,6,3,9
1937,10,1,11
1937,2,0,2
1937,5,1,6
1937,4,17,21
1937,6,5,11
1937,7,4,11
1937,4,13,17
1937,4,1,5
1937,9,6,15
1937,6,2,8
1937,4,16,20
1937,9,8,17
1937,3,11,14
1937,6,3,9
1937,8,0,8
1937,20,2,22
1937,9,0,9
1937,6,5,11
1937,6,5,11
1937,5,10,15
1937,13,11,24
1937,6,5,11
1937,6,5,11
1937,6,5,11
1937,7,7,14
1937,5,2,7
1937,7,5,12
1937,12,11,23
1937,7,6,13
1937,4,1,5
1937,9,12,21
1937,5,0,5
1937,3,13,16
1937,7,3,10
1937,16,10,26
1937,5,15,20
1937,8,5,13
1937,5,2,7
1937,3,2,5
1937,6,5,11
1937,4,3,7
1937,4,1,5
1937,9,8,17
1937,6,5,11
1937,5,4,9
1937,7,5,12
1937,6,1,7
1937,8,1,9
1937,7,11,18
1937,6,4,10
1937,8,4,12
1937,8,11,19
1937,5,3,8
1937,2,10,12
1937,2,1,3
1937,7,6,13
1937,5,4,9
1937,7,11,18
1937,5,2,7
1937,2,0,2
1937,6,5,11
1937,5,3,8
1937,1,0,1
1937,8,2,10
1937,1,0,1
1937,2,13,15
1937,12,1,13
1937,7,1,8
1937,8,10,18
1937,9,6,15
1937,2,0,2
1937,9,7,16
1937,4,3,7
1937,3,0,3
1937,4,11,15
1937,2,2,4
1937,5,4,9
1937,5,1,6
1937,3,2,5
1937,5,14,19
1937,4,3,7
1937,5,3,8
1937,8,4,12
1937,7,3,10
1937,7,1,8
1937,2,11,13
1937,2,13,15
1937,4,1,5
1937,3,2,5
1937,7,2,9
1937,5,3,8
1937,2,1,3
1937,5,4,9
1937,4,10,14
1937,5,2,7
1937,3,2,5
1937,8,6,14
1937,6,5,11
1937,2,1,3
1937,4,3,7
1937,9,10,19
1937,7,11,18
1937,7,10,17
1937,7,6,13
1937,5,3,8
1937,5,4,9
1937,4,2,6
1937,2,0,2
1937,8,13,21
1937,5,3,8
1937,9,6,15
1937,4,1,5
1937,7,4,11
1937,7,3,10
1937,6,12,18
1937,6,2,8
1937,3,1,4
1937,7,6,13
1937,6,3,9
1937,7,10,17
1937,3,10,13
1937,5,4,9
1937,8,6,14
1937,4,1,5
1937,6,3,9
1937,4,1,5
1937,4,11,15
1937,3,2,5
1937,8,7,15
1937,7,6,13
1937,13,0,13
1937,3,0,3
1937,3,2,5
1937,6,4,10
1937,1,1,2
1937,6,5,11
1937,5,4,9
1937,7,3,10
1937,2,10,12
1937,3,0,3
1937,3,2,5
1937,6,6,12
1937,5,1,6
1937,6,5,11
1937,6,4,10
1937,6,1,7
1937,7,3,10
1937,3,2,5
1937,7,15,22
1937,8,6,14
1937,8,5,13
1937,4,10,14
1937,5,1,6
1937,5,2,7
1937,7,2,9
1937,3,2,5
1937,5,4,9
1937,16,10,26
1937,5,3,8
1937,6,16,22
1937,7,0,7
1937,8,11,19
1937,6,4,10
1937,6,4,10
1937,3,2,5
1937,8,2,10
1937,5,4,9
1937,5,2,7
1937,6,22,28
1937,7,3,10
1937,7,6,13
1937,5,0,5
1937,4,3,7
1937,4,1,5
1937,3,0,3
1937,3,0,3
1937,5,10,15
1937,4,3,7
1937,16,1,17
1937,7,20,27
1937,4,1,5
1937,6,12,18
1937,6,5,11
1937,8,3,11
1937,7,5,12
1937,9,1,10
1937,6,13,19
1937,9,8,17
1937,5,3,8
1937,3,2,5
1937,9,7,16
1937,5,3,8
1937,5,4,9
1937,8,4,12
1937,4,0,4
1937,8,3,11
1937,9,3,12
1937,11,1,12
1937,4,1,5
1937,7,11,18
1937,8,6,14
1937,8,0,8
1937,6,4,10
1937,6,1,7
1937,4,2,6
1937,9,1,10
1937,6,0,6
1937,7,6,13
1937,4,2,6
1937,7,6,13
1937,5,2,7
1937,6,11,17
1937,3,0,3
1937,7,5,12
1937,2,1,3
1937,4,12,16
1937,6,2,8
1937,5,1,6
1937,4,3,7
1937,5,4,9
1937,7,3,10
1937,9,1,10
1937,3,1,4
1937,6,5,11
1937,7,6,13
1937,6,4,10
1937,8,7,15
1937,6,13,19
1937,7,4,11
1937,6,11,17
1937,8,4,12
1937,7,6,13
1937,5,2,7
1937,3,11,14
1937,7,3,10
1937,6,5,11
1937,5,1,6
1937,5,2,7
1937,3,2,5
1937,4,1,5
1937,5,2,7
1937,4,1,5
1937,12,0,12
1937,9,7,16
1937,3,11,14
1937,4,3,7
1937,1,0,1
1937,9,8,17
1937,4,3,7
1937,6,3,9
1937,9,8,17
1937,9,6,15
1937,4,2,6
1937,5,2,7
1937,6,0,6
1937,5,10,15
1937,8,1,9
1937,7,2,9
1937,4,10,14
1937,8,7,15
1937,4,2,6
1937,7,6,13
1937,4,3,7
1937,5,10,15
1937,6,5,11
1937,8,5,13
1937,5,1,6
1937,5,0,5
1937,5,0,5
1937,5,3,8
1937,8,5,13
1937,1,0,1
1937,3,2,5
1937,4,1,5
1937,6,3,9
1937,4,3,7
1937,3,0,3
1937,2,1,3
1937,3,1,4
1937,7,10,17
1937,3,2,5
1937,5,4,9
1937,3,0,3
1937,9,4,13
1937,3,1,4
1937,9,6,15
1937,9,5,14
1937,5,3,8
1937,6,3,9
1937,3,2,5
1937,3,0,3
1937,16,0,16
1937,5,3,8
1937,4,11,15
1937,6,2,8
1937,7,4,11
1937,7,2,9
1937,3,10,13
1937,2,1,3
1937,2,0,2
1937,8,3,11
1937,7,6,13
1937,5,4,9
1937,4,3,7
1937,4,2,6
1937,7,2,9
1937,7,6,13
1937,7,3,10
1937,3,12,15
1937,8,1,9
1937,3,0,3
1937,2,1,3
1937,7,3,10
1937,6,4,10
1937,5,1,6
1937,4,1,5
1937,2,0,2
1937,4,2,6
1937,8,2,10
1937,7,3,10
1937,5,3,8
1937,5,2,7
1937,4,3,7
1937,4,2,6
1937,8,10,18
1937,4,2,6
1937,9,8,17
1937,5,4,9
1937,8,11,19
1937,5,3,8
1937,9,1,10
1937,4,3,7
1937,7,15,22
1937,7,2,9
1937,3,15,18
1937,4,2,6
1937,5,4,9
1937,4,10,14
1937,9,1,10
1937,3,0,3
1937,8,6,14
1937,5,1,6
1937,3,3,6
1937,6,0,6
1937,7,0,7
1937,4,1,5
1937,3,2,5
1937,1,0,1
1937,5,2,7
1937,6,4,10
1937,9,5,14
1937,2,1,3
1937,5,10,15
1937,6,2,8
1937,2,0,2
1937,2,1,3
1937,6,4,10
1937,7,3,10
1937,2,1,3
1937,2,1,3
1937,2,1,3
1937,9,10,19
1937,5,2,7
1937,6,2,8
1937,9,3,12
1937,6,3,9
1937,2,1,3
1937,4,1,5
1937,5,4,9
1937,5,11,16
1937,5,4,9
1937,6,1,7
1937,8,5,13
1937,9,7,16
1937,6,3,9
1937,1,0,1
1937,4,0,4
1937,6,1,7
1937,5,10,15
1937,3,2,5
1937,9,6,15
1937,2,0,2
1937,1,0,1
1937,7,6,13
1937,8,2,10
1937,10,1,11
1937,5,1,6
1937,9,2,11
1937,5,3,8
1937,8,2,10
1937,9,10,19
1937,7,13,20
1937,6,13,19
1937,12,10,22
1937,1,0,1
1937,9,8,17
1937,2,1,3
1937,11,0,11
1937,6,5,11
1937,4,3,7
1937,5,3,8
1937,7,6,13
1937,4,12,16
1937,9,5,14
1937,4,2,6
1937,8,0,8
1937,8,3,11
1937,6,4,10
1937,6,4,10
1937,5,4,9
1937,5,4,9
1937,4,3,7
1937,9,5,14
1937,3,1,4
1937,6,4,10
1937,4,0,4
1937,6,3,9
1937,6,1,7
1937,2,1,3
1937,2,1,3
1937,6,13,19
1937,5,0,5
1937,4,2,6
1937,7,10,17
1937,2,0,2
1937,9,0,9
1937,4,2,6
1937,4,2,6
1937,2,11,13
1937,5,17,22
1937,4,11,15
1937,2,12,14
1937,6,2,8
1937,9,8,17
1937,1,0,1
1937,6,11,17
1937,5,3,8
1937,5,2,7
1937,6,0,6
1937,8,5,13
1937,5,4,9
1937,3,1,4
1937,8,2,10
1937,3,1,4
1937,7,2,9
1937,6,6,12
1937,4,3,7
1937,7,0,7
1937,8,5,13
1937,5,1,6
1937,8,0,8
1937,4,3,7
1937,3,0,3
1937,6,2,8
1937,8,1,9
1937,7,6,13
1937,4,1,5
1937,2,10,12
1937,6,3,9
1937,4,10,14
1937,2,0,2
1937,7,6,13
1937,9,3,12
1937,4,3,7
1937,8,12,20
1937,4,0,4
1937,5,2,7
1937,5,4,9
1937,3,2,5
1937,8,7,15
1937,6,2,8
1937,3,10,13
1937,2,1,3
1937,7,6,13
1937,2,0,2
1937,8,1,9
1937,8,4,12
1937,5,3,8
1937,8,1,9
1937,5,1,6
1937,4,3,7
1937,5,4,9
1937,9,1,10
1937,8,6,14
1937,7,5,12
1937,5,4,9
1937,5,0,5
1937,3,10,13
1937,7,12,19
1937,4,1,5
1937,7,5,12
1937,6,3,9
1937,10,1,11
1937,5,4,9
1937,9,2,11
1937,8,5,13
1937,6,3,9
1937,6,3,9
1937,6,4,10
1937,6,0,6
1937,3,2,5
1937,4,1,5
1937,11,0,11
1937,9,3,12
1937,3,2,5
1937,4,2,6
1937,6,4,10
1937,4,3,7
1937,8,7,15
1937,9,5,14
1937,9,5,14
1937,1,0,1
1937,2,1,3
1937,8,4,12
1937,3,2,5
1937,5,1,6
1937,8,2,10
1937,2,1,3
1937,5,2,7
1937,4,3,7
1937,7,3,10
1937,2,1,3
1937,5,2,7
1937,5,3,8
1937,7,2,9
1937,4,3,7
1937,4,1,5
1937,5,4,9
1937,2,1,3
1937,9,3,12
1937,4,3,7
1937,4,3,7
1937,3,17,20
1937,6,5,11
1937,8,5,13
1937,7,7,14
1937,6,2,8
1937,6,0,6
1937,7,4,11
1937,2,1,3
1937,5,4,9
1937,3,1,4
1937,3,11,14
1937,7,6,13
1937,2,0,2
1937,6,2,8
1937,6,1,7
1937,9,0,9
1937,2,1,3
1937,5,4,9
1937,1,0,1
1937,3,0,3
1937,4,15,19
1937,3,0,3
1937,6,3,9
1937,6,5,11
1937,7,5,12
1937,7,6,13
1937,3,1,4
1937,7,4,11
1937,5,2,7
1937,3,2,5
1937,6,4,10
1937,4,1,5
1937,4,1,5
1937,8,3,11
1937,6,3,9
1937,2,1,3
1937,6,2,8
1937,4,3,7
1937,3,10,13
1937,4,3,7
1937,9,3,12
1937,7,4,11
1937,4,1,5
1937,4,2,6
1937,6,3,9
1937,4,14,18
1937,2,10,12
1937,7,1,8
1937,5,1,6
1937,5,12,17
1937,3,11,14
1937,3,10,13
1937,6,6,12
1937,4,3,7
1937,8,2,10
1937,4,1,5
1937,6,0,6
1937,6,4,10
1937,1,0,1
1937,6,1,7
1937,5,4,9
1937,4,3,7
1937,4,3,7
1937,4,0,4
1937,2,0,2
1937,7,2,9
1937,8,1,9
1937,8,1,9
1937,5,1,6
1937,7,3,10
1937,4,2,6
1938,8,4,12
1938,8,12,20
1938,5,3,8
1938,6,0,6
1938,4,3,7
1938,8,7,15
1938,6,2,8
1938,13,1,14
1938,5,12,17
1938,4,3,7
1938,9,2,11
1938,5,4,9
1938,4,10,14
1938,9,0,9
1938,6,4,10
1938,6,5,11
1938,9,4,13
1938,3,0,3
1938,3,2,5
1938,9,3,12
1938,6,2,8
1938,4,3,7
1938,3,2,5
1938,9,0,9
1938,6,5,11
1938,3,2,5
1938,6,5,11
1938,4,3,7
1938,7,0,7
1938,7,4,11
1938,4,3,7
1938,8,5,13
1938,3,1,4
1938,4,0,4
1938,6,3,9
1938,7,4,11
1938,4,10,14
1938,6,2,8
1938,5,4,9
1938,1,0,1
1938,2,0,2
1938,5,0,5
1938,9,4,13
1938,4,3,7
1938,4,10,14
1938,2,1,3
1938,4,3,7
1938,5,0,5
1938,6,1,7
1938,8,6,14
1938,10,1,11
1938,7,0,7
1938,4,1,5
1938,6,10,16
1938,8,7,15
1938,8,12,20
1938,5,3,8
1938,5,3,8
1938,7,1,8
1938,6,4,10
1938,2,13,15
1938,6,3,9
1938,5,0,5
1938,7,3,10
1938,6,11,17
1938,9,2,11
1938,6,5,11
1938,7,2,9
1938,5,2,7
1938,6,3,9
1938,4,2,6
1938,5,12,17
1938,6,1,7
1938,7,2,9
1938,5,3,8
1938,6,11,17
1938,5,4,9
1938,6,4,10
1938,5,1,6
1938,6,4,10
1938,7,6,13
1938,3,2,5
1938,3,0,3
1938,2,0,2
1938,5,3,8
1938,3,1,4
1938,16,11,27
1938,5,11,16
1938,8,4,12
1938,8,6,14
1938,7,5,12
1938,4,1,5
1938,4,3,7
1938,7,6,13
1938,5,1,6
1938,6,5,11
1938,4,3,7
1938,13,1,14
1938,8,6,14
1938,3,11,14
1938,7,4,11
1938,6,3,9
1938,3,2,5
1938,4,3,7
1938,5,2,7
1938,2,10,12
1938,5,1,6
1938,7,2,9
1938,7,2,9
1938,3,2,5
1938,9,10,19
1938,4,1,5
1938,6,4,10
1938,3,2,5
1938,3,2,5
1938,4,1,5
1938,9,5,14
1938,3,3,6
1938,1,0,1
1938,7,5,12
1938,21,2,23
1938,5,2,7
1938,12,10,22
1938,4,10,14
1938,4,2,6
1938,5,2,7
1938,8,6,14
1938,7,3,10
1938,9,13,22
1938,3,10,13
1938,4,1,5
1938,7,11,18
1938,4,3,7
1938,4,3,7
1938,7,2,9
1938,5,4,9
1938,7,4,11
1938,8,12,20
1938,4,2,6
1938,6,5,11
1938,5,4,9
1938,5,0,5
1938,4,2,6
1938,2,0,2
1938,7,3,10
1938,7,6,13
1938,2,1,3
1938,4,2,6
1938,9,7,16
1938,3,15,18
1938,9,4,13
1938,7,5,12
1938,9,7,16
1938,7,1,8
1938,5,1,6
1938,7,3,10
1938,2,10,12
1938,8,6,14
1938,4,2,6
1938,7,0,7
1938,4,1,5
1938,9,5,14
1938,5,3,8
1938,4,1,5
1938,9,5,14
1938,4,0,4
1938,3,2,5
1938,7,6,13
1938,10,0,10
1938,4,1,5
1938,7,6,13
1938,7,5,12
1938,8,6,14
1938,9,10,19
1938,2,10,12
1938,1,1,2
1938,7,7,14
1938,4,3,7
1938,7,10,17
1938,4,3,7
1938,4,1,5
1938,12,11,23
1938,5,4,9
1938,4,3,7
1938,7,13,20
1938,3,12,15
1938,2,1,3
1938,1,0,1
1938,5,1,6
1938,6,5,11
1938,13,1,14
1938,4,12,16
1938,2,1,3
1938,7,2,9
1938,5,1,6
1938,4,2,6
1938,7,11,18
1938,8,4,12
1938,4,3,7
1938,4,0,4
1938,3,15,18
1938,6,2,8
1938,1,0,1
1938,5,4,9
1938,7,5,12
1938,6,3,9
1938,5,2,7
1938,4,0,4
1938,7,16,23
1938,2,16,18
1938,5,4,9
1938,5,1,6
1938,1,0,1
1938,5,4,9
1938,7,5,12
1938,4,1,5
1938,10,1,11
1938,5,3,8
1938,8,3,11
1938,2,1,3
1938,9,2,11
1938,8,3,11
1938,4,3,7
1938,2,18,20
1938,2,1,3
1938,8,5,13
1938,6,4,10
1938,4,1,5
1938,4,3,7
1938,7,6,13
1938,4,10,14
1938,9,10,19
1938,3,10,13
1938,9,5,14
1938,5,4,9
1938,9,4,13
1938,6,1,7
1938,7,2,9
1938,2,1,3
1938,7,4,11
1938,6,4,10
1938,7,3,10
1938,3,1,4
1938,2,1,3
1938,4,3,7
1938,4,1,5
1938,8,4,12
1938,5,1,6
1938,12,10,22
1938,5,2,7
1938,2,1,3
1938,5,0,5
1938,6,5,11
1938,9,1,10
1938,5,4,9
1938,11,0,11
1938,4,10,14
1938,9,3,12
1938,3,2,5
1938,1,0,1
1938,2,1,3
1938,3,0,3
1938,7,6,13
1938,9,11,20
1938,2,1,3
1938,8,6,14
1938,5,3,8
1938,9,5,14
1938,7,4,11
1938,6,0,6
1938,1,0,1
1938,7,3,10
1938,3,0,3
1938,5,2,7
1938,8,1,9
1938,9,10,19
1938,3,0,3
1938,10,0,10
1938,5,4,9
1938,9,4,13
1938,9,1,10
1938,5,4,9
1938,9,6,15
1938,5,12,17
1938,6,3,9
1938,4,1,5
1938,8,4,12
1938,9,5,14
1938,4,1,5
1938,9,4,13
1938,5,4,9
1938,6,1,7
1938,6,2,8
1938,5,11,16
1938,5,4,9
1938,5,2,7
1938,5,10,15
1938,5,12,17
1938,7,1,8
1938,4,0,4
1938,5,4,9
1938,5,1,6
1938,5,10,15
1938,6,5,11
1938,8,7,15
1938,5,1,6
1938,5,3,8
1938,5,1,6
1938,2,11,13
1938,9,4,13
1938,4,3,7
1938,8,5,13
1938,4,11,15
1938,4,10,14
1938,7,1,8
1938,4,1,5
1938,6,5,11
1938,8,2,10
1938,7,6,13
1938,5,10,15
1938,6,5,11
1938,3,10,13
1938,5,4,9
1938,8,7,15
1938,8,10,18
1938,2,11,13
1938,6,5,11
1938,9,4,13
1938,2,11,13
1938,5,4,9
1938,7,5,12
1938,4,2,6
1938,8,5,13
1938,5,4,9
1938,7,6,13
1938,8,11,19
1938,7,6,13
1938,4,2,6
1938,4,1,5
1938,7,5,12
1938,11,10,21
1938,6,10,16
1938,5,1,6
1938,4,1,5
1938,7,6,13
1938,5,11,16
1938,8,0,8
1938,8,5,13
1938,5,3,8
1938,8,5,13
1938,5,3,8
1938,6,4,10
1938,2,15,17
1938,8,2,10
1938,8,4,12
1938,3,2,5
1938,3,1,4
1938,7,6,13
1938,3,0,3
1938,5,4,9
1938,4,3,7
1938,2,2,4
1938,7,2,9
1938,3,2,5
1938,4,3,7
1938,9,3,12
1938,6,0,6
1938,6,5,11
1938,7,4,11
1938,7,6,13
1938,8,3,11
1938,1,0,1
1938,5,11,16
1938,8,5,13
1938,4,1,5
1938,18,12,30
1938,5,2,7
1938,7,4,11
1938,7,6,13
1938,8,2,10
1938,5,3,8
1938,4,3,7
1938,5,3,8
1938,6,0,6
1938,2,0,2
1938,6,4,10
1938,6,4,10
1938,7,6,13
1938,2,0,2
1938,9,7,16
1938,7,4,11
1938,5,1,6
1938,4,1,5
1938,3,12,15
1938,2,10,12
1938,3,2,5
1938,8,12,20
1938,4,3,7
1938,12,10,22
1938,1,0,1
1938,3,2,5
1938,5,1,6
1938,8,1,9
1938,12,10,22
1938,4,3,7
1938,3,10,13
1938,4,3,7
1938,2,1,3
1938,7,4,11
1938,4,3,7
1938,8,4,12
1938,5,3,8
1938,5,3,8
1938,5,3,8
1938,1,0,1
1938,6,2,8
1938,4,3,7
1938,14,1,15
1938,3,2,5
1938,6,1,7
1938,5,4,9
1938,6,10,16
1938,8,7,15
1938,4,2,6
1938,4,14,18
1938,3,16,19
1938,9,10,19
1938,7,7,14
1938,5,1,6
1938,3,1,4
1938,8,4,12
1938,9,3,12
1938,3,1,4
1938,7,0,7
1938,5,10,15
1938,8,3,11
1938,5,4,9
1938,6,2,8
1938,4,3,7
1938,5,2,7
1938,4,2,6
1938,3,16,19
1938,3,1,4
1938,7,1,8
1938,8,3,11
1938,6,4,10
1938,7,1,8
1938,8,1,9
1938,2,1,3
1938,12,0,12
1938,8,6,14
1938,2,10,12
1938,8,5,13
1938,7,1,8
1938,5,2,7
1938,7,6,13
1938,8,12,20
1938,5,3,8
1938,6,4,10
1938,3,1,4
1938,8,7,15
1938,9,3,12
1938,5,0,5
1938,7,6,13
1938,9,12,21
1938,1,1,2
1938,3,10,13
1938,5,1,6
1938,3,10,13
1938,8,5,13
1938,9,1,10
1938,7,2,9
1938,7,3,10
1938,9,4,13
1938,9,3,12
1938,5,4,9
1938,5,2,7
1938,9,10,19
1938,6,4,10
1938,7,6,13
1938,5,10,15
1938,4,3,7
1938,10,0,10
1938,13,1,14
1938,9,1,10
1938,6,2,8
1938,5,4,9
1938,9,5,14
1938,11,1,12
1938,5,0,5
1938,9,10,19
1938,7,1,8
1938,14,1,15
1938,3,1,4
1938,11,1,12
1938,3,1,4
1938,4,1,5
1938,5,0,5
1938,4,11,15
1938,8,0,8
1938,7,12,19
1938,8,1,9
1938,2,1,3
1938,2,12,14
1938,6,5,11
1938,5,1,6
1938,5,13,18
1938,3,1,4
1938,2,0,2
1938,5,3,8
1938,2,0,2
1938,2,1,3
1938,3,0,3
1938,4,3,7
1938,9,3,12
1938,3,0,3
1938,2,14,16
1938,6,5,11
1938,6,2,8
1938,6,5,11
1938,6,2,8
1938,8,5,13
1938,5,2,7
1938,5,4,9
1938,5,1,6
1938,2,1,3
1938,3,2,5
1938,7,3,10
1938,5,2,7
1938,3,0,3
1938,16,1,17
1938,5,10,15
1938,2,10,12
1938,4,3,7
1938,4,3,7
1938,5,10,15
1938,4,4,8
1938,9,8,17
1938,7,6,13
1938,8,7,15
1938,7,5,12
1938,5,3,8
1938,4,2,6
1938,2,13,15
1938,6,2,8
1938,11,0,11
1938,6,11,17
1938,11,0,11
1938,5,4,9
1938,4,0,4
1938,7,0,7
1938,4,3,7
1938,8,7,15
1938,7,4,11
1938,6,4,10
1938,3,1,4
1938,8,7,15
1938,5,4,9
1938,5,2,7
1938,6,3,9
1938,5,3,8
1938,5,2,7
1938,4,3,7
1938,5,2,7
1938,8,7,15
1938,5,3,8
1938,9,5,14
1938,5,13,18
1938,6,14,20
1938,7,3,10
1938,5,10,15
1938,8,6,14
1938,6,5,11
1938,9,8,17
1938,7,4,11
1938,9,5,14
1938,6,1,7
1938,15,12,27
1938,5,2,7
1938,5,10,15
1938,5,10,15
1938,4,3,7
1938,12,1,13
1938,3,0,3
1938,5,1,6
1938,1,0,1
1938,5,4,9
1938,9,8,17
1938,3,2,5
1938,5,10,15
1938,5,1,6
1938,5,3,8
1938,4,1,5
1938,3,2,5
1938,3,0,3
1938,5,4,9
1938,9,4,13
1938,6,10,16
1938,3,11,14
1938,8,3,11
1938,8,7,15
1938,5,12,17
1938,7,5,12
1938,9,8,17
1938,7,3,10
1938,2,1,3
1938,3,2,5
1938,5,11,16
1938,4,14,18
1938,3,1,4
1938,4,0,4
1938,5,3,8
1938,7,4,11
1938,3,16,19
1938,7,6,13
1938,2,1,3
1938,7,7,14
1938,12,1,13
1938,7,6,13
1938,7,4,11
1938,5,3,8
1938,8,3,11
1938,3,1,4
1938,7,2,9
1938,5,3,8
1938,8,0,8
1938,7,6,13
1938,4,3,7
1938,4,3,7
1938,11,0,11
1938,4,1,5
1938,7,2,9
1938,7,1,8
1938,7,2,9
1938,5,2,7
1938,1,0,1
1938,5,4,9
1938,5,2,7
1938,4,3,7
1938,7,4,11
1938,5,2,7
1938,11,10,21
1938,4,3,7
1938,3,12,15
1938,9,7,16
1938,7,4,11
1938,3,1,4
1938,9,10,19
1938,4,2,6
1938,4,3,7
1938,5,4,9
1938,7,5,12
1938,5,1,6
1938,2,0,2
1938,8,3,11
1938,7,6,13
1938,7,3,10
1938,5,4,9
1938,4,2,6
1938,5,4,9
1938,3,2,5
1938,4,2,6
1938,11,1,12
1938,4,0,4
1938,3,0,3
1938,8,10,18
1938,6,2,8
1938,9,1,10
1938,4,2,6
1938,6,5,11
1938,6,5,11
1938,6,5,11
1938,5,10,15
1938,5,12,17
1938,3,2,5
1938,1,0,1
1938,5,1,6
1938,12,11,23
1938,9,4,13
1938,7,0,7
1938,4,2,6
1938,7,5,12
1938,4,2,6
1938,8,13,21
1938,8,5,13
1938,4,12,16
1938,2,1,3
1938,9,2,11
1938,4,3,7
1938,7,6,13
1938,2,1,3
1938,4,3,7
1938,4,12,16
1938,9,2,11
1938,5,4,9
1938,5,4,9
1938,9,2,11
1938,8,2,10
1938,9,6,15
1938,8,5,13
1938,7,10,17
1938,8,7,15
1938,3,2,5
1938,5,4,9
1938,5,4,9
1938,4,3,7
1938,3,2,5
1938,3,2,5
1938,5,1,6
1938,7,3,10
1938,7,6,13
1938,6,5,11
1938,4,3,7
1938,7,6,13
1938,2,10,12
1938,8,11,19
1938,4,0,4
1938,6,2,8
1938,9,3,12
1938,3,1,4
1938,8,4,12
1938,7,4,11
1938,4,3,7
1938,7,0,7
1938,3,2,5
1938,5,3,8
1938,3,2,5
1938,9,4,13
1938,5,3,8
1938,2,14,16
1938,5,13,18
1938,4,3,7
1938,8,6,14
1938,7,10,17
1938,8,3,11
1938,6,3,9
1938,5,3,8
1938,4,3,7
1938,8,2,10
1938,7,3,10
1938,8,4,12
1938,6,0,6
1938,4,10,14
1938,4,1,5
1938,6,1,7
1938,9,8,17
1938,5,3,8
1938,3,0,3
1938,9,2,11
1938,6,11,17
1938,1,0,1
1938,7,1,8
1938,7,3,10
1938,8,14,22
1938,7,6,13
1938,8,4,12
1938,11,10,21
1938,6,3,9
1938,7,4,11
1938,5,0,5
1938,5,14,19
1938,5,12,17
1938,7,0,7
1938,7,3,10
1938,5,1,6
1938,3,13,16
1938,6,3,9
1938,5,1,6
1938,5,3,8
1938,8,5,13
1938,9,6,15
1938,5,4,9
1938,4,1,5
1938,3,0,3
1938,4,2,6
1938,4,16,20
1938,1,0,1
1938,4,3,7
1938,8,1,9
1938,8,2,10
1938,8,7,15
1938,6,3,9
1938,12,11,23
1938,5,3,8
1938,5,0,5
1938,9,6,15
1938,13,1,14
1938,8,7,15
1938,9,6,15
1938,5,3,8
1938,8,7,15
1938,8,2,10
1938,2,1,3
1938,9,12,21
1938,6,5,11
1938,3,2,5
1938,5,4,9
1938,3,16,19
1938,1,0,1
1938,9,3,12
1938,13,1,14
1938,8,1,9
1938,4,3,7
1938,4,13,17
1938,2,1,3
1938,4,11,15
1938,11,1,12
1938,4,2,6
1938,5,11,16
1938,6,3,9
1938,4,1,5
1938,2,0,2
1938,6,4,10
1938,6,4,10
1938,5,4,9
1938,8,1,9
1938,4,3,7
1938,9,2,11
1938,11,0,11
1938,6,14,20
1938,2,0,2
1938,7,1,8
1938,3,3,6
1938,7,1,8
1938,8,4,12
1938,5,3,8
1938,6,2,8
1938,14,11,25
1938,5,4,9
1938,5,2,7
1938,9,6,15
1938,7,3,10
1938,7,6,13
1938,10,0,10
1938,16,1,17
1938,6,2,8
1938,4,3,7
1938,5,0,5
1938,8,4,12
1938,7,10,17
1938,4,3,7
1938,3,2,5
1938,4,2,6
1938,3,0,3
1938,4,3,7
1938,2,0,2
1938,9,1,10
1938,9,1,10
1938,5,1,6
1938,5,3,8
1938,5,1,6
1938,6,5,11
1938,6,3,9
1938,4,3,7
1938,1,0,1
1938,7,2,9
1938,8,7,15
1938,7,4,11
1938,4,2,6
1938,5,2,7
1938,7,10,17
1938,3,2,5
1938,5,2,7
1938,8,2,10
1938,6,4,10
1938,8,7,15
1938,3,11,14
1938,4,2,6
1938,5,4,9
1938,5,4,9
1938,7,2,9
1938,6,0,6
1938,9,4,13
1938,6,4,10
1938,6,1,7
1938,4,3,7
1938,3,2,5
1938,9,4,13
1938,8,3,11
1938,8,4,12
1938,8,1,9
1938,7,6,13
1938,3,0,3
1938,4,2,6
1938,4,2,6
1938,4,11,15
1938,3,13,16
1938,14,12,26
1938,6,2,8
1938,3,0,3
1938,3,11,14
1938,3,1,4
1938,5,13,18
1938,8,3,11
1938,6,0,6
1938,4,3,7
1938,9,7,16
1938,6,5,11
1938,5,3,8
1938,6,1,7
1938,3,1,4
1938,8,5,13
1938,11,1,12
1938,5,10,15
1938,2,11,13
1938,6,2,8
1938,5,0,5
1938,8,6,14
1938,1,0,1
1938,9,5,14
1938,3,2,5
1938,5,4,9
1938,6,4,10
1938,3,2,5
1938,5,2,7
1938,3,15,18
1938,8,5,13
1938,4,1,5
1938,2,1,3
1938,2,1,3
1938,8,7,15
1938,8,2,10
1938,2,12,14
1938,9,8,17
1938,7,3,10
1938,6,1,7
1938,9,15,24
1938,8,5,13
1938,6,11,17
1938,6,4,10
1938,6,4,10
1938,7,6,13
1938,9,3,12
1938,6,19,25
1938,1,0,1
1938,4,1,5
1938,8,4,12
1938,8,7,15
1938,13,0,13
1938,8,3,11
1938,6,5,11
1938,6,1,7
1938,3,12,15
1938,12,11,23
1938,4,3,7
1938,6,5,11
1938,3,1,4
1938,7,3,10
1938,4,2,6
1938,5,4,9
1938,7,2,9
1938,8,5,13
1938,5,1,6
1938,2,0,2
1938,6,5,11
1938,15,1,16
1938,6,3,9
1938,8,4,12
1938,10,1,11
1938,6,4,10
1938,9,5,14
1938,8,1,9
1938,5,4,9
1938,7,4,11
1938,3,1,4
1938,8,10,18
1938,7,1,8
1938,4,3,7
1938,8,7,15
1938,3,2,5
1938,6,3,9
1938,6,4,10
1938,9,3,12
1938,6,12,18
1938,8,6,14
1938,6,5,11
1938,3,12,15
1938,2,1,3
1938,7,6,13
1938,7,0,7
1938,5,3,8
1938,4,2,6
1938,6,3,9
1938,4,11,15
1938,6,0,6
1938,6,5,11
1938,6,11,17
1938,6,4,10
1938,4,2,6
1938,11,10,21
1938,5,4,9
1938,1,0,1
1938,4,11,15
1938,6,0,6
1938,7,5,12
1938,9,3,12
1938,7,0,7
1938,6,0,6
1938,2,10,12
1938,5,4,9
1938,7,0,7
1938,4,2,6
1938,6,2,8
1938,2,1,3
1938,2,1,3
1938,7,4,11
1938,12,11,23
1938,2,12,14
1938,5,3,8
1938,3,11,14
1938,1,1,2
1938,5,4,9
1938,5,3,8
1938,6,4,10
1938,4,2,6
1938,4,3,7
1938,4,2,6
1938,5,2,7
1938,6,3,9
1938,7,0,7
1938,4,3,7
1938,3,0,3
1938,4,3,7
1938,3,2,5
1938,9,3,12
1938,4,14,18
1938,8,6,14
1938,8,2,10
1938,8,0,8
1938,6,0,6
1938,6,5,11
1938,6,4,10
1938,7,5,12
1938,4,11,15
1938,7,1,8
1938,1,0,1
1938,6,3,9
1938,6,3,9
1938,7,5,12
1938,5,2,7
1938,4,0,4
1938,5,0,5
1938,5,3,8
1938,4,1,5
1938,6,4,10
1938,7,4,11
1938,5,2,7
1938,4,3,7
1938,5,11,16
1938,7,1,8
1938,4,2,6
1938,4,2,6
1938,2,0,2
1938,7,15,22
1938,9,1,10
1938,4,2,6
1938,20,2,22
1938,6,5,11
1938,7,14,21
1938,6,5,11
1938,7,12,19
1938,2,0,2
1938,6,2,8
1938,4,3,7
1938,10,1,11
1938,5,3,8
1938,3,0,3
1938,2,11,13
1938,3,2,5
1938,6,4,10
1938,6,3,9
1938,4,3,7
1938,5,2,7
1938,7,1,8
1938,3,2,5
1938,7,1,8
1938,9,3,12
1938,6,2,8
1938,8,4,12
1938,6,3,9
1938,9,2,11
1938,3,0,3
1938,3,10,13
1938,9,12,21
1938,3,2,5
1938,4,3,7
1938,5,4,9
1938,1,0,1
1938,3,2,5
1938,3,2,5
1938,6,4,10
1938,7,2,9
1938,6,4,10
1938,4,1,5
1938,8,4,12
1938,7,6,13
1938,5,4,9
1938,2,1,3
1938,6,4,10
1938,2,0,2
1938,2,1,3
1938,2,1,3
1938,8,4,12
1938,7,4,11
1938,5,4,9
1938,7,3,10
1938,4,0,4
1938,4,2,6
1938,9,10,19
1938,11,1,12
1938,4,1,5
1938,3,3,6
1938,7,3,10
1938,3,14,17
1938,8,1,9
1938,1,0,1
1938,1,1,2
1938,4,3,7
1938,8,7,15
1938,4,3,7
1938,2,12,14
1938,13,1,14
1938,5,4,9
1938,9,1,10
1938,8,12,20
1938,7,2,9
1938,4,0,4
1938,5,2,7
1938,8,6,14
1938,3,0,3
1938,8,4,12
1938,6,0,6
1938,6,11,17
1938,6,5,11
1938,4,1,5
1938,7,4,11
1938,6,1,7
1938,2,1,3
1938,4,0,4
1938,2,1,3
1938,8,1,9
1938,6,5,11
1938,3,2,5
1938,7,6,13
1938,5,4,9
1938,8,1,9
1938,9,8,17
1938,2,1,3
1938,9,3,12
1938,7,6,13
1938,7,6,13
1938,7,3,10
1938,4,1,5
1938,8,7,15
1938,3,2,5
1938,5,1,6
1938,5,1,6
1938,3,2,5
1938,4,3,7
1938,7,2,9
1938,7,5,12
1938,5,3,8
1938,2,2,4
1938,6,5,11
1938,5,4,9
1938,5,3,8
1938,7,2,9
1938,8,4,12
1938,6,3,9
1938,4,3,7
1938,5,3,8
1938,5,1,6
1938,2,1,3
1938,4,1,5
1938,2,1,3
1938,6,1,7
1938,5,4,9
1938,2,10,12
1938,5,2,7
1938,11,1,12
1938,3,1,4
1938,3,1,4
1938,6,5,11
1938,14,11,25
1938,12,0,12
1938,4,1,5
1938,2,1,3
1938,8,7,15
1938,5,13,18
1938,2,1,3
1938,8,6,14
1938,10,1,11
1938,9,8,17
1938,6,2,8
1938,9,2,11
1938,7,4,11
1938,1,1,2
1938,7,4,11
1938,7,5,12
1938,3,3,6
1938,7,1,8
1938,4,2,6
1938,7,7,14
1938,9,2,11
1938,6,3,9
1938,4,0,4
1938,9,6,15
1938,5,0,5
1938,5,13,18
1938,4,3,7
1938,3,10,13
1938,6,1,7
1938,4,3,7
1938,3,0,3
1938,5,4,9
1938,4,1,5
1938,8,10,18
1938,3,2,5
1938,7,3,10
1938,7,2,9
1938,7,5,12
1938,5,2,7
1938,4,2,6
1938,3,1,4
1938,6,3,9
1938,5,2,7
1938,8,3,11
1939,7,5,12
1939,7,3,10
1939,6,1,7
1939,3,2,5
1939,7,6,13
1939,5,3,8
1939,2,0,2
1939,8,7,15
1939,2,0,2
1939,2,0,2
1939,9,2,11
1939,5,1,6
1939,3,10,13
1939,2,2,4
1939,4,2,6
1939,6,3,9
1939,5,2,7
1939,5,1,6
1939,4,2,6
1939,2,1,3
1939,6,5,11
1939,5,4,9
1939,9,0,9
1939,3,1,4
1939,8,12,20
1939,4,17,21
1939,7,2,9
1939,8,0,8
1939,4,2,6
1939,5,4,9
1939,6,5,11
1939,7,4,11
1939,9,10,19
1939,4,1,5
1939,6,2,8
1939,9,3,12
1939,4,2,6
1939,2,1,3
1939,6,5,11
1939,6,5,11
1939,3,2,5
1939,5,3,8
1939,7,1,8
1939,7,2,9
1939,8,4,12
1939,8,1,9
1939,5,1,6
1939,3,1,4
1939,5,1,6
1939,7,6,13
1939,1,0,1
1939,2,1,3
1939,3,11,14
1939,4,2,6
1939,5,4,9
1939,6,5,11
1939,6,3,9
1939,7,6,13
1939,9,8,17
1939,5,0,5
1939,8,1,9
1939,2,0,2
1939,7,1,8
1939,3,1,4
1939,3,2,5
1939,5,3,8
1939,9,8,17
1939,3,1,4
1939,3,2,5
1939,4,1,5
1939,14,1,15
1939,3,2,5
1939,3,1,4
1939,6,5,11
1939,13,12,25
1939,7,2,9
1939,2,1,3
1939,3,2,5
1939,2,1,3
1939,4,1,5
1939,22,2,24
1939,8,7,15
1939,6,1,7
1939,9,7,16
1939,3,1,4
1939,5,1,6
1939,6,10,16
1939,6,4,10
1939,4,1,5
1939,11,10,21
1939,6,2,8
1939,4,3,7
1939,6,10,16
1939,7,6,13
1939,6,3,9
1939,6,4,10
1939,9,3,12
1939,6,3,9
1939,5,4,9
1939,2,1,3
1939,2,1,3
1939,4,1,5
1939,7,5,12
1939,7,10,17
1939,5,10,15
1939,4,3,7
1939,6,4,10
1939,14,12,26
1939,5,1,6
1939,5,4,9
1939,6,2,8
1939,1,0,1
1939,7,5,12
1939,2,1,3
1939,9,2,11
1939,4,15,19
1939,8,7,15
1939,3,10,13
1939,3,10,13
1939,4,13,17
1939,6,3,9
1939,1,0,1
1939,3,2,5
1939,5,3,8
1939,6,2,8
1939,6,5,11
1939,4,2,6
1939,8,7,15
1939,13,1,14
1939,8,6,14
1939,7,11,18
1939,8,4,12
1939,8,10,18
1939,5,10,15
1939,6,2,8
1939,7,4,11
1939,5,1,6
1939,5,0,5
1939,4,3,7
1939,7,1,8
1939,4,3,7
1939,6,2,8
1939,3,2,5
1939,7,0,7
1939,4,2,6
1939,4,1,5
1939,8,10,18
1939,7,5,12
1939,4,3,7
1939,8,7,15
1939,6,10,16
1939,1,0,1
1939,5,3,8
1939,5,2,7
1939,2,1,3
1939,6,2,8
1939,5,3,8
1939,1,0,1
1939,9,4,13
1939,9,5,14
1939,2,1,3
1939,10,0,10
1939,5,2,7
1939,4,14,18
1939,7,4,11
1939,5,4,9
1939,3,0,3
1939,6,2,8
1939,9,2,11
1939,4,18,22
1939,2,12,14
1939,4,1,5
1939,7,5,12
1939,8,3,11
1939,8,5,13
1939,7,6,13
1939,6,2,8
1939,6,3,9
1939,9,9,18
1939,6,1,7
1939,4,3,7
1939,7,3,10
1939,9,5,14
1939,4,1,5
1939,5,3,8
1939,4,2,6
1939,3,2,5
1939,8,1,9
1939,4,3,7
1939,5,4,9
1939,6,1,7
1939,3,2,5
1939,7,15,22
1939,5,11,16
1939,4,3,7
1939,4,2,6
1939,6,11,17
1939,5,2,7
1939,8,4,12
1939,9,5,14
1939,8,4,12
1939,7,2,9
1939,5,2,7
1939,6,5,11
1939,6,12,18
1939,9,1,10
1939,6,3,9
1939,8,3,11
1939,4,0,4
1939,7,2,9
1939,6,12,18
1939,4,12,16
1939,4,1,5
1939,5,2,7
1939,3,2,5
1939,5,3,8
1939,6,3,9
1939,6,3,9
1939,9,2,11
1939,2,1,3
1939,7,2,9
1939,8,15,23
1939,3,2,5
1939,7,3,10
1939,7,3,10
1939,4,13,17
1939,6,1,7
1939,5,4,9
1939,6,2,8
1939,3,2,5
1939,6,0,6
1939,6,1,7
1939,4,1,5
1939,6,3,9
1939,7,0,7
1939,6,16,22
1939,11,0,11
1939,8,7,15
1939,6,1,7
1939,5,2,7
1939,8,2,10
1939,7,1,8
1939,4,1,5
1939,4,2,6
1939,5,14,19
1939,2,1,3
1939,1,0,1
1939,7,5,12
1939,4,11,15
1939,7,6,13
1939,4,2,6
1939,9,1,10
1939,7,6,13
1939,5,12,17
1939,8,2,10
1939,9,11,20
1939,10,1,11
1939,3,2,5
1939,7,12,19
1939,16,12,28
1939,6,2,8
1939,6,0,6
1939,6,2,8
1939,9,5,14
1939,7,2,9
1939,6,5,11
1939,8,4,12
1939,6,1,7
1939,1,0,1
1939,6,3,9
1939,9,10,19
1939,7,5,12
1939,7,0,7
1939,5,4,9
1939,8,4,12
1939,9,17,26
1939,6,2,8
1939,8,3,11
1939,6,0,6
1939,2,0,2
1939,7,2,9
1939,3,2,5
1939,5,4,9
1939,3,1,4
1939,9,7,16
1939,5,3,8
1939,7,2,9
1939,8,14,22
1939,3,1,4
1939,8,4,12
1939,7,4,11
1939,3,2,5
1939,9,4,13
1939,7,10,17
1939,8,3,11
1939,5,14,19
1939,1,0,1
1939,5,2,7
1939,7,10,17
1939,4,0,4
1939,7,5,12
1939,5,17,22
1939,8,5,13
1939,8,2,10
1939,5,10,15
1939,4,3,7
1939,8,7,15
1939,3,2,5
1939,6,5,11
1939,7,10,17
1939,5,3,8
1939,8,6,14
1939,7,3,10
1939,14,1,15
1939,9,14,23
1939,6,11,17
1939,2,10,12
1939,7,1,8
1939,8,4,12
1939,4,1,5
1939,9,4,13
1939,5,4,9
1939,3,11,14
1939,6,2,8
1939,4,10,14
1939,12,1,13
1939,7,5,12
1939,3,0,3
1939,8,2,10
1939,8,7,15
1939,5,2,7
1939,5,3,8
1939,7,4,11
1939,8,7,15
1939,6,2,8
1939,3,17,20
1939,9,8,17
1939,7,10,17
1939,7,3,10
1939,2,0,2
1939,5,2,7
1939,4,10,14
1939,9,13,22
1939,5,4,9
1939,7,1,8
1939,5,4,9
1939,2,0,2
1939,7,2,9
1939,7,5,12
1939,8,4,12
1939,5,3,8
1939,3,2,5
1939,8,7,15
1939,7,4,11
1939,4,1,5
1939,3,2,5
1939,4,14,18
1939,4,3,7
1939,4,3,7
1939,7,18,25
1939,7,6,13
1939,2,1,3
1939,6,0,6
1939,6,5,11
1939,5,17,22
1939,6,2,8
1939,6,5,11
1939,5,3,8
1939,3,1,4
1939,9,8,17
1939,4,3,7
1939,5,3,8
1939,7,5,12
1939,4,3,7
1939,4,3,7
1939,3,2,5
1939,6,3,9
1939,7,3,10
1939,5,4,9
1939,5,4,9
1939,4,1,5
1939,8,5,13
1939,5,1,6
1939,9,8,17
1939,6,2,8
1939,2,1,3
1939,7,10,17
1939,4,2,6
1939,6,0,6
1939,9,2,11
1939,3,0,3
1939,6,3,9
1939,7,4,11
1939,4,1,5
1939,1,0,1
1939,6,5,11
1939,8,3,11
1939,5,1,6
1939,4,2,6
1939,8,7,15
1939,6,4,10
1939,4,3,7
1939,11,10,21
1939,4,2,6
1939,7,6,13
1939,5,2,7
1939,5,0,5
1939,3,1,4
1939,1,0,1
1939,5,2,7
1939,2,11,13
1939,7,5,12
1939,4,3,7
1939,5,4,9
1939,5,3,8
1939,1,0,1
1939,9,1,10
1939,6,12,18
1939,5,0,5
1939,8,5,13
1939,6,5,11
1939,9,4,13
1939,8,4,12
1939,3,3,6
1939,8,5,13
1939,2,1,3
1939,6,1,7
1939,8,1,9
1939,3,1,4
1939,4,2,6
1939,3,13,16
1939,5,0,5
1939,4,3,7
1939,6,0,6
1939,3,0,3
1939,2,1,3
1939,9,8,17
1939,6,4,10
1939,2,14,16
1939,9,8,17
1939,7,3,10
1939,7,1,8
1939,6,1,7
1939,6,5,11
1939,8,7,15
1939,5,11,16
1939,8,5,13
1939,4,3,7
1939,7,0,7
1939,5,12,17
1939,2,1,3
1939,7,4,11
1939,6,14,20
1939,1,0,1
1939,7,2,9
1939,2,1,3
1939,6,10,16
1939,6,2,8
1939,5,2,7
1939,4,12,16
1939,4,3,7
1939,3,2,5
1939,7,3,10
1939,2,11,13
1939,8,4,12
1939,2,10,12
1939,6,5,11
1939,8,5,13
1939,2,0,2
1939,6,5,11
1939,2,11,13
1939,3,2,5
1939,3,0,3
1939,2,2,4
1939,2,11,13
1939,6,0,6
1939,5,0,5
1939,5,13,18
1939,5,2,7
1939,8,0,8
1939,6,1,7
1939,7,1,8
1939,23,2,25
1939,10,0,10
1939,8,4,12
1939,8,6,14
1939,9,3,12
1939,7,5,12
1939,8,2,10
1939,7,6,13
1939,2,1,3
1939,7,0,7
1939,5,1,6
1939,3,1,4
1939,2,10,12
1939,5,3,8
1939,8,6,14
1939,8,5,13
1939,6,5,11
1939,4,3,7
1939,5,2,7
1939,6,0,6
1939,4,3,7
1939,9,4,13
1939,7,3,10
1939,9,3,12
1939,3,11,14
1939,9,8,17
1939,4,3,7
1939,8,2,10
1939,5,1,6
1939,3,2,5
1939,6,4,10
1939,9,7,16
1939,4,3,7
1939,8,5,13
1939,6,3,9
1939,4,3,7
1939,2,13,15
1939,5,3,8
1939,4,2,6
1939,8,3,11
1939,6,3,9
1939,8,6,14
1939,3,1,4
1939,2,10,12
1939,6,4,10
1939,3,2,5
1939,4,0,4
1939,3,2,5
1939,11,1,12
1939,7,17,24
1939,18,12,30
1939,7,4,11
1939,4,3,7
1939,7,3,10
1939,7,4,11
1939,7,1,8
1939,7,11,18
1939,2,1,3
1939,6,2,8
1939,6,4,10
1939,6,4,10
1939,10,1,11
1939,8,1,9
1939,7,4,11
1939,9,3,12
1939,7,2,9
1939,9,5,14
1939,3,2,5
1939,7,3,10
1939,7,3,10
1939,4,3,7
1939,5,4,9
1939,8,6,14
1939,8,3,11
1939,3,2,5
1939,4,0,4
1939,5,10,15
1939,7,6,13
1939,3,1,4
1939,3,2,5
1939,6,5,11
1939,6,3,9
1939,5,3,8
1939,9,10,19
1939,3,2,5
1939,3,1,4
1939,7,6,13
1939,4,3,7
1939,6,3,9
1939,13,1,14
1939,4,3,7
1939,5,3,8
1939,5,4,9
1939,3,10,13
1939,7,3,10
1939,8,6,14
1939,2,14,16
1939,5,1,6
1939,3,0,3
1939,5,3,8
1939,3,1,4
1939,12,10,22
1939,6,5,11
1939,6,10,16
1939,7,0,7
1939,7,5,12
1939,4,3,7
1939,4,14,18
1939,4,10,14
1939,7,3,10
1939,6,3,9
1939,4,1,5
1939,9,11,20
1939,6,2,8
1939,7,3,10
1939,7,3,10
1939,9,5,14
1939,7,10,17
1939,8,4,12
1939,8,5,13
1939,8,7,15
1939,9,2,11
1939,4,0,4
1939,3,0,3
1939,4,3,7
1939,3,2,5
1939,6,3,9
1939,5,2,7
1939,8,3,11
1939,9,2,11
1939,3,0,3
1939,3,1,4
1939,3,2,5
1939,7,3,10
1939,7,13,20
1939,5,5,10
1939,2,11,13
1939,4,0,4
1939,3,0,3
1939,6,13,19
1939,4,3,7
1939,7,4,11
1939,8,11,19
1939,4,2,6
1939,3,12,15
1939,13,10,23
1939,8,5,13
1939,6,3,9
1939,2,10,12
1939,5,3,8
1939,8,3,11
1939,9,0,9
1939,4,3,7
1939,4,2,6
1939,3,2,5
1939,4,1,5
1939,8,0,8
1939,11,0,11
1939,3,10,13
1939,4,2,6
1939,2,1,3
1939,4,0,4
1939,3,2,5
1939,8,7,15
1939,8,4,12
1939,2,1,3
1939,4,1,5
1939,4,3,7
1939,3,1,4
1939,4,1,5
1939,5,2,7
1939,6,2,8
1939,4,3,7
1939,2,16,18
1939,7,0,7
1939,6,5,11
1939,7,2,9
1939,9,3,12
1939,3,11,14
1939,4,2,6
1939,11,10,21
1939,8,7,15
1939,2,0,2
1939,6,3,9
1939,12,0,12
1939,8,2,10
1939,3,2,5
1939,1,0,1
1939,8,5,13
1939,5,4,9
1939,2,11,13
1939,4,3,7
1939,3,16,19
1939,7,5,12
1939,5,2,7
1939,4,0,4
1939,5,13,18
1939,3,11,14
1939,3,2,5
1939,6,5,11
1939,8,6,14
1939,3,1,4
1939,2,1,3
1939,5,1,6
1939,8,12,20
1939,5,4,9
1939,6,3,9
1939,5,3,8
1939,8,1,9
1939,6,5,11
1939,2,10,12
1939,14,1,15
1939,9,3,12
1939,3,1,4
1939,5,3,8
1939,10,0,10
1939,3,1,4
1939,7,12,19
1939,3,1,4
1939,6,1,7
1939,9,8,17
1939,9,8,17
1939,9,4,13
1939,8,1,9
1939,6,11,17
1939,5,4,9
1939,2,1,3
1939,3,0,3
1939,7,1,8
1939,5,4,9
1939,2,0,2
1939,4,3,7
1939,5,2,7
1939,3,0,3
1939,9,2,11
1939,7,6,13
1939,6,5,11
1939,7,3,10
1939,5,2,7
1939,6,4,10
1939,3,1,4
1939,9,2,11
1939,5,1,6
1939,4,3,7
1939,5,1,6
1939,14,0,14
1939,5,3,8
1939,7,5,12
1939,5,2,7
1939,5,2,7
1939,5,2,7
1939,7,5,12
1939,6,2,8
1939,5,4,9
1939,5,2,7
1939,4,1,5
1939,5,3,8
1939,4,3,7
1939,7,5,12
1939,8,2,10
1939,5,4,9
1939,2,12,14
1939,7,2,9
1939,4,13,17
1939,2,1,3
1939,6,0,6
1939,2,1,3
1939,6,17,23
1939,9,6,15
1939,3,12,15
1939,9,7,16
1939,4,1,5
1939,5,1,6
1939,4,3,7
1939,9,5,14
1939,1,0,1
1939,5,3,8
1939,5,4,9
1939,3,1,4
1939,3,2,5
1939,9,8,17
1939,6,5,11
1939,4,16,20
1939,3,2,5
1939,4,10,14
1939,6,1,7
1939,7,10,17
1939,4,3,7
1939,5,1,6
1939,10,1,11
1939,10,1,11
1939,8,3,11
1939,9,8,17
1939,5,0,5
1939,8,6,14
1939,5,4,9
1939,7,1,8
1939,4,11,15
1939,8,6,14
1939,9,5,14
1939,6,0,6
1939,11,0,11
1939,8,3,11
1939,4,3,7
1939,7,6,13
1939,6,5,11
1939,9,2,11
1939,7,3,10
1939,7,5,12
1939,5,3,8
1939,3,2,5
1939,7,4,11
1939,5,3,8
1939,6,5,11
1939,7,5,12
1939,3,11,14
1939,6,5,11
1939,3,10,13
1939,5,4,9
1939,6,5,11
1939,5,3,8
1939,8,13,21
1939,7,5,12
1939,6,4,10
1939,4,3,7
1939,6,3,9
1939,3,0,3
1939,8,3,11
1939,7,5,12
1939,3,2,5
1939,4,3,7
1939,2,1,3
1939,9,5,14
1939,9,5,14
1939,3,10,13
1939,6,4,10
1939,3,2,5
1939,3,17,20
1939,4,3,7
1939,4,18,22
1939,8,4,12
1939,9,1,10
1939,6,3,9
1939,6,13,19
1939,8,2,10
1939,5,4,9
1939,2,0,2
1939,3,0,3
1939,7,11,18
1939,2,11,13
1939,6,2,8
1939,9,12,21
1939,21,0,21
1939,4,2,6
1939,4,3,7
1939,5,2,7
1939,9,8,17
1939,8,4,12
1939,3,10,13
1939,4,0,4
1939,8,5,13
1939,4,3,7
1939,6,5,11
1939,3,12,15
1939,3,2,5
1939,3,0,3
1939,7,6,13
1939,7,3,10
1939,9,2,11
1939,3,2,5
1939,7,6,13
1939,2,1,3
1939,4,0,4
1939,4,3,7
1939,3,0,3
1939,3,0,3
1939,7,1,8
1939,5,1,6
1939,2,1,3
1939,7,6,13
1939,9,8,17
1939,7,1,8
1939,4,2,6
1939,6,5,11
1939,4,3,7
1939,1,0,1
1939,5,0,5
1939,5,2,7
1939,3,0,3
1939,6,2,8
1939,4,0,4
1939,6,5,11
1939,3,3,6
1939,5,0,5
1939,9,3,12
1939,8,6,14
1939,2,1,3
1939,6,5,11
1939,7,1,8
1939,7,5,12
1939,5,4,9
1939,5,1,6
1939,8,4,12
1939,3,2,5
1939,9,5,14
1939,5,0,5
1939,6,2,8
1939,2,0,2
1939,5,10,15
1939,7,1,8
1939,4,3,7
1939,7,0,7
1939,8,5,13
1939,8,2,10
1939,5,14,19
1939,6,4,10
1939,9,4,13
1939,4,2,6
1939,4,0,4
1939,3,10,13
1939,8,3,11
1939,1,0,1
1939,3,1,4
1939,7,2,9
1939,4,16,20
1939,7,6,13
1939,8,3,11
1939,3,0,3
1939,9,1,10
1939,4,2,6
1939,6,1,7
1939,3,1,4
1939,2,10,12
1939,2,17,19
1939,8,1,9
1939,4,3,7
1939,6,5,11
1939,5,11,16
1939,9,2,11
1939,6,0,6
1939,5,2,7
1939,11,0,11
1939,8,2,10
1939,5,2,7
1939,6,1,7
1939,8,1,9
1939,8,1,9
1939,5,4,9
1939,7,5,12
1939,6,3,9
1939,6,2,8
1939,8,0,8
1939,5,0,5
1939,4,11,15
1939,6,1,7
1939,3,2,5
1939,9,5,14
1939,4,10,14
1939,6,5,11
1939,2,0,2
1939,1,0,1
1939,5,3,8
1939,3,13,16
1939,7,2,9
1939,4,3,7
1939,3,2,5
1939,8,7,15
1939,4,3,7
1939,5,10,15
1939,5,4,9
1939,6,5,11
1939,2,18,20
1939,3,1,4
1939,5,3,8
1939,2,12,14
1939,2,1,3
1939,7,4,11
1939,7,6,13
1939,5,2,7
1939,4,3,7
1939,4,3,7
1939,7,6,13
1939,9,8,17
1939,2,0,2
1939,4,3,7
1939,4,11,15
1939,1,0,1
1939,6,11,17
1939,4,2,6
1939,6,2,8
1939,3,1,4
1939,8,11,19
1939,14,10,24
1939,6,0,6
1939,7,12,19
1939,2,0,2
1939,6,1,7
1939,9,3,12
1939,6,10,16
1939,7,2,9
1939,3,2,5
1939,3,11,14
1939,3,0,3
1939,12,11,23
1939,5,5,10
1939,8,1,9
1939,7,2,9
1939,5,0,5
1939,6,2,8
1939,7,1,8
1939,4,3,7
1939,6,2,8
1939,6,14,20
1939,3,0,3
1939,6,1,7
1939,7,6,13
1939,6,4,10
1939,5,4,9
1939,5,2,7
1939,2,1,3
1939,6,3,9
1939,5,2,7
1939,3,2,5
1939,5,5,10
1939,10,0,10
1939,7,6,13
1939,7,6,13
1939,2,0,2
1939,4,0,4
1939,6,6,12
1939,6,2,8
1939,4,2,6
1939,4,2,6
1939,6,0,6
1939,3,1,4
1939,2,1,3
1939,4,10,14
1939,3,11,14
1939,2,0,2
1939,2,1,3
1939,6,3,9
1939,5,4,9
1939,4,3,7
1939,7,2,9
1939,4,3,7
1939,4,2,6
1939,9,8,17
1939,5,2,7
1939,10,1,11
1939,8,7,15
1939,8,4,12
1939,4,11,15
1939,2,11,13
1939,3,1,4
1939,3,10,13
1939,4,1,5
1939,5,4,9
1939,5,2,7
1939,12,1,13
1939,8,3,11
1939,2,1,3
1939,3,2,5
1939,5,2,7
1939,2,1,3
1939,2,12,14
1939,9,8,17
1939,8,4,12
1939,7,2,9
1939,5,1,6
1939,9,11,20
1939,4,3,7
1939,6,2,8
1939,7,10,17
1939,5,1,6
1939,9,3,12
1939,4,11,15
1939,5,15,20
1939,5,4,9
1939,9,11,20
1939,8,6,14
1939,2,1,3
1939,8,3,11
1939,3,2,5
1939,4,3,7
1939,9,1,10
1939,4,3,7
1939,3,2,5
1939,1,0,1
1939,4,15,19
1939,3,0,3
1939,9,4,13
1939,3,11,14
1939,2,0,2
1939,7,4,11
1939,9,10,19
1939,3,1,4
1939,4,2,6
1939,8,7,15
1939,13,1,14
1939,5,2,7
1939,8,5,13
1939,9,3,12
1939,6,1,7
1939,4,2,6
1939,4,3,7
1939,8,4,12
1939,6,3,9
1939,5,1,6
1939,7,1,8
1939,9,6,15
1939,6,1,7
1939,6,10,16
1939,4,3,7
1939,3,10,13
1939,3,2,5
1939,4,2,6
1939,1,0,1
1939,9,5,14
1939,2,1,3
1939,8,2,10
1939,6,1,7
1939,8,5,13
1939,7,6,13
1939,3,2,5
1939,6,5,11
1939,4,0,4
1939,6,1,7
1939,7,11,18
1939,4,10,14
1939,3,2,5
1939,6,5,11
1939,5,3,8
1939,8,4,12
1939,3,1,4
1939,4,2,6
1939,5,18,23
1939,7,3,10
1939,10,1,11
1939,2,1,3
1939,2,1,3
1939,3,2,5
1939,4,1,5
1939,5,4,9
1939,6,2,8
1939,9,4,13
1939,7,4,11
1939,7,2,9
1939,5,15,20
1939,4,2,6
1939,6,2,8
1939,3,2,5
1939,13,1,14
1939,6,2,8
1939,8,4,12
1939,5,3,8
1939,6,1,7
1939,9,10,19
1939,8,11,19
1939,4,2,6
1939,3,2,5
1939,8,4,12
1939,5,4,9
1939,4,10,14
1939,7,2,9
1939,6,2,8
1939,9,3,12
1939,8,3,11
1939,5,2,7
1939,7,6,13
1939,6,4,10
1939,7,0,7
1939,6,5,11
1939,6,3,9
1939,7,5,12
1939,6,0,6
1939,9,10,19
1939,5,4,9
1939,3,2,5
1939,8,10,18
1939,6,2,8
1939,9,4,13
1939,6,5,11
1939,6,1,7
1939,6,3,9
1939,4,1,5
1939,4,22,26
1939,8,0,8
1939,7,3,10
1939,7,1,8
1939,9,4,13
1939,9,11,20
1939,4,3,7
1939,2,11,13
1939,2,1,3
1939,9,1,10
1939,5,4,9
1939,5,3,8
1939,3,1,4
1939,6,1,7
1939,9,1,10
1939,3,2,5
1939,4,3,7
1939,6,5,11
1939,3,1,4
1939,6,0,6
1939,9,5,14
1939,3,2,5
1939,5,3,8
1939,5,4,9
1939,7,5,12
1939,4,15,19
1939,5,2,7
1939,7,5,12
1939,4,0,4
1939,9,8,17
1939,9,5,14
1939,7,4,11
1939,3,1,4
1939,3,0,3
1939,5,3,8
1939,8,4,12
1939,5,4,9
1939,4,3,7
1939,8,3,11
1939,4,2,6
1939,6,1,7
1939,2,1,3
1939,7,1,8
1939,4,3,7
1939,3,0,3
1939,2,1,3
1939,5,14,19
1939,5,1,6
1939,3,2,5
1939,7,5,12
1939,5,1,6
1939,5,4,9
1939,4,2,6
1939,9,5,14
1939,5,1,6
1939,7,5,12
1939,3,2,5
1939,5,0,5
1939,2,1,3
1939,8,3,11
1939,1,0,1
1939,9,1,10
1939,8,0,8
1939,4,3,7
1939,2,1,3
1939,4,0,4
1939,7,3,10
1939,7,4,11
1940,5,0,5
1940,1,0,1
1940,2,1,3
1940,5,1,6
1940,3,1,4
1940,2,1,3
1940,6,4,10
1940,1,0,1
1940,4,1,5
1940,2,1,3
1940,4,2,6
1940,7,0,7
1940,7,6,13
1940,3,1,4
1940,12,0,12
1940,5,0,5
1940,4,0,4
1940,5,3,8
1940,4,3,7
1940,11,1,12
1940,5,4,9
1940,2,12,14
1940,6,2,8
1940,6,5,11
1940,6,1,7
1940,9,5,14
1940,5,2,7
1940,7,2,9
1940,8,3,11
1940,3,0,3
1940,1,0,1
1940,3,2,5
1940,9,6,15
1940,8,6,14
1940,2,1,3
1940,9,4,13
1940,5,2,7
1940,9,4,13
1940,6,4,10
1940,4,2,6
1940,3,1,4
1940,9,1,10
1940,3,1,4
1940,9,10,19
1940,4,2,6
1940,7,6,13
1940,8,1,9
1940,6,2,8
1940,11,1,12
1940,5,3,8
1940,6,0,6
1940,4,10,14
1940,8,6,14
1940,5,4,9
1940,6,2,8
1940,3,0,3
1940,4,2,6
1940,4,1,5
1940,8,3,11
1940,4,0,4
1940,3,2,5
1940,3,2,5
1940,8,11,19
1940,8,2,10
1940,9,11,20
1940,5,3,8
1940,5,4,9
1940,7,5,12
1940,3,2,5
1940,3,2,5
1940,4,3,7
1940,3,11,14
1940,6,5,11
1940,5,4,9
1940,9,4,13
1940,8,7,15
1940,3,0,3
1940,2,1,3
1940,5,10,15
1940,6,2,8
1940,9,4,13
1940,4,12,16
1940,9,2,11
1940,5,3,8
1940,5,1,6
1940,7,10,17
1940,7,4,11
1940,5,3,8
1940,9,8,17
1940,8,4,12
1940,4,2,6
1940,4,1,5
1940,3,2,5
1940,3,2,5
1940,3,10,13
1940,5,14,19
1940,3,1,4
1940,4,12,16
1940,6,1,7
1940,7,5,12
1940,3,2,5
1940,6,4,10
1940,6,5,11
1940,5,1,6
1940,9,6,15
1940,7,3,10
1940,8,5,13
1940,5,4,9
1940,9,1,10
1940,6,4,10
1940,3,2,5
1940,7,10,17
1940,6,2,8
1940,9,11,20
1940,6,4,10
1940,1,0,1
1940,7,6,13
1940,4,2,6
1940,6,3,9
1940,9,11,20
1940,2,18,20
1940,6,5,11
1940,5,4,9
1940,4,10,14
1940,4,10,14
1940,8,10,18
1940,6,10,16
1940,7,4,11
1940,6,3,9
1940,6,5,11
1940,4,1,5
1940,4,1,5
1940,4,0,4
1940,4,2,6
1940,6,17,23
1940,8,4,12
1940,8,4,12
1940,7,2,9
1940,8,3,11
1940,9,4,13
1940,3,0,3
1940,3,2,5
1940,8,7,15
1940,5,4,9
1940,2,10,12
1940,7,5,12
1940,1,0,1
1940,1,0,1
1940,9,8,17
1940,9,6,15
1940,5,12,17
1940,5,3,8
1940,3,2,5
1940,7,5,12
1940,5,2,7
1940,4,3,7
1940,4,0,4
1940,4,2,6
1940,7,1,8
1940,4,13,17
1940,6,3,9
1940,5,11,16
1940,8,8,16
1940,6,5,11
1940,7,6,13
1940,9,7,16
1940,4,2,6
1940,7,2,9
1940,4,0,4
1940,5,2,7
1940,2,0,2
1940,5,2,7
1940,6,3,9
1940,5,4,9
1940,7,5,12
1940,4,3,7
1940,6,1,7
1940,18,1,19
1940,4,0,4
1940,7,2,9
1940,6,2,8
1940,5,15,20
1940,3,0,3
1940,3,2,5
1940,8,6,14
1940,6,4,10
1940,8,3,11
1940,7,6,13
1940,8,4,12
1940,12,10,22
1940,5,1,6
1940,6,5,11
1940,6,5,11
1940,4,10,14
1940,6,4,10
1940,4,13,17
1940,5,4,9
1940,2,10,12
1940,7,10,17
1940,6,0,6
1940,8,7,15
1940,8,4,12
1940,4,3,7
1940,9,8,17
1940,2,10,12
1940,8,11,19
1940,3,1,4
1940,10,1,11
1940,9,6,15
1940,8,2,10
1940,6,4,10
1940,9,2,11
1940,4,13,17
1940,3,2,5
1940,4,3,7
1940,8,7,15
1940,2,1,3
1940,8,1,9
1940,3,2,5
1940,4,10,14
1940,7,2,9
1940,5,1,6
1940,7,12,19
1940,4,2,6
1940,7,2,9
1940,4,0,4
1940,8,10,18
1940,2,1,3
1940,3,2,5
1940,5,3,8
1940,13,1,14
1940,4,3,7
1940,6,0,6
1940,7,1,8
1940,7,1,8
1940,6,1,7
1940,5,0,5
1940,2,1,3
1940,7,3,10
1940,7,5,12
1940,4,2,6
1940,5,0,5
1940,8,5,13
1940,4,12,16
1940,3,1,4
1940,4,1,5
1940,5,2,7
1940,9,10,19
1940,7,5,12
1940,3,1,4
1940,8,2,10
1940,7,4,11
1940,2,1,3
1940,8,3,11
1940,4,0,4
1940,4,3,7
1940,7,0,7
1940,5,12,17
1940,5,1,6
1940,5,1,6
1940,4,2,6
1940,9,8,17
1940,3,1,4
1940,3,1,4
1940,2,1,3
1940,6,15,21
1940,4,0,4
1940,4,11,15
1940,7,6,13
1940,2,14,16
1940,2,1,3
1940,4,3,7
1940,3,2,5
1940,8,5,13
1940,6,1,7
1940,5,4,9
1940,3,12,15
1940,6,0,6
1940,8,10,18
1940,3,2,5
1940,2,1,3
1940,11,1,12
1940,2,0,2
1940,4,13,17
1940,11,1,12
1940,7,2,9
1940,6,12,18
1940,2,1,3
1940,7,3,10
1940,4,2,6
1940,9,2,11
1940,8,6,14
1940,7,4,11
1940,3,2,5
1940,3,2,5
1940,7,1,8
1940,4,0,4
1940,4,3,7
1940,9,3,12
1940,5,3,8
1940,6,12,18
1940,5,4,9
1940,7,3,10
1940,8,6,14
1940,2,14,16
1940,10,1,11
1940,7,2,9
1940,3,2,5
1940,4,3,7
1940,3,2,5
1940,7,2,9
1940,7,5,12
1940,9,1,10
1940,6,1,7
1940,3,1,4
1940,5,11,16
1940,4,3,7
1940,7,4,11
1940,7,6,13
1940,9,5,14
1940,5,4,9
1940,7,1,8
1940,5,3,8
1940,4,2,6
1940,5,4,9
1940,3,2,5
1940,4,10,14
1940,3,2,5
1940,3,2,5
1940,4,2,6
1940,3,1,4
1940,23,2,25
1940,3,0,3
1940,15,1,16
1940,6,5,11
1940,4,2,6
1940,5,2,7
1940,6,12,18
1940,7,1,8
1940,8,15,23
1940,9,1,10
1940,6,2,8
1940,4,3,7
1940,8,7,15
1940,4,2,6
1940,6,1,7
1940,5,11,16
1940,9,11,20
1940,7,4,11
1940,4,3,7
1940,8,7,15
1940,2,12,14
1940,7,4,11
1940,9,2,11
1940,4,0,4
1940,3,1,4
1940,4,1,5
1940,6,1,7
1940,5,4,9
1940,5,2,7
1940,9,5,14
1940,2,1,3
1940,7,5,12
1940,3,2,5
1940,5,4,9
1940,3,2,5
1940,3,2,5
1940,2,0,2
1940,4,2,6
1940,5,1,6
1940,8,0,8
1940,10,1,11
1940,8,6,14
1940,6,2,8
1940,3,12,15
1940,6,11,17
1940,5,11,16
1940,5,2,7
1940,7,4,11
1940,11,1,12
1940,8,0,8
1940,12,1,13
1940,14,1,15
1940,7,6,13
1940,1,0,1
1940,5,2,7
1940,5,4,9
1940,9,1,10
1940,4,3,7
1940,5,14,19
1940,4,2,6
1940,4,3,7
1940,8,7,15
1940,5,0,5
1940,5,3,8
1940,9,3,12
1940,3,1,4
1940,6,12,18
1940,6,5,11
1940,3,1,4
1940,5,3,8
1940,5,1,6
1940,2,1,3
1940,6,2,8
1940,7,5,12
1940,5,3,8
1940,2,1,3
1940,6,1,7
1940,3,1,4
1940,7,11,18
1940,8,3,11
1940,5,1,6
1940,1,0,1
1940,4,1,5
1940,5,4,9
1940,9,4,13
1940,6,4,10
1940,8,7,15
1940,1,0,1
1940,12,1,13
1940,6,4,10
1940,6,3,9
1940,4,3,7
1940,2,1,3
1940,4,11,15
1940,8,10,18
1940,12,1,13
1940,7,4,11
1940,7,12,19
1940,4,3,7
1940,6,5,11
1940,1,0,1
1940,7,2,9
1940,9,2,11
1940,7,5,12
1940,3,2,5
1940,3,1,4
1940,2,10,12
1940,11,10,21
1940,8,5,13
1940,4,4,8
1940,7,5,12
1940,5,10,15
1940,4,1,5
1940,2,0,2
1940,9,2,11
1940,7,4,11
1940,2,0,2
1940,3,2,5
1940,7,2,9
1940,5,12,17
1940,3,2,5
1940,7,1,8
1940,9,4,13
1940,8,3,11
1940,7,6,13
1940,5,3,8
1940,7,11,18
1940,5,1,6
1940,9,7,16
1940,12,10,22
1940,7,6,13
1940,3,1,4
1940,3,1,4
1940,9,10,19
1940,4,2,6
1940,6,11,17
1940,9,4,13
1940,5,4,9
1940,7,0,7
1940,2,1,3
1940,4,3,7
1940,2,1,3
1940,3,2,5
1940,4,1,5
1940,8,2,10
1940,9,7,16
1940,4,10,14
1940,7,3,10
1940,4,1,5
1940,9,12,21
1940,5,0,5
1940,9,5,14
1940,9,9,18
1940,6,5,11
1940,5,4,9
1940,9,2,11
1940,7,2,9
1940,7,5,12
1940,3,1,4
1940,7,4,11
1940,7,6,13
1940,4,3,7
1940,3,2,5
1940,7,4,11
1940,7,3,10
1940,1,0,1
1940,2,0,2
1940,7,6,13
1940,10,1,11
1940,9,1,10
1940,4,3,7
1940,2,1,3
1940,3,1,4
1940,7,1,8
1940,4,3,7
1940,3,2,5
1940,8,4,12
1940,4,3,7
1940,9,15,24
1940,10,0,10
1940,5,3,8
1940,9,10,19
1940,5,3,8
1940,4,1,5
1940,4,0,4
1940,6,2,8
1940,12,11,23
1940,7,5,12
1940,5,2,7
1940,7,12,19
1940,7,3,10
1940,8,3,11
1940,4,12,16
1940,7,3,10
1940,7,3,10
1940,8,5,13
1940,9,1,10
1940,3,1,4
1940,5,3,8
1940,2,1,3
1940,5,1,6
1940,6,1,7
1940,4,3,7
1940,5,4,9
1940,4,3,7
1940,5,2,7
1940,5,1,6
1940,9,5,14
1940,6,2,8
1940,8,10,18
1940,5,4,9
1940,2,15,17
1940,6,3,9
1940,5,11,16
1940,9,4,13
1940,2,0,2
1940,4,0,4
1940,7,3,10
1940,2,11,13
1940,2,0,2
1940,8,2,10
1940,8,7,15
1940,8,15,23
1940,4,3,7
1940,5,3,8
1940,1,0,1
1940,2,1,3
1940,4,3,7
1940,3,1,4
1940,5,2,7
1940,6,4,10
1940,4,2,6
1940,6,3,9
1940,5,10,15
1940,7,6,13
1940,4,1,5
1940,7,1,8
1940,7,4,11
1940,3,2,5
1940,8,2,10
1940,2,1,3
1940,6,5,11
1940,6,4,10
1940,8,5,13
1940,8,6,14
1940,7,3,10
1940,2,0,2
1940,1,0,1
1940,6,3,9
1940,5,0,5
1940,7,0,7
1940,5,0,5
1940,7,6,13
1940,3,1,4
1940,4,10,14
1940,6,12,18
1940,6,4,10
1940,9,8,17
1940,7,6,13
1940,4,3,7
1940,4,3,7
1940,4,0,4
1940,5,4,9
1940,7,3,10
1940,6,5,11
1940,2,0,2
1940,3,2,5
1940,7,1,8
1940,4,0,4
1940,8,2,10
1940,5,2,7
1940,6,2,8
1940,2,0,2
1940,8,7,15
1940,3,1,4
1940,6,5,11
1940,6,10,16
1940,5,3,8
1940,3,2,5
1940,3,2,5
1940,9,8,17
1940,10,1,11
1940,4,3,7
1940,2,12,14
1940,8,6,14
1940,2,0,2
1940,5,1,6
1940,3,1,4
1940,5,3,8
1940,4,3,7
1940,8,11,19
1940,8,3,11
1940,8,5,13
1940,2,1,3
1940,4,3,7
1940,4,3,7
1940,3,0,3
1940,5,2,7
1940,8,10,18
1940,7,4,11
1940,9,6,15
1940,3,10,13
1940,6,1,7
1940,5,4,9
1940,4,0,4
1940,4,11,15
1940,8,7,15
1940,6,15,21
1940,9,7,16
1940,5,2,7
1940,3,2,5
1940,5,3,8
1940,9,1,10
1940,9,6,15
1940,9,3,12
1940,5,1,6
1940,3,1,4
1940,7,19,26
1940,6,17,23
1940,3,2,5
1940,4,1,5
1940,3,2,5
1940,2,0,2
1940,8,2,10
1940,8,5,13
1940,6,1,7
1940,4,2,6
1940,4,3,7
1940,3,2,5
1940,8,10,18
1940,7,2,9
1940,5,3,8
1940,2,16,18
1940,3,1,4
1940,5,2,7
1940,8,4,12
1940,5,4,9
1940,4,3,7
1940,9,2,11
1940,6,1,7
1940,8,7,15
1940,1,0,1
1940,6,3,9
1940,9,1,10
1940,7,3,10
1940,9,5,14
1940,6,3,9
1940,4,3,7
1940,12,10,22
1940,7,6,13
1940,7,5,12
1940,14,12,26
1940,8,4,12
1940,6,4,10
1940,7,6,13
1940,5,2,7
1940,2,1,3
1940,8,13,21
1940,3,3,6
1940,9,0,9
1940,2,10,12
1940,2,13,15
1940,7,4,11
1940,14,1,15
1940,9,5,14
1940,7,14,21
1940,4,2,6
1940,6,3,9
1940,4,10,14
1940,6,5,11
1940,7,1,8
1940,2,15,17
1940,8,7,15
1940,1,0,1
1940,5,3,8
1940,5,13,18
1940,3,0,3
1940,7,4,11
1940,5,2,7
1940,7,3,10
1940,9,10,19
1940,8,4,12
1940,6,3,9
1940,9,1,10
1940,9,5,14
1940,8,4,12
1940,7,2,9
1940,4,1,5
1940,3,1,4
1940,13,10,23
1940,7,6,13
1940,8,3,11
1940,9,7,16
1940,4,3,7
1940,7,3,10
1940,8,2,10
1940,5,13,18
1940,3,1,4
1940,2,1,3
1940,8,6,14
1940,6,3,9
1940,7,5,12
1940,4,0,4
1940,3,1,4
1940,8,17,25
1940,4,3,7
1940,12,11,23
1940,7,6,13
1940,5,4,9
1940,7,3,10
1940,5,13,18
1940,8,3,11
1940,8,7,15
1940,5,4,9
1940,5,2,7
1940,2,11,13
1940,4,3,7
1940,3,10,13
1940,4,3,7
1940,2,10,12
1940,2,10,12
1940,9,12,21
1940,5,4,9
1940,3,1,4
1940,5,2,7
1940,5,0,5
1940,2,1,3
1940,3,1,4
1940,5,2,7
1940,7,6,13
1940,5,1,6
1940,6,4,10
1940,2,14,16
1940,8,3,11
1940,8,0,8
1940,7,11,18
1940,3,11,14
1940,7,6,13
1940,5,3,8
1940,9,12,21
1940,4,3,7
1940,1,0,1
1940,3,1,4
1940,7,3,10
1940,3,2,5
1940,6,3,9
1940,6,1,7
1940,6,4,10
1940,5,4,9
1940,6,4,10
1940,4,1,5
1940,6,0,6
1940,10,1,11
1940,9,2,11
1940,4,0,4
1940,8,3,11
1940,5,1,6
1940,3,2,5
1940,3,0,3
1940,2,12,14
1940,3,1,4
1940,6,2,8
1940,11,0,11
1940,7,10,17
1940,6,3,9
1940,9,3,12
1940,5,3,8
1940,8,4,12
1940,6,3,9
1940,9,10,19
1940,6,12,18
1940,7,5,12
1940,6,5,11
1940,3,1,4
1940,6,3,9
1940,6,2,8
1940,7,4,11
1940,2,1,3
1940,6,4,10
1940,1,0,1
1940,3,2,5
1940,7,2,9
1940,2,0,2
1940,6,2,8
1940,4,3,7
1940,6,5,11
1940,4,3,7
1940,5,2,7
1940,5,0,5
1940,13,0,13
1940,1,0,1
1940,1,0,1
1940,3,0,3
1940,3,2,5
1940,3,0,3
1940,4,3,7
1940,4,3,7
1940,3,2,5
1940,3,1,4
1940,7,6,13
1940,2,0,2
1940,8,2,10
1940,7,3,10
1940,5,1,6
1940,4,12,16
1940,7,6,13
1940,2,1,3
1940,8,5,13
1940,4,2,6
1940,6,5,11
1940,4,1,5
1940,5,1,6
1940,6,5,11
1940,9,1,10
1940,8,19,27
1940,6,3,9
1940,4,3,7
1940,4,3,7
1940,6,5,11
1940,9,6,15
1940,1,0,1
1940,6,0,6
1940,4,0,4
1940,7,13,20
1940,8,3,11
1940,5,3,8
1940,7,6,13
1940,4,2,6
1940,12,1,13
1940,1,0,1
1940,5,4,9
1940,5,2,7
1940,11,1,12
1940,9,4,13
1940,6,5,11
1940,7,6,13
1940,2,1,3
1940,9,4,13
1940,6,3,9
1940,8,3,11
1940,4,13,17
1940,5,3,8
1940,6,5,11
1940,9,5,14
1940,9,12,21
1940,6,5,11
1940,2,1,3
1940,9,5,14
1940,4,2,6
1940,7,2,9
1940,3,1,4
1940,9,1,10
1940,2,2,4
1940,7,5,12
1940,6,3,9
1940,8,6,14
1940,9,1,10
1940,7,3,10
1940,3,1,4
1940,5,4,9
1940,7,16,23
1940,9,2,11
1940,3,0,3
1940,6,11,17
1940,4,0,4
1940,3,2,5
1940,4,3,7
1940,4,2,6
1940,6,1,7
1940,4,3,7
1940,6,3,9
1940,3,0,3
1940,4,3,7
1940,6,3,9
1940,4,2,6
1940,7,5,12
1940,5,4,9
1940,6,5,11
1940,3,0,3
1940,3,2,5
1940,7,5,12
1940,3,0,3
1940,9,8,17
1940,5,0,5
1940,3,2,5
1940,2,15,17
1940,8,4,12
1940,5,4,9
1940,4,0,4
1940,9,0,9
1940,5,4,9
1940,7,2,9
1940,5,3,8
1940,6,4,10
1940,13,10,23
1940,5,2,7
1940,3,2,5
1940,12,1,13
1940,8,7,15
1940,3,11,14
1940,5,0,5
1940,3,2,5
1940,6,5,11
1940,7,6,13
1940,1,0,1
1940,4,2,6
1940,2,1,3
1940,7,2,9
1940,3,17,20
1940,5,4,9
1940,8,12,20
1940,3,2,5
1940,6,5,11
1940,1,0,1
1940,3,1,4
1940,7,3,10
1940,4,3,7
1940,8,1,9
1940,4,1,5
1940,8,5,13
1940,5,4,9
1940,7,6,13
1940,5,10,15
1940,3,2,5
1940,6,1,7
1940,3,1,4
1940,4,3,7
1940,3,1,4
1940,5,4,9
1940,4,3,7
1940,3,2,5
1940,8,3,11
1940,5,0,5
1940,5,2,7
1940,5,2,7
1940,4,3,7
1940,3,1,4
1940,9,3,12
1940,3,10,13
1940,6,5,11
1940,4,0,4
1940,5,0,5
1940,3,2,5
1940,6,0,6
1940,4,2,6
1940,6,2,8
1940,5,4,9
1940,7,6,13
1940,9,4,13
1940,5,4,9
1940,5,4,9
1940,7,1,8
1940,6,10,16
1940,6,1,7
1940,4,1,5
1940,7,3,10
1940,2,1,3
1940,10,0,10
1940,7,4,11
1940,6,5,11
1940,2,1,3
1940,3,2,5
1940,3,0,3
1940,10,0,10
1940,5,5,10
1940,8,2,10
1940,7,6,13
1940,6,2,8
1940,2,1,3
1940,4,0,4
1940,2,1,3
1940,7,4,11
1940,2,1,3
1940,3,0,3
1940,6,3,9
1940,3,0,3
1940,2,11,13
1940,6,5,11
1940,5,2,7
1940,7,1,8
1940,1,0,1
1940,5,4,9
1940,2,10,12
1940,4,3,7
1940,6,5,11
1940,5,4,9
1940,4,1,5
1940,3,2,5
1940,7,2,9
1940,2,0,2
1940,3,0,3
1940,4,2,6
1940,6,5,11
1940,9,7,16
1940,4,2,6
1940,6,3,9
1940,3,11,14
1940,8,7,15
1940,4,1,5
1940,8,5,13
1940,2,1,3
1940,8,1,9
1940,6,3,9
1940,5,10,15
1940,3,0,3
1940,3,14,17
1940,6,4,10
1940,3,1,4
1940,4,3,7
1940,7,6,13
1940,5,4,9
1940,5,4,9
1940,4,1,5
1940,3,2,5
1940,3,1,4
1940,9,14,23
1940,8,5,13
1940,9,4,13
1940,3,1,4
1940,5,4,9
1940,5,4,9
1940,7,2,9
1940,4,2,6
1940,2,1,3
1940,3,1,4
1940,16,14,30
1940,5,4,9
1940,7,6,13
1940,4,0,4
1940,2,1,3
1940,7,4,11
1940,5,2,7
1940,6,5,11
1940,3,11,14
1940,11,1,12
1940,6,4,10
1940,8,5,13
1940,3,2,5
1940,8,0,8
1940,3,1,4
1940,7,4,11
1940,3,1,4
1940,5,3,8
1940,7,11,18
1940,7,4,11
1940,3,2,5
1940,9,3,12
1940,3,0,3
1940,7,0,7
1940,7,4,11
1940,7,17,24
1940,6,1,7
1940,1,0,1
1940,4,3,7
1940,8,1,9
1940,6,3,9
1940,9,4,13
1940,5,1,6
1940,7,2,9
1940,8,2,10
1940,9,3,12
1940,6,2,8
1940,8,4,12
1940,1,0,1
1940,8,0,8
1940,5,2,7
1940,6,1,7
1940,7,3,10
1940,5,0,5
1940,4,2,6
1940,6,5,11
1940,6,3,9
1940,6,1,7
1940,7,16,23
1940,3,2,5
1940,5,3,8
1940,5,2,7
1940,3,13,16
1940,1,1,2
1940,7,3,10
1940,7,4,11
1940,5,1,6
1940,4,2,6
1940,5,0,5
1940,8,5,13
1940,6,1,7
1940,3,10,13
1940,4,3,7
1940,7,0,7
1940,3,1,4
1940,5,10,15
1940,2,1,3
1940,4,3,7
1940,6,2,8
1940,8,3,11
1940,3,2,5
1940,9,2,11
1940,7,6,13
1940,3,2,5
1940,7,1,8
1940,4,16,20
1940,5,0,5
1940,5,10,15
1940,4,3,7
1940,6,3,9
1940,9,8,17
1940,2,1,3
1940,9,0,9
1940,7,14,21
1940,4,1,5
1940,6,3,9
1940,9,8,17
1940,3,1,4
1940,2,1,3
1940,14,0,14
1940,6,13,19
1940,6,4,10
1940,4,3,7
1940,2,11,13
1940,10,1,11
1940,3,1,4
1940,2,13,15
1940,10,1,11
1940,8,2,10
1940,4,1,5
1940,2,1,3
1940,8,2,10
1940,2,1,3
1940,6,5,11
1940,7,6,13
1940,4,2,6
1940,3,1,4
1940,4,3,7
1940,5,0,5
1940,5,4,9
1940,8,1,9
1940,8,7,15
1940,3,2,5
1940,2,10,12
1940,5,2,7
1940,4,3,7
1940,7,3,10
1940,8,1,9
1940,2,1,3
1940,5,10,15
1940,6,3,9
1940,5,4,9
1940,5,2,7
1940,2,1,3
1940,8,1,9
1940,10,0,10
1940,3,2,5
1940,6,2,8
1940,8,0,8
1940,10,0,10
1940,9,12,21
1940,5,4,9
1940,7,2,9
1940,6,5,11
1940,9,4,13
1940,8,16,24
1940,4,3,7
1940,2,1,3
1940,6,4,10
1940,4,2,6
1940,9,10,19
1940,3,2,5
1940,5,0,5
1940,4,3,7
1940,6,5,11
1940,5,2,7
1940,5,4,9
1940,7,6,13
1940,3,1,4
1940,2,1,3
1940,5,4,9
1940,2,0,2
1940,4,3,7
1940,5,1,6
1940,4,24,28
1940,4,3,7
1940,4,3,7
1940,2,0,2
1940,6,0,6
1940,6,2,8
1940,11,1,12
1940,4,16,20
1940,8,1,9
1940,5,1,6
1940,6,5,11
1940,2,1,3
1940,11,1,12
1940,5,1,6
1940,4,3,7
1940,4,3,7
1940,7,1,8
1940,9,4,13
1940,4,1,5
1940,2,1,3
1940,3,11,14
1940,3,2,5
1940,14,0,14
1940,5,0,5
1940,6,0,6
1940,4,3,7
1940,7,2,9
1940,5,3,8
1940,7,4,11
1940,5,2,7
1940,8,0,8
1940,4,0,4
1940,2,1,3
1941,3,0,3
1941,7,6,13
1941,6,4,10
1941,7,4,11
1941,7,3,10
1941,4,3,7
1941,3,1,4
1941,6,5,11
1941,8,7,15
1941,3,1,4
1941,4,2,6
1941,6,0,6
1941,7,10,17
1941,4,1,5
1941,8,1,9
1941,7,5,12
1941,7,2,9
1941,7,6,13
1941,2,0,2
1941,9,4,13
1941,7,5,12
1941,6,11,17
1941,6,3,9
1941,4,2,6
1941,7,2,9
1941,3,2,5
1941,4,1,5
1941,6,4,10
1941,7,4,11
1941,8,0,8
1941,8,0,8
1941,2,1,3
1941,7,0,7
1941,7,2,9
1941,5,3,8
1941,5,2,7
1941,7,5,12
1941,4,2,6
1941,9,10,19
1941,5,19,24
1941,7,3,10
1941,11,10,21
1941,8,14,22
1941,8,1,9
1941,7,5,12
1941,4,14,18
1941,6,5,11
1941,6,4,10
1941,1,0,1
1941,6,3,9
1941,6,3,9
1941,7,4,11
1941,6,5,11
1941,9,8,17
1941,5,12,17
1941,4,0,4
1941,5,4,9
1941,5,0,5
1941,5,2,7
1941,5,13,18
1941,4,2,6
1941,7,11,18
1941,3,1,4
1941,6,1,7
1941,2,1,3
1941,4,2,6
1941,6,3,9
1941,2,1,3
1941,3,2,5
1941,3,1,4
1941,5,0,5
1941,5,3,8
1941,12,11,23
1941,6,0,6
1941,7,4,11
1941,8,7,15
1941,8,4,12
1941,8,7,15
1941,7,0,7
1941,6,2,8
1941,3,10,13
1941,6,3,9
1941,8,3,11
1941,7,6,13
1941,2,1,3
1941,7,5,12
1941,8,5,13
1941,3,2,5
1941,2,1,3
1941,6,3,9
1941,8,3,11
1941,7,6,13
1941,3,2,5
1941,7,2,9
1941,2,1,3
1941,2,13,15
1941,6,3,9
1941,3,2,5
1941,8,3,11
1941,5,3,8
1941,5,4,9
1941,6,2,8
1941,3,2,5
1941,4,3,7
1941,9,4,13
1941,5,1,6
1941,6,5,11
1941,8,12,20
1941,6,4,10
1941,8,4,12
1941,7,1,8
1941,2,1,3
1941,7,0,7
1941,8,13,21
1941,9,15,24
1941,5,0,5
1941,2,15,17
1941,5,14,19
1941,7,3,10
1941,8,1,9
1941,7,3,10
1941,15,1,16
1941,7,7,14
1941,4,2,6
1941,7,4,11
1941,4,3,7
1941,3,2,5
1941,6,5,11
1941,4,2,6
1941,4,3,7
1941,3,2,5
1941,6,0,6
1941,9,7,16
1941,6,4,10
1941,3,1,4
1941,17,11,28
1941,4,12,16
1941,10,1,11
1941,9,4,13
1941,3,0,3
1941,4,11,15
1941,5,1,6
1941,5,4,9
1941,2,1,3
1941,7,3,10
1941,7,3,10
1941,5,4,9
1941,5,3,8
1941,7,4,11
1941,5,3,8
1941,4,2,6
1941,4,3,7
1941,7,6,13
1941,4,3,7
1941,7,5,12
1941,4,2,6
1941,1,0,1
1941,2,11,13
1941,6,5,11
1941,5,4,9
1941,5,4,9
1941,7,1,8
1941,5,1,6
1941,9,6,15
1941,9,6,15
1941,4,3,7
1941,5,1,6
1941,3,11,14
1941,4,2,6
1941,4,1,5
1941,4,3,7
1941,8,7,15
1941,5,13,18
1941,2,1,3
1941,9,1,10
1941,8,3,11
1941,6,5,11
1941,7,4,11
1941,7,5,12
1941,6,5,11
1941,8,10,18
1941,8,4,12
1941,12,1,13
1941,6,2,8
1941,5,1,6
1941,3,2,5
1941,4,3,7
1941,4,3,7
1941,2,1,3
1941,7,3,10
1941,6,3,9
1941,3,2,5
1941,5,4,9
1941,7,10,17
1941,6,2,8
1941,4,1,5
1941,5,10,15
1941,7,12,19
1941,9,4,13
1941,6,4,10
1941,2,1,3
1941,5,4,9
1941,13,1,14
1941,2,10,12
1941,6,3,9
1941,7,0,7
1941,9,3,12
1941,4,2,6
1941,6,5,11
1941,5,4,9
1941,3,2,5
1941,4,0,4
1941,7,6,13
1941,9,12,21
1941,9,0,9
1941,2,1,3
1941,3,2,5
1941,8,5,13
1941,6,3,9
1941,7,12,19
1941,6,5,11
1941,7,4,11
1941,4,3,7
1941,2,12,14
1941,3,10,13
1941,5,4,9
1941,6,5,11
1941,5,10,15
1941,4,2,6
1941,14,1,15
1941,7,3,10
1941,5,1,6
1941,5,4,9
1941,2,1,3
1941,8,2,10
1941,4,2,6
1941,9,1,10
1941,9,6,15
1941,9,10,19
1941,6,5,11
1941,7,5,12
1941,6,4,10
1941,5,2,7
1941,8,6,14
1941,7,3,10
1941,6,3,9
1941,5,4,9
1941,7,6,13
1941,8,4,12
1941,9,3,12
1941,4,0,4
1941,4,1,5
1941,6,4,10
1941,6,5,11
1941,4,1,5
1941,7,6,13
1941,4,3,7
1941,8,4,12
1941,4,2,6
1941,7,1,8
1941,9,0,9
1941,9,9,18
1941,2,1,3
1941,7,3,10
1941,4,2,6
1941,4,1,5
1941,4,2,6
1941,1,0,1
1941,7,6,13
1941,5,13,18
1941,6,5,11
1941,7,10,17
1941,8,4,12
1941,6,2,8
1941,3,2,5
1941,6,0,6
1941,7,3,10
1941,3,10,13
1941,7,3,10
1941,6,4,10
1941,4,3,7
1941,6,4,10
1941,7,3,10
1941,5,3,8
1941,12,11,23
1941,5,2,7
1941,11,1,12
1941,5,2,7
1941,9,6,15
1941,2,1,3
1941,6,0,6
1941,3,2,5
1941,8,10,18
1941,8,6,14
1941,8,4,12
1941,7,4,11
1941,8,5,13
1941,6,5,11
1941,6,5,11
1941,6,5,11
1941,6,4,10
1941,4,0,4
1941,9,0,9
1941,9,2,11
1941,9,10,19
1941,2,2,4
1941,4,3,7
1941,13,0,13
1941,7,1,8
1941,5,2,7
1941,6,5,11
1941,6,10,16
1941,8,0,8
1941,6,2,8
1941,6,5,11
1941,4,1,5
1941,7,6,13
1941,5,4,9
1941,4,1,5
1941,3,2,5
1941,7,4,11
1941,4,14,18
1941,4,3,7
1941,5,2,7
1941,5,2,7
1941,1,0,1
1941,3,2,5
1941,3,2,5
1941,4,3,7
1941,2,0,2
1941,5,3,8
1941,7,6,13
1941,6,5,11
1941,3,2,5
1941,3,2,5
1941,9,5,14
1941,1,0,1
1941,5,2,7
1941,5,3,8
1941,5,4,9
1941,2,0,2
1941,8,3,11
1941,7,5,12
1941,9,1,10
1941,4,3,7
1941,3,2,5
1941,6,0,6
1941,9,5,14
1941,4,2,6
1941,7,3,10
1941,7,0,7
1941,14,12,26
1941,4,2,6
1941,6,1,7
1941,7,4,11
1941,9,3,12
1941,14,1,15
1941,5,4,9
1941,4,2,6
1941,4,1,5
1941,3,1,4
1941,6,3,9
1941,2,0,2
1941,8,11,19
1941,5,4,9
1941,4,3,7
1941,7,0,7
1941,8,3,11
1941,5,1,6
1941,5,4,9
1941,6,2,8
1941,6,10,16
1941,3,11,14
1941,2,0,2
1941,7,11,18
1941,3,2,5
1941,5,1,6
1941,13,1,14
1941,5,3,8
1941,3,0,3
1941,7,4,11
1941,8,6,14
1941,9,3,12
1941,7,5,12
1941,7,12,19
1941,2,12,14
1941,5,2,7
1941,9,3,12
1941,8,3,11
1941,9,7,16
1941,6,13,19
1941,5,2,7
1941,5,0,5
1941,4,3,7
1941,4,3,7
1941,8,3,11
1941,4,1,5
1941,4,3,7
1941,11,0,11
1941,3,0,3
1941,8,1,9
1941,2,0,2
1941,6,4,10
1941,5,2,7
1941,3,2,5
1941,8,7,15
1941,3,2,5
1941,1,0,1
1941,3,2,5
1941,5,3,8
1941,2,0,2
1941,9,4,13
1941,3,2,5
1941,1,0,1
1941,5,2,7
1941,3,0,3
1941,4,1,5
1941,7,2,9
1941,8,2,10
1941,5,12,17
1941,8,6,14
1941,6,4,10
1941,6,0,6
1941,8,4,12
1941,5,2,7
1941,6,3,9
1941,3,2,5
1941,4,10,14
1941,5,1,6
1941,8,1,9
1941,3,0,3
1941,7,5,12
1941,4,2,6
1941,3,1,4
1941,6,0,6
1941,6,4,10
1941,3,1,4
1941,6,14,20
1941,8,5,13
1941,7,6,13
1941,5,3,8
1941,8,7,15
1941,3,2,5
1941,6,3,9
1941,3,11,14
1941,5,2,7
1941,5,1,6
1941,4,2,6
1941,3,2,5
1941,2,14,16
1941,2,2,4
1941,7,3,10
1941,3,2,5
1941,6,4,10
1941,9,4,13
1941,7,2,9
1941,12,1,13
1941,9,6,15
1941,7,6,13
1941,12,0,12
1941,4,2,6
1941,5,0,5
1941,6,2,8
1941,4,14,18
1941,7,6,13
1941,6,2,8
1941,7,6,13
1941,9,13,22
1941,4,3,7
1941,4,1,5
1941,7,2,9
1941,5,11,16
1941,2,0,2
1941,6,0,6
1941,1,0,1
1941,7,5,12
1941,3,12,15
1941,6,5,11
1941,3,2,5
1941,2,1,3
1941,3,2,5
1941,5,4,9
1941,14,0,14
1941,3,0,3
1941,4,1,5
1941,7,4,11
1941,4,3,7
1941,3,2,5
1941,6,0,6
1941,1,0,1
1941,9,4,13
1941,2,13,15
1941,3,1,4
1941,5,1,6
1941,9,1,10
1941,2,1,3
1941,8,0,8
1941,13,1,14
1941,6,3,9
1941,7,2,9
1941,4,1,5
1941,8,3,11
1941,5,1,6
1941,7,5,12
1941,5,4,9
1941,5,4,9
1941,6,2,8
1941,2,0,2
1941,8,11,19
1941,2,11,13
1941,4,1,5
1941,8,4,12
1941,3,2,5
1941,4,2,6
1941,3,1,4
1941,9,0,9
1941,7,4,11
1941,7,6,13
1941,5,3,8
1941,5,3,8
1941,3,2,5
1941,3,2,5
1941,6,4,10
1941,3,1,4
1941,3,2,5
1941,7,4,11
1941,3,1,4
1941,5,2,7
1941,6,2,8
1941,8,2,10
1941,3,2,5
1941,9,3,12
1941,3,1,4
1941,7,10,17
1941,13,1,14
1941,3,2,5
1941,6,2,8
1941,4,14,18
1941,9,4,13
1941,7,5,12
1941,9,2,11
1941,3,0,3
1941,7,6,13
1941,7,1,8
1941,4,3,7
1941,6,12,18
1941,6,4,10
1941,6,4,10
1941,5,1,6
1941,7,2,9
1941,9,2,11
1941,10,1,11
1941,7,11,18
1941,6,10,16
1941,9,3,12
1941,5,4,9
1941,6,0,6
1941,1,0,1
1941,8,4,12
1941,7,6,13
1941,8,3,11
1941,4,1,5
1941,2,1,3
1941,5,2,7
1941,4,3,7
1941,2,0,2
1941,6,5,11
1941,5,2,7
1941,6,0,6
1941,6,4,10
1941,9,8,17
1941,3,2,5
1941,3,2,5
1941,6,10,16
1941,5,0,5
1941,2,1,3
1941,5,3,8
1941,2,1,3
1941,5,10,15
1941,9,6,15
1941,9,3,12
1941,10,1,11
1941,6,2,8
1941,4,3,7
1941,5,2,7
1941,4,4,8
1941,9,4,13
1941,3,0,3
1941,8,4,12
1941,3,1,4
1941,7,3,10
1941,2,1,3
1941,4,13,17
1941,7,5,12
1941,5,3,8
1941,8,3,11
1941,3,1,4
1941,5,1,6
1941,3,2,5
1941,9,13,22
1941,6,3,9
1941,1,0,1
1941,2,12,14
1941,7,2,9
1941,3,1,4
1941,2,0,2
1941,6,2,8
1941,3,2,5
1941,5,3,8
1941,4,2,6
1941,7,5,12
1941,2,10,12
1941,6,4,10
1941,6,1,7
1941,7,5,12
1941,3,10,13
1941,3,1,4
1941,4,0,4
1941,6,5,11
1941,8,1,9
1941,1,0,1
1941,9,6,15
1941,2,1,3
1941,5,4,9
1941,4,0,4
1941,8,2,10
1941,7,2,9
1941,8,5,13
1941,7,3,10
1941,6,5,11
1941,1,0,1
1941,7,4,11
1941,7,1,8
1941,4,1,5
1941,4,2,6
1941,3,2,5
1941,5,4,9
1941,6,4,10
1941,7,0,7
1941,8,4,12
1941,3,0,3
1941,5,4,9
1941,6,2,8
1941,3,2,5
1941,5,1,6
1941,3,2,5
1941,7,4,11
1941,4,1,5
1941,5,13,18
1941,2,1,3
1941,3,10,13
1941,7,4,11
1941,9,5,14
1941,2,11,13
1941,7,4,11
1941,4,3,7
1941,7,1,8
1941,5,4,9
1941,2,2,4
1941,4,3,7
1941,6,1,7
1941,5,1,6
1941,4,3,7
1941,4,3,7
1941,2,1,3
1941,8,1,9
1941,6,5,11
1941,6,10,16
1941,4,2,6
1941,3,1,4
1941,9,8,17
1941,9,3,12
1941,6,2,8
1941,9,3,12
1941,4,3,7
1941,5,1,6
1941,5,1,6
1941,4,2,6
1941,7,3,10
1941,2,1,3
1941,4,1,5
1941,8,4,12
1941,5,1,6
1941,6,12,18
1941,7,5,12
1941,7,4,11
1941,7,1,8
1941,3,2,5
1941,6,3,9
1941,10,0,10
1941,8,3,11
1941,6,2,8
1941,2,13,15
1941,5,4,9
1941,4,3,7
1941,4,1,5
1941,4,3,7
1941,7,6,13
1941,5,4,9
1941,4,10,14
1941,6,1,7
1941,5,4,9
1941,3,2,5
1941,5,4,9
1941,5,2,7
1941,5,4,9
1941,6,1,7
1941,11,1,12
1941,5,4,9
1941,4,1,5
1941,9,7,16
1941,3,2,5
1941,3,2,5
1941,6,5,11
1941,6,10,16
1941,5,2,7
1941,4,3,7
1941,8,0,8
1941,5,11,16
1941,8,4,12
1941,8,2,10
1941,8,0,8
1941,5,3,8
1941,4,3,7
1941,5,3,8
1941,6,2,8
1941,3,11,14
1941,4,2,6
1941,3,2,5
1941,9,2,11
1941,6,5,11
1941,4,0,4
1941,9,2,11
1941,2,0,2
1941,8,1,9
1941,9,5,14
1941,7,3,10
1941,8,1,9
1941,7,0,7
1941,4,3,7
1941,8,0,8
1941,12,10,22
1941,8,6,14
1941,4,3,7
1941,5,3,8
1941,3,2,5
1941,4,12,16
1941,7,4,11
1941,6,3,9
1941,1,0,1
1941,5,3,8
1941,7,7,14
1941,5,1,6
1941,8,4,12
1941,5,3,8
1941,9,0,9
1941,5,3,8
1941,3,2,5
1941,6,4,10
1941,7,6,13
1941,16,11,27
1941,4,1,5
1941,7,2,9
1941,6,5,11
1941,6,3,9
1941,5,0,5
1941,9,2,11
1941,9,8,17
1941,9,5,14
1941,5,4,9
1941,5,1,6
1941,9,0,9
1941,6,3,9
1941,2,1,3
1941,8,2,10
1941,6,5,11
1941,9,6,15
1941,6,1,7
1941,2,0,2
1941,3,2,5
1941,2,0,2
1941,7,11,18
1941,3,1,4
1941,6,3,9
1941,2,10,12
1941,5,0,5
1941,3,0,3
1941,6,2,8
1941,5,0,5
1941,6,3,9
1941,4,3,7
1941,5,4,9
1941,4,10,14
1941,6,1,7
1941,6,1,7
1941,9,0,9
1941,7,6,13
1941,6,11,17
1941,4,2,6
1941,4,1,5
1941,7,5,12
1941,6,5,11
1941,6,2,8
1941,7,5,12
1941,2,1,3
1941,9,10,19
1941,4,3,7
1941,6,3,9
1941,3,1,4
1941,3,13,16
1941,5,1,6
1941,2,11,13
1941,3,1,4
1941,6,0,6
1941,9,6,15
1941,5,2,7
1941,5,1,6
1941,9,5,14
1941,4,3,7
1941,3,2,5
1941,4,3,7
1941,11,1,12
1941,5,4,9
1941,8,15,23
1941,6,2,8
1941,1,0,1
1941,3,2,5
1941,5,3,8
1941,2,16,18
1941,8,6,14
1941,8,7,15
1941,7,2,9
1941,7,5,12
1941,3,0,3
1941,1,0,1
1941,8,3,11
1941,5,4,9
1941,7,6,13
1941,8,2,10
1941,4,14,18
1941,4,0,4
1941,3,1,4
1941,5,2,7
1941,2,1,3
1941,7,3,10
1941,5,4,9
1941,4,3,7
1941,2,11,13
1941,4,1,5
1941,3,2,5
1941,4,2,6
1941,7,15,22
1941,6,3,9
1941,9,14,23
1941,3,10,13
1941,8,0,8
1941,7,5,12
1941,8,5,13
1941,2,0,2
1941,2,1,3
1941,6,6,12
1941,2,0,2
1941,4,1,5
1941,4,0,4
1941,9,3,12
1941,8,7,15
1941,7,2,9
1941,7,6,13
1941,3,1,4
1941,4,1,5
1941,3,2,5
1941,5,3,8
1941,5,1,6
1941,4,0,4
1941,6,4,10
1941,9,3,12
1941,4,3,7
1941,3,1,4
1941,3,0,3
1941,7,0,7
1941,3,10,13
1941,8,11,19
1941,8,10,18
1941,6,2,8
1941,3,3,6
1941,5,2,7
1941,3,1,4
1941,6,1,7
1941,6,3,9
1941,4,1,5
1941,1,0,1
1941,4,1,5
1941,6,4,10
1941,4,1,5
1941,4,2,6
1941,3,2,5
1941,8,6,14
1941,5,1,6
1941,3,0,3
1941,8,2,10
1941,4,3,7
1941,6,3,9
1941,4,2,6
1941,2,1,3
1941,4,3,7
1941,6,2,8
1941,2,18,20
1941,7,1,8
1941,8,2,10
1941,8,1,9
1941,6,1,7
1941,6,2,8
1941,6,5,11
1941,4,2,6
1941,6,4,10
1941,7,1,8
1941,5,13,18
1941,5,4,9
1941,9,0,9
1941,6,2,8
1941,4,0,4
1941,1,0,1
1941,8,6,14
1941,3,12,15
1941,8,3,11
1941,3,2,5
1941,7,10,17
1941,7,6,13
1941,2,0,2
1941,3,2,5
1941,9,0,9
1941,6,3,9
1941,1,0,1
1941,9,4,13
1941,2,0,2
1941,3,0,3
1941,9,11,20
1941,4,3,7
1941,6,2,8
1941,8,5,13
1941,8,5,13
1941,2,0,2
1941,6,3,9
1941,9,0,9
1941,5,3,8
1941,5,4,9
1941,3,11,14
1941,12,0,12
1941,8,5,13
1941,9,1,10
1941,2,1,3
1941,5,4,9
1941,5,4,9
1941,5,3,8
1941,4,2,6
1941,5,4,9
1941,7,1,8
1941,7,2,9
1941,3,0,3
1941,7,2,9
1941,6,5,11
1941,5,3,8
1941,4,3,7
1941,4,2,6
1941,6,1,7
1941,7,3,10
1941,3,2,5
1941,4,3,7
1941,7,3,10
1941,5,1,6
1941,8,5,13
1941,4,3,7
1941,5,2,7
1941,7,4,11
1941,9,13,22
1941,6,4,10
1941,8,5,13
1941,7,6,13
1941,4,3,7
1941,9,1,10
1941,1,0,1
1941,6,3,9
1941,3,3,6
1941,8,3,11
1941,3,1,4
1941,4,3,7
1941,6,1,7
1941,9,4,13
1941,9,1,10
1941,2,1,3
1941,7,4,11
1941,5,4,9
1941,5,4,9
1941,3,11,14
1941,3,0,3
1941,4,2,6
1941,6,0,6
1941,6,4,10
1941,3,11,14
1941,4,11,15
1941,6,3,9
1941,8,5,13
1941,2,12,14
1941,11,1,12
1941,2,1,3
1941,4,0,4
1941,5,3,8
1941,8,7,15
1941,5,0,5
1941,3,2,5
1941,8,5,13
1941,5,4,9
1941,5,2,7
1941,3,12,15
1941,4,1,5
1941,2,0,2
1941,7,3,10
1941,4,3,7
1941,5,1,6
1941,10,1,11
1941,8,1,9
1941,5,3,8
1941,3,2,5
1941,4,3,7
1941,6,3,9
1941,7,5,12
1941,7,4,11
1941,6,13,19
1941,8,3,11
1941,8,5,13
1941,8,12,20
1941,5,4,9
1941,5,2,7
1941,9,13,22
1941,2,10,12
1941,6,5,11
1941,2,2,4
1941,2,1,3
1941,5,4,9
1941,7,5,12
1941,4,3,7
1941,9,5,14
1941,8,16,24
1941,7,2,9
1941,4,3,7
1941,13,11,24
1941,5,1,6
1941,5,3,8
1941,6,3,9
1941,9,2,11
1941,3,1,4
1941,2,1,3
1941,4,1,5
1941,4,1,5
1941,3,2,5
1941,9,8,17
1941,6,3,9
1941,3,0,3
1941,4,3,7
1941,7,6,13
1941,4,0,4
1941,3,1,4
1941,4,10,14
1941,1,0,1
1941,4,1,5
1941,4,3,7
1941,3,0,3
1941,7,1,8
1941,6,2,8
1941,7,2,9
1941,8,1,9
1941,8,3,11
1941,8,4,12
1941,6,4,10
1941,2,0,2
1941,13,1,14
1941,4,3,7
1941,6,17,23
1941,10,1,11
1941,3,1,4
1941,4,1,5
1941,8,5,13
1941,3,2,5
1941,4,2,6
1941,3,1,4
1941,7,11,18
1941,5,2,7
1941,6,0,6
1941,9,7,16
1941,1,0,1
1941,7,13,20
1941,4,2,6
1941,7,2,9
1941,2,11,13
1941,5,4,9
1941,5,3,8
1941,4,1,5
1941,6,4,10
1941,7,10,17
1941,3,2,5
1941,1,0,1
1941,4,12,16
1941,6,0,6
1941,5,4,9
1941,2,1,3
1941,7,5,12
1941,10,0,10
1941,6,4,10
1941,8,5,13
1941,3,2,5
1941,5,0,5
1941,5,3,8
1941,8,4,12
1941,8,2,10
1941,2,0,2
1941,6,3,9
1941,5,0,5
1941,4,3,7
1941,7,4,11
1941,7,2,9
1941,5,4,9
1941,6,4,10
1941,5,3,8
1941,3,1,4
1941,1,0,1
1941,1,0,1
1941,6,5,11
1941,9,2,11
1941,5,1,6
1941,6,3,9
1941,3,10,13
1941,7,5,12
1941,6,3,9
1941,5,2,7
1941,7,2,9
1941,5,1,6
1941,2,1,3
1941,6,3,9
1941,1,0,1
1941,6,5,11
1941,2,0,2
1941,6,1,7
1941,5,1,6
1941,4,2,6
1941,4,3,7
1941,8,5,13
1941,8,5,13
1941,4,3,7
1941,9,8,17
1941,1,1,2
1941,4,2,6
1941,3,2,5
1941,7,3,10
1941,1,0,1
1941,3,2,5
1941,5,3,8
1941,3,2,5
1941,6,4,10
1941,6,1,7
1941,3,2,5
1941,9,8,17
1941,6,1,7
1941,7,1,8
1941,5,0,5
1941,9,2,11
1941,6,5,11
1941,4,1,5
1941,9,8,17
1941,3,1,4
1941,8,1,9
1941,4,3,7
1941,2,1,3
1941,7,3,10
1941,6,2,8
1941,4,3,7
1941,7,3,10
1941,3,2,5
1941,6,1,7
1941,7,3,10
1941,1,0,1
1941,4,1,5
1941,6,3,9
1941,1,1,2
1941,2,0,2
1941,14,0,14
1941,3,0,3
1941,4,0,4
1941,4,15,19
1941,8,3,11
1941,6,3,9
1941,6,5,11
1941,7,0,7
1941,6,5,11
1941,6,2,8
1941,11,0,11
1941,5,0,5
1941,5,3,8
1941,2,1,3
1941,5,0,5
1941,5,1,6
1941,9,8,17
1941,8,2,10
1941,8,6,14
1941,4,0,4
1941,9,0,9
1941,4,1,5
1941,4,3,7
1941,4,2,6
1941,2,1,3
1941,2,0,2
1941,7,2,9
1941,4,1,5
1941,2,0,2
1941,4,0,4
1941,3,1,4
1941,7,2,9
1941,5,4,9
1941,6,0,6
1941,6,0,6
1941,3,2,5
1941,3,1,4
1941,4,3,7
1941,4,1,5
1941,1,0,1
1941,4,3,7
1941,6,5,11
1941,3,2,5
1941,7,3,10
1941,5,4,9
1941,6,5,11
1941,6,10,16
1941,4,3,7
1941,5,1,6
1941,9,15,24
1941,4,3,7
1941,5,1,6
1941,2,1,3
1941,3,1,4
1941,3,0,3
1941,5,0,5
1941,12,11,23
1941,7,1,8
1941,3,2,5
1941,5,4,9
1941,3,2,5
1941,3,2,5
1941,2,1,3
1941,7,4,11
1941,3,1,4
1942,8,3,11
1942,3,0,3
1942,4,2,6
1942,5,2,7
1942,7,5,12
1942,2,1,3
1942,5,4,9
1942,7,0,7
1942,3,1,4
1942,6,5,11
1942,6,2,8
1942,6,2,8
1942,6,4,10
1942,6,2,8
1942,4,2,6
1942,9,3,12
1942,4,19,23
1942,3,13,16
1942,8,7,15
1942,5,4,9
1942,4,2,6
1942,2,1,3
1942,6,11,17
1942,8,5,13
1942,7,1,8
1942,4,3,7
1942,3,2,5
1942,1,0,1
1942,1,0,1
1942,5,4,9
1942,3,2,5
1942,7,6,13
1942,2,1,3
1942,8,5,13
1942,1,0,1
1942,5,1,6
1942,6,10,16
1942,3,0,3
1942,4,0,4
1942,6,2,8
1942,5,2,7
1942,2,1,3
1942,5,2,7
1942,5,1,6
1942,5,4,9
1942,3,2,5
1942,2,1,3
1942,1,0,1
1942,4,10,14
1942,9,2,11
1942,3,1,4
1942,4,3,7
1942,6,3,9
1942,8,2,10
1942,2,13,15
1942,4,2,6
1942,4,2,6
1942,4,10,14
1942,5,2,7
1942,8,0,8
1942,4,0,4
1942,3,1,4
1942,3,2,5
1942,5,11,16
1942,3,0,3
1942,9,1,10
1942,6,1,7
1942,4,13,17
1942,9,5,14
1942,2,1,3
1942,9,0,9
1942,6,4,10
1942,5,2,7
1942,5,3,8
1942,9,2,11
1942,5,10,15
1942,8,5,13
1942,4,3,7
1942,2,1,3
1942,3,1,4
1942,4,2,6
1942,9,5,14
1942,2,0,2
1942,7,2,9
1942,4,2,6
1942,5,4,9
1942,5,4,9
1942,4,2,6
1942,5,1,6
1942,4,1,5
1942,7,10,17
1942,7,2,9
1942,3,2,5
1942,9,5,14
1942,5,10,15
1942,7,5,12
1942,3,2,5
1942,8,5,13
1942,3,1,4
1942,2,10,12
1942,2,0,2
1942,4,4,8
1942,6,1,7
1942,6,3,9
1942,4,3,7
1942,6,1,7
1942,6,3,9
1942,7,3,10
1942,3,1,4
1942,6,4,10
1942,7,1,8
1942,5,4,9
1942,4,3,7
1942,4,2,6
1942,8,3,11
1942,5,2,7
1942,6,11,17
1942,6,11,17
1942,7,6,13
1942,4,3,7
1942,4,10,14
1942,8,3,11
1942,3,2,5
1942,8,11,19
1942,3,0,3
1942,6,1,7
1942,6,3,9
1942,7,3,10
1942,1,0,1
1942,6,10,16
1942,9,13,22
1942,6,5,11
1942,7,2,9
1942,5,2,7
1942,7,6,13
1942,8,7,15
1942,6,13,19
1942,11,10,21
1942,1,0,1
1942,4,3,7
1942,3,1,4
1942,7,6,13
1942,5,10,15
1942,1,0,1
1942,3,12,15
1942,8,4,12
1942,9,1,10
1942,8,1,9
1942,5,4,9
1942,6,4,10
1942,3,1,4
1942,8,7,15
1942,1,0,1
1942,6,2,8
1942,3,12,15
1942,14,10,24
1942,4,2,6
1942,9,8,17
1942,5,1,6
1942,8,11,19
1942,4,15,19
1942,6,1,7
1942,6,4,10
1942,2,1,3
1942,3,13,16
1942,4,2,6
1942,2,1,3
1942,5,4,9
1942,2,1,3
1942,7,1,8
1942,3,1,4
1942,5,3,8
1942,3,1,4
1942,3,0,3
1942,7,2,9
1942,2,11,13
1942,7,0,7
1942,2,1,3
1942,6,2,8
1942,7,6,13
1942,6,4,10
1942,5,2,7
1942,2,1,3
1942,6,2,8
1942,3,1,4
1942,5,2,7
1942,1,0,1
1942,2,1,3
1942,5,3,8
1942,5,1,6
1942,4,3,7
1942,4,2,6
1942,3,2,5
1942,1,0,1
1942,3,0,3
1942,5,1,6
1942,6,5,11
1942,4,3,7
1942,3,2,5
1942,4,2,6
1942,6,5,11
1942,5,2,7
1942,9,7,16
1942,3,2,5
1942,8,5,13
1942,5,1,6
1942,9,8,17
1942,7,3,10
1942,3,2,5
1942,5,4,9
1942,4,0,4
1942,6,5,11
1942,2,1,3
1942,7,2,9
1942,6,2,8
1942,3,1,4
1942,9,1,10
1942,9,10,19
1942,7,4,11
1942,9,4,13
1942,6,12,18
1942,5,3,8
1942,6,3,9
1942,8,3,11
1942,3,2,5
1942,5,13,18
1942,2,1,3
1942,8,1,9
1942,7,4,11
1942,4,3,7
1942,5,4,9
1942,7,1,8
1942,6,1,7
1942,2,1,3
1942,7,2,9
1942,4,2,6
1942,8,2,10
1942,4,3,7
1942,9,3,12
1942,7,1,8
1942,4,3,7
1942,4,1,5
1942,9,3,12
1942,4,3,7
1942,7,1,8
1942,8,6,14
1942,7,2,9
1942,5,4,9
1942,4,2,6
1942,3,2,5
1942,4,1,5
1942,7,5,12
1942,7,4,11
1942,4,2,6
1942,4,16,20
1942,6,1,7
1942,2,1,3
1942,4,1,5
1942,5,2,7
1942,8,4,12
1942,5,4,9
1942,1,0,1
1942,4,3,7
1942,4,1,5
1942,5,3,8
1942,6,3,9
1942,3,10,13
1942,10,1,11
1942,1,0,1
1942,8,3,11
1942,3,11,14
1942,3,2,5
1942,5,2,7
1942,7,4,11
1942,5,1,6
1942,7,10,17
1942,4,3,7
1942,2,1,3
1942,5,2,7
1942,6,5,11
1942,5,4,9
1942,6,3,9
1942,8,4,12
1942,6,5,11
1942,6,5,11
1942,6,2,8
1942,14,0,14
1942,3,2,5
1942,4,1,5
1942,6,0,6
1942,3,2,5
1942,6,3,9
1942,7,5,12
1942,4,11,15
1942,3,2,5
1942,2,0,2
1942,9,8,17
1942,3,0,3
1942,3,1,4
1942,2,10,12
1942,6,1,7
1942,5,1,6
1942,3,1,4
1942,5,3,8
1942,3,2,5
1942,4,2,6
1942,3,1,4
1942,2,1,3
1942,9,2,11
1942,8,3,11
1942,3,1,4
1942,4,1,5
1942,10,1,11
1942,9,7,16
1942,8,3,11
1942,6,2,8
1942,5,3,8
1942,5,2,7
1942,10,1,11
1942,6,4,10
1942,2,1,3
1942,6,2,8
1942,3,2,5
1942,3,2,5
1942,6,4,10
1942,5,1,6
1942,3,1,4
1942,2,1,3
1942,6,5,11
1942,3,14,17
1942,16,1,17
1942,2,14,16
1942,8,12,20
1942,7,6,13
1942,7,3,10
1942,10,1,11
1942,4,3,7
1942,5,10,15
1942,3,2,5
1942,3,2,5
1942,5,10,15
1942,5,4,9
1942,2,0,2
1942,9,4,13
1942,5,12,17
1942,5,1,6
1942,6,4,10
1942,6,10,16
1942,5,4,9
1942,11,1,12
1942,4,3,7
1942,2,10,12
1942,3,1,4
1942,3,0,3
1942,8,2,10
1942,3,0,3
1942,9,4,13
1942,3,2,5
1942,7,1,8
1942,7,11,18
1942,4,2,6
1942,5,4,9
1942,8,3,11
1942,7,2,9
1942,5,1,6
1942,1,0,1
1942,3,0,3
1942,2,17,19
1942,4,3,7
1942,4,1,5
1942,6,2,8
1942,2,1,3
1942,4,1,5
1942,5,1,6
1942,4,3,7
1942,9,5,14
1942,4,2,6
1942,4,3,7
1942,8,2,10
1942,8,7,15
1942,6,2,8
1942,7,2,9
1942,4,2,6
1942,6,3,9
1942,4,3,7
1942,3,2,5
1942,6,1,7
1942,6,3,9
1942,1,0,1
1942,6,5,11
1942,3,1,4
1942,3,2,5
1942,3,1,4
1942,2,0,2
1942,8,2,10
1942,3,0,3
1942,6,5,11
1942,3,1,4
1942,9,3,12
1942,3,11,14
1942,3,2,5
1942,3,2,5
1942,8,4,12
1942,4,3,7
1942,6,2,8
1942,3,2,5
1942,5,4,9
1942,13,1,14
1942,5,2,7
1942,7,1,8
1942,5,4,9
1942,8,6,14
1942,4,1,5
1942,2,0,2
1942,6,4,10
1942,8,0,8
1942,3,1,4
1942,11,10,21
1942,7,4,11
1942,3,1,4
1942,4,1,5
1942,2,0,2
1942,2,10,12
1942,7,6,13
1942,3,10,13
1942,5,2,7
1942,6,1,7
1942,4,1,5
1942,4,1,5
1942,3,0,3
1942,4,3,7
1942,8,7,15
1942,7,1,8
1942,8,6,14
1942,3,2,5
1942,5,4,9
1942,2,1,3
1942,6,5,11
1942,1,0,1
1942,4,3,7
1942,4,1,5
1942,8,2,10
1942,4,3,7
1942,3,2,5
1942,2,1,3
1942,8,6,14
1942,10,1,11
1942,4,1,5
1942,2,1,3
1942,6,1,7
1942,5,4,9
1942,8,3,11
1942,5,1,6
1942,4,3,7
1942,8,3,11
1942,9,1,10
1942,6,5,11
1942,9,3,12
1942,4,11,15
1942,6,0,6
1942,6,2,8
1942,5,0,5
1942,2,1,3
1942,7,6,13
1942,5,3,8
1942,4,3,7
1942,5,1,6
1942,4,2,6
1942,5,1,6
1942,4,2,6
1942,4,3,7
1942,4,3,7
1942,5,4,9
1942,1,0,1
1942,3,0,3
1942,6,1,7
1942,6,3,9
1942,5,2,7
1942,7,2,9
1942,7,1,8
1942,3,1,4
1942,4,3,7
1942,7,6,13
1942,1,0,1
1942,5,4,9
1942,5,1,6
1942,7,4,11
1942,6,5,11
1942,6,4,10
1942,4,0,4
1942,4,10,14
1942,4,0,4
1942,1,0,1
1942,7,6,13
1942,8,1,9
1942,7,0,7
1942,5,3,8
1942,11,0,11
1942,5,2,7
1942,7,3,10
1942,6,5,11
1942,7,0,7
1942,3,2,5
1942,4,0,4
1942,4,1,5
1942,3,2,5
1942,5,0,5
1942,7,2,9
1942,3,2,5
1942,2,1,3
1942,4,2,6
1942,4,3,7
1942,6,2,8
1942,7,5,12
1942,6,2,8
1942,7,0,7
1942,8,4,12
1942,6,5,11
1942,6,2,8
1942,3,1,4
1942,6,0,6
1942,9,0,9
1942,1,0,1
1942,4,3,7
1942,3,1,4
1942,6,4,10
1942,4,0,4
1942,4,0,4
1942,2,0,2
1942,4,1,5
1942,7,3,10
1942,7,1,8
1942,5,4,9
1942,6,4,10
1942,4,2,6
1942,3,2,5
1942,3,1,4
1942,4,2,6
1942,8,5,13
1942,3,1,4
1942,4,0,4
1942,7,3,10
1942,6,3,9
1942,6,5,11
1942,5,2,7
1942,8,3,11
1942,6,3,9
1942,2,1,3
1942,3,0,3
1942,5,1,6
1942,6,2,8
1942,13,1,14
1942,8,3,11
1942,3,2,5
1942,3,2,5
1942,3,0,3
1942,8,7,15
1942,9,3,12
1942,2,1,3
1942,3,1,4
1942,14,13,27
1942,7,6,13
1942,5,11,16
1942,3,10,13
1942,9,8,17
1942,5,2,7
1942,4,3,7
1942,3,1,4
1942,4,1,5
1942,4,3,7
1942,8,5,13
1942,4,3,7
1942,4,2,6
1942,3,2,5
1942,7,1,8
1942,7,2,9
1942,5,2,7
1942,12,0,12
1942,5,4,9
1942,4,0,4
1942,7,5,12
1942,5,4,9
1942,3,1,4
1942,5,3,8
1942,5,1,6
1942,6,10,16
1942,8,1,9
1942,5,4,9
1942,4,0,4
1942,6,3,9
1942,6,4,10
1942,8,5,13
1942,8,7,15
1942,3,10,13
1942,3,3,6
1942,5,11,16
1942,3,2,5
1942,14,0,14
1942,5,4,9
1942,2,0,2
1942,6,5,11
1942,9,3,12
1942,5,2,7
1942,2,12,14
1942,6,5,11
1942,2,1,3
1942,2,14,16
1942,2,13,15
1942,10,1,11
1942,5,1,6
1942,5,4,9
1942,4,2,6
1942,3,2,5
1942,5,3,8
1942,4,3,7
1942,5,2,7
1942,5,3,8
1942,6,11,17
1942,4,3,7
1942,5,0,5
1942,2,1,3
1942,4,3,7
1942,3,2,5
1942,5,2,7
1942,5,2,7
1942,9,0,9
1942,9,0,9
1942,4,2,6
1942,6,1,7
1942,3,2,5
1942,2,1,3
1942,5,2,7
1942,4,2,6
1942,3,2,5
1942,4,2,6
1942,5,0,5
1942,3,2,5
1942,5,2,7
1942,3,1,4
1942,5,12,17
1942,8,3,11
1942,5,3,8
1942,1,0,1
1942,6,10,16
1942,6,2,8
1942,8,3,11
1942,2,0,2
1942,2,1,3
1942,6,4,10
1942,3,1,4
1942,3,2,5
1942,11,1,12
1942,2,1,3
1942,6,4,10
1942,5,1,6
1942,9,3,12
1942,9,7,16
1942,5,0,5
1942,4,3,7
1942,4,3,7
1942,7,0,7
1942,3,2,5
1942,3,0,3
1942,2,1,3
1942,3,0,3
1942,5,1,6
1942,7,5,12
1942,10,1,11
1942,6,11,17
1942,5,10,15
1942,6,2,8
1942,7,2,9
1942,4,0,4
1942,7,4,11
1942,6,2,8
1942,7,3,10
1942,9,4,13
1942,4,3,7
1942,3,2,5
1942,7,0,7
1942,2,1,3
1942,7,6,13
1942,8,5,13
1942,5,1,6
1942,3,1,4
1942,4,3,7
1942,6,5,11
1942,2,1,3
1942,5,10,15
1942,8,1,9
1942,4,2,6
1942,11,1,12
1942,2,11,13
1942,10,1,11
1942,3,0,3
1942,2,1,3
1942,3,1,4
1942,7,6,13
1942,3,0,3
1942,7,4,11
1942,4,3,7
1942,3,0,3
1942,7,10,17
1942,4,0,4
1942,8,5,13
1942,8,4,12
1942,6,3,9
1942,4,3,7
1942,9,2,11
1942,12,0,12
1942,2,1,3
1942,4,3,7
1942,8,7,15
1942,9,0,9
1942,8,5,13
1942,7,6,13
1942,5,3,8
1942,6,3,9
1942,5,0,5
1942,8,4,12
1942,4,3,7
1942,5,4,9
1942,8,3,11
1942,6,4,10
1942,6,5,11
1942,6,1,7
1942,4,3,7
1942,5,1,6
1942,2,1,3
1942,2,0,2
1942,5,1,6
1942,2,1,3
1942,7,0,7
1942,8,11,19
1942,5,4,9
1942,3,2,5
1942,5,3,8
1942,6,4,10
1942,4,3,7
1942,9,6,15
1942,6,4,10
1942,8,0,8
1942,2,1,3
1942,4,3,7
1942,5,4,9
1942,3,0,3
1942,3,2,5
1942,5,3,8
1942,3,1,4
1942,4,1,5
1942,6,3,9
1942,2,1,3
1942,6,10,16
1942,7,2,9
1942,8,6,14
1942,4,1,5
1942,9,8,17
1942,3,2,5
1942,5,3,8
1942,5,2,7
1942,5,3,8
1942,2,1,3
1942,3,2,5
1942,2,0,2
1942,7,1,8
1942,5,2,7
1942,6,2,8
1942,2,1,3
1942,4,3,7
1942,6,1,7
1942,9,2,11
1942,4,3,7
1942,8,5,13
1942,7,6,13
1942,9,1,10
1942,4,3,7
1942,8,3,11
1942,3,1,4
1942,9,5,14
1942,3,0,3
1942,8,1,9
1942,3,1,4
1942,9,4,13
1942,4,3,7
1942,3,0,3
1942,6,5,11
1942,6,5,11
1942,7,5,12
1942,7,6,13
1942,7,12,19
1942,4,2,6
1942,3,1,4
1942,11,10,21
1942,9,2,11
1942,4,3,7
1942,5,11,16
1942,7,6,13
1942,4,2,6
1942,6,11,17
1942,5,2,7
1942,7,2,9
1942,6,4,10
1942,7,6,13
1942,9,8,17
1942,8,0,8
1942,9,6,15
1942,2,1,3
1942,9,8,17
1942,3,1,4
1942,5,4,9
1942,2,1,3
1942,7,3,10
1942,5,4,9
1942,7,6,13
1942,7,0,7
1942,4,2,6
1942,4,3,7
1942,4,2,6
1942,8,4,12
1942,6,2,8
1942,7,1,8
1942,3,2,5
1942,4,2,6
1942,3,2,5
1942,4,2,6
1942,10,0,10
1942,7,4,11
1942,6,4,10
1942,5,4,9
1942,4,3,7
1942,1,1,2
1942,4,2,6
1942,2,1,3
1942,4,3,7
1942,7,0,7
1942,4,0,4
1942,1,0,1
1942,5,0,5
1942,5,2,7
1942,3,0,3
1942,8,5,13
1942,2,0,2
1942,4,1,5
1942,8,0,8
1942,6,3,9
1942,2,1,3
1942,6,4,10
1942,6,13,19
1942,3,2,5
1942,2,0,2
1942,2,1,3
1942,3,0,3
1942,8,4,12
1942,5,5,10
1942,6,4,10
1942,11,1,12
1942,3,2,5
1942,8,10,18
1942,2,1,3
1942,3,2,5
1942,2,0,2
1942,4,3,7
1942,2,1,3
1942,9,3,12
1942,3,1,4
1942,6,0,6
1942,3,1,4
1942,4,1,5
1942,3,2,5
1942,6,4,10
1942,9,3,12
1942,1,0,1
1942,6,4,10
1942,7,2,9
1942,3,2,5
1942,3,2,5
1942,3,1,4
1942,3,1,4
1942,9,2,11
1942,1,0,1
1942,1,0,1
1942,8,2,10
1942,9,4,13
1942,8,3,11
1942,4,2,6
1942,2,0,2
1942,8,4,12
1942,3,0,3
1942,6,3,9
1942,5,13,18
1942,3,2,5
1942,8,3,11
1942,10,0,10
1942,7,3,10
1942,7,1,8
1942,7,1,8
1942,5,2,7
1942,2,11,13
1942,4,0,4
1942,2,1,3
1942,7,6,13
1942,5,4,9
1942,8,5,13
1942,8,7,15
1942,4,2,6
1942,5,3,8
1942,4,3,7
1942,3,1,4
1942,5,3,8
1942,6,4,10
1942,3,10,13
1942,2,0,2
1942,5,1,6
1942,4,1,5
1942,3,2,5
1942,6,1,7
1942,3,2,5
1942,7,3,10
1942,6,5,11
1942,2,11,13
1942,5,10,15
1942,6,3,9
1942,5,2,7
1942,3,2,5
1942,15,0,15
1942,5,2,7
1942,8,7,15
1942,7,0,7
1942,3,0,3
1942,2,10,12
1942,3,1,4
1942,5,0,5
1942,2,1,3
1942,6,4,10
1942,2,1,3
1942,11,1,12
1942,9,2,11
1942,6,1,7
1942,5,1,6
1942,8,0,8
1942,7,4,11
1942,2,1,3
1942,8,5,13
1942,5,3,8
1942,9,2,11
1942,6,1,7
1942,6,3,9
1942,3,2,5
1942,4,1,5
1942,7,17,24
1942,7,5,12
1942,2,10,12
1942,5,10,15
1942,2,1,3
1942,5,3,8
1942,5,4,9
1942,3,1,4
1942,1,0,1
1942,3,11,14
1942,5,11,16
1942,7,6,13
1942,6,4,10
1942,7,5,12
1942,3,1,4
1942,2,0,2
1942,3,0,3
1942,3,0,3
1942,3,1,4
1942,1,0,1
1942,2,1,3
1942,4,2,6
1942,7,6,13
1942,3,0,3
1942,2,0,2
1942,7,0,7
1942,5,3,8
1942,5,2,7
1942,7,1,8
1942,4,3,7
1942,5,1,6
1942,6,4,10
1942,3,1,4
1942,5,3,8
1942,6,0,6
1942,2,1,3
1942,8,1,9
1942,3,2,5
1942,4,1,5
1942,3,2,5
1942,3,0,3
1942,2,11,13
1942,5,3,8
1942,1,0,1
1942,4,2,6
1942,2,1,3
1942,4,2,6
1942,2,0,2
1942,5,0,5
1942,4,1,5
1942,4,0,4
1942,7,1,8
1942,4,2,6
1942,3,0,3
1942,5,4,9
1942,7,4,11
1942,7,5,12
1942,7,10,17
1942,4,2,6
1942,4,3,7
1942,1,0,1
1942,6,5,11
1942,2,0,2
1942,7,4,11
1942,5,2,7
1942,4,1,5
1942,4,1,5
1942,6,12,18
1942,8,6,14
1942,5,5,10
1942,2,0,2
1942,8,5,13
1942,7,1,8
1942,4,3,7
1942,2,1,3
1942,3,2,5
1942,3,1,4
1942,9,5,14
1942,8,3,11
1942,3,2,5
1942,3,1,4
1942,2,0,2
1942,8,6,14
1942,7,6,13
1942,8,1,9
1942,8,3,11
1942,3,1,4
1942,5,0,5
1942,5,4,9
1942,5,10,15
1942,4,3,7
1942,4,2,6
1942,4,3,7
1942,4,3,7
1942,3,2,5
1942,4,2,6
1942,2,1,3
1942,3,2,5
1942,3,2,5
1942,6,0,6
1942,3,12,15
1942,5,2,7
1942,8,2,10
1942,8,2,10
1942,7,6,13
1942,2,0,2
1942,2,0,2
1942,7,0,7
1942,3,2,5
1942,14,0,14
1942,5,3,8
1942,5,3,8
1942,6,3,9
1942,4,0,4
1942,4,3,7
1942,4,2,6
1942,3,2,5
1942,7,6,13
1942,6,2,8
1942,4,3,7
1942,6,2,8
1942,1,0,1
1942,8,7,15
1942,2,0,2
1942,2,10,12
1942,6,2,8
1942,4,2,6
1942,3,13,16
1942,7,3,10
1942,6,0,6
1942,5,0,5
1942,3,2,5
1942,6,5,11
1942,9,11,20
1942,2,15,17
1942,4,11,15
1942,5,3,8
1942,3,1,4
1942,5,3,8
1942,5,3,8
1942,3,0,3
1942,6,5,11
1942,2,11,13
1942,5,3,8
1942,4,0,4
1942,6,11,17
1942,6,4,10
1942,9,7,16
1942,4,0,4
1942,10,0,10
1942,4,1,5
1942,15,11,26
1942,5,4,9
1942,8,3,11
1942,2,10,12
1942,6,2,8
1942,7,1,8
1942,5,4,9
1942,5,4,9
1942,5,1,6
1942,2,1,3
1942,9,0,9
1942,3,0,3
1942,1,0,1
1942,2,15,17
1942,5,4,9
1942,4,3,7
1942,8,5,13
1942,4,10,14
1942,2,1,3
1942,4,1,5
1942,2,2,4
1942,7,1,8
1942,8,6,14
1942,6,5,11
1942,4,1,5
1942,7,6,13
1942,6,3,9
1942,4,1,5
1942,6,11,17
1942,8,12,20
1942,6,1,7
1942,5,0,5
1942,9,1,10
1942,4,1,5
1942,5,2,7
1942,8,0,8
1942,5,0,5
1942,5,3,8
1942,2,1,3
1942,3,2,5
1942,7,0,7
1942,3,2,5
1942,4,2,6
1942,4,0,4
1942,8,3,11
1942,8,6,14
1942,6,1,7
1942,6,3,9
1942,5,4,9
1942,3,2,5
1942,3,10,13
1942,6,2,8
1942,4,2,6
1942,5,1,6
1942,5,1,6
1942,3,1,4
1942,3,1,4
1942,4,1,5
1942,3,0,3
1942,3,2,5
1942,6,4,10
1942,1,0,1
1942,6,5,11
1942,7,4,11
1942,11,1,12
1942,8,0,8
1942,5,1,6
1942,5,1,6
1942,5,4,9
1942,7,6,13
1942,9,6,15
1942,8,3,11
1942,9,11,20
1942,4,3,7
1942,7,3,10
1942,4,2,6
1942,1,0,1
1942,3,0,3
1942,2,0,2
1942,6,5,11
1942,2,1,3
1942,3,2,5
1942,9,11,20
1942,2,1,3
1942,2,1,3
1942,3,3,6
1942,6,5,11
1942,4,2,6
1942,3,1,4
1942,6,4,10
1942,3,2,5
1942,2,1,3
1942,9,8,17
1942,4,1,5
1942,4,1,5
1942,9,2,11
1942,3,1,4
1942,9,3,12
1942,6,0,6
1942,4,1,5
1942,4,2,6
1942,5,3,8
1942,3,1,4
1942,4,2,6
1942,8,0,8
1942,3,2,5
1942,6,0,6
1942,6,5,11
1942,8,1,9
1942,6,3,9
1942,9,1,10
1942,3,0,3
1942,6,4,10
1942,5,2,7
1942,8,3,11
1942,7,6,13
1942,8,7,15
1942,7,4,11
1942,8,0,8
1942,4,3,7
1942,9,2,11
1942,4,1,5
1942,7,4,11
1942,4,3,7
1942,2,0,2
1942,9,6,15
1942,4,2,6
1943,7,5,12
1943,6,0,6
1943,1,0,1
1943,1,0,1
1943,3,0,3
1943,5,2,7
1943,4,3,7
1943,1,0,1
1943,4,0,4
1943,5,4,9
1943,1,0,1
1943,5,0,5
1943,4,11,15
1943,4,3,7
1943,6,3,9
1943,2,1,3
1943,3,2,5
1943,1,0,1
1943,7,6,13
1943,3,1,4
1943,3,2,5
1943,8,3,11
1943,6,2,8
1943,1,0,1
1943,4,1,5
1943,4,1,5
1943,7,1,8
1943,2,12,14
1943,5,0,5
1943,5,1,6
1943,5,1,6
1943,4,2,6
1943,3,11,14
1943,4,2,6
1943,4,1,5
1943,7,0,7
1943,2,1,3
1943,5,0,5
1943,2,0,2
1943,4,2,6
1943,3,2,5
1943,4,3,7
1943,3,1,4
1943,4,0,4
1943,3,0,3
1943,7,3,10
1943,3,2,5
1943,5,2,7
1943,4,3,7
1943,6,1,7
1943,4,3,7
1943,5,1,6
1943,2,1,3
1943,3,1,4
1943,5,4,9
1943,3,2,5
1943,9,2,11
1943,3,0,3
1943,6,3,9
1943,7,3,10
1943,9,7,16
1943,7,6,13
1943,8,1,9
1943,3,2,5
1943,5,1,6
1943,5,2,7
1943,3,2,5
1943,2,1,3
1943,3,1,4
1943,6,5,11
1943,3,0,3
1943,1,0,1
1943,7,6,13
1943,6,3,9
1943,3,11,14
1943,4,1,5
1943,5,3,8
1943,7,5,12
1943,3,1,4
1943,5,3,8
1943,3,11,14
1943,8,3,11
1943,2,1,3
1943,4,3,7
1943,3,1,4
1943,4,3,7
1943,6,18,24
1943,5,1,6
1943,7,3,10
1943,2,1,3
1943,3,2,5
1943,2,1,3
1943,5,2,7
1943,4,3,7
1943,8,1,9
1943,5,1,6
1943,3,2,5
1943,5,1,6
1943,6,3,9
1943,2,1,3
1943,5,4,9
1943,7,0,7
1943,1,0,1
1943,9,7,16
1943,1,0,1
1943,5,4,9
1943,6,2,8
1943,3,13,16
1943,3,2,5
1943,3,2,5
1943,6,5,11
1943,9,4,13
1943,7,5,12
1943,3,2,5
1943,2,1,3
1943,5,4,9
1943,2,1,3
1943,3,1,4
1943,4,1,5
1943,2,13,15
1943,4,3,7
1943,13,1,14
1943,4,3,7
1943,3,2,5
1943,3,1,4
1943,8,1,9
1943,3,3,6
1943,6,5,11
1943,7,5,12
1943,3,2,5
1943,8,2,10
1943,2,1,3
1943,8,2,10
1943,3,2,5
1943,6,4,10
1943,5,4,9
1943,5,0,5
1943,3,2,5
1943,2,1,3
1943,7,4,11
1943,2,1,3
1943,3,1,4
1943,6,4,10
1943,5,2,7
1943,4,3,7
1943,3,0,3
1943,3,1,4
1943,7,6,13
1943,3,2,5
1943,6,13,19
1943,1,0,1
1943,2,0,2
1943,8,1,9
1943,2,1,3
1943,6,3,9
1943,4,0,4
1943,3,2,5
1943,3,1,4
1943,6,1,7
1943,4,2,6
1943,4,2,6
1943,5,3,8
1943,3,2,5
1943,7,1,8
1943,6,10,16
1943,3,1,4
1943,2,1,3
1943,4,3,7
1943,2,1,3
1943,7,3,10
1943,4,3,7
1943,1,0,1
1943,3,1,4
1943,8,4,12
1943,7,1,8
1943,4,0,4
1943,3,1,4
1943,5,4,9
1943,3,2,5
1943,2,1,3
1943,5,3,8
1943,3,2,5
1943,5,2,7
1943,2,1,3
1943,7,4,11
1943,3,0,3
1943,2,0,2
1943,1,0,1
1943,2,1,3
1943,2,1,3
1943,5,2,7
1943,5,2,7
1943,9,2,11
1943,4,0,4
1943,7,10,17
1943,6,1,7
1943,10,0,10
1943,2,1,3
1943,3,0,3
1943,3,1,4
1943,2,1,3
1943,1,0,1
1943,11,0,11
1943,3,1,4
1943,5,2,7
1943,4,3,7
1943,3,2,5
1943,6,5,11
1943,4,2,6
1943,4,1,5
1943,5,2,7
1943,9,1,10
1943,3,2,5
1943,4,2,6
1943,1,0,1
1943,4,17,21
1943,4,3,7
1943,1,0,1
1943,2,0,2
1943,4,3,7
1943,3,2,5
1943,7,0,7
1943,3,2,5
1943,7,5,12
1943,9,5,14
1943,3,2,5
1943,4,2,6
1943,5,2,7
1943,3,1,4
1943,8,11,19
1943,2,1,3
1943,5,2,7
1943,6,2,8
1943,2,1,3
1943,6,4,10
1943,4,3,7
1943,5,4,9
1943,9,5,14
1943,2,10,12
1943,4,12,16
1943,5,4,9
1943,7,4,11
1943,3,0,3
1943,5,1,6
1943,5,1,6
1943,6,0,6
1943,6,10,16
1943,4,3,7
1943,3,2,5
1943,3,0,3
1943,4,1,5
1943,4,3,7
1943,2,1,3
1943,7,6,13
1943,3,2,5
1943,5,2,7
1943,5,1,6
1943,2,1,3
1943,7,6,13
1943,4,10,14
1943,8,2,10
1943,6,4,10
1943,5,10,15
1943,4,10,14
1943,7,0,7
1943,4,3,7
1943,6,1,7
1943,4,0,4
1943,7,0,7
1943,1,0,1
1943,8,7,15
1943,7,6,13
1943,7,2,9
1943,3,1,4
1943,5,3,8
1943,5,4,9
1943,9,11,20
1943,3,2,5
1943,7,4,11
1943,3,2,5
1943,6,5,11
1943,6,13,19
1943,2,1,3
1943,7,2,9
1943,3,2,5
1943,3,2,5
1943,13,1,14
1943,6,4,10
1943,8,1,9
1943,7,4,11
1943,2,1,3
1943,4,10,14
1943,9,6,15
1943,8,2,10
1943,8,2,10
1943,4,3,7
1943,5,18,23
1943,6,4,10
1943,3,2,5
1943,9,8,17
1943,5,0,5
1943,2,1,3
1943,4,1,5
1943,3,2,5
1943,7,5,12
1943,3,2,5
1943,6,5,11
1943,5,1,6
1943,2,1,3
1943,6,3,9
1943,4,3,7
1943,3,2,5
1943,4,3,7
1943,5,11,16
1943,4,3,7
1943,2,1,3
1943,6,10,16
1943,5,12,17
1943,5,0,5
1943,18,1,19
1943,7,0,7
1943,1,1,2
1943,5,1,6
1943,8,4,12
1943,4,1,5
1943,3,2,5
1943,6,0,6
1943,3,1,4
1943,4,3,7
1943,2,0,2
1943,4,3,7
1943,2,1,3
1943,5,11,16
1943,8,2,10
1943,5,0,5
1943,7,4,11
1943,2,1,3
1943,1,0,1
1943,2,1,3
1943,6,5,11
1943,7,6,13
1943,5,3,8
1943,3,2,5
1943,4,3,7
1943,5,14,19
1943,1,0,1
1943,5,16,21
1943,7,0,7
1943,4,3,7
1943,3,2,5
1943,6,10,16
1943,4,1,5
1943,3,1,4
1943,2,1,3
1943,6,4,10
1943,3,2,5
1943,6,2,8
1943,4,3,7
1943,5,3,8
1943,3,2,5
1943,3,10,13
1943,4,4,8
1943,4,3,7
1943,5,3,8
1943,4,1,5
1943,7,4,11
1943,4,2,6
1943,5,2,7
1943,6,5,11
1943,6,4,10
1943,2,1,3
1943,4,2,6
1943,3,1,4
1943,9,5,14
1943,3,2,5
1943,5,2,7
1943,9,0,9
1943,3,2,5
1943,2,0,2
1943,5,2,7
1943,4,1,5
1943,8,3,11
1943,5,4,9
1943,8,7,15
1943,4,3,7
1943,3,2,5
1943,6,5,11
1943,8,5,13
1943,2,0,2
1943,7,2,9
1943,3,2,5
1943,6,1,7
1943,9,8,17
1943,8,10,18
1943,8,6,14
1943,5,3,8
1943,7,4,11
1943,3,1,4
1943,4,2,6
1943,1,0,1
1943,6,1,7
1943,7,5,12
1943,5,3,8
1943,5,4,9
1943,8,10,18
1943,4,3,7
1943,2,1,3
1943,6,3,9
1943,4,3,7
1943,4,2,6
1943,8,7,15
1943,7,13,20
1943,7,0,7
1943,6,10,16
1943,7,2,9
1943,6,3,9
1943,5,4,9
1943,5,3,8
1943,7,6,13
1943,7,3,10
1943,6,5,11
1943,5,4,9
1943,4,2,6
1943,9,10,19
1943,2,1,3
1943,7,1,8
1943,6,2,8
1943,7,4,11
1943,7,6,13
1943,1,0,1
1943,3,2,5
1943,7,1,8
1943,5,3,8
1943,7,2,9
1943,6,0,6
1943,1,0,1
1943,4,3,7
1943,4,1,5
1943,7,5,12
1943,8,3,11
1943,3,1,4
1943,9,6,15
1943,8,0,8
1943,4,0,4
1943,1,0,1
1943,4,3,7
1943,3,1,4
1943,5,12,17
1943,2,1,3
1943,5,1,6
1943,7,4,11
1943,8,3,11
1943,8,7,15
1943,9,2,11
1943,2,2,4
1943,6,0,6
1943,6,2,8
1943,5,3,8
1943,8,2,10
1943,6,3,9
1943,5,2,7
1943,4,1,5
1943,5,2,7
1943,9,0,9
1943,3,2,5
1943,3,1,4
1943,3,2,5
1943,6,3,9
1943,4,1,5
1943,3,2,5
1943,4,3,7
1943,3,2,5
1943,4,3,7
1943,6,3,9
1943,5,1,6
1943,2,1,3
1943,2,0,2
1943,10,1,11
1943,6,0,6
1943,9,4,13
1943,6,0,6
1943,6,3,9
1943,9,5,14
1943,9,0,9
1943,5,4,9
1943,7,1,8
1943,5,0,5
1943,5,11,16
1943,6,2,8
1943,5,4,9
1943,7,1,8
1943,3,1,4
1943,3,3,6
1943,4,3,7
1943,5,0,5
1943,3,3,6
1943,3,1,4
1943,9,10,19
1943,6,5,11
1943,2,0,2
1943,3,2,5
1943,3,2,5
1943,6,1,7
1943,2,1,3
1943,2,1,3
1943,8,0,8
1943,7,1,8
1943,3,2,5
1943,12,0,12
1943,8,2,10
1943,5,3,8
1943,2,1,3
1943,8,7,15
1943,5,3,8
1943,10,1,11
1943,6,4,10
1943,4,12,16
1943,6,5,11
1943,9,10,19
1943,7,3,10
1943,2,1,3
1943,6,1,7
1943,6,4,10
1943,2,0,2
1943,7,2,9
1943,3,1,4
1943,13,0,13
1943,5,2,7
1943,5,1,6
1943,1,0,1
1943,6,0,6
1943,6,5,11
1943,6,2,8
1943,2,1,3
1943,5,2,7
1943,4,2,6
1943,3,10,13
1943,6,3,9
1943,8,2,10
1943,4,2,6
1943,6,1,7
1943,2,1,3
1943,7,0,7
1943,3,10,13
1943,6,4,10
1943,8,4,12
1943,9,0,9
1943,2,15,17
1943,4,3,7
1943,3,2,5
1943,8,5,13
1943,9,4,13
1943,1,0,1
1943,2,0,2
1943,4,3,7
1943,4,0,4
1943,5,4,9
1943,5,1,6
1943,4,2,6
1943,3,2,5
1943,9,1,10
1943,2,0,2
1943,8,2,10
1943,1,0,1
1943,5,2,7
1943,3,1,4
1943,7,5,12
1943,1,0,1
1943,5,2,7
1943,8,7,15
1943,7,0,7
1943,1,0,1
1943,4,0,4
1943,5,3,8
1943,4,11,15
1943,5,4,9
1943,6,23,29
1943,6,0,6
1943,9,2,11
1943,8,3,11
1943,4,0,4
1943,6,1,7
1943,4,10,14
1943,9,2,11
1943,6,2,8
1943,6,3,9
1943,3,2,5
1943,5,4,9
1943,3,0,3
1943,9,6,15
1943,9,0,9
1943,8,6,14
1943,5,1,6
1943,6,4,10
1943,4,3,7
1943,9,0,9
1943,4,3,7
1943,4,3,7
1943,7,4,11
1943,2,14,16
1943,8,7,15
1943,4,2,6
1943,7,4,11
1943,8,0,8
1943,9,1,10
1943,4,3,7
1943,2,1,3
1943,4,3,7
1943,3,2,5
1943,6,5,11
1943,9,5,14
1943,4,3,7
1943,4,1,5
1943,7,5,12
1943,5,2,7
1943,3,0,3
1943,6,5,11
1943,5,4,9
1943,2,1,3
1943,8,7,15
1943,7,3,10
1943,3,2,5
1943,3,1,4
1943,3,0,3
1943,8,5,13
1943,7,6,13
1943,4,12,16
1943,4,1,5
1943,3,1,4
1943,7,0,7
1943,7,2,9
1943,4,3,7
1943,6,10,16
1943,3,2,5
1943,7,4,11
1943,6,5,11
1943,4,3,7
1943,7,10,17
1943,9,2,11
1943,5,4,9
1943,1,0,1
1943,3,2,5
1943,8,6,14
1943,4,1,5
1943,11,1,12
1943,9,7,16
1943,1,0,1
1943,7,0,7
1943,2,10,12
1943,3,1,4
1943,6,14,20
1943,6,5,11
1943,8,6,14
1943,3,2,5
1943,5,0,5
1943,9,5,14
1943,2,1,3
1943,3,0,3
1943,9,6,15
1943,6,2,8
1943,7,5,12
1943,1,0,1
1943,8,7,15
1943,5,1,6
1943,5,0,5
1943,2,0,2
1943,1,0,1
1943,1,0,1
1943,3,2,5
1943,1,0,1
1943,6,12,18
1943,5,3,8
1943,7,1,8
1943,5,3,8
1943,5,1,6
1943,5,3,8
1943,8,4,12
1943,6,1,7
1943,3,0,3
1943,2,0,2
1943,7,0,7
1943,6,4,10
1943,2,0,2
1943,2,0,2
1943,7,3,10
1943,3,1,4
1943,2,1,3
1943,6,3,9
1943,5,0,5
1943,3,1,4
1943,7,1,8
1943,7,1,8
1943,5,1,6
1943,7,3,10
1943,8,2,10
1943,7,2,9
1943,7,1,8
1943,4,3,7
1943,8,2,10
1943,5,2,7
1943,2,1,3
1943,6,10,16
1943,6,3,9
1943,7,3,10
1943,6,2,8
1943,4,3,7
1943,8,4,12
1943,8,5,13
1943,6,2,8
1943,5,2,7
1943,6,5,11
1943,4,1,5
1943,6,4,10
1943,8,7,15
1943,4,2,6
1943,6,2,8
1943,5,1,6
1943,8,3,11
1943,6,4,10
1943,7,12,19
1943,4,3,7
1943,11,1,12
1943,5,13,18
1943,5,4,9
1943,4,2,6
1943,5,2,7
1943,3,12,15
1943,2,0,2
1943,3,0,3
1943,5,4,9
1943,3,2,5
1943,7,13,20
1943,3,2,5
1943,4,1,5
1943,5,4,9
1943,3,1,4
1943,4,2,6
1943,7,6,13
1943,7,1,8
1943,4,3,7
1943,6,5,11
1943,2,1,3
1943,7,14,21
1943,8,6,14
1943,4,1,5
1943,4,1,5
1943,5,3,8
1943,5,3,8
1943,3,2,5
1943,5,4,9
1943,2,1,3
1943,5,1,6
1943,9,15,24
1943,6,3,9
1943,7,1,8
1943,7,1,8
1943,5,4,9
1943,5,3,8
1943,6,20,26
1943,5,3,8
1943,5,4,9
1943,4,3,7
1943,9,11,20
1943,5,3,8
1943,4,0,4
1943,4,12,16
1943,6,1,7
1943,7,4,11
1943,7,4,11
1943,3,0,3
1943,6,2,8
1943,4,1,5
1943,4,2,6
1943,4,3,7
1943,9,7,16
1943,1,0,1
1943,6,0,6
1943,7,4,11
1943,4,0,4
1943,8,3,11
1943,7,5,12
1943,7,4,11
1943,4,1,5
1943,2,0,2
1943,7,4,11
1943,9,6,15
1943,3,1,4
1943,4,1,5
1943,4,3,7
1943,4,3,7
1943,5,4,9
1943,4,3,7
1943,7,10,17
1943,6,5,11
1943,5,2,7
1943,8,2,10
1943,3,0,3
1943,5,1,6
1943,8,2,10
1943,7,1,8
1943,8,4,12
1943,8,6,14
1943,5,2,7
1943,4,2,6
1943,2,10,12
1943,5,2,7
1943,3,0,3
1943,6,2,8
1943,10,0,10
1943,5,10,15
1943,2,1,3
1943,3,2,5
1943,3,2,5
1943,2,1,3
1943,2,0,2
1943,9,1,10
1943,3,0,3
1943,3,2,5
1943,6,10,16
1943,7,6,13
1943,4,3,7
1943,3,10,13
1943,4,1,5
1943,4,3,7
1943,6,2,8
1943,5,4,9
1943,3,2,5
1943,6,4,10
1943,3,11,14
1943,4,0,4
1943,9,2,11
1943,4,3,7
1943,3,2,5
1943,2,0,2
1943,9,12,21
1943,7,4,11
1943,11,1,12
1943,8,0,8
1943,8,2,10
1943,2,1,3
1943,2,1,3
1943,3,11,14
1943,4,3,7
1943,5,1,6
1943,11,1,12
1943,7,2,9
1943,4,3,7
1943,6,2,8
1943,4,0,4
1943,5,4,9
1943,3,2,5
1943,5,4,9
1943,6,5,11
1943,5,2,7
1943,3,0,3
1943,3,2,5
1943,4,0,4
1943,7,3,10
1943,5,1,6
1943,7,0,7
1943,6,3,9
1943,5,2,7
1943,4,3,7
1943,9,0,9
1943,7,3,10
1943,8,0,8
1943,4,3,7
1943,4,2,6
1943,4,3,7
1943,4,10,14
1943,7,5,12
1943,4,1,5
1943,7,5,12
1943,6,15,21
1943,4,3,7
1943,5,0,5
1943,3,2,5
1943,4,2,6
1943,9,8,17
1943,7,5,12
1943,1,0,1
1943,7,6,13
1943,3,2,5
1943,6,0,6
1943,6,3,9
1943,4,0,4
1943,9,2,11
1943,7,5,12
1943,4,3,7
1943,2,1,3
1943,4,3,7
1943,10,0,10
1943,8,1,9
1943,6,5,11
1943,3,0,3
1943,6,3,9
1943,3,2,5
1943,5,10,15
1943,5,10,15
1943,1,0,1
1943,3,2,5
1943,7,4,11
1943,5,1,6
1943,13,1,14
1943,3,2,5
1943,5,4,9
1943,8,3,11
1943,7,6,13
1943,4,3,7
1943,3,2,5
1943,5,3,8
1943,4,1,5
1943,6,1,7
1943,8,6,14
1943,6,1,7
1943,5,1,6
1943,5,2,7
1943,3,2,5
1943,6,0,6
1943,7,6,13
1943,12,0,12
1943,8,3,11
1943,6,2,8
1943,4,3,7
1943,4,3,7
1943,6,20,26
1943,8,5,13
1943,4,2,6
1943,5,14,19
1943,7,6,13
1943,7,0,7
1943,9,7,16
1943,4,1,5
1943,5,10,15
1943,2,1,3
1943,9,6,15
1943,1,0,1
1943,6,5,11
1943,8,1,9
1943,5,2,7
1943,7,0,7
1943,2,1,3
1943,3,1,4
1943,8,7,15
1943,6,1,7
1943,4,2,6
1943,4,10,14
1943,6,4,10
1943,2,0,2
1943,4,0,4
1943,8,3,11
1943,4,1,5
1943,7,5,12
1943,5,1,6
1943,7,4,11
1943,4,1,5
1943,3,2,5
1943,9,7,16
1943,4,3,7
1943,6,2,8
1943,3,2,5
1943,3,2,5
1943,3,1,4
1943,12,0,12
1943,7,6,13
1943,4,3,7
1943,2,1,3
1943,7,14,21
1943,5,4,9
1943,5,10,15
1943,1,0,1
1943,4,1,5
1943,1,0,1
1943,2,1,3
1943,6,1,7
1943,5,3,8
1943,3,2,5
1943,6,4,10
1943,5,1,6
1943,3,1,4
1943,8,0,8
1943,2,11,13
1943,3,1,4
1943,5,15,20
1943,4,2,6
1943,5,4,9
1943,2,1,3
1943,3,1,4
1943,4,3,7
1943,8,3,11
1943,6,0,6
1943,3,2,5
1943,4,2,6
1943,4,2,6
1943,9,12,21
1943,8,6,14
1943,4,3,7
1943,3,1,4
1943,2,1,3
1943,5,4,9
1943,8,5,13
1943,3,2,5
1943,5,4,9
1943,4,1,5
1943,5,1,6
1943,8,5,13
1943,4,0,4
1943,5,4,9
1943,2,1,3
1943,4,3,7
1943,7,4,11
1943,5,12,17
1943,2,1,3
1943,2,1,3
1943,7,5,12
1943,5,1,6
1943,5,4,9
1943,2,1,3
1943,4,3,7
1943,3,2,5
1943,3,2,5
1943,5,1,6
1943,2,1,3
1943,5,1,6
1943,1,0,1
1943,4,0,4
1943,5,1,6
1943,4,1,5
1943,7,3,10
1943,3,2,5
1943,10,1,11
1943,3,1,4
1943,3,2,5
1943,2,0,2
1943,6,3,9
1943,3,1,4
1943,2,11,13
1943,4,11,15
1943,3,2,5
1943,6,2,8
1943,5,0,5
1943,6,5,11
1943,3,0,3
1943,3,2,5
1943,5,1,6
1943,3,11,14
1943,7,6,13
1943,8,3,11
1943,3,10,13
1943,9,3,12
1943,2,1,3
1943,9,6,15
1943,1,0,1
1943,4,2,6
1943,1,0,1
1943,2,10,12
1943,5,0,5
1943,6,2,8
1943,4,0,4
1943,7,2,9
1943,3,1,4
1943,11,1,12
1943,7,2,9
1943,4,3,7
1943,9,1,10
1943,4,1,5
1943,1,0,1
1943,9,6,15
1943,8,4,12
1943,1,0,1
1943,7,0,7
1943,2,1,3
1943,3,0,3
1943,7,2,9
1943,4,3,7
1943,9,5,14
1943,2,0,2
1943,6,2,8
1943,3,10,13
1943,3,0,3
1943,7,1,8
1943,7,5,12
1943,6,5,11
1943,4,4,8
1943,3,0,3
1943,7,1,8
1943,3,2,5
1943,8,2,10
1943,7,3,10
1943,1,0,1
1943,6,3,9
1943,4,2,6
1943,5,0,5
1943,9,2,11
1943,8,0,8
1943,5,1,6
1943,7,5,12
1943,2,1,3
1943,2,1,3
1943,6,4,10
1943,1,0,1
1943,2,1,3
1943,6,3,9
1943,2,0,2
1943,2,1,3
1943,3,2,5
1943,4,2,6
1943,6,4,10
1943,5,4,9
1943,2,1,3
1943,5,0,5
1943,3,2,5
1943,6,5,11
1943,7,4,11
1943,6,1,7
1943,1,0,1
1943,6,2,8
1943,3,1,4
1943,7,4,11
1943,14,0,14
1943,6,1,7
1943,3,10,13
1943,2,1,3
1943,6,0,6
1943,9,10,19
1943,3,2,5
1943,5,1,6
1943,5,1,6
1943,3,0,3
1943,4,2,6
1943,4,10,14
1943,4,2,6
1943,6,0,6
1943,2,1,3
1943,5,3,8
1943,4,3,7
1943,4,0,4
1943,9,1,10
1943,7,13,20
1943,6,4,10
1943,8,7,15
1943,3,2,5
1943,1,0,1
1943,5,2,7
1943,2,1,3
1943,4,3,7
1943,3,12,15
1943,1,0,1
1943,7,4,11
1943,5,4,9
1943,2,1,3
1943,3,3,6
1943,5,1,6
1943,6,3,9
1943,5,3,8
1943,3,0,3
1943,4,1,5
1943,2,1,3
1943,4,2,6
1943,5,2,7
1943,7,2,9
1943,5,4,9
1943,3,2,5
1943,6,2,8
1943,5,1,6
1943,5,3,8
1943,2,0,2
1943,1,0,1
1943,3,2,5
1943,6,5,11
1943,3,1,4
1943,1,0,1
1943,5,0,5
1943,4,3,7
1943,4,1,5
1943,3,2,5
1943,3,15,18
1943,5,2,7
1943,6,3,9
1943,9,10,19
1943,3,2,5
1943,5,2,7
1943,9,4,13
1943,7,6,13
1943,6,3,9
1943,2,1,3
1943,2,1,3
1943,6,1,7
1943,3,2,5
1943,2,1,3
1943,4,3,7
1943,2,0,2
1943,3,11,14
1943,8,3,11
1943,5,2,7
1943,4,2,6
1943,6,5,11
1943,7,1,8
1943,4,3,7
1943,3,3,6
1943,3,3,6
1943,3,0,3
1943,3,0,3
1943,4,0,4
1943,8,2,10
1943,9,1,10
1943,7,14,21
1943,3,2,5
1943,6,2,8
1943,7,4,11
1943,5,4,9
1943,3,2,5
1943,8,3,11
1943,6,0,6
1943,1,0,1
1943,3,1,4
1943,2,1,3
1943,7,1,8
1943,2,0,2
1943,3,1,4
1943,5,1,6
1943,7,6,13
1943,8,3,11
1943,6,2,8
1943,6,3,9
1943,5,12,17
1943,4,2,6
1943,3,1,4
1943,7,0,7
1943,5,2,7
1943,6,1,7
1943,5,2,7
1943,8,4,12
1943,3,1,4
1943,3,11,14
1943,5,4,9
1943,4,1,5
1943,4,2,6
1943,4,3,7
1943,6,2,8
1943,2,1,3
1943,2,0,2
1944,3,0,3
1944,3,0,3
1944,2,1,3
1944,2,1,3
1944,4,1,5
1944,2,0,2
1944,3,2,5
1944,6,1,7
1944,5,2,7
1944,3,1,4
1944,2,1,3
1944,3,1,4
1944,2,1,3
1944,5,4,9
1944,2,1,3
1944,8,5,13
1944,8,10,18
1944,8,2,10
1944,5,3,8
1944,5,0,5
1944,3,2,5
1944,4,0,4
1944,7,4,11
1944,4,2,6
1944,5,3,8
1944,2,1,3
1944,3,2,5
1944,6,3,9
1944,4,0,4
1944,5,0,5
1944,3,0,3
1944,3,11,14
1944,5,4,9
1944,6,2,8
1944,4,3,7
1944,5,2,7
1944,4,3,7
1944,3,11,14
1944,3,10,13
1944,8,4,12
1944,4,3,7
1944,5,4,9
1944,1,0,1
1944,6,2,8
1944,6,1,7
1944,5,2,7
1944,2,1,3
1944,2,0,2
1944,2,0,2
1944,3,2,5
1944,5,1,6
1944,7,5,12
1944,3,1,4
1944,2,0,2
1944,2,1,3
1944,6,4,10
1944,2,1,3
1944,7,0,7
1944,4,3,7
1944,7,3,10
1944,7,6,13
1944,5,0,5
1944,6,3,9
1944,4,2,6
1944,9,3,12
1944,3,2,5
1944,3,1,4
1944,6,5,11
1944,5,4,9
1944,7,1,8
1944,4,1,5
1944,2,1,3
1944,4,2,6
1944,8,26,34
1944,5,4,9
1944,2,1,3
1944,2,2,4
1944,5,0,5
1944,7,5,12
1944,2,1,3
1944,3,2,5
1944,4,11,15
1944,9,3,12
1944,5,2,7
1944,7,6,13
1944,3,2,5
1944,5,2,7
1944,4,1,5
1944,3,1,4
1944,4,3,7
1944,11,10,21
1944,4,3,7
1944,4,10,14
1944,9,4,13
1944,7,1,8
1944,3,1,4
1944,5,1,6
1944,7,4,11
1944,8,4,12
1944,2,1,3
1944,6,3,9
1944,2,0,2
1944,3,1,4
1944,3,2,5
1944,7,11,18
1944,8,11,19
1944,10,1,11
1944,4,1,5
1944,3,2,5
1944,4,2,6
1944,4,3,7
1944,5,0,5
1944,2,0,2
1944,5,4,9
1944,2,0,2
1944,6,5,11
1944,3,2,5
1944,7,4,11
1944,3,2,5
1944,4,1,5
1944,4,2,6
1944,2,1,3
1944,7,3,10
1944,5,1,6
1944,1,0,1
1944,5,4,9
1944,7,1,8
1944,3,2,5
1944,4,2,6
1944,9,0,9
1944,4,2,6
1944,4,2,6
1944,5,1,6
1944,7,6,13
1944,5,3,8
1944,4,3,7
1944,5,2,7
1944,4,2,6
1944,7,2,9
1944,2,1,3
1944,4,2,6
1944,3,10,13
1944,9,3,12
1944,5,3,8
1944,4,10,14
1944,4,2,6
1944,3,10,13
1944,7,2,9
1944,6,4,10
1944,4,2,6
1944,6,2,8
1944,7,4,11
1944,5,1,6
1944,8,3,11
1944,2,16,18
1944,8,4,12
1944,2,12,14
1944,6,1,7
1944,9,0,9
1944,4,2,6
1944,8,7,15
1944,4,0,4
1944,6,0,6
1944,4,3,7
1944,8,4,12
1944,4,3,7
1944,2,0,2
1944,1,0,1
1944,8,2,10
1944,6,3,9
1944,1,0,1
1944,4,0,4
1944,6,4,10
1944,3,14,17
1944,1,0,1
1944,2,10,12
1944,6,2,8
1944,8,7,15
1944,6,11,17
1944,4,3,7
1944,7,3,10
1944,7,6,13
1944,1,0,1
1944,4,10,14
1944,4,3,7
1944,6,5,11
1944,3,2,5
1944,5,1,6
1944,8,12,20
1944,6,10,16
1944,6,5,11
1944,4,0,4
1944,2,1,3
1944,8,5,13
1944,5,1,6
1944,4,2,6
1944,12,1,13
1944,2,0,2
1944,8,4,12
1944,1,0,1
1944,4,3,7
1944,2,0,2
1944,4,2,6
1944,3,2,5
1944,3,2,5
1944,7,5,12
1944,6,5,11
1944,9,1,10
1944,5,2,7
1944,4,3,7
1944,4,1,5
1944,8,1,9
1944,3,2,5
1944,6,1,7
1944,3,2,5
1944,5,0,5
1944,4,3,7
1944,10,0,10
1944,6,2,8
1944,4,3,7
1944,9,2,11
1944,15,1,16
1944,5,14,19
1944,5,3,8
1944,6,5,11
1944,4,3,7
1944,8,1,9
1944,5,4,9
1944,3,2,5
1944,4,3,7
1944,9,4,13
1944,3,10,13
1944,7,5,12
1944,2,1,3
1944,7,1,8
1944,3,2,5
1944,8,1,9
1944,5,4,9
1944,8,4,12
1944,2,0,2
1944,7,3,10
1944,1,0,1
1944,4,2,6
1944,2,0,2
1944,3,2,5
1944,5,3,8
1944,7,5,12
1944,4,0,4
1944,5,3,8
1944,3,2,5
1944,4,3,7
1944,9,1,10
1944,4,2,6
1944,2,0,2
1944,3,2,5
1944,4,3,7
1944,5,4,9
1944,2,1,3
1944,6,4,10
1944,4,2,6
1944,8,7,15
1944,3,2,5
1944,7,3,10
1944,7,4,11
1944,6,4,10
1944,4,2,6
1944,4,3,7
1944,5,3,8
1944,4,2,6
1944,2,15,17
1944,8,0,8
1944,3,1,4
1944,4,0,4
1944,8,2,10
1944,6,3,9
1944,6,2,8
1944,4,13,17
1944,3,1,4
1944,9,4,13
1944,2,1,3
1944,6,4,10
1944,3,2,5
1944,3,11,14
1944,9,3,12
1944,4,3,7
1944,1,0,1
1944,3,13,16
1944,5,1,6
1944,2,1,3
1944,9,3,12
1944,4,3,7
1944,2,1,3
1944,4,1,5
1944,6,5,11
1944,5,4,9
1944,4,3,7
1944,7,4,11
1944,6,4,10
1944,4,2,6
1944,8,4,12
1944,5,1,6
1944,7,4,11
1944,6,2,8
1944,8,5,13
1944,5,4,9
1944,4,3,7
1944,2,1,3
1944,4,2,6
1944,7,6,13
1944,4,3,7
1944,5,3,8
1944,8,7,15
1944,5,11,16
1944,2,1,3
1944,4,0,4
1944,5,2,7
1944,5,1,6
1944,4,1,5
1944,6,4,10
1944,9,3,12
1944,3,0,3
1944,4,0,4
1944,5,4,9
1944,5,3,8
1944,5,4,9
1944,11,1,12
1944,7,6,13
1944,5,3,8
1944,8,18,26
1944,6,5,11
1944,8,8,16
1944,1,0,1
1944,7,3,10
1944,6,5,11
1944,9,1,10
1944,6,4,10
1944,4,3,7
1944,2,1,3
1944,5,1,6
1944,9,4,13
1944,7,4,11
1944,4,2,6
1944,1,0,1
1944,4,3,7
1944,4,3,7
1944,8,1,9
1944,6,5,11
1944,3,1,4
1944,6,2,8
1944,4,2,6
1944,8,7,15
1944,6,3,9
1944,8,1,9
1944,2,1,3
1944,6,4,10
1944,7,5,12
1944,6,10,16
1944,4,3,7
1944,3,2,5
1944,2,1,3
1944,3,3,6
1944,4,2,6
1944,18,0,18
1944,9,4,13
1944,2,1,3
1944,4,1,5
1944,5,4,9
1944,8,5,13
1944,4,2,6
1944,1,0,1
1944,3,1,4
1944,4,1,5
1944,6,5,11
1944,6,5,11
1944,6,1,7
1944,6,5,11
1944,5,0,5
1944,1,0,1
1944,13,1,14
1944,4,2,6
1944,6,5,11
1944,9,15,24
1944,4,3,7
1944,7,2,9
1944,5,3,8
1944,3,2,5
1944,9,4,13
1944,2,1,3
1944,8,7,15
1944,8,3,11
1944,3,0,3
1944,6,4,10
1944,5,0,5
1944,3,10,13
1944,3,2,5
1944,3,0,3
1944,3,11,14
1944,9,10,19
1944,6,2,8
1944,5,1,6
1944,1,0,1
1944,3,2,5
1944,9,2,11
1944,5,4,9
1944,3,2,5
1944,5,10,15
1944,3,1,4
1944,14,1,15
1944,6,1,7
1944,5,4,9
1944,4,0,4
1944,5,1,6
1944,6,5,11
1944,2,1,3
1944,5,0,5
1944,2,1,3
1944,5,3,8
1944,4,3,7
1944,2,1,3
1944,4,11,15
1944,9,2,11
1944,7,1,8
1944,5,2,7
1944,6,6,12
1944,3,2,5
1944,7,6,13
1944,7,3,10
1944,7,5,12
1944,4,0,4
1944,8,6,14
1944,7,3,10
1944,6,2,8
1944,2,12,14
1944,3,1,4
1944,9,6,15
1944,1,0,1
1944,2,10,12
1944,7,6,13
1944,2,1,3
1944,3,1,4
1944,3,1,4
1944,5,4,9
1944,2,0,2
1944,3,0,3
1944,4,3,7
1944,5,0,5
1944,2,11,13
1944,6,4,10
1944,7,2,9
1944,9,7,16
1944,4,3,7
1944,6,4,10
1944,5,2,7
1944,2,1,3
1944,2,11,13
1944,3,10,13
1944,1,0,1
1944,7,0,7
1944,4,3,7
1944,4,0,4
1944,5,4,9
1944,3,2,5
1944,9,4,13
1944,7,4,11
1944,3,10,13
1944,7,1,8
1944,2,0,2
1944,5,1,6
1944,3,1,4
1944,5,1,6
1944,5,5,10
1944,5,0,5
1944,8,3,11
1944,2,1,3
1944,1,0,1
1944,7,2,9
1944,16,0,16
1944,7,1,8
1944,5,4,9
1944,4,0,4
1944,4,1,5
1944,2,1,3
1944,11,0,11
1944,4,3,7
1944,4,3,7
1944,5,0,5
1944,5,1,6
1944,4,1,5
1944,4,3,7
1944,5,2,7
1944,2,1,3
1944,5,5,10
1944,5,4,9
1944,5,2,7
1944,4,3,7
1944,6,12,18
1944,6,2,8
1944,4,3,7
1944,3,2,5
1944,7,2,9
1944,7,3,10
1944,9,2,11
1944,4,0,4
1944,4,1,5
1944,5,4,9
1944,1,0,1
1944,6,0,6
1944,1,1,2
1944,1,0,1
1944,4,0,4
1944,11,0,11
1944,2,0,2
1944,3,2,5
1944,3,0,3
1944,5,4,9
1944,7,5,12
1944,9,8,17
1944,8,4,12
1944,4,2,6
1944,9,1,10
1944,4,2,6
1944,5,0,5
1944,3,2,5
1944,9,4,13
1944,5,1,6
1944,8,3,11
1944,4,2,6
1944,1,0,1
1944,4,3,7
1944,8,1,9
1944,4,2,6
1944,4,1,5
1944,7,0,7
1944,7,3,10
1944,7,6,13
1944,8,0,8
1944,2,0,2
1944,4,1,5
1944,7,6,13
1944,2,1,3
1944,4,2,6
1944,4,3,7
1944,6,3,9
1944,4,3,7
1944,7,4,11
1944,7,1,8
1944,4,2,6
1944,6,2,8
1944,2,1,3
1944,3,1,4
1944,7,2,9
1944,4,0,4
1944,8,3,11
1944,3,2,5
1944,4,0,4
1944,6,2,8
1944,9,1,10
1944,2,0,2
1944,3,2,5
1944,8,1,9
1944,7,2,9
1944,4,1,5
1944,6,2,8
1944,4,2,6
1944,2,12,14
1944,4,1,5
1944,3,1,4
1944,3,13,16
1944,6,11,17
1944,4,10,14
1944,4,0,4
1944,5,0,5
1944,6,5,11
1944,10,1,11
1944,5,0,5
1944,8,5,13
1944,3,2,5
1944,6,2,8
1944,3,2,5
1944,3,1,4
1944,4,3,7
1944,2,13,15
1944,5,10,15
1944,7,0,7
1944,7,11,18
1944,6,3,9
1944,3,2,5
1944,6,2,8
1944,3,1,4
1944,8,5,13
1944,4,0,4
1944,5,4,9
1944,8,2,10
1944,4,2,6
1944,6,2,8
1944,1,0,1
1944,9,5,14
1944,7,5,12
1944,4,3,7
1944,8,2,10
1944,4,3,7
1944,8,2,10
1944,10,1,11
1944,9,7,16
1944,1,0,1
1944,9,0,9
1944,10,0,10
1944,4,0,4
1944,3,2,5
1944,6,5,11
1944,4,1,5
1944,9,1,10
1944,4,2,6
1944,8,4,12
1944,3,2,5
1944,5,11,16
1944,3,2,5
1944,2,0,2
1944,4,3,7
1944,2,1,3
1944,3,0,3
1944,4,3,7
1944,4,3,7
1944,6,3,9
1944,4,3,7
1944,2,13,15
1944,5,4,9
1944,8,2,10
1944,9,7,16
1944,3,1,4
1944,6,1,7
1944,12,1,13
1944,5,2,7
1944,8,4,12
1944,8,5,13
1944,1,0,1
1944,1,0,1
1944,8,7,15
1944,2,1,3
1944,7,2,9
1944,7,3,10
1944,7,1,8
1944,6,2,8
1944,8,3,11
1944,4,2,6
1944,3,2,5
1944,8,4,12
1944,4,3,7
1944,5,0,5
1944,4,2,6
1944,4,3,7
1944,6,5,11
1944,5,2,7
1944,8,0,8
1944,5,10,15
1944,6,1,7
1944,5,4,9
1944,7,1,8
1944,2,1,3
1944,4,2,6
1944,6,5,11
1944,6,0,6
1944,5,4,9
1944,5,4,9
1944,7,11,18
1944,2,1,3
1944,7,6,13
1944,2,10,12
1944,6,2,8
1944,4,1,5
1944,3,2,5
1944,7,3,10
1944,3,2,5
1944,4,2,6
1944,5,3,8
1944,4,1,5
1944,6,5,11
1944,5,0,5
1944,5,3,8
1944,8,2,10
1944,11,0,11
1944,6,5,11
1944,9,3,12
1944,4,1,5
1944,9,6,15
1944,4,3,7
1944,6,3,9
1944,4,3,7
1944,8,4,12
1944,7,5,12
1944,9,4,13
1944,3,2,5
1944,5,2,7
1944,7,6,13
1944,6,10,16
1944,4,3,7
1944,9,5,14
1944,3,13,16
1944,3,2,5
1944,7,4,11
1944,12,10,22
1944,7,6,13
1944,2,1,3
1944,12,1,13
1944,9,3,12
1944,7,12,19
1944,7,1,8
1944,5,11,16
1944,10,1,11
1944,1,0,1
1944,5,3,8
1944,6,5,11
1944,6,14,20
1944,6,2,8
1944,9,6,15
1944,10,0,10
1944,7,3,10
1944,15,0,15
1944,9,0,9
1944,9,1,10
1944,4,1,5
1944,9,2,11
1944,8,5,13
1944,4,3,7
1944,6,3,9
1944,1,1,2
1944,6,5,11
1944,8,6,14
1944,4,2,6
1944,4,2,6
1944,4,0,4
1944,8,1,9
1944,6,1,7
1944,8,7,15
1944,5,0,5
1944,7,5,12
1944,4,1,5
1944,8,2,10
1944,7,13,20
1944,5,15,20
1944,4,0,4
1944,8,5,13
1944,2,14,16
1944,7,12,19
1944,3,0,3
1944,6,4,10
1944,3,2,5
1944,5,4,9
1944,5,3,8
1944,4,2,6
1944,4,10,14
1944,9,7,16
1944,6,4,10
1944,2,0,2
1944,6,4,10
1944,3,0,3
1944,5,3,8
1944,3,2,5
1944,2,10,12
1944,7,13,20
1944,8,0,8
1944,9,3,12
1944,4,2,6
1944,2,11,13
1944,2,1,3
1944,7,3,10
1944,6,1,7
1944,9,2,11
1944,3,2,5
1944,1,0,1
1944,9,7,16
1944,5,1,6
1944,3,2,5
1944,3,14,17
1944,8,13,21
1944,2,1,3
1944,8,4,12
1944,8,4,12
1944,5,4,9
1944,6,11,17
1944,9,3,12
1944,7,3,10
1944,8,4,12
1944,6,2,8
1944,7,1,8
1944,3,2,5
1944,5,1,6
1944,2,15,17
1944,7,5,12
1944,4,0,4
1944,9,4,13
1944,5,3,8
1944,5,3,8
1944,4,3,7
1944,1,0,1
1944,4,3,7
1944,6,2,8
1944,8,7,15
1944,5,3,8
1944,6,5,11
1944,2,1,3
1944,2,0,2
1944,7,2,9
1944,9,6,15
1944,3,2,5
1944,5,4,9
1944,4,14,18
1944,8,7,15
1944,3,10,13
1944,3,1,4
1944,5,4,9
1944,6,2,8
1944,3,1,4
1944,6,1,7
1944,1,0,1
1944,5,13,18
1944,5,4,9
1944,9,6,15
1944,6,4,10
1944,8,4,12
1944,9,1,10
1944,5,2,7
1944,9,6,15
1944,3,2,5
1944,4,3,7
1944,4,3,7
1944,4,2,6
1944,4,2,6
1944,2,1,3
1944,6,4,10
1944,2,0,2
1944,3,0,3
1944,5,4,9
1944,4,10,14
1944,2,0,2
1944,3,2,5
1944,9,7,16
1944,7,6,13
1944,6,12,18
1944,6,1,7
1944,6,3,9
1944,8,12,20
1944,9,4,13
1944,4,11,15
1944,5,4,9
1944,2,0,2
1944,5,4,9
1944,8,3,11
1944,4,3,7
1944,8,0,8
1944,3,0,3
1944,5,12,17
1944,7,6,13
1944,6,1,7
1944,3,2,5
1944,7,6,13
1944,4,3,7
1944,9,2,11
1944,10,1,11
1944,3,11,14
1944,6,1,7
1944,6,0,6
1944,8,1,9
1944,3,1,4
1944,4,1,5
1944,7,3,10
1944,2,1,3
1944,4,1,5
1944,5,1,6
1944,6,1,7
1944,6,3,9
1944,2,1,3
1944,7,5,12
1944,5,0,5
1944,4,2,6
1944,8,5,13
1944,6,5,11
1944,4,1,5
1944,6,3,9
1944,3,1,4
1944,3,2,5
1944,7,5,12
1944,6,3,9
1944,1,0,1
1944,4,2,6
1944,3,11,14
1944,3,1,4
1944,8,11,19
1944,4,2,6
1944,5,0,5
1944,7,2,9
1944,3,3,6
1944,7,5,12
1944,3,10,13
1944,5,10,15
1944,7,6,13
1944,6,5,11
1944,7,0,7
1944,1,0,1
1944,3,0,3
1944,7,4,11
1944,5,3,8
1944,1,0,1
1944,7,6,13
1944,2,0,2
1944,5,4,9
1944,3,2,5
1944,5,2,7
1944,2,1,3
1944,9,1,10
1944,4,2,6
1944,3,2,5
1944,9,3,12
1944,4,3,7
1944,5,3,8
1944,8,4,12
1944,3,2,5
1944,8,6,14
1944,4,11,15
1944,7,4,11
1944,3,1,4
1944,2,1,3
1944,4,1,5
1944,4,3,7
1944,9,8,17
1944,3,2,5
1944,8,3,11
1944,7,10,17
1944,7,1,8
1944,5,15,20
1944,5,3,8
1944,4,2,6
1944,12,1,13
1944,7,6,13
1944,4,3,7
1944,5,1,6
1944,3,2,5
1944,7,6,13
1944,5,3,8
1944,5,3,8
1944,9,8,17
1944,4,3,7
1944,5,1,6
1944,9,7,16
1944,5,1,6
1944,7,5,12
1944,7,4,11
1944,2,1,3
1944,3,0,3
1944,11,1,12
1944,2,1,3
1944,9,7,16
1944,4,3,7
1944,2,0,2
1944,2,10,12
1944,1,0,1
1944,2,10,12
1944,6,1,7
1944,9,4,13
1944,4,0,4
1944,4,2,6
1944,3,0,3
1944,3,2,5
1944,7,10,17
1944,6,5,11
1944,5,0,5
1944,9,0,9
1944,6,1,7
1944,3,10,13
1944,8,5,13
1944,5,4,9
1944,4,3,7
1944,1,0,1
1944,5,3,8
1944,2,17,19
1944,8,1,9
1944,4,2,6
1944,8,5,13
1944,7,2,9
1944,6,14,20
1944,1,1,2
1944,4,2,6
1944,5,4,9
1944,7,4,11
1944,3,2,5
1944,2,1,3
1944,4,2,6
1944,4,15,19
1944,5,4,9
1944,8,3,11
1944,7,0,7
1944,8,1,9
1944,2,11,13
1944,3,1,4
1944,4,11,15
1944,3,0,3
1944,2,10,12
1944,4,2,6
1944,5,12,17
1944,6,3,9
1944,7,12,19
1944,8,3,11
1944,9,7,16
1944,9,4,13
1944,9,4,13
1944,4,3,7
1944,4,3,7
1944,4,3,7
1944,8,1,9
1944,5,4,9
1944,3,2,5
1944,7,10,17
1944,3,2,5
1944,7,4,11
1944,3,2,5
1944,6,3,9
1944,6,5,11
1944,8,4,12
1944,5,2,7
1944,6,1,7
1944,3,1,4
1944,2,1,3
1944,5,4,9
1944,6,3,9
1944,5,1,6
1944,8,6,14
1944,9,3,12
1944,4,1,5
1944,5,1,6
1944,6,2,8
1944,6,5,11
1944,3,11,14
1944,2,1,3
1944,5,0,5
1944,6,5,11
1944,8,2,10
1944,4,1,5
1944,4,1,5
1944,6,4,10
1944,2,12,14
1944,6,3,9
1944,3,0,3
1944,10,0,10
1944,14,0,14
1944,7,0,7
1944,8,14,22
1944,6,3,9
1944,4,3,7
1944,6,4,10
1944,5,1,6
1944,7,11,18
1944,9,2,11
1944,6,0,6
1944,4,0,4
1944,4,0,4
1944,3,2,5
1944,5,4,9
1944,2,1,3
1944,3,0,3
1944,9,3,12
1944,7,5,12
1944,3,2,5
1944,7,6,13
1944,9,5,14
1944,4,3,7
1944,4,0,4
1944,7,1,8
1944,2,1,3
1944,3,2,5
1944,6,15,21
1944,6,4,10
1944,6,1,7
1944,3,1,4
1944,3,2,5
1944,4,3,7
1944,6,2,8
1944,3,2,5
1944,7,5,12
1944,2,0,2
1944,5,0,5
1944,7,4,11
1944,4,10,14
1944,8,4,12
1944,3,2,5
1944,9,0,9
1944,4,2,6
1944,2,1,3
1944,8,2,10
1944,6,5,11
1944,5,3,8
1944,6,5,11
1944,4,1,5
1944,3,2,5
1944,7,3,10
1944,5,10,15
1944,5,4,9
1944,3,2,5
1944,4,2,6
1944,12,1,13
1944,2,1,3
1944,3,2,5
1944,4,3,7
1944,9,1,10
1944,7,3,10
1944,5,3,8
1944,5,1,6
1944,5,2,7
1944,5,4,9
1944,4,2,6
1944,9,5,14
1944,6,3,9
1944,5,2,7
1944,2,1,3
1944,2,1,3
1944,3,1,4
1944,9,0,9
1944,5,11,16
1944,3,0,3
1944,3,2,5
1944,2,1,3
1944,2,1,3
1944,7,2,9
1944,3,0,3
1944,5,4,9
1944,2,1,3
1944,7,0,7
1944,5,4,9
1944,7,1,8
1944,2,1,3
1944,5,1,6
1944,8,2,10
1944,7,6,13
1944,6,5,11
1944,6,3,9
1944,8,2,10
1944,4,1,5
1944,6,0,6
1944,2,1,3
1944,6,1,7
1944,11,10,21
1944,8,2,10
1944,3,2,5
1944,6,4,10
1944,5,2,7
1944,4,10,14
1944,6,14,20
1944,5,4,9
1944,6,5,11
1944,5,2,7
1944,5,4,9
1944,8,11,19
1944,6,4,10
1944,5,3,8
1944,8,4,12
1944,9,4,13
1944,2,11,13
1944,7,3,10
1944,7,4,11
1944,8,6,14
1944,8,1,9
1944,4,2,6
1944,3,12,15
1944,4,0,4
1944,5,4,9
1944,7,2,9
1944,8,2,10
1944,6,4,10
1944,6,2,8
1944,3,1,4
1944,3,10,13
1944,4,3,7
1944,2,1,3
1944,1,0,1
1944,9,3,12
1944,2,0,2
1944,4,1,5
1944,9,5,14
1944,5,4,9
1944,3,2,5
1944,4,3,7
1944,1,0,1
1944,3,2,5
1944,3,1,4
1944,5,4,9
1944,3,1,4
1944,5,4,9
1944,6,0,6
1944,2,1,3
1944,3,2,5
1944,7,6,13
1944,4,1,5
1944,3,0,3
1944,8,7,15
1944,6,2,8
1944,9,5,14
1944,8,3,11
1944,6,0,6
1944,8,5,13
1944,6,4,10
1944,15,0,15
1944,10,1,11
1944,1,0,1
1944,3,2,5
1944,4,3,7
1944,7,2,9
1944,6,4,10
1944,4,0,4
1944,8,1,9
1944,5,3,8
1944,4,1,5
1944,6,10,16
1944,2,0,2
1944,2,10,12
1944,5,1,6
1944,4,3,7
1944,4,2,6
1944,1,1,2
1944,5,2,7
1944,9,2,11
1944,3,2,5
1944,3,0,3
1944,4,1,5
1944,1,0,1
1944,5,1,6
1944,5,2,7
1944,2,11,13
1944,5,1,6
1944,7,3,10
1944,2,0,2
1944,6,5,11
1944,4,3,7
1944,7,6,13
1944,3,1,4
1944,4,1,5
1944,5,2,7
1944,5,0,5
1944,4,1,5
1944,6,5,11
1944,6,10,16
1944,9,1,10
1944,7,1,8
1944,5,2,7
1944,2,1,3
1944,3,2,5
1944,6,2,8
1944,5,1,6
1944,2,0,2
1944,3,1,4
1945,8,2,10
1945,6,11,17
1945,3,2,5
1945,7,6,13
1945,5,2,7
1945,8,4,12
1945,8,14,22
1945,7,1,8
1945,6,2,8
1945,8,4,12
1945,6,0,6
1945,6,2,8
1945,1,0,1
1945,11,0,11
1945,3,1,4
1945,4,3,7
1945,5,13,18
1945,8,2,10
1945,5,1,6
1945,6,14,20
1945,4,3,7
1945,4,3,7
1945,1,0,1
1945,5,3,8
1945,3,2,5
1945,4,1,5
1945,6,10,16
1945,6,5,11
1945,5,4,9
1945,6,3,9
1945,8,2,10
1945,3,2,5
1945,3,2,5
1945,4,3,7
1945,3,2,5
1945,2,1,3
1945,6,1,7
1945,4,3,7
1945,5,3,8
1945,6,3,9
1945,3,1,4
1945,3,2,5
1945,7,6,13
1945,3,0,3
1945,5,2,7
1945,2,0,2
1945,9,7,16
1945,5,2,7
1945,8,6,14
1945,5,2,7
1945,4,0,4
1945,4,3,7
1945,2,0,2
1945,7,5,12
1945,4,1,5
1945,5,0,5
1945,7,3,10
1945,2,1,3
1945,6,4,10
1945,5,3,8
1945,4,3,7
1945,8,7,15
1945,6,0,6
1945,1,0,1
1945,5,1,6
1945,2,1,3
1945,8,4,12
1945,4,3,7
1945,5,3,8
1945,1,0,1
1945,6,2,8
1945,5,4,9
1945,2,1,3
1945,8,3,11
1945,4,0,4
1945,4,0,4
1945,4,13,17
1945,2,1,3
1945,2,0,2
1945,6,3,9
1945,3,2,5
1945,4,10,14
1945,5,4,9
1945,5,0,5
1945,4,0,4
1945,3,1,4
1945,2,1,3
1945,6,4,10
1945,9,8,17
1945,4,2,6
1945,11,1,12
1945,2,1,3
1945,5,4,9
1945,7,3,10
1945,3,2,5
1945,5,0,5
1945,5,15,20
1945,6,4,10
1945,10,1,11
1945,8,12,20
1945,5,1,6
1945,7,3,10
1945,5,0,5
1945,2,0,2
1945,3,2,5
1945,6,4,10
1945,3,0,3
1945,1,0,1
1945,4,3,7
1945,1,1,2
1945,7,5,12
1945,7,10,17
1945,3,1,4
1945,5,1,6
1945,6,2,8
1945,5,1,6
1945,3,2,5
1945,2,0,2
1945,7,1,8
1945,7,1,8
1945,6,4,10
1945,9,5,14
1945,6,4,10
1945,2,1,3
1945,4,1,5
1945,6,1,7
1945,5,2,7
1945,2,10,12
1945,7,0,7
1945,5,2,7
1945,8,4,12
1945,7,3,10
1945,4,3,7
1945,7,1,8
1945,1,1,2
1945,6,3,9
1945,13,12,25
1945,3,0,3
1945,7,3,10
1945,6,3,9
1945,5,3,8
1945,8,2,10
1945,3,10,13
1945,3,2,5
1945,5,1,6
1945,4,2,6
1945,1,0,1
1945,4,2,6
1945,8,2,10
1945,2,0,2
1945,4,3,7
1945,6,5,11
1945,9,6,15
1945,6,5,11
1945,4,1,5
1945,8,2,10
1945,4,1,5
1945,6,5,11
1945,5,4,9
1945,6,3,9
1945,8,7,15
1945,5,4,9
1945,7,3,10
1945,3,1,4
1945,5,4,9
1945,4,1,5
1945,6,0,6
1945,6,2,8
1945,3,12,15
1945,7,4,11
1945,8,5,13
1945,4,2,6
1945,15,12,27
1945,2,0,2
1945,8,11,19
1945,4,1,5
1945,3,2,5
1945,4,0,4
1945,2,1,3
1945,6,2,8
1945,3,0,3
1945,4,2,6
1945,4,2,6
1945,4,1,5
1945,8,10,18
1945,9,4,13
1945,4,2,6
1945,8,2,10
1945,6,2,8
1945,4,2,6
1945,4,1,5
1945,1,0,1
1945,5,1,6
1945,4,0,4
1945,6,2,8
1945,7,6,13
1945,10,1,11
1945,5,2,7
1945,4,0,4
1945,5,2,7
1945,3,0,3
1945,4,1,5
1945,5,3,8
1945,2,0,2
1945,5,3,8
1945,7,1,8
1945,9,8,17
1945,11,1,12
1945,3,2,5
1945,8,6,14
1945,6,3,9
1945,7,6,13
1945,6,3,9
1945,7,2,9
1945,9,10,19
1945,7,5,12
1945,1,0,1
1945,5,0,5
1945,4,3,7
1945,5,2,7
1945,5,4,9
1945,2,1,3
1945,5,3,8
1945,9,7,16
1945,3,0,3
1945,9,2,11
1945,2,1,3
1945,5,1,6
1945,13,0,13
1945,5,4,9
1945,2,11,13
1945,7,0,7
1945,2,1,3
1945,6,1,7
1945,2,2,4
1945,4,0,4
1945,5,0,5
1945,9,10,19
1945,3,1,4
1945,8,3,11
1945,4,16,20
1945,5,11,16
1945,2,0,2
1945,3,2,5
1945,3,1,4
1945,2,1,3
1945,8,6,14
1945,5,3,8
1945,2,1,3
1945,6,4,10
1945,3,10,13
1945,11,0,11
1945,2,1,3
1945,4,3,7
1945,8,1,9
1945,4,3,7
1945,7,6,13
1945,8,6,14
1945,2,11,13
1945,3,0,3
1945,9,8,17
1945,3,2,5
1945,3,2,5
1945,5,2,7
1945,4,2,6
1945,5,13,18
1945,14,10,24
1945,4,2,6
1945,9,2,11
1945,3,2,5
1945,5,0,5
1945,6,2,8
1945,8,1,9
1945,2,0,2
1945,3,2,5
1945,6,4,10
1945,9,4,13
1945,5,2,7
1945,6,4,10
1945,6,3,9
1945,9,2,11
1945,4,0,4
1945,6,5,11
1945,4,3,7
1945,9,11,20
1945,5,1,6
1945,5,4,9
1945,4,0,4
1945,9,0,9
1945,7,6,13
1945,3,2,5
1945,8,1,9
1945,4,3,7
1945,4,3,7
1945,2,1,3
1945,3,1,4
1945,6,2,8
1945,2,1,3
1945,8,2,10
1945,4,1,5
1945,3,1,4
1945,7,6,13
1945,9,11,20
1945,3,11,14
1945,8,2,10
1945,3,1,4
1945,5,1,6
1945,2,1,3
1945,9,0,9
1945,6,3,9
1945,4,0,4
1945,9,1,10
1945,3,12,15
1945,7,3,10
1945,5,2,7
1945,3,2,5
1945,4,0,4
1945,8,1,9
1945,15,1,16
1945,7,3,10
1945,3,0,3
1945,4,0,4
1945,5,4,9
1945,6,0,6
1945,6,2,8
1945,3,2,5
1945,5,10,15
1945,3,1,4
1945,7,3,10
1945,7,3,10
1945,6,4,10
1945,9,1,10
1945,7,3,10
1945,2,1,3
1945,2,1,3
1945,6,4,10
1945,4,0,4
1945,4,3,7
1945,8,7,15
1945,4,0,4
1945,5,1,6
1945,2,1,3
1945,7,6,13
1945,7,13,20
1945,3,2,5
1945,5,1,6
1945,4,10,14
1945,8,5,13
1945,3,1,4
1945,7,10,17
1945,7,4,11
1945,2,1,3
1945,4,1,5
1945,3,2,5
1945,9,4,13
1945,3,2,5
1945,8,6,14
1945,4,1,5
1945,5,0,5
1945,7,4,11
1945,10,0,10
1945,1,0,1
1945,2,1,3
1945,5,3,8
1945,7,5,12
1945,9,3,12
1945,3,2,5
1945,8,3,11
1945,5,4,9
1945,5,3,8
1945,6,4,10
1945,2,1,3
1945,5,4,9
1945,8,13,21
1945,4,3,7
1945,3,2,5
1945,1,0,1
1945,5,2,7
1945,6,5,11
1945,9,8,17
1945,8,1,9
1945,3,0,3
1945,7,5,12
1945,4,3,7
1945,5,2,7
1945,5,2,7
1945,6,5,11
1945,4,4,8
1945,6,5,11
1945,7,5,12
1945,6,1,7
1945,7,2,9
1945,4,3,7
1945,13,10,23
1945,4,3,7
1945,4,0,4
1945,9,6,15
1945,4,1,5
1945,6,1,7
1945,7,5,12
1945,3,1,4
1945,9,11,20
1945,6,2,8
1945,7,1,8
1945,4,2,6
1945,7,0,7
1945,6,2,8
1945,2,1,3
1945,7,1,8
1945,2,1,3
1945,1,0,1
1945,1,0,1
1945,1,0,1
1945,4,3,7
1945,9,2,11
1945,5,4,9
1945,6,0,6
1945,5,3,8
1945,5,3,8
1945,5,0,5
1945,15,10,25
1945,4,2,6
1945,8,1,9
1945,4,1,5
1945,7,5,12
1945,4,14,18
1945,5,4,9
1945,4,0,4
1945,5,1,6
1945,9,2,11
1945,5,10,15
1945,8,7,15
1945,5,2,7
1945,3,1,4
1945,2,1,3
1945,3,0,3
1945,2,0,2
1945,3,0,3
1945,5,4,9
1945,8,4,12
1945,6,5,11
1945,14,12,26
1945,6,4,10
1945,7,6,13
1945,9,8,17
1945,5,1,6
1945,6,5,11
1945,5,2,7
1945,9,6,15
1945,3,1,4
1945,8,2,10
1945,6,3,9
1945,7,5,12
1945,4,3,7
1945,7,3,10
1945,7,4,11
1945,5,13,18
1945,6,3,9
1945,7,6,13
1945,5,1,6
1945,5,1,6
1945,4,3,7
1945,5,4,9
1945,6,5,11
1945,5,4,9
1945,4,2,6
1945,9,11,20
1945,8,2,10
1945,9,1,10
1945,4,10,14
1945,3,2,5
1945,8,3,11
1945,6,0,6
1945,7,2,9
1945,8,11,19
1945,7,6,13
1945,11,0,11
1945,5,2,7
1945,3,1,4
1945,6,1,7
1945,9,4,13
1945,5,4,9
1945,3,1,4
1945,4,1,5
1945,4,2,6
1945,4,2,6
1945,8,3,11
1945,3,2,5
1945,9,1,10
1945,8,5,13
1945,8,4,12
1945,5,1,6
1945,3,0,3
1945,7,1,8
1945,4,1,5
1945,5,3,8
1945,5,13,18
1945,2,2,4
1945,4,3,7
1945,4,2,6
1945,6,3,9
1945,8,7,15
1945,4,11,15
1945,6,5,11
1945,6,5,11
1945,6,5,11
1945,9,5,14
1945,5,3,8
1945,7,4,11
1945,4,3,7
1945,3,2,5
1945,8,6,14
1945,7,3,10
1945,7,4,11
1945,6,11,17
1945,6,1,7
1945,7,1,8
1945,3,2,5
1945,5,1,6
1945,24,2,26
1945,2,12,14
1945,5,2,7
1945,4,0,4
1945,3,2,5
1945,3,10,13
1945,2,1,3
1945,4,3,7
1945,5,3,8
1945,5,3,8
1945,7,6,13
1945,5,4,9
1945,2,11,13
1945,4,2,6
1945,3,2,5
1945,4,3,7
1945,5,2,7
1945,8,4,12
1945,2,19,21
1945,7,6,13
1945,13,0,13
1945,3,2,5
1945,6,5,11
1945,6,4,10
1945,3,2,5
1945,5,2,7
1945,2,1,3
1945,9,8,17
1945,7,5,12
1945,4,3,7
1945,3,15,18
1945,5,13,18
1945,8,14,22
1945,1,0,1
1945,3,2,5
1945,4,2,6
1945,5,4,9
1945,3,2,5
1945,3,11,14
1945,5,1,6
1945,6,3,9
1945,5,2,7
1945,7,10,17
1945,7,6,13
1945,1,0,1
1945,4,12,16
1945,8,6,14
1945,3,2,5
1945,3,1,4
1945,7,11,18
1945,3,0,3
1945,7,3,10
1945,6,4,10
1945,6,4,10
1945,8,10,18
1945,13,1,14
1945,5,4,9
1945,3,2,5
1945,6,0,6
1945,4,2,6
1945,8,6,14
1945,3,2,5
1945,5,2,7
1945,5,0,5
1945,6,12,18
1945,9,2,11
1945,5,1,6
1945,2,1,3
1945,6,1,7
1945,3,1,4
1945,4,3,7
1945,5,11,16
1945,7,4,11
1945,4,0,4
1945,11,0,11
1945,4,0,4
1945,9,7,16
1945,4,2,6
1945,5,1,6
1945,2,0,2
1945,6,5,11
1945,4,16,20
1945,4,2,6
1945,3,2,5
1945,3,14,17
1945,4,1,5
1945,3,2,5
1945,7,1,8
1945,6,5,11
1945,4,2,6
1945,5,3,8
1945,6,4,10
1945,5,3,8
1945,7,2,9
1945,6,1,7
1945,3,1,4
1945,5,4,9
1945,9,1,10
1945,3,15,18
1945,3,1,4
1945,5,3,8
1945,3,2,5
1945,4,3,7
1945,9,4,13
1945,6,2,8
1945,7,1,8
1945,8,4,12
1945,2,0,2
1945,7,3,10
1945,5,1,6
1945,6,1,7
1945,2,1,3
1945,3,1,4
1945,5,2,7
1945,3,2,5
1945,6,2,8
1945,5,0,5
1945,9,5,14
1945,2,2,4
1945,6,3,9
1945,4,3,7
1945,7,3,10
1945,5,4,9
1945,6,4,10
1945,5,0,5
1945,5,3,8
1945,3,1,4
1945,4,3,7
1945,6,5,11
1945,4,0,4
1945,3,2,5
1945,9,4,13
1945,6,3,9
1945,5,12,17
1945,4,3,7
1945,3,2,5
1945,8,3,11
1945,3,2,5
1945,5,13,18
1945,4,3,7
1945,3,1,4
1945,4,1,5
1945,5,3,8
1945,6,3,9
1945,3,12,15
1945,1,1,2
1945,5,1,6
1945,3,1,4
1945,8,7,15
1945,7,4,11
1945,3,2,5
1945,5,1,6
1945,8,5,13
1945,6,11,17
1945,2,1,3
1945,5,11,16
1945,6,5,11
1945,9,1,10
1945,2,1,3
1945,2,1,3
1945,3,1,4
1945,3,1,4
1945,8,7,15
1945,5,4,9
1945,9,3,12
1945,1,0,1
1945,1,0,1
1945,8,5,13
1945,2,1,3
1945,6,0,6
1945,8,3,11
1945,6,4,10
1945,6,5,11
1945,7,6,13
1945,4,0,4
1945,2,1,3
1945,4,13,17
1945,2,10,12
1945,3,1,4
1945,3,2,5
1945,2,1,3
1945,3,1,4
1945,1,0,1
1945,2,0,2
1945,2,0,2
1945,2,0,2
1945,6,2,8
1945,2,1,3
1945,8,3,11
1945,6,2,8
1945,8,3,11
1945,2,1,3
1945,8,2,10
1945,2,0,2
1945,8,4,12
1945,5,2,7
1945,4,15,19
1945,4,1,5
1945,3,2,5
1945,4,0,4
1945,3,0,3
1945,4,2,6
1945,2,1,3
1945,3,11,14
1945,9,6,15
1945,6,4,10
1945,5,4,9
1945,4,2,6
1945,6,5,11
1945,5,4,9
1945,4,3,7
1945,9,4,13
1945,4,3,7
1945,2,0,2
1945,7,5,12
1945,1,0,1
1945,2,1,3
1945,9,8,17
1945,9,2,11
1945,3,15,18
1945,2,1,3
1945,3,0,3
1945,3,1,4
1945,1,0,1
1945,7,13,20
1945,6,0,6
1945,2,1,3
1945,2,1,3
1945,5,1,6
1945,5,3,8
1945,5,0,5
1945,5,11,16
1945,9,1,10
1945,4,1,5
1945,5,1,6
1945,6,5,11
1945,7,3,10
1945,3,1,4
1945,1,0,1
1945,3,2,5
1945,4,3,7
1945,5,4,9
1945,5,1,6
1945,6,5,11
1945,8,2,10
1945,4,0,4
1945,4,15,19
1945,7,0,7
1945,10,1,11
1945,8,12,20
1945,3,2,5
1945,5,12,17
1945,2,1,3
1945,5,14,19
1945,4,2,6
1945,6,3,9
1945,4,3,7
1945,3,10,13
1945,5,12,17
1945,6,3,9
1945,9,10,19
1945,5,4,9
1945,5,1,6
1945,6,2,8
1945,7,0,7
1945,9,7,16
1945,8,4,12
1945,1,0,1
1945,5,2,7
1945,3,2,5
1945,7,3,10
1945,1,0,1
1945,5,2,7
1945,7,4,11
1945,3,0,3
1945,4,0,4
1945,5,0,5
1945,5,4,9
1945,9,2,11
1945,4,3,7
1945,7,3,10
1945,7,2,9
1945,3,2,5
1945,5,11,16
1945,5,3,8
1945,3,1,4
1945,1,0,1
1945,9,4,13
1945,2,1,3
1945,6,3,9
1945,4,10,14
1945,9,0,9
1945,5,2,7
1945,2,10,12
1945,6,1,7
1945,2,1,3
1945,14,13,27
1945,5,2,7
1945,8,0,8
1945,2,11,13
1945,5,3,8
1945,5,4,9
1945,10,1,11
1945,7,3,10
1945,3,0,3
1945,7,6,13
1945,3,0,3
1945,7,0,7
1945,5,3,8
1945,7,1,8
1945,8,2,10
1945,9,6,15
1945,8,2,10
1945,3,2,5
1945,6,5,11
1945,4,3,7
1945,6,12,18
1945,9,5,14
1945,4,1,5
1945,11,10,21
1945,6,4,10
1945,4,3,7
1945,10,0,10
1945,4,15,19
1945,9,11,20
1945,2,0,2
1945,4,1,5
1945,4,2,6
1945,3,11,14
1945,2,1,3
1945,7,5,12
1945,6,2,8
1945,3,0,3
1945,5,2,7
1945,2,1,3
1945,5,4,9
1945,6,20,26
1945,5,10,15
1945,3,13,16
1945,5,1,6
1945,11,0,11
1945,8,3,11
1945,8,0,8
1945,9,11,20
1945,3,2,5
1945,8,5,13
1945,7,0,7
1945,4,10,14
1945,2,1,3
1945,5,3,8
1945,8,3,11
1945,3,11,14
1945,7,6,13
1945,9,2,11
1945,2,1,3
1945,4,0,4
1945,7,2,9
1945,4,3,7
1945,8,2,10
1945,6,4,10
1945,3,1,4
1945,3,2,5
1945,3,2,5
1945,4,1,5
1945,7,3,10
1945,13,10,23
1945,16,1,17
1945,7,4,11
1945,5,11,16
1945,6,0,6
1945,3,1,4
1945,6,2,8
1945,4,2,6
1945,2,1,3
1945,5,4,9
1945,4,2,6
1945,2,0,2
1945,7,1,8
1945,9,3,12
1945,6,1,7
1945,8,3,11
1945,3,1,4
1945,8,0,8
1945,5,0,5
1945,4,2,6
1945,8,10,18
1945,6,3,9
1945,11,1,12
1945,2,0,2
1945,4,1,5
1945,7,0,7
1945,6,0,6
1945,4,0,4
1945,4,1,5
1945,9,3,12
1945,4,3,7
1945,6,10,16
1945,12,1,13
1945,8,4,12
1945,3,0,3
1945,6,2,8
1945,8,11,19
1945,7,6,13
1945,7,6,13
1945,4,3,7
1945,6,3,9
1945,2,1,3
1945,4,3,7
1945,6,5,11
1945,3,0,3
1945,6,5,11
1945,4,1,5
1945,4,2,6
1945,5,4,9
1945,4,3,7
1945,4,1,5
1945,6,2,8
1945,1,0,1
1945,4,2,6
1945,2,1,3
1945,3,1,4
1945,8,6,14
1945,3,13,16
1945,3,1,4
1945,4,2,6
1945,5,4,9
1945,5,3,8
1945,1,0,1
1945,6,2,8
1945,4,3,7
1945,4,3,7
1945,6,2,8
1945,5,1,6
1945,3,1,4
1945,5,4,9
1945,3,2,5
1945,7,1,8
1945,6,5,11
1945,4,3,7
1945,7,10,17
1945,2,1,3
1945,3,2,5
1945,4,1,5
1945,4,0,4
1945,6,2,8
1945,8,7,15
1945,7,1,8
1945,8,2,10
1945,3,2,5
1945,8,7,15
1945,6,5,11
1945,6,3,9
1945,10,1,11
1945,2,1,3
1945,3,1,4
1945,1,0,1
1945,3,2,5
1945,2,1,3
1945,2,0,2
1945,5,4,9
1945,4,4,8
1945,7,1,8
1945,6,4,10
1945,6,5,11
1945,6,5,11
1945,7,2,9
1945,6,3,9
1945,4,2,6
1945,4,1,5
1945,3,2,5
1945,3,1,4
1945,8,3,11
1945,5,3,8
1945,3,0,3
1945,5,4,9
1945,5,4,9
1945,7,1,8
1945,3,2,5
1945,3,0,3
1945,6,3,9
1945,5,4,9
1945,6,0,6
1945,3,2,5
1945,4,2,6
1945,7,3,10
1945,3,2,5
1945,7,4,11
1945,6,2,8
1945,1,0,1
1945,7,2,9
1945,4,1,5
1945,4,0,4
1945,4,2,6
1945,3,0,3
1945,5,11,16
1945,8,4,12
1945,4,0,4
1945,4,3,7
1945,7,2,9
1945,7,1,8
1945,6,3,9
1945,5,4,9
1945,6,5,11
1945,6,5,11
1945,3,2,5
1945,9,0,9
1945,4,1,5
1945,7,6,13
1945,6,5,11
1945,6,2,8
1945,10,0,10
1945,8,8,16
1945,2,1,3
1945,5,2,7
1945,5,2,7
1945,2,10,12
1945,1,0,1
1945,8,6,14
1945,7,10,17
1945,5,1,6
1945,6,15,21
1945,6,5,11
1945,5,3,8
1945,4,2,6
1945,2,1,3
1945,4,3,7
1945,9,3,12
1945,6,1,7
1945,4,1,5
1945,5,14,19
1945,5,2,7
1945,6,5,11
1945,2,1,3
1945,5,17,22
1945,9,1,10
1945,7,3,10
1945,2,0,2
1945,3,2,5
1945,1,0,1
1945,2,0,2
1945,6,2,8
1945,8,6,14
1945,5,0,5
1945,4,3,7
1945,9,2,11
1945,3,2,5
1945,4,0,4
1945,3,2,5
1945,9,4,13
1945,3,0,3
1945,4,11,15
1945,9,0,9
1945,6,5,11
1945,4,1,5
1945,6,3,9
1945,3,3,6
1945,9,1,10
1945,4,0,4
1945,6,5,11
1945,6,4,10
1945,3,10,13
1945,4,3,7
1945,6,2,8
1945,1,0,1
1945,4,3,7
1945,3,14,17
1945,5,4,9
1945,3,2,5
1945,4,2,6
1945,5,4,9
1945,9,2,11
1945,2,1,3
1945,2,0,2
1945,3,2,5
1945,5,1,6
1945,3,2,5
1945,5,3,8
1945,9,5,14
1945,2,1,3
1945,4,10,14
1945,9,4,13
1945,5,0,5
1945,5,4,9
1945,5,4,9
1945,6,11,17
1945,5,4,9
1945,5,1,6
1945,6,5,11
1945,2,1,3
1945,9,2,11
1945,4,0,4
1945,4,3,7
1945,3,1,4
1945,9,8,17
1945,7,4,11
1945,3,2,5
1945,3,2,5
1945,5,1,6
1945,2,1,3
1945,3,2,5
1945,7,0,7
1945,3,2,5
1945,4,3,7
1945,2,0,2
1945,4,0,4
1945,4,1,5
1945,4,3,7
1945,6,0,6
1945,7,5,12
1945,1,0,1
1945,7,3,10
1945,6,1,7
1945,6,5,11
1945,7,6,13
1945,2,0,2
1945,7,4,11
1945,8,3,11
1945,6,2,8
1945,9,5,14
1945,3,1,4
1945,7,4,11
1945,7,3,10
1945,5,3,8
1945,6,1,7
1945,3,2,5
1945,4,2,6
1945,4,3,7
1945,5,4,9
1945,6,2,8
1945,5,4,9
1945,3,0,3
1945,7,5,12
1945,3,2,5
1945,9,2,11
1945,4,3,7
1945,3,10,13
1945,3,2,5
1945,5,4,9
1945,8,4,12
1945,4,2,6
1945,4,0,4
1945,4,2,6
1945,7,3,10
1945,3,1,4
1945,6,2,8
1945,3,2,5
1945,5,12,17
1945,11,10,21
1945,3,0,3
1945,5,4,9
1945,2,0,2
1945,6,5,11
1945,4,3,7
1945,4,0,4
1945,4,1,5
1945,2,0,2
1945,3,2,5
1945,6,1,7
1945,6,1,7
1945,2,0,2
1945,5,3,8
1945,1,0,1
1945,5,11,16
1945,2,1,3
1945,5,3,8
1945,2,1,3
1945,9,0,9
1945,3,2,5
1945,2,0,2
1945,9,4,13
1945,6,5,11
1945,2,1,3
1945,9,0,9
1945,4,3,7
1945,7,3,10
1945,8,2,10
1945,5,0,5
1945,4,1,5
1945,7,3,10
1945,4,3,7
1945,4,3,7
1945,9,6,15
1945,6,5,11
1945,7,4,11
1945,5,1,6
1945,6,11,17
1945,5,2,7
1945,2,1,3
1945,11,0,11
1945,3,2,5
1945,8,1,9
1945,3,1,4
1945,7,4,11
1945,8,1,9
1945,5,2,7
1945,5,2,7
1945,2,1,3
1945,4,13,17
1945,5,3,8
1945,6,2,8
1945,5,0,5
1945,4,3,7
1945,5,0,5
1945,1,0,1
1945,2,2,4
1945,3,2,5
1945,2,12,14
1945,4,1,5
1945,5,3,8
1945,6,3,9
1945,9,0,9
1945,4,1,5
1945,3,0,3
1945,4,1,5
1945,8,4,12
1945,8,7,15
1945,9,3,12
1946,5,3,8
1946,1,0,1
1946,4,3,7
1946,2,1,3
1946,8,4,12
1946,5,0,5
1946,6,4,10
1946,6,3,9
1946,4,2,6
1946,7,1,8
1946,7,11,18
1946,7,6,13
1946,5,2,7
1946,7,1,8
1946,6,0,6
1946,6,13,19
1946,8,1,9
1946,4,2,6
1946,6,1,7
1946,8,1,9
1946,6,2,8
1946,3,1,4
1946,7,6,13
1946,2,1,3
1946,9,8,17
1946,2,0,2
1946,7,0,7
1946,7,3,10
1946,6,3,9
1946,2,1,3
1946,6,4,10
1946,12,11,23
1946,3,0,3
1946,2,1,3
1946,7,6,13
1946,3,2,5
1946,6,1,7
1946,3,2,5
1946,3,1,4
1946,8,2,10
1946,4,3,7
1946,2,1,3
1946,4,2,6
1946,5,4,9
1946,5,4,9
1946,4,0,4
1946,4,1,5
1946,2,1,3
1946,7,6,13
1946,8,2,10
1946,5,0,5
1946,3,1,4
1946,3,2,5
1946,3,0,3
1946,8,1,9
1946,3,1,4
1946,5,12,17
1946,3,2,5
1946,7,10,17
1946,3,11,14
1946,4,3,7
1946,5,1,6
1946,4,2,6
1946,5,12,17
1946,7,5,12
1946,2,11,13
1946,5,4,9
1946,5,3,8
1946,6,5,11
1946,4,2,6
1946,3,11,14
1946,7,0,7
1946,3,2,5
1946,3,2,5
1946,7,11,18
1946,2,0,2
1946,5,2,7
1946,5,4,9
1946,4,0,4
1946,9,0,9
1946,6,1,7
1946,2,1,3
1946,4,3,7
1946,8,11,19
1946,7,1,8
1946,3,1,4
1946,7,3,10
1946,4,10,14
1946,2,1,3
1946,5,1,6
1946,9,7,16
1946,3,1,4
1946,3,1,4
1946,4,0,4
1946,2,1,3
1946,1,0,1
1946,8,12,20
1946,4,1,5
1946,3,2,5
1946,13,1,14
1946,5,1,6
1946,6,3,9
1946,3,2,5
1946,8,0,8
1946,5,4,9
1946,3,2,5
1946,8,2,10
1946,3,10,13
1946,8,3,11
1946,5,1,6
1946,9,4,13
1946,1,0,1
1946,1,0,1
1946,2,0,2
1946,8,5,13
1946,3,2,5
1946,5,1,6
1946,6,2,8
1946,5,1,6
1946,7,4,11
1946,4,3,7
1946,13,1,14
1946,7,1,8
1946,3,2,5
1946,7,4,11
1946,4,2,6
1946,2,10,12
1946,5,4,9
1946,5,4,9
1946,4,3,7
1946,7,2,9
1946,4,10,14
1946,4,12,16
1946,7,5,12
1946,5,4,9
1946,2,1,3
1946,3,1,4
1946,7,4,11
1946,6,10,16
1946,2,1,3
1946,7,2,9
1946,6,4,10
1946,2,1,3
1946,14,10,24
1946,5,10,15
1946,8,5,13
1946,5,1,6
1946,5,2,7
1946,1,0,1
1946,5,3,8
1946,1,0,1
1946,7,5,12
1946,5,2,7
1946,8,7,15
1946,6,1,7
1946,7,6,13
1946,6,1,7
1946,9,8,17
1946,4,2,6
1946,5,4,9
1946,5,5,10
1946,12,11,23
1946,5,1,6
1946,4,1,5
1946,2,0,2
1946,9,5,14
1946,4,13,17
1946,6,5,11
1946,7,2,9
1946,3,1,4
1946,4,3,7
1946,9,3,12
1946,4,1,5
1946,3,1,4
1946,6,4,10
1946,3,1,4
1946,4,2,6
1946,5,1,6
1946,6,3,9
1946,7,6,13
1946,9,2,11
1946,3,0,3
1946,6,5,11
1946,7,5,12
1946,5,1,6
1946,3,0,3
1946,15,1,16
1946,6,2,8
1946,1,0,1
1946,3,2,5
1946,3,0,3
1946,5,0,5
1946,6,3,9
1946,2,1,3
1946,6,4,10
1946,8,2,10
1946,9,8,17
1946,3,0,3
1946,6,16,22
1946,4,1,5
1946,4,2,6
1946,3,0,3
1946,9,4,13
1946,3,1,4
1946,4,2,6
1946,5,1,6
1946,2,0,2
1946,3,19,22
1946,8,18,26
1946,4,0,4
1946,8,6,14
1946,5,3,8
1946,4,3,7
1946,7,1,8
1946,2,0,2
1946,7,1,8
1946,4,0,4
1946,3,1,4
1946,3,1,4
1946,5,1,6
1946,9,5,14
1946,4,0,4
1946,4,3,7
1946,2,13,15
1946,4,3,7
1946,6,4,10
1946,2,10,12
1946,4,3,7
1946,7,2,9
1946,6,4,10
1946,4,3,7
1946,4,3,7
1946,2,1,3
1946,5,1,6
1946,5,4,9
1946,7,4,11
1946,5,3,8
1946,7,1,8
1946,6,2,8
1946,3,1,4
1946,2,1,3
1946,3,2,5
1946,6,12,18
1946,4,1,5
1946,2,10,12
1946,3,1,4
1946,5,1,6
1946,2,1,3
1946,8,1,9
1946,6,3,9
1946,7,4,11
1946,5,3,8
1946,7,1,8
1946,1,0,1
1946,4,1,5
1946,3,2,5
1946,1,0,1
1946,4,1,5
1946,3,1,4
1946,2,1,3
1946,4,3,7
1946,5,4,9
1946,4,12,16
1946,7,0,7
1946,5,4,9
1946,6,2,8
1946,8,2,10
1946,8,2,10
1946,2,0,2
1946,3,2,5
1946,4,1,5
1946,9,2,11
1946,5,2,7
1946,2,12,14
1946,6,1,7
1946,2,1,3
1946,6,3,9
1946,9,2,11
1946,2,0,2
1946,5,1,6
1946,5,2,7
1946,4,1,5
1946,4,0,4
1946,3,1,4
1946,7,6,13
1946,6,5,11
1946,7,2,9
1946,5,0,5
1946,8,10,18
1946,6,2,8
1946,7,6,13
1946,3,0,3
1946,4,0,4
1946,6,1,7
1946,6,3,9
1946,8,5,13
1946,3,1,4
1946,9,3,12
1946,12,11,23
1946,7,1,8
1946,2,1,3
1946,8,1,9
1946,6,3,9
1946,5,4,9
1946,4,3,7
1946,4,10,14
1946,5,3,8
1946,6,3,9
1946,8,2,10
1946,2,1,3
1946,1,0,1
1946,5,1,6
1946,3,10,13
1946,1,0,1
1946,7,6,13
1946,2,10,12
1946,6,1,7
1946,5,2,7
1946,2,12,14
1946,6,5,11
1946,3,2,5
1946,8,4,12
1946,5,4,9
1946,7,4,11
1946,9,4,13
1946,3,2,5
1946,5,0,5
1946,2,1,3
1946,2,0,2
1946,4,3,7
1946,7,6,13
1946,5,1,6
1946,2,10,12
1946,8,8,16
1946,6,5,11
1946,9,6,15
1946,2,0,2
1946,5,3,8
1946,2,1,3
1946,5,1,6
1946,5,4,9
1946,6,10,16
1946,9,3,12
1946,4,0,4
1946,8,13,21
1946,9,5,14
1946,4,0,4
1946,2,0,2
1946,3,1,4
1946,6,5,11
1946,5,4,9
1946,5,10,15
1946,5,2,7
1946,3,2,5
1946,4,15,19
1946,2,0,2
1946,4,2,6
1946,2,1,3
1946,9,3,12
1946,5,3,8
1946,7,0,7
1946,7,6,13
1946,7,6,13
1946,7,1,8
1946,6,11,17
1946,7,6,13
1946,3,14,17
1946,1,0,1
1946,9,5,14
1946,7,4,11
1946,6,2,8
1946,8,4,12
1946,2,1,3
1946,5,1,6
1946,9,1,10
1946,3,1,4
1946,7,1,8
1946,8,1,9
1946,6,3,9
1946,9,8,17
1946,7,5,12
1946,3,11,14
1946,3,1,4
1946,5,10,15
1946,3,2,5
1946,2,1,3
1946,5,10,15
1946,4,1,5
1946,3,2,5
1946,8,3,11
1946,1,0,1
1946,5,3,8
1946,9,3,12
1946,6,2,8
1946,7,2,9
1946,3,2,5
1946,6,5,11
1946,7,10,17
1946,1,0,1
1946,5,1,6
1946,4,1,5
1946,9,5,14
1946,5,3,8
1946,6,2,8
1946,6,1,7
1946,6,3,9
1946,3,2,5
1946,7,6,13
1946,4,1,5
1946,3,1,4
1946,5,11,16
1946,3,1,4
1946,6,3,9
1946,4,2,6
1946,2,1,3
1946,2,0,2
1946,6,1,7
1946,7,4,11
1946,2,1,3
1946,3,2,5
1946,6,3,9
1946,4,1,5
1946,9,1,10
1946,4,3,7
1946,10,1,11
1946,9,2,11
1946,7,5,12
1946,9,6,15
1946,1,0,1
1946,7,3,10
1946,7,1,8
1946,6,3,9
1946,10,0,10
1946,7,0,7
1946,1,0,1
1946,7,0,7
1946,8,3,11
1946,3,0,3
1946,4,3,7
1946,7,3,10
1946,9,1,10
1946,3,1,4
1946,6,1,7
1946,4,3,7
1946,9,2,11
1946,2,0,2
1946,7,5,12
1946,3,2,5
1946,5,3,8
1946,1,0,1
1946,6,2,8
1946,5,4,9
1946,2,1,3
1946,4,2,6
1946,5,1,6
1946,4,3,7
1946,5,2,7
1946,4,3,7
1946,5,3,8
1946,5,2,7
1946,8,5,13
1946,3,2,5
1946,5,2,7
1946,8,14,22
1946,4,2,6
1946,4,3,7
1946,4,0,4
1946,8,1,9
1946,6,1,7
1946,5,1,6
1946,6,0,6
1946,8,10,18
1946,15,10,25
1946,9,4,13
1946,5,4,9
1946,3,3,6
1946,7,4,11
1946,7,4,11
1946,6,5,11
1946,5,0,5
1946,7,12,19
1946,1,0,1
1946,5,5,10
1946,3,15,18
1946,7,3,10
1946,6,4,10
1946,8,3,11
1946,1,0,1
1946,3,0,3
1946,5,3,8
1946,7,2,9
1946,4,2,6
1946,2,11,13
1946,4,3,7
1946,8,4,12
1946,2,16,18
1946,9,3,12
1946,4,0,4
1946,4,1,5
1946,4,11,15
1946,3,1,4
1946,6,5,11
1946,12,1,13
1946,3,1,4
1946,7,2,9
1946,4,3,7
1946,4,1,5
1946,7,5,12
1946,5,1,6
1946,9,0,9
1946,8,12,20
1946,3,12,15
1946,2,0,2
1946,2,0,2
1946,8,10,18
1946,8,15,23
1946,9,2,11
1946,4,1,5
1946,7,3,10
1946,5,5,10
1946,6,5,11
1946,4,3,7
1946,6,3,9
1946,8,1,9
1946,6,5,11
1946,4,3,7
1946,1,0,1
1946,1,0,1
1946,3,2,5
1946,6,11,17
1946,1,0,1
1946,6,4,10
1946,2,0,2
1946,5,4,9
1946,3,2,5
1946,5,4,9
1946,9,0,9
1946,4,2,6
1946,8,7,15
1946,2,1,3
1946,7,5,12
1946,7,1,8
1946,4,3,7
1946,2,1,3
1946,6,0,6
1946,2,1,3
1946,3,2,5
1946,3,1,4
1946,16,0,16
1946,7,0,7
1946,3,2,5
1946,4,1,5
1946,3,2,5
1946,6,1,7
1946,4,3,7
1946,8,4,12
1946,9,8,17
1946,7,5,12
1946,8,5,13
1946,3,2,5
1946,9,8,17
1946,4,2,6
1946,6,1,7
1946,2,0,2
1946,5,0,5
1946,1,0,1
1946,4,3,7
1946,7,5,12
1946,7,6,13
1946,5,2,7
1946,1,0,1
1946,6,1,7
1946,7,2,9
1946,2,0,2
1946,1,0,1
1946,3,2,5
1946,5,1,6
1946,7,6,13
1946,8,5,13
1946,4,12,16
1946,4,0,4
1946,3,2,5
1946,4,2,6
1946,6,2,8
1946,3,2,5
1946,5,0,5
1946,3,0,3
1946,2,1,3
1946,2,10,12
1946,7,3,10
1946,4,1,5
1946,4,3,7
1946,6,0,6
1946,11,1,12
1946,9,4,13
1946,3,2,5
1946,1,0,1
1946,8,2,10
1946,9,1,10
1946,4,3,7
1946,4,1,5
1946,3,13,16
1946,4,2,6
1946,4,2,6
1946,2,13,15
1946,1,0,1
1946,7,2,9
1946,4,3,7
1946,2,1,3
1946,5,4,9
1946,5,4,9
1946,4,3,7
1946,6,4,10
1946,4,3,7
1946,3,2,5
1946,4,11,15
1946,8,1,9
1946,7,6,13
1946,6,5,11
1946,9,2,11
1946,11,10,21
1946,6,4,10
1946,7,4,11
1946,3,0,3
1946,8,2,10
1946,5,1,6
1946,6,3,9
1946,5,4,9
1946,4,3,7
1946,4,1,5
1946,5,2,7
1946,5,3,8
1946,2,1,3
1946,5,3,8
1946,4,2,6
1946,3,1,4
1946,4,2,6
1946,2,0,2
1946,12,0,12
1946,3,2,5
1946,4,10,14
1946,4,2,6
1946,6,3,9
1946,1,0,1
1946,2,0,2
1946,6,2,8
1946,10,0,10
1946,5,4,9
1946,7,1,8
1946,3,1,4
1946,6,1,7
1946,10,0,10
1946,5,2,7
1946,3,2,5
1946,8,4,12
1946,8,2,10
1946,8,5,13
1946,7,10,17
1946,3,2,5
1946,3,2,5
1946,9,3,12
1946,4,2,6
1946,3,1,4
1946,7,3,10
1946,7,3,10
1946,5,4,9
1946,1,0,1
1946,9,2,11
1946,6,1,7
1946,8,4,12
1946,6,1,7
1946,5,10,15
1946,5,4,9
1946,4,3,7
1946,3,2,5
1946,2,1,3
1946,7,0,7
1946,4,3,7
1946,4,1,5
1946,3,1,4
1946,2,10,12
1946,5,0,5
1946,7,4,11
1946,3,0,3
1946,4,2,6
1946,5,0,5
1946,2,1,3
1946,3,2,5
1946,9,3,12
1946,4,3,7
1946,7,11,18
1946,3,0,3
1946,6,5,11
1946,2,1,3
1946,8,4,12
1946,2,1,3
1946,7,5,12
1946,7,1,8
1946,2,0,2
1946,6,1,7
1946,8,2,10
1946,2,1,3
1946,2,1,3
1946,4,1,5
1946,1,0,1
1946,1,0,1
1946,3,1,4
1946,2,0,2
1946,5,3,8
1946,4,1,5
1946,1,0,1
1946,3,1,4
1946,9,8,17
1946,8,3,11
1946,2,1,3
1946,6,1,7
1946,2,1,3
1946,9,2,11
1946,5,0,5
1946,6,2,8
1946,5,4,9
1946,4,3,7
1946,3,2,5
1946,2,1,3
1946,8,5,13
1946,4,3,7
1946,4,3,7
1946,5,2,7
1946,4,10,14
1946,3,2,5
1946,4,2,6
1946,5,3,8
1946,11,1,12
1946,8,0,8
1946,9,0,9
1946,6,13,19
1946,7,3,10
1946,2,0,2
1946,2,0,2
1946,7,1,8
1946,2,0,2
1946,7,4,11
1946,2,0,2
1946,6,2,8
1946,8,3,11
1946,5,4,9
1946,3,11,14
1946,3,1,4
1946,3,2,5
1946,4,11,15
1946,7,3,10
1946,2,1,3
1946,4,3,7
1946,2,1,3
1946,8,4,12
1946,4,1,5
1946,5,4,9
1946,2,1,3
1946,9,2,11
1946,4,0,4
1946,6,5,11
1946,3,2,5
1946,8,4,12
1946,6,3,9
1946,3,10,13
1946,2,1,3
1946,3,2,5
1946,4,1,5
1946,6,0,6
1946,8,1,9
1946,4,3,7
1946,2,0,2
1946,6,2,8
1946,3,1,4
1946,7,6,13
1946,2,1,3
1946,4,2,6
1946,8,2,10
1946,3,2,5
1946,6,0,6
1946,3,0,3
1946,7,1,8
1946,6,0,6
1946,3,2,5
1946,3,2,5
1946,8,3,11
1946,3,2,5
1946,3,1,4
1946,1,0,1
1946,5,3,8
1946,3,1,4
1946,7,4,11
1946,5,4,9
1946,6,5,11
1946,6,4,10
1946,3,1,4
1946,1,0,1
1946,2,0,2
1946,9,4,13
1946,4,0,4
1946,10,1,11
1946,7,0,7
1946,3,2,5
1946,6,5,11
1946,7,4,11
1946,7,4,11
1946,5,0,5
1946,11,1,12
1946,3,0,3
1946,5,2,7
1946,3,1,4
1946,3,1,4
1946,4,3,7
1946,8,1,9
1946,3,2,5
1946,4,3,7
1946,4,3,7
1946,6,10,16
1946,5,0,5
1946,7,6,13
1946,2,1,3
1946,3,1,4
1946,9,8,17
1946,7,6,13
1946,9,3,12
1946,13,1,14
1946,5,3,8
1946,5,4,9
1946,5,2,7
1946,4,3,7
1946,1,0,1
1946,9,3,12
1946,5,4,9
1946,2,1,3
1946,7,5,12
1946,6,0,6
1946,3,2,5
1946,5,3,8
1946,4,1,5
1946,8,3,11
1946,2,10,12
1946,9,6,15
1946,3,0,3
1946,4,3,7
1946,4,15,19
1946,7,3,10
1946,7,5,12
1946,9,1,10
1946,7,6,13
1946,6,4,10
1946,9,10,19
1946,4,4,8
1946,3,2,5
1946,4,3,7
1946,3,1,4
1946,5,12,17
1946,3,2,5
1946,5,0,5
1946,3,2,5
1946,3,2,5
1946,1,0,1
1946,1,0,1
1946,7,5,12
1946,3,2,5
1946,3,2,5
1946,2,1,3
1946,8,4,12
1946,2,1,3
1946,5,4,9
1946,6,4,10
1946,6,5,11
1946,4,1,5
1946,3,1,4
1946,3,2,5
1946,7,1,8
1946,15,11,26
1946,3,1,4
1946,9,3,12
1946,3,2,5
1946,3,2,5
1946,3,0,3
1946,6,1,7
1946,7,2,9
1946,5,3,8
1946,4,1,5
1946,4,2,6
1946,3,2,5
1946,3,1,4
1946,3,0,3
1946,7,4,11
1946,2,1,3
1946,4,1,5
1946,7,3,10
1946,7,12,19
1946,5,3,8
1946,8,3,11
1946,5,0,5
1946,4,3,7
1946,3,2,5
1946,8,0,8
1946,6,4,10
1946,3,13,16
1946,4,3,7
1946,6,5,11
1946,8,5,13
1946,7,1,8
1946,11,0,11
1946,6,4,10
1946,3,2,5
1946,2,0,2
1946,6,0,6
1946,5,1,6
1946,5,4,9
1946,5,2,7
1946,2,10,12
1946,4,3,7
1946,9,2,11
1946,2,0,2
1946,10,0,10
1946,4,1,5
1946,5,4,9
1946,9,12,21
1946,1,0,1
1946,7,2,9
1946,10,1,11
1946,5,4,9
1946,4,1,5
1946,8,2,10
1946,4,3,7
1946,4,3,7
1946,4,3,7
1946,3,2,5
1946,2,0,2
1946,4,3,7
1946,8,2,10
1946,8,6,14
1946,1,0,1
1946,7,6,13
1946,4,3,7
1946,3,1,4
1946,2,1,3
1946,4,1,5
1946,1,0,1
1946,7,3,10
1946,2,1,3
1946,3,2,5
1946,5,0,5
1946,6,5,11
1946,3,1,4
1946,8,2,10
1946,5,4,9
1946,9,2,11
1946,5,0,5
1946,8,1,9
1946,3,1,4
1946,8,4,12
1946,2,1,3
1946,6,13,19
1946,3,2,5
1946,7,0,7
1946,4,1,5
1946,7,2,9
1946,4,2,6
1946,6,5,11
1946,7,5,12
1946,5,10,15
1946,3,2,5
1946,8,14,22
1946,5,4,9
1946,5,1,6
1946,1,0,1
1946,5,0,5
1946,6,10,16
1946,3,0,3
1946,3,2,5
1946,2,1,3
1946,5,2,7
1946,2,1,3
1946,7,4,11
1946,5,2,7
1946,9,1,10
1946,7,3,10
1946,4,2,6
1946,7,2,9
1946,4,3,7
1946,8,4,12
1946,2,0,2
1946,4,0,4
1946,7,0,7
1946,4,1,5
1946,8,13,21
1946,3,2,5
1946,2,1,3
1946,9,8,17
1946,3,2,5
1946,4,1,5
1946,9,1,10
1946,5,2,7
1946,4,0,4
1946,6,0,6
1946,6,2,8
1946,4,3,7
1946,4,2,6
1946,3,2,5
1946,6,3,9
1946,2,1,3
1946,6,10,16
1946,2,14,16
1946,6,1,7
1946,3,11,14
1946,4,0,4
1946,4,3,7
1946,4,1,5
1946,6,2,8
1946,9,8,17
1946,3,1,4
1946,2,1,3
1946,8,0,8
1946,4,2,6
1946,7,6,13
1946,2,1,3
1946,7,2,9
1946,6,2,8
1946,8,3,11
1946,2,1,3
1946,6,2,8
1946,6,4,10
1946,8,7,15
1946,5,2,7
1946,3,1,4
1946,5,2,7
1946,3,2,5
1946,4,1,5
1946,7,3,10
1946,9,2,11
1946,2,2,4
1946,5,2,7
1946,7,1,8
1946,6,4,10
1946,5,4,9
1946,4,3,7
1946,2,0,2
1946,5,3,8
1946,7,3,10
1946,3,1,4
1946,5,1,6
1946,6,0,6
1946,4,1,5
1946,6,5,11
1946,4,3,7
1946,8,1,9
1946,4,2,6
1946,1,0,1
1946,4,3,7
1946,2,1,3
1946,10,0,10
1946,6,5,11
1946,6,2,8
1946,10,1,11
1946,1,0,1
1946,9,0,9
1946,2,16,18
1946,4,3,7
1946,7,6,13
1946,3,2,5
1946,4,1,5
1946,4,0,4
1946,9,5,14
1946,4,1,5
1946,4,10,14
1946,7,4,11
1946,4,2,6
1946,9,2,11
1946,3,11,14
1946,4,3,7
1946,4,0,4
1946,4,1,5
1946,4,1,5
1946,3,2,5
1946,3,2,5
1946,6,0,6
1946,2,1,3
1946,9,8,17
1946,5,3,8
1946,5,4,9
1946,2,12,14
1946,5,4,9
1946,8,0,8
1946,2,10,12
1946,4,2,6
1946,4,2,6
1946,9,1,10
1946,7,4,11
1946,4,1,5
1946,5,1,6
1946,3,3,6
1946,6,1,7
1946,2,11,13
1946,7,3,10
1946,7,6,13
1946,7,5,12
1946,9,4,13
1946,4,0,4
1946,2,10,12
1946,1,0,1
1946,2,1,3
1946,4,1,5
1946,6,4,10
1946,4,1,5
1946,4,3,7
1946,5,4,9
1946,9,6,15
1946,4,3,7
1946,4,2,6
1946,10,1,11
1946,3,1,4
1946,4,2,6
1946,1,0,1
1946,5,4,9
1946,4,1,5
1946,4,1,5
1946,7,0,7
1946,5,0,5
1946,9,3,12
1946,1,0,1
1946,7,4,11
1946,4,0,4
1946,6,3,9
1946,3,1,4
1946,4,3,7
1946,2,0,2
1946,2,1,3
1946,6,1,7
1946,4,1,5
1946,6,0,6
1946,8,1,9
1946,2,0,2
1946,5,15,20
1946,3,0,3
1946,7,4,11
1946,6,5,11
1946,1,0,1
1946,2,1,3
1946,7,10,17
1946,4,0,4
1946,7,11,18
1946,2,0,2
1946,7,5,12
1946,4,2,6
1946,8,2,10
1946,6,4,10
1946,2,10,12
1946,3,2,5
1946,3,0,3
1946,2,1,3
1946,4,0,4
1946,9,7,16
1946,8,1,9
1946,2,1,3
1946,4,3,7
1946,2,1,3
1946,6,5,11
1946,6,2,8
1946,7,0,7
1946,5,4,9
1946,5,1,6
1946,7,14,21
1946,1,0,1
1946,2,1,3
1946,6,5,11
1946,5,3,8
1946,15,1,16
1946,6,2,8
1946,2,1,3
1946,5,3,8
1946,2,1,3
1946,11,10,21
1946,9,1,10
1946,7,5,12
1946,4,2,6
1946,8,1,9
1946,7,2,9
1946,3,0,3
1946,4,3,7
1946,4,3,7
1946,7,4,11
1946,4,3,7
1946,1,0,1
1946,4,2,6
1946,6,5,11
1946,2,0,2
1946,8,5,13
1946,4,1,5
1946,6,1,7
1946,1,0,1
1946,9,6,15
1946,5,4,9
1946,3,13,16
1946,13,0,13
1946,4,3,7
1946,10,1,11
1946,2,1,3
1946,5,2,7
1946,9,11,20
1946,6,5,11
1946,4,1,5
1946,8,7,15
1946,6,5,11
1946,6,3,9
1946,7,4,11
1946,6,0,6
1946,8,2,10
1946,5,3,8
1946,6,3,9
1946,8,0,8
1946,5,4,9
1946,2,0,2
1946,5,4,9
1946,7,3,10
1946,8,3,11
1946,8,0,8
1946,9,8,17
1946,7,2,9
1946,4,3,7
1946,7,4,11
1946,3,10,13
1946,7,3,10
1946,8,2,10
1946,4,1,5
1946,7,0,7
1946,4,0,4
1946,8,7,15
1946,1,0,1
1946,3,2,5
1946,4,1,5
1946,3,1,4
1946,6,0,6
1946,2,1,3
1946,8,3,11
1946,4,2,6
1946,8,4,12
1946,3,2,5
1946,3,0,3
1946,4,0,4
1946,3,12,15
1946,6,3,9
1946,4,1,5
1946,4,3,7
1947,7,6,13
1947,5,3,8
1947,1,0,1
1947,3,1,4
1947,2,0,2
1947,6,1,7
1947,4,3,7
1947,7,0,7
1947,4,1,5
1947,4,1,5
1947,6,12,18
1947,7,1,8
1947,9,4,13
1947,2,1,3
1947,5,11,16
1947,4,3,7
1947,7,10,17
1947,1,0,1
1947,2,0,2
1947,4,10,14
1947,9,3,12
1947,12,11,23
1947,4,1,5
1947,7,0,7
1947,9,3,12
1947,9,2,11
1947,5,3,8
1947,4,3,7
1947,4,2,6
1947,6,1,7
1947,7,1,8
1947,4,2,6
1947,10,1,11
1947,6,2,8
1947,3,2,5
1947,5,13,18
1947,7,3,10
1947,7,4,11
1947,3,1,4
1947,3,0,3
1947,6,4,10
1947,1,0,1
1947,7,6,13
1947,5,0,5
1947,5,4,9
1947,5,2,7
1947,5,1,6
1947,7,1,8
1947,4,10,14
1947,7,4,11
1947,3,0,3
1947,4,3,7
1947,8,5,13
1947,2,0,2
1947,5,14,19
1947,1,0,1
1947,6,1,7
1947,1,0,1
1947,6,5,11
1947,7,11,18
1947,3,2,5
1947,6,5,11
1947,5,2,7
1947,7,3,10
1947,4,1,5
1947,3,2,5
1947,6,0,6
1947,3,1,4
1947,7,1,8
1947,2,0,2
1947,6,6,12
1947,9,8,17
1947,3,0,3
1947,6,1,7
1947,2,1,3
1947,1,0,1
1947,5,4,9
1947,5,4,9
1947,4,2,6
1947,4,3,7
1947,3,0,3
1947,6,10,16
1947,4,0,4
1947,4,3,7
1947,8,3,11
1947,7,2,9
1947,6,2,8
1947,3,1,4
1947,3,10,13
1947,5,2,7
1947,7,1,8
1947,4,3,7
1947,4,11,15
1947,5,15,20
1947,5,2,7
1947,6,5,11
1947,5,14,19
1947,5,2,7
1947,2,0,2
1947,3,2,5
1947,2,1,3
1947,3,10,13
1947,9,3,12
1947,2,1,3
1947,5,4,9
1947,4,3,7
1947,9,0,9
1947,8,7,15
1947,1,0,1
1947,6,3,9
1947,2,2,4
1947,5,3,8
1947,5,10,15
1947,3,2,5
1947,8,1,9
1947,7,6,13
1947,6,0,6
1947,3,0,3
1947,3,2,5
1947,6,11,17
1947,3,2,5
1947,6,5,11
1947,2,1,3
1947,3,2,5
1947,6,1,7
1947,5,1,6
1947,5,12,17
1947,3,0,3
1947,7,4,11
1947,2,1,3
1947,8,7,15
1947,5,3,8
1947,2,1,3
1947,5,1,6
1947,6,2,8
1947,6,5,11
1947,4,3,7
1947,9,6,15
1947,5,2,7
1947,5,1,6
1947,2,1,3
1947,4,2,6
1947,3,0,3
1947,8,3,11
1947,4,3,7
1947,8,7,15
1947,10,0,10
1947,6,1,7
1947,6,3,9
1947,4,3,7
1947,8,1,9
1947,3,11,14
1947,7,3,10
1947,5,4,9
1947,6,10,16
1947,3,3,6
1947,16,1,17
1947,4,0,4
1947,2,1,3
1947,4,3,7
1947,8,3,11
1947,5,1,6
1947,6,19,25
1947,7,4,11
1947,7,5,12
1947,9,1,10
1947,7,6,13
1947,5,0,5
1947,8,0,8
1947,5,1,6
1947,2,0,2
1947,6,4,10
1947,3,2,5
1947,2,1,3
1947,8,3,11
1947,3,11,14
1947,8,2,10
1947,4,2,6
1947,7,3,10
1947,8,2,10
1947,9,1,10
1947,7,12,19
1947,5,3,8
1947,8,4,12
1947,5,11,16
1947,3,1,4
1947,4,3,7
1947,2,0,2
1947,4,2,6
1947,3,1,4
1947,6,3,9
1947,4,3,7
1947,4,3,7
1947,2,1,3
1947,4,0,4
1947,3,2,5
1947,2,1,3
1947,4,2,6
1947,2,1,3
1947,3,1,4
1947,5,3,8
1947,4,3,7
1947,5,2,7
1947,7,6,13
1947,6,11,17
1947,6,3,9
1947,1,0,1
1947,4,2,6
1947,3,2,5
1947,3,2,5
1947,5,4,9
1947,8,7,15
1947,5,4,9
1947,5,3,8
1947,4,1,5
1947,8,3,11
1947,3,2,5
1947,9,1,10
1947,4,2,6
1947,11,1,12
1947,4,3,7
1947,7,4,11
1947,2,1,3
1947,5,0,5
1947,5,2,7
1947,4,3,7
1947,7,3,10
1947,4,1,5
1947,5,4,9
1947,8,1,9
1947,5,3,8
1947,5,2,7
1947,9,0,9
1947,8,1,9
1947,2,0,2
1947,4,3,7
1947,3,2,5
1947,6,0,6
1947,5,4,9
1947,5,0,5
1947,5,0,5
1947,5,3,8
1947,9,3,12
1947,3,1,4
1947,10,1,11
1947,5,2,7
1947,2,17,19
1947,3,1,4
1947,5,10,15
1947,2,1,3
1947,5,1,6
1947,1,0,1
1947,9,3,12
1947,3,1,4
1947,7,3,10
1947,5,2,7
1947,2,0,2
1947,6,1,7
1947,4,2,6
1947,7,3,10
1947,4,2,6
1947,3,10,13
1947,5,4,9
1947,4,2,6
1947,2,14,16
1947,9,2,11
1947,7,6,13
1947,4,2,6
1947,9,5,14
1947,4,2,6
1947,4,1,5
1947,5,4,9
1947,3,2,5
1947,5,2,7
1947,6,3,9
1947,3,0,3
1947,8,4,12
1947,9,1,10
1947,2,1,3
1947,8,3,11
1947,7,1,8
1947,5,3,8
1947,1,0,1
1947,4,0,4
1947,2,1,3
1947,5,2,7
1947,8,12,20
1947,7,3,10
1947,6,13,19
1947,5,3,8
1947,5,0,5
1947,8,4,12
1947,5,4,9
1947,9,10,19
1947,7,1,8
1947,6,1,7
1947,2,0,2
1947,8,7,15
1947,9,11,20
1947,5,3,8
1947,9,13,22
1947,4,3,7
1947,7,2,9
1947,5,4,9
1947,4,3,7
1947,6,2,8
1947,6,5,11
1947,9,3,12
1947,6,3,9
1947,6,11,17
1947,8,7,15
1947,3,0,3
1947,3,0,3
1947,6,5,11
1947,3,0,3
1947,8,3,11
1947,4,1,5
1947,4,3,7
1947,9,4,13
1947,3,1,4
1947,3,10,13
1947,6,2,8
1947,6,2,8
1947,8,17,25
1947,6,0,6
1947,9,2,11
1947,5,2,7
1947,3,0,3
1947,5,3,8
1947,5,2,7
1947,3,0,3
1947,7,0,7
1947,5,1,6
1947,9,3,12
1947,5,0,5
1947,6,3,9
1947,6,2,8
1947,5,2,7
1947,5,4,9
1947,7,4,11
1947,7,4,11
1947,4,3,7
1947,4,3,7
1947,9,0,9
1947,4,0,4
1947,3,1,4
1947,1,0,1
1947,8,2,10
1947,4,0,4
1947,2,0,2
1947,5,0,5
1947,5,2,7
1947,5,4,9
1947,9,2,11
1947,5,4,9
1947,9,6,15
1947,1,0,1
1947,9,8,17
1947,7,5,12
1947,3,11,14
1947,13,10,23
1947,4,2,6
1947,2,1,3
1947,1,0,1
1947,3,1,4
1947,6,5,11
1947,2,1,3
1947,5,3,8
1947,3,2,5
1947,9,8,17
1947,3,2,5
1947,8,3,11
1947,2,1,3
1947,5,4,9
1947,4,0,4
1947,5,2,7
1947,3,2,5
1947,3,0,3
1947,7,1,8
1947,4,0,4
1947,8,7,15
1947,5,4,9
1947,4,2,6
1947,1,0,1
1947,7,3,10
1947,5,3,8
1947,4,3,7
1947,4,3,7
1947,5,4,9
1947,6,2,8
1947,3,0,3
1947,6,3,9
1947,4,3,7
1947,4,12,16
1947,5,3,8
1947,2,12,14
1947,7,3,10
1947,8,4,12
1947,6,1,7
1947,4,3,7
1947,9,1,10
1947,4,10,14
1947,2,1,3
1947,5,2,7
1947,6,4,10
1947,4,13,17
1947,3,12,15
1947,3,11,14
1947,1,0,1
1947,5,1,6
1947,2,1,3
1947,4,3,7
1947,4,3,7
1947,6,5,11
1947,11,1,12
1947,5,2,7
1947,7,6,13
1947,5,3,8
1947,6,5,11
1947,5,3,8
1947,6,0,6
1947,5,12,17
1947,5,2,7
1947,9,3,12
1947,5,1,6
1947,6,4,10
1947,8,4,12
1947,2,12,14
1947,3,2,5
1947,3,2,5
1947,6,5,11
1947,5,3,8
1947,6,0,6
1947,7,3,10
1947,3,0,3
1947,9,1,10
1947,5,1,6
1947,6,5,11
1947,5,4,9
1947,7,4,11
1947,6,2,8
1947,5,1,6
1947,5,11,16
1947,5,4,9
1947,8,2,10
1947,6,3,9
1947,8,7,15
1947,4,0,4
1947,9,8,17
1947,6,5,11
1947,1,0,1
1947,3,0,3
1947,4,3,7
1947,7,5,12
1947,3,2,5
1947,9,6,15
1947,8,2,10
1947,6,3,9
1947,8,5,13
1947,6,2,8
1947,6,10,16
1947,11,0,11
1947,4,2,6
1947,3,12,15
1947,4,2,6
1947,9,6,15
1947,3,0,3
1947,4,2,6
1947,4,3,7
1947,9,3,12
1947,9,8,17
1947,3,0,3
1947,4,2,6
1947,6,2,8
1947,8,6,14
1947,8,0,8
1947,5,1,6
1947,4,2,6
1947,6,3,9
1947,7,3,10
1947,8,5,13
1947,8,12,20
1947,9,3,12
1947,2,11,13
1947,6,5,11
1947,7,1,8
1947,6,5,11
1947,3,0,3
1947,5,4,9
1947,6,2,8
1947,6,5,11
1947,3,2,5
1947,6,3,9
1947,6,14,20
1947,5,2,7
1947,8,7,15
1947,8,0,8
1947,8,7,15
1947,4,2,6
1947,4,10,14
1947,4,3,7
1947,7,5,12
1947,6,1,7
1947,4,3,7
1947,9,5,14
1947,3,2,5
1947,6,5,11
1947,9,7,16
1947,2,17,19
1947,5,1,6
1947,3,1,4
1947,3,1,4
1947,6,5,11
1947,6,4,10
1947,7,4,11
1947,8,7,15
1947,2,1,3
1947,3,15,18
1947,5,3,8
1947,2,1,3
1947,9,3,12
1947,7,6,13
1947,3,11,14
1947,6,5,11
1947,8,1,9
1947,6,5,11
1947,8,6,14
1947,7,1,8
1947,8,4,12
1947,2,19,21
1947,4,2,6
1947,6,5,11
1947,3,0,3
1947,7,3,10
1947,8,6,14
1947,4,0,4
1947,7,16,23
1947,4,3,7
1947,7,0,7
1947,5,4,9
1947,8,0,8
1947,6,4,10
1947,6,13,19
1947,4,4,8
1947,7,3,10
1947,4,2,6
1947,3,10,13
1947,7,1,8
1947,6,3,9
1947,2,10,12
1947,7,6,13
1947,4,1,5
1947,6,5,11
1947,7,5,12
1947,5,1,6
1947,4,0,4
1947,4,3,7
1947,7,4,11
1947,10,1,11
1947,4,0,4
1947,3,2,5
1947,5,1,6
1947,3,0,3
1947,2,0,2
1947,8,2,10
1947,9,2,11
1947,4,3,7
1947,6,2,8
1947,10,0,10
1947,2,10,12
1947,8,4,12
1947,5,3,8
1947,4,3,7
1947,6,4,10
1947,2,1,3
1947,4,0,4
1947,7,2,9
1947,3,0,3
1947,2,1,3
1947,2,2,4
1947,4,11,15
1947,7,2,9
1947,2,1,3
1947,4,3,7
1947,5,0,5
1947,6,10,16
1947,4,3,7
1947,4,2,6
1947,4,3,7
1947,3,0,3
1947,4,3,7
1947,9,17,26
1947,7,2,9
1947,3,1,4
1947,7,2,9
1947,6,5,11
1947,4,0,4
1947,6,5,11
1947,4,2,6
1947,5,4,9
1947,2,0,2
1947,4,0,4
1947,3,11,14
1947,4,2,6
1947,2,12,14
1947,8,5,13
1947,9,1,10
1947,8,7,15
1947,6,5,11
1947,3,10,13
1947,6,4,10
1947,8,0,8
1947,6,2,8
1947,4,2,6
1947,7,6,13
1947,6,3,9
1947,3,1,4
1947,4,2,6
1947,3,2,5
1947,4,2,6
1947,3,2,5
1947,9,1,10
1947,5,3,8
1947,1,0,1
1947,5,1,6
1947,5,2,7
1947,3,13,16
1947,4,12,16
1947,9,3,12
1947,8,2,10
1947,5,1,6
1947,9,4,13
1947,2,1,3
1947,6,11,17
1947,4,0,4
1947,5,4,9
1947,8,1,9
1947,6,10,16
1947,3,0,3
1947,7,2,9
1947,8,2,10
1947,9,8,17
1947,10,1,11
1947,6,3,9
1947,4,1,5
1947,5,4,9
1947,4,1,5
1947,7,1,8
1947,5,2,7
1947,4,1,5
1947,6,3,9
1947,3,1,4
1947,7,2,9
1947,7,5,12
1947,4,3,7
1947,2,16,18
1947,7,0,7
1947,2,1,3
1947,4,1,5
1947,6,0,6
1947,8,0,8
1947,8,3,11
1947,7,5,12
1947,9,8,17
1947,7,5,12
1947,2,0,2
1947,2,1,3
1947,1,0,1
1947,3,3,6
1947,9,1,10
1947,6,5,11
1947,7,4,11
1947,1,0,1
1947,6,1,7
1947,4,1,5
1947,12,11,23
1947,4,1,5
1947,9,6,15
1947,4,2,6
1947,2,1,3
1947,4,3,7
1947,7,6,13
1947,7,4,11
1947,4,3,7
1947,8,1,9
1947,3,2,5
1947,2,0,2
1947,2,0,2
1947,12,1,13
1947,6,0,6
1947,5,3,8
1947,5,10,15
1947,6,1,7
1947,8,7,15
1947,4,12,16
1947,5,2,7
1947,8,2,10
1947,6,3,9
1947,6,2,8
1947,6,5,11
1947,5,0,5
1947,8,2,10
1947,6,4,10
1947,6,1,7
1947,5,14,19
1947,6,1,7
1947,8,6,14
1947,3,2,5
1947,3,2,5
1947,3,0,3
1947,7,6,13
1947,5,3,8
1947,5,4,9
1947,4,12,16
1947,9,5,14
1947,4,1,5
1947,5,1,6
1947,5,1,6
1947,12,1,13
1947,7,3,10
1947,1,0,1
1947,2,1,3
1947,13,0,13
1947,6,4,10
1947,9,5,14
1947,8,4,12
1947,4,3,7
1947,2,11,13
1947,6,12,18
1947,5,1,6
1947,6,5,11
1947,7,4,11
1947,5,4,9
1947,5,1,6
1947,5,0,5
1947,8,4,12
1947,4,11,15
1947,3,10,13
1947,2,1,3
1947,4,0,4
1947,5,0,5
1947,5,1,6
1947,5,3,8
1947,8,7,15
1947,5,1,6
1947,5,4,9
1947,2,1,3
1947,5,2,7
1947,6,5,11
1947,4,0,4
1947,8,2,10
1947,7,13,20
1947,9,2,11
1947,5,4,9
1947,8,5,13
1947,3,2,5
1947,5,3,8
1947,8,5,13
1947,11,10,21
1947,2,1,3
1947,5,4,9
1947,3,0,3
1947,8,7,15
1947,3,2,5
1947,2,1,3
1947,4,1,5
1947,3,1,4
1947,8,10,18
1947,4,2,6
1947,3,2,5
1947,4,3,7
1947,4,1,5
1947,2,1,3
1947,6,1,7
1947,8,1,9
1947,2,1,3
1947,7,12,19
1947,7,6,13
1947,3,2,5
1947,3,0,3
1947,8,5,13
1947,2,10,12
1947,5,4,9
1947,4,3,7
1947,13,1,14
1947,3,10,13
1947,6,0,6
1947,4,2,6
1947,6,1,7
1947,5,4,9
1947,2,0,2
1947,4,3,7
1947,8,11,19
1947,6,6,12
1947,8,10,18
1947,2,1,3
1947,4,2,6
1947,8,1,9
1947,9,5,14
1947,7,4,11
1947,4,2,6
1947,8,2,10
1947,8,4,12
1947,5,2,7
1947,8,5,13
1947,4,12,16
1947,5,1,6
1947,3,1,4
1947,7,3,10
1947,7,2,9
1947,6,3,9
1947,6,13,19
1947,7,5,12
1947,5,2,7
1947,5,3,8
1947,7,3,10
1947,1,0,1
1947,3,1,4
1947,3,0,3
1947,9,2,11
1947,5,2,7
1947,8,4,12
1947,2,12,14
1947,9,6,15
1947,5,0,5
1947,2,1,3
1947,4,1,5
1947,4,2,6
1947,7,5,12
1947,6,0,6
1947,6,4,10
1947,5,3,8
1947,8,1,9
1947,5,0,5
1947,5,2,7
1947,5,4,9
1947,8,4,12
1947,9,4,13
1947,8,1,9
1947,5,4,9
1947,2,1,3
1947,2,0,2
1947,4,3,7
1947,6,0,6
1947,4,2,6
1947,2,10,12
1947,6,2,8
1947,7,5,12
1947,3,2,5
1947,5,2,7
1947,5,0,5
1947,7,5,12
1947,1,0,1
1947,5,2,7
1947,8,4,12
1947,8,3,11
1947,3,1,4
1947,3,2,5
1947,3,0,3
1947,3,1,4
1947,2,1,3
1947,9,2,11
1947,5,3,8
1947,3,2,5
1947,3,1,4
1947,11,0,11
1947,5,0,5
1947,2,1,3
1947,3,10,13
1947,5,10,15
1947,8,7,15
1947,8,2,10
1947,5,2,7
1947,2,10,12
1947,7,1,8
1947,6,5,11
1947,1,0,1
1947,8,5,13
1947,6,5,11
1947,5,3,8
1947,7,0,7
1947,8,7,15
1947,9,2,11
1947,6,5,11
1947,6,10,16
1947,8,1,9
1947,7,4,11
1947,2,0,2
1947,3,0,3
1947,4,1,5
1947,7,6,13
1947,1,0,1
1947,5,4,9
1947,7,12,19
1947,8,2,10
1947,5,2,7
1947,2,1,3
1947,3,1,4
1947,1,0,1
1947,4,3,7
1947,2,0,2
1947,3,11,14
1947,3,0,3
1947,4,0,4
1947,7,5,12
1947,6,5,11
1947,7,6,13
1947,4,3,7
1947,2,1,3
1947,5,2,7
1947,7,5,12
1947,3,12,15
1947,3,11,14
1947,7,5,12
1947,4,0,4
1947,2,13,15
1947,9,1,10
1947,2,1,3
1947,8,1,9
1947,8,1,9
1947,8,2,10
1947,9,5,14
1947,3,2,5
1947,16,10,26
1947,5,2,7
1947,4,3,7
1947,7,6,13
1947,14,13,27
1947,3,10,13
1947,3,2,5
1947,1,1,2
1947,8,1,9
1947,8,2,10
1947,6,4,10
1947,3,2,5
1947,9,3,12
1947,3,2,5
1947,5,3,8
1947,4,1,5
1947,9,2,11
1947,3,13,16
1947,8,5,13
1947,6,5,11
1947,5,1,6
1947,7,2,9
1947,6,3,9
1947,4,3,7
1947,6,1,7
1947,7,6,13
1947,2,0,2
1947,8,7,15
1947,4,2,6
1947,7,5,12
1947,8,5,13
1947,4,10,14
1947,6,13,19
1947,5,3,8
1947,11,10,21
1947,4,0,4
1947,5,3,8
1947,7,0,7
1947,3,1,4
1947,9,5,14
1947,3,2,5
1947,6,16,22
1947,2,11,13
1947,2,1,3
1947,6,2,8
1947,5,4,9
1947,4,0,4
1947,8,3,11
1947,3,12,15
1947,8,6,14
1947,7,1,8
1947,7,4,11
1947,11,10,21
1947,5,2,7
1947,4,3,7
1947,8,10,18
1947,7,5,12
1947,9,7,16
1947,5,3,8
1947,1,0,1
1947,3,16,19
1947,5,1,6
1947,4,3,7
1947,2,1,3
1947,12,1,13
1947,9,1,10
1947,7,6,13
1947,4,3,7
1947,6,3,9
1947,4,2,6
1947,6,5,11
1947,2,1,3
1947,7,2,9
1947,5,4,9
1947,6,4,10
1947,4,3,7
1947,7,6,13
1947,6,2,8
1947,8,7,15
1947,3,2,5
1947,4,2,6
1947,3,13,16
1947,6,5,11
1947,7,0,7
1947,2,1,3
1947,6,3,9
1947,4,3,7
1947,9,2,11
1947,5,4,9
1947,2,0,2
1947,3,1,4
1947,8,5,13
1947,5,2,7
1947,6,5,11
1947,3,2,5
1947,3,2,5
1947,5,1,6
1947,4,10,14
1947,6,3,9
1947,8,15,23
1947,7,3,10
1947,3,1,4
1947,6,5,11
1947,5,1,6
1947,3,2,5
1947,7,2,9
1947,2,11,13
1947,10,1,11
1947,6,3,9
1947,4,1,5
1947,5,0,5
1947,5,0,5
1947,1,0,1
1947,2,13,15
1947,2,1,3
1947,4,2,6
1947,6,5,11
1947,7,2,9
1947,2,1,3
1947,2,12,14
1947,4,0,4
1947,7,4,11
1947,6,5,11
1947,8,2,10
1947,3,2,5
1947,7,4,11
1947,2,11,13
1947,9,6,15
1947,11,1,12
1947,8,3,11
1947,6,5,11
1947,3,0,3
1947,6,13,19
1947,6,5,11
1947,4,2,6
1947,2,1,3
1947,2,0,2
1947,7,5,12
1947,5,4,9
1947,2,1,3
1947,6,1,7
1947,7,6,13
1947,9,7,16
1947,3,2,5
1947,7,4,11
1947,6,4,10
1947,2,0,2
1947,3,2,5
1947,4,3,7
1947,7,6,13
1947,4,3,7
1947,9,6,15
1947,2,0,2
1947,3,2,5
1947,3,0,3
1947,7,6,13
1947,7,4,11
1947,4,3,7
1947,4,3,7
1947,2,12,14
1947,4,2,6
1947,7,1,8
1947,4,3,7
1947,8,10,18
1947,5,3,8
1947,4,3,7
1947,2,0,2
1947,1,0,1
1947,3,1,4
1947,2,0,2
1947,6,1,7
1947,5,0,5
1947,5,1,6
1947,8,0,8
1947,7,4,11
1947,8,2,10
1947,3,2,5
1947,4,1,5
1947,3,1,4
1947,8,10,18
1947,8,3,11
1947,3,2,5
1947,7,2,9
1947,5,11,16
1947,7,3,10
1947,4,3,7
1947,8,10,18
1947,4,3,7
1947,2,0,2
1947,6,11,17
1947,4,3,7
1947,7,5,12
1947,7,2,9
1947,5,4,9
1947,4,3,7
1947,8,7,15
1947,9,3,12
1947,3,2,5
1947,7,3,10
1947,3,1,4
1947,3,2,5
1947,7,4,11
1947,5,2,7
1947,9,2,11
1947,8,1,9
1947,8,7,15
1947,1,0,1
1947,1,1,2
1947,1,0,1
1947,6,1,7
1947,2,13,15
1947,6,3,9
1947,6,4,10
1947,9,11,20
1947,4,4,8
1947,7,3,10
1947,9,7,16
1947,9,1,10
1947,6,16,22
1947,8,4,12
1947,6,3,9
1947,7,5,12
1947,3,2,5
1947,2,1,3
1947,2,12,14
1947,5,10,15
1947,7,2,9
1947,5,0,5
1947,8,3,11
1947,7,3,10
1947,8,3,11
1947,8,2,10
1947,5,3,8
1947,7,3,10
1947,2,1,3
1947,7,2,9
1947,4,1,5
1947,9,4,13
1947,4,0,4
1947,9,3,12
1947,12,10,22
1947,12,0,12
1947,5,0,5
1947,6,4,10
1947,8,6,14
1947,4,2,6
1947,8,10,18
1947,7,0,7
1947,6,10,16
1947,9,5,14
1947,9,4,13
1947,3,1,4
1947,8,7,15
1947,6,2,8
1947,4,0,4
1947,5,2,7
1947,6,3,9
1947,7,2,9
1947,8,1,9
1947,5,3,8
1947,3,2,5
1947,5,5,10
1947,5,3,8
1947,3,2,5
1947,5,0,5
1947,3,0,3
1947,4,0,4
1947,3,1,4
1947,7,11,18
1947,3,2,5
1947,6,4,10
1947,6,0,6
1947,4,2,6
1947,4,0,4
1947,6,4,10
1947,7,6,13
1947,4,2,6
1947,6,3,9
1947,9,3,12
1947,6,5,11
1947,6,1,7
1947,4,1,5
1947,7,2,9
1947,2,0,2
1947,3,1,4
1947,8,4,12
1947,7,4,11
1947,6,5,11
1947,5,4,9
1947,6,5,11
1947,5,1,6
1947,9,1,10
1947,3,1,4
1947,5,2,7
1947,3,15,18
1947,3,1,4
1947,4,3,7
1947,2,0,2
1947,5,3,8
1947,5,2,7
1947,3,2,5
1947,8,11,19
1947,4,3,7
1947,2,1,3
1947,3,1,4
1947,4,2,6
1947,2,1,3
1947,7,10,17
1947,2,1,3
1947,3,2,5
1947,8,1,9
1947,3,2,5
1947,3,0,3
1947,1,0,1
1947,5,3,8
1947,4,1,5
1947,3,1,4
1947,7,0,7
1947,5,2,7
1947,5,1,6
1947,5,3,8
1947,3,10,13
1947,9,8,17
1947,3,2,5
1947,2,1,3
1947,8,6,14
1947,5,2,7
1948,5,4,9
1948,4,2,6
1948,4,1,5
1948,4,12,16
1948,5,2,7
1948,4,0,4
1948,7,6,13
1948,3,1,4
1948,3,2,5
1948,4,0,4
1948,9,1,10
1948,4,3,7
1948,9,5,14
1948,4,3,7
1948,6,3,9
1948,5,2,7
1948,6,3,9
1948,5,3,8
1948,3,2,5
1948,6,3,9
1948,4,10,14
1948,3,0,3
1948,4,3,7
1948,2,10,12
1948,3,1,4
1948,1,0,1
1948,5,3,8
1948,8,2,10
1948,4,0,4
1948,5,3,8
1948,4,11,15
1948,9,16,25
1948,6,2,8
1948,7,1,8
1948,4,1,5
1948,7,2,9
1948,3,2,5
1948,6,4,10
1948,6,3,9
1948,6,2,8
1948,6,0,6
1948,3,1,4
1948,7,6,13
1948,13,10,23
1948,7,4,11
1948,5,4,9
1948,4,0,4
1948,7,3,10
1948,4,1,5
1948,7,6,13
1948,5,0,5
1948,12,11,23
1948,5,1,6
1948,2,1,3
1948,6,0,6
1948,3,2,5
1948,7,2,9
1948,7,1,8
1948,4,2,6
1948,9,8,17
1948,7,0,7
1948,8,1,9
1948,9,4,13
1948,7,17,24
1948,4,2,6
1948,4,2,6
1948,5,4,9
1948,5,4,9
1948,5,4,9
1948,5,11,16
1948,5,2,7
1948,6,0,6
1948,4,10,14
1948,7,13,20
1948,5,4,9
1948,7,2,9
1948,2,11,13
1948,3,1,4
1948,8,6,14
1948,6,2,8
1948,3,10,13
1948,6,3,9
1948,2,1,3
1948,7,2,9
1948,4,0,4
1948,5,1,6
1948,7,1,8
1948,4,2,6
1948,5,1,6
1948,9,6,15
1948,2,0,2
1948,6,4,10
1948,4,13,17
1948,4,3,7
1948,5,0,5
1948,3,1,4
1948,6,3,9
1948,6,1,7
1948,8,6,14
1948,5,4,9
1948,3,3,6
1948,4,3,7
1948,9,13,22
1948,5,2,7
1948,3,2,5
1948,6,0,6
1948,8,3,11
1948,6,5,11
1948,8,5,13
1948,9,2,11
1948,5,0,5
1948,9,5,14
1948,4,3,7
1948,7,4,11
1948,8,0,8
1948,9,4,13
1948,6,0,6
1948,3,2,5
1948,3,2,5
1948,9,1,10
1948,16,1,17
1948,5,12,17
1948,5,0,5
1948,6,1,7
1948,4,1,5
1948,9,5,14
1948,2,0,2
1948,2,14,16
1948,8,0,8
1948,8,0,8
1948,5,10,15
1948,5,3,8
1948,2,14,16
1948,8,10,18
1948,6,4,10
1948,3,1,4
1948,7,12,19
1948,9,3,12
1948,4,2,6
1948,6,0,6
1948,6,2,8
1948,8,0,8
1948,4,3,7
1948,4,1,5
1948,3,2,5
1948,4,1,5
1948,6,5,11
1948,9,7,16
1948,8,4,12
1948,5,0,5
1948,9,14,23
1948,2,0,2
1948,9,3,12
1948,5,1,6
1948,5,0,5
1948,1,0,1
1948,3,0,3
1948,3,0,3
1948,2,1,3
1948,5,0,5
1948,1,0,1
1948,5,2,7
1948,7,1,8
1948,4,1,5
1948,3,1,4
1948,8,6,14
1948,7,0,7
1948,8,3,11
1948,5,14,19
1948,13,11,24
1948,6,4,10
1948,9,2,11
1948,3,2,5
1948,6,5,11
1948,3,12,15
1948,7,1,8
1948,4,3,7
1948,4,3,7
1948,5,4,9
1948,6,1,7
1948,7,10,17
1948,6,5,11
1948,3,2,5
1948,6,5,11
1948,7,14,21
1948,4,1,5
1948,4,1,5
1948,6,1,7
1948,4,1,5
1948,5,0,5
1948,2,1,3
1948,8,4,12
1948,4,13,17
1948,13,0,13
1948,2,13,15
1948,4,13,17
1948,4,2,6
1948,3,1,4
1948,5,3,8
1948,7,17,24
1948,8,4,12
1948,3,1,4
1948,3,0,3
1948,5,11,16
1948,9,6,15
1948,8,3,11
1948,4,3,7
1948,3,1,4
1948,6,4,10
1948,2,10,12
1948,7,0,7
1948,6,5,11
1948,11,0,11
1948,9,2,11
1948,4,2,6
1948,6,5,11
1948,8,5,13
1948,4,12,16
1948,4,3,7
1948,4,3,7
1948,6,5,11
1948,5,1,6
1948,1,0,1
1948,2,1,3
1948,3,18,21
1948,4,1,5
1948,7,3,10
1948,8,1,9
1948,9,4,13
1948,5,2,7
1948,6,2,8
1948,4,3,7
1948,4,0,4
1948,5,16,21
1948,4,1,5
1948,9,4,13
1948,4,1,5
1948,8,5,13
1948,7,1,8
1948,2,0,2
1948,7,3,10
1948,7,10,17
1948,5,3,8
1948,4,2,6
1948,9,6,15
1948,2,1,3
1948,7,3,10
1948,7,5,12
1948,2,0,2
1948,8,10,18
1948,6,3,9
1948,6,3,9
1948,1,1,2
1948,5,4,9
1948,2,1,3
1948,3,1,4
1948,4,0,4
1948,4,3,7
1948,7,1,8
1948,6,5,11
1948,7,3,10
1948,6,1,7
1948,5,4,9
1948,7,6,13
1948,4,2,6
1948,8,13,21
1948,6,1,7
1948,8,3,11
1948,4,10,14
1948,7,6,13
1948,2,1,3
1948,9,3,12
1948,7,6,13
1948,6,4,10
1948,8,1,9
1948,4,3,7
1948,10,1,11
1948,6,3,9
1948,4,10,14
1948,4,3,7
1948,4,2,6
1948,4,3,7
1948,7,0,7
1948,8,3,11
1948,6,0,6
1948,5,4,9
1948,9,3,12
1948,10,0,10
1948,5,4,9
1948,7,0,7
1948,2,1,3
1948,4,4,8
1948,4,1,5
1948,8,1,9
1948,3,1,4
1948,2,1,3
1948,7,4,11
1948,1,0,1
1948,7,3,10
1948,5,1,6
1948,5,3,8
1948,2,1,3
1948,3,2,5
1948,4,3,7
1948,6,4,10
1948,6,2,8
1948,5,3,8
1948,4,1,5
1948,4,10,14
1948,7,2,9
1948,7,2,9
1948,5,4,9
1948,7,4,11
1948,4,3,7
1948,7,10,17
1948,1,0,1
1948,5,0,5
1948,4,2,6
1948,6,5,11
1948,5,3,8
1948,7,1,8
1948,7,3,10
1948,8,7,15
1948,9,6,15
1948,3,2,5
1948,5,4,9
1948,4,12,16
1948,1,0,1
1948,5,0,5
1948,4,3,7
1948,3,0,3
1948,5,3,8
1948,11,1,12
1948,4,16,20
1948,4,3,7
1948,11,1,12
1948,2,0,2
1948,4,10,14
1948,4,11,15
1948,9,5,14
1948,5,3,8
1948,9,5,14
1948,5,1,6
1948,7,1,8
1948,2,0,2
1948,11,1,12
1948,6,5,11
1948,3,2,5
1948,2,1,3
1948,7,5,12
1948,6,5,11
1948,8,7,15
1948,5,1,6
1948,3,2,5
1948,7,4,11
1948,6,4,10
1948,5,11,16
1948,5,2,7
1948,7,15,22
1948,6,4,10
1948,4,10,14
1948,4,1,5
1948,2,10,12
1948,5,4,9
1948,4,12,16
1948,3,1,4
1948,12,1,13
1948,8,10,18
1948,6,5,11
1948,3,2,5
1948,7,3,10
1948,7,6,13
1948,5,3,8
1948,3,2,5
1948,9,11,20
1948,7,5,12
1948,9,4,13
1948,3,2,5
1948,7,5,12
1948,4,1,5
1948,3,1,4
1948,8,7,15
1948,5,10,15
1948,5,3,8
1948,7,5,12
1948,3,1,4
1948,8,7,15
1948,9,2,11
1948,8,7,15
1948,3,2,5
1948,9,3,12
1948,9,2,11
1948,5,4,9
1948,6,3,9
1948,9,8,17
1948,7,3,10
1948,4,1,5
1948,2,0,2
1948,2,1,3
1948,4,3,7
1948,8,5,13
1948,3,1,4
1948,7,4,11
1948,2,1,3
1948,5,11,16
1948,6,5,11
1948,5,3,8
1948,7,6,13
1948,8,7,15
1948,8,6,14
1948,5,2,7
1948,9,8,17
1948,4,1,5
1948,6,4,10
1948,5,4,9
1948,5,2,7
1948,5,4,9
1948,8,12,20
1948,2,0,2
1948,2,1,3
1948,5,2,7
1948,5,0,5
1948,9,5,14
1948,4,0,4
1948,9,7,16
1948,10,1,11
1948,7,6,13
1948,5,10,15
1948,6,3,9
1948,5,4,9
1948,4,1,5
1948,8,5,13
1948,4,1,5
1948,4,3,7
1948,10,0,10
1948,8,3,11
1948,7,2,9
1948,6,4,10
1948,9,0,9
1948,7,5,12
1948,4,2,6
1948,6,2,8
1948,5,2,7
1948,1,0,1
1948,2,13,15
1948,4,3,7
1948,9,8,17
1948,5,2,7
1948,6,11,17
1948,5,2,7
1948,5,4,9
1948,6,4,10
1948,7,6,13
1948,5,1,6
1948,2,1,3
1948,3,2,5
1948,12,1,13
1948,6,2,8
1948,8,6,14
1948,2,11,13
1948,3,1,4
1948,8,5,13
1948,4,0,4
1948,3,2,5
1948,2,11,13
1948,6,5,11
1948,3,2,5
1948,3,12,15
1948,4,1,5
1948,3,2,5
1948,4,2,6
1948,7,0,7
1948,2,1,3
1948,9,6,15
1948,6,3,9
1948,7,1,8
1948,4,2,6
1948,5,0,5
1948,8,5,13
1948,4,0,4
1948,3,2,5
1948,6,4,10
1948,9,1,10
1948,6,5,11
1948,6,2,8
1948,5,2,7
1948,4,1,5
1948,7,0,7
1948,4,3,7
1948,6,2,8
1948,7,4,11
1948,2,0,2
1948,6,3,9
1948,2,1,3
1948,3,11,14
1948,3,1,4
1948,6,5,11
1948,6,2,8
1948,7,0,7
1948,5,3,8
1948,4,1,5
1948,4,13,17
1948,3,1,4
1948,9,1,10
1948,2,0,2
1948,7,3,10
1948,2,1,3
1948,4,2,6
1948,4,1,5
1948,4,3,7
1948,5,2,7
1948,9,5,14
1948,7,10,17
1948,3,2,5
1948,8,5,13
1948,4,2,6
1948,6,4,10
1948,5,2,7
1948,7,3,10
1948,2,1,3
1948,7,3,10
1948,5,1,6
1948,8,6,14
1948,8,2,10
1948,7,5,12
1948,6,2,8
1948,5,3,8
1948,6,11,17
1948,8,2,10
1948,5,19,24
1948,13,12,25
1948,6,3,9
1948,12,1,13
1948,8,6,14
1948,8,1,9
1948,6,5,11
1948,7,2,9
1948,5,2,7
1948,5,1,6
1948,6,2,8
1948,6,5,11
1948,8,7,15
1948,3,2,5
1948,5,4,9
1948,6,3,9
1948,7,5,12
1948,6,5,11
1948,4,1,5
1948,4,3,7
1948,10,1,11
1948,3,10,13
1948,6,4,10
1948,6,3,9
1948,5,2,7
1948,3,1,4
1948,5,12,17
1948,2,1,3
1948,7,6,13
1948,9,0,9
1948,4,3,7
1948,5,0,5
1948,6,4,10
1948,12,10,22
1948,5,3,8
1948,7,6,13
1948,4,3,7
1948,3,10,13
1948,2,10,12
1948,6,0,6
1948,4,3,7
1948,7,0,7
1948,2,1,3
1948,4,1,5
1948,7,4,11
1948,4,0,4
1948,14,1,15
1948,2,12,14
1948,6,5,11
1948,6,4,10
1948,2,13,15
1948,2,1,3
1948,5,3,8
1948,4,2,6
1948,3,10,13
1948,8,7,15
1948,6,4,10
1948,9,0,9
1948,4,3,7
1948,4,2,6
1948,5,4,9
1948,15,10,25
1948,4,0,4
1948,4,3,7
1948,5,2,7
1948,9,4,13
1948,1,0,1
1948,3,2,5
1948,5,0,5
1948,5,4,9
1948,3,2,5
1948,9,8,17
1948,7,5,12
1948,1,0,1
1948,9,4,13
1948,5,13,18
1948,3,1,4
1948,2,1,3
1948,1,1,2
1948,5,3,8
1948,4,2,6
1948,6,1,7
1948,8,5,13
1948,4,3,7
1948,3,10,13
1948,3,1,4
1948,4,1,5
1948,5,3,8
1948,12,10,22
1948,4,2,6
1948,4,10,14
1948,5,10,15
1948,8,2,10
1948,3,2,5
1948,3,1,4
1948,4,1,5
1948,8,4,12
1948,4,10,14
1948,4,0,4
1948,5,0,5
1948,6,5,11
1948,11,10,21
1948,9,7,16
1948,5,12,17
1948,7,6,13
1948,3,2,5
1948,6,4,10
1948,3,0,3
1948,8,2,10
1948,5,3,8
1948,4,12,16
1948,12,11,23
1948,6,1,7
1948,2,10,12
1948,3,1,4
1948,6,3,9
1948,4,13,17
1948,2,1,3
1948,6,4,10
1948,4,1,5
1948,5,4,9
1948,2,14,16
1948,6,0,6
1948,6,4,10
1948,1,0,1
1948,7,6,13
1948,8,3,11
1948,5,0,5
1948,9,6,15
1948,2,1,3
1948,5,2,7
1948,2,11,13
1948,2,1,3
1948,3,1,4
1948,9,10,19
1948,9,3,12
1948,7,1,8
1948,6,2,8
1948,7,3,10
1948,8,12,20
1948,5,17,22
1948,3,2,5
1948,8,4,12
1948,6,1,7
1948,3,0,3
1948,5,3,8
1948,6,3,9
1948,6,5,11
1948,8,7,15
1948,5,3,8
1948,1,1,2
1948,6,3,9
1948,7,6,13
1948,9,8,17
1948,13,1,14
1948,5,0,5
1948,6,1,7
1948,4,3,7
1948,7,5,12
1948,5,11,16
1948,6,5,11
1948,2,1,3
1948,3,1,4
1948,3,0,3
1948,7,5,12
1948,6,2,8
1948,8,4,12
1948,8,6,14
1948,4,3,7
1948,2,13,15
1948,3,0,3
1948,6,3,9
1948,8,11,19
1948,9,2,11
1948,5,3,8
1948,7,3,10
1948,4,0,4
1948,2,10,12
1948,7,6,13
1948,7,4,11
1948,6,5,11
1948,8,6,14
1948,5,1,6
1948,6,4,10
1948,4,13,17
1948,3,2,5
1948,5,1,6
1948,2,1,3
1948,5,10,15
1948,8,0,8
1948,3,0,3
1948,3,2,5
1948,4,0,4
1948,4,12,16
1948,8,2,10
1948,2,1,3
1948,4,3,7
1948,13,0,13
1948,5,0,5
1948,9,4,13
1948,4,0,4
1948,9,6,15
1948,2,1,3
1948,8,1,9
1948,5,0,5
1948,7,4,11
1948,5,10,15
1948,6,2,8
1948,8,7,15
1948,8,7,15
1948,2,17,19
1948,9,1,10
1948,8,5,13
1948,3,2,5
1948,5,2,7
1948,7,6,13
1948,4,2,6
1948,9,10,19
1948,8,3,11
1948,9,14,23
1948,6,3,9
1948,4,3,7
1948,4,1,5
1948,8,10,18
1948,9,6,15
1948,8,2,10
1948,7,5,12
1948,2,12,14
1948,6,1,7
1948,4,2,6
1948,8,5,13
1948,4,3,7
1948,4,2,6
1948,3,1,4
1948,5,21,26
1948,7,5,12
1948,5,4,9
1948,2,1,3
1948,5,3,8
1948,3,15,18
1948,8,15,23
1948,5,4,9
1948,4,2,6
1948,7,2,9
1948,3,0,3
1948,9,8,17
1948,6,4,10
1948,6,4,10
1948,3,0,3
1948,7,4,11
1948,3,0,3
1948,2,1,3
1948,8,7,15
1948,4,1,5
1948,5,4,9
1948,4,3,7
1948,9,7,16
1948,1,0,1
1948,7,6,13
1948,6,2,8
1948,2,1,3
1948,6,4,10
1948,6,3,9
1948,5,1,6
1948,5,0,5
1948,3,2,5
1948,5,4,9
1948,6,2,8
1948,7,1,8
1948,2,10,12
1948,6,3,9
1948,8,1,9
1948,2,1,3
1948,8,6,14
1948,2,1,3
1948,5,3,8
1948,6,5,11
1948,6,2,8
1948,5,4,9
1948,4,1,5
1948,4,3,7
1948,7,5,12
1948,2,1,3
1948,6,2,8
1948,6,2,8
1948,8,6,14
1948,5,2,7
1948,6,5,11
1948,7,3,10
1948,9,6,15
1948,8,2,10
1948,2,11,13
1948,5,1,6
1948,3,1,4
1948,3,2,5
1948,4,3,7
1948,2,1,3
1948,9,4,13
1948,5,2,7
1948,8,3,11
1948,4,2,6
1948,7,5,12
1948,4,12,16
1948,2,1,3
1948,3,2,5
1948,8,4,12
1948,3,26,29
1948,6,3,9
1948,5,0,5
1948,4,10,14
1948,8,5,13
1948,7,12,19
1948,5,4,9
1948,4,1,5
1948,6,2,8
1948,4,3,7
1948,4,2,6
1948,3,14,17
1948,3,1,4
1948,6,3,9
1948,3,10,13
1948,4,3,7
1948,4,2,6
1948,6,2,8
1948,8,0,8
1948,7,6,13
1948,5,0,5
1948,5,3,8
1948,5,3,8
1948,8,1,9
1948,7,5,12
1948,8,3,11
1948,5,4,9
1948,3,1,4
1948,5,4,9
1948,8,7,15
1948,6,2,8
1948,9,7,16
1948,5,2,7
1948,4,2,6
1948,8,0,8
1948,6,4,10
1948,2,10,12
1948,10,1,11
1948,4,3,7
1948,8,1,9
1948,2,10,12
1948,7,4,11
1948,3,0,3
1948,8,2,10
1948,1,0,1
1948,4,3,7
1948,4,1,5
1948,3,10,13
1948,2,1,3
1948,4,0,4
1948,8,1,9
1948,5,4,9
1948,4,10,14
1948,5,2,7
1948,1,0,1
1948,5,4,9
1948,6,2,8
1948,7,4,11
1948,6,10,16
1948,8,7,15
1948,2,1,3
1948,2,0,2
1948,3,2,5
1948,6,5,11
1948,6,5,11
1948,6,0,6
1948,9,2,11
1948,4,1,5
1948,4,3,7
1948,3,10,13
1948,8,1,9
1948,4,3,7
1948,10,1,11
1948,9,4,13
1948,3,0,3
1948,10,0,10
1948,4,1,5
1948,3,2,5
1948,3,2,5
1948,11,1,12
1948,9,8,17
1948,7,4,11
1948,6,5,11
1948,7,4,11
1948,9,1,10
1948,9,3,12
1948,6,5,11
1948,9,0,9
1948,9,4,13
1948,5,1,6
1948,8,2,10
1948,4,10,14
1948,12,11,23
1948,2,0,2
1948,6,14,20
1948,8,4,12
1948,5,1,6
1948,5,2,7
1948,6,1,7
1948,6,2,8
1948,4,3,7
1948,4,11,15
1948,4,1,5
1948,7,2,9
1948,7,5,12
1948,8,7,15
1948,5,10,15
1948,1,0,1
1948,3,2,5
1948,8,1,9
1948,7,2,9
1948,6,0,6
1948,9,1,10
1948,4,3,7
1948,3,2,5
1948,6,2,8
1948,5,4,9
1948,2,0,2
1948,3,2,5
1948,5,4,9
1948,9,2,11
1948,7,11,18
1948,5,4,9
1948,7,6,13
1948,7,5,12
1948,2,10,12
1948,4,12,16
1948,1,0,1
1948,4,10,14
1948,3,2,5
1948,3,2,5
1948,9,6,15
1948,11,10,21
1948,5,4,9
1948,7,2,9
1948,6,1,7
1948,5,2,7
1948,7,12,19
1948,6,4,10
1948,6,0,6
1948,5,2,7
1948,3,0,3
1948,9,6,15
1948,2,1,3
1948,6,5,11
1948,6,1,7
1948,10,1,11
1948,8,4,12
1948,3,0,3
1948,7,2,9
1948,3,1,4
1948,9,10,19
1948,6,1,7
1948,5,4,9
1948,5,0,5
1948,7,1,8
1948,10,1,11
1948,6,0,6
1948,3,1,4
1948,11,1,12
1948,5,4,9
1948,8,1,9
1948,3,1,4
1948,4,2,6
1948,5,4,9
1948,7,6,13
1948,5,4,9
1948,7,5,12
1948,6,3,9
1948,3,1,4
1948,5,2,7
1948,6,2,8
1948,5,2,7
1948,2,0,2
1948,10,1,11
1948,7,0,7
1948,4,3,7
1948,3,0,3
1948,4,3,7
1948,8,1,9
1948,4,3,7
1948,3,1,4
1948,9,7,16
1948,5,3,8
1948,4,3,7
1948,4,3,7
1948,5,1,6
1948,4,3,7
1948,5,1,6
1948,5,3,8
1948,4,3,7
1948,7,3,10
1948,3,11,14
1948,2,1,3
1948,4,0,4
1948,3,1,4
1948,1,0,1
1948,3,1,4
1948,6,2,8
1948,6,4,10
1948,6,2,8
1948,4,3,7
1948,3,0,3
1948,2,1,3
1948,4,1,5
1948,8,1,9
1948,11,10,21
1948,6,14,20
1948,2,1,3
1948,6,1,7
1948,8,6,14
1948,6,2,8
1948,6,10,16
1948,5,1,6
1948,8,7,15
1948,5,4,9
1948,4,2,6
1948,7,10,17
1948,5,2,7
1948,9,4,13
1948,5,2,7
1948,4,2,6
1948,6,1,7
1948,3,2,5
1948,2,0,2
1948,4,0,4
1948,6,11,17
1948,7,10,17
1948,10,1,11
1948,6,5,11
1948,9,6,15
1948,3,0,3
1948,9,1,10
1948,2,1,3
1948,13,12,25
1948,4,1,5
1948,9,1,10
1948,4,1,5
1948,6,4,10
1948,2,1,3
1948,6,4,10
1948,3,1,4
1948,2,13,15
1948,3,2,5
1948,6,3,9
1948,4,10,14
1948,7,3,10
1948,6,4,10
1948,3,3,6
1948,5,2,7
1948,5,3,8
1948,6,4,10
1948,2,1,3
1948,7,6,13
1948,5,10,15
1948,6,4,10
1948,3,2,5
1948,5,2,7
1948,8,5,13
1948,7,3,10
1948,3,10,13
1948,4,1,5
1948,6,5,11
1948,2,1,3
1948,12,1,13
1948,8,0,8
1948,2,12,14
1948,3,2,5
1948,2,1,3
1948,5,2,7
1948,17,10,27
1948,4,2,6
1948,8,3,11
1948,2,0,2
1948,8,7,15
1948,6,12,18
1948,6,3,9
1948,2,1,3
1948,8,4,12
1948,6,10,16
1948,3,1,4
1948,4,2,6
1948,6,2,8
1948,9,6,15
1948,4,1,5
1948,5,13,18
1948,5,3,8
1948,6,3,9
1948,9,3,12
1948,3,2,5
1948,2,1,3
1948,3,11,14
1948,10,1,11
1948,4,3,7
1948,7,12,19
1948,6,11,17
1948,8,1,9
1948,4,2,6
1948,7,10,17
1948,8,6,14
1948,5,3,8
1948,2,0,2
1948,4,3,7
1948,8,6,14
1948,4,3,7
1948,3,1,4
1948,9,6,15
1948,5,3,8
1948,8,6,14
1948,9,6,15
1948,4,2,6
1948,6,3,9
1948,7,2,9
1948,5,2,7
1948,7,4,11
1948,8,7,15
1948,6,3,9
1948,3,11,14
1948,4,0,4
1948,2,10,12
1948,3,2,5
1948,3,2,5
1948,6,5,11
1948,6,1,7
1948,5,1,6
1948,8,2,10
1948,7,2,9
1948,5,2,7
1948,5,1,6
1948,3,2,5
1948,7,11,18
1948,4,3,7
1948,5,4,9
1948,4,2,6
1948,8,7,15
1948,7,1,8
1948,3,2,5
1948,9,8,17
1948,4,1,5
1948,4,3,7
1948,9,6,15
1948,4,3,7
1948,4,3,7
1948,3,2,5
1948,3,2,5
1948,9,3,12
1948,7,2,9
1948,3,0,3
1948,6,16,22
1948,7,2,9
1948,3,2,5
1948,5,2,7
1948,4,1,5
1948,6,2,8
1948,5,1,6
1948,8,6,14
1948,8,5,13
1948,3,0,3
1948,4,2,6
1948,9,8,17
1948,6,2,8
1948,11,0,11
1948,5,3,8
1948,6,5,11
1948,6,3,9
1948,5,2,7
1948,5,1,6
1948,4,3,7
1948,5,3,8
1948,5,2,7
1948,4,0,4
1948,4,2,6
1948,2,1,3
1948,7,3,10
1948,1,0,1
1948,7,2,9
1948,9,7,16
1948,6,1,7
1948,4,1,5
1948,3,1,4
1948,4,0,4
1948,3,2,5
1948,2,1,3
1948,5,3,8
1948,6,4,10
1948,5,1,6
1948,5,4,9
1948,8,0,8
1948,8,2,10
1948,2,1,3
1948,7,1,8
1948,9,0,9
1948,5,10,15
1948,4,2,6
1948,5,10,15
1948,2,2,4
1948,1,0,1
1948,7,1,8
1948,11,1,12
1948,7,2,9
1948,4,3,7
1948,8,3,11
1948,1,0,1
1948,4,1,5
1948,2,0,2
1948,2,1,3
1948,5,11,16
1948,4,3,7
1949,4,0,4
1949,3,2,5
1949,3,10,13
1949,4,3,7
1949,2,11,13
1949,1,0,1
1949,3,1,4
1949,5,1,6
1949,3,2,5
1949,3,2,5
1949,5,1,6
1949,6,2,8
1949,6,5,11
1949,4,0,4
1949,5,2,7
1949,3,0,3
1949,3,2,5
1949,7,3,10
1949,4,1,5
1949,4,3,7
1949,5,0,5
1949,5,2,7
1949,2,1,3
1949,4,0,4
1949,8,2,10
1949,5,3,8
1949,5,2,7
1949,4,3,7
1949,6,6,12
1949,5,4,9
1949,9,2,11
1949,2,0,2
1949,8,11,19
1949,5,12,17
1949,5,4,9
1949,3,11,14
1949,8,6,14
1949,7,11,18
1949,14,1,15
1949,9,4,13
1949,2,1,3
1949,4,0,4
1949,6,2,8
1949,7,4,11
1949,6,5,11
1949,3,2,5
1949,3,1,4
1949,5,4,9
1949,8,3,11
1949,2,0,2
1949,3,0,3
1949,3,2,5
1949,6,3,9
1949,8,2,10
1949,9,3,12
1949,5,2,7
1949,6,2,8
1949,7,5,12
1949,1,0,1
1949,5,4,9
1949,12,11,23
1949,6,10,16
1949,8,3,11
1949,3,11,14
1949,4,3,7
1949,8,11,19
1949,2,0,2
1949,7,1,8
1949,4,3,7
1949,5,12,17
1949,2,0,2
1949,9,6,15
1949,2,15,17
1949,6,1,7
1949,4,2,6
1949,6,2,8
1949,5,2,7
1949,9,10,19
1949,5,4,9
1949,7,3,10
1949,4,1,5
1949,7,1,8
1949,6,5,11
1949,4,12,16
1949,4,0,4
1949,4,3,7
1949,8,4,12
1949,7,5,12
1949,4,3,7
1949,4,3,7
1949,5,4,9
1949,4,2,6
1949,6,5,11
1949,4,2,6
1949,8,3,11
1949,4,10,14
1949,5,2,7
1949,3,2,5
1949,2,11,13
1949,9,15,24
1949,7,3,10
1949,7,6,13
1949,14,11,25
1949,3,0,3
1949,4,0,4
1949,14,12,26
1949,14,14,28
1949,5,3,8
1949,7,3,10
1949,5,3,8
1949,5,1,6
1949,4,3,7
1949,8,7,15
1949,4,3,7
1949,5,1,6
1949,4,11,15
1949,7,5,12
1949,5,10,15
1949,7,5,12
1949,7,5,12
1949,7,3,10
1949,6,5,11
1949,3,2,5
1949,3,2,5
1949,5,3,8
1949,4,2,6
1949,6,1,7
1949,6,2,8
1949,5,4,9
1949,3,0,3
1949,4,3,7
1949,8,7,15
1949,4,10,14
1949,4,2,6
1949,8,1,9
1949,4,3,7
1949,4,2,6
1949,9,1,10
1949,6,4,10
1949,6,4,10
1949,8,7,15
1949,8,3,11
1949,8,11,19
1949,3,11,14
1949,3,2,5
1949,7,3,10
1949,2,0,2
1949,12,0,12
1949,10,1,11
1949,7,14,21
1949,8,1,9
1949,6,10,16
1949,4,3,7
1949,5,14,19
1949,4,1,5
1949,4,1,5
1949,7,2,9
1949,5,0,5
1949,1,0,1
1949,6,1,7
1949,2,1,3
1949,5,3,8
1949,7,0,7
1949,8,12,20
1949,3,2,5
1949,11,1,12
1949,4,2,6
1949,4,2,6
1949,5,4,9
1949,6,11,17
1949,2,1,3
1949,2,1,3
1949,3,0,3
1949,4,3,7
1949,9,3,12
1949,6,5,11
1949,11,10,21
1949,7,0,7
1949,9,1,10
1949,3,2,5
1949,7,2,9
1949,7,6,13
1949,13,1,14
1949,2,12,14
1949,8,5,13
1949,4,3,7
1949,8,3,11
1949,5,4,9
1949,4,0,4
1949,10,0,10
1949,2,0,2
1949,6,5,11
1949,8,5,13
1949,7,3,10
1949,8,7,15
1949,7,6,13
1949,4,3,7
1949,9,3,12
1949,4,12,16
1949,3,0,3
1949,3,2,5
1949,4,3,7
1949,8,5,13
1949,5,4,9
1949,4,3,7
1949,9,2,11
1949,3,2,5
1949,5,4,9
1949,4,2,6
1949,7,4,11
1949,5,14,19
1949,9,13,22
1949,6,0,6
1949,8,6,14
1949,5,3,8
1949,3,2,5
1949,6,3,9
1949,7,6,13
1949,6,2,8
1949,3,2,5
1949,3,2,5
1949,2,0,2
1949,10,1,11
1949,5,0,5
1949,2,1,3
1949,2,1,3
1949,6,2,8
1949,5,3,8
1949,4,0,4
1949,5,1,6
1949,4,3,7
1949,7,15,22
1949,8,2,10
1949,6,15,21
1949,7,6,13
1949,3,2,5
1949,7,2,9
1949,3,0,3
1949,2,0,2
1949,5,4,9
1949,7,3,10
1949,6,5,11
1949,3,2,5
1949,4,13,17
1949,6,4,10
1949,4,0,4
1949,4,11,15
1949,3,10,13
1949,7,3,10
1949,3,1,4
1949,8,7,15
1949,8,2,10
1949,4,3,7
1949,3,13,16
1949,6,1,7
1949,3,1,4
1949,8,4,12
1949,3,2,5
1949,3,2,5
1949,6,2,8
1949,6,4,10
1949,8,6,14
1949,3,0,3
1949,6,2,8
1949,7,5,12
1949,6,13,19
1949,5,4,9
1949,4,0,4
1949,3,1,4
1949,4,0,4
1949,5,4,9
1949,3,0,3
1949,9,3,12
1949,2,1,3
1949,5,4,9
1949,7,6,13
1949,2,0,2
1949,3,2,5
1949,8,0,8
1949,2,1,3
1949,5,2,7
1949,4,2,6
1949,4,10,14
1949,3,2,5
1949,4,1,5
1949,2,10,12
1949,4,2,6
1949,2,1,3
1949,6,4,10
1949,3,1,4
1949,4,2,6
1949,3,0,3
1949,4,2,6
1949,2,10,12
1949,4,3,7
1949,3,2,5
1949,2,1,3
1949,2,1,3
1949,5,0,5
1949,2,1,3
1949,7,4,11
1949,7,3,10
1949,6,5,11
1949,8,5,13
1949,8,6,14
1949,8,6,14
1949,9,2,11
1949,6,2,8
1949,3,13,16
1949,6,4,10
1949,7,6,13
1949,6,3,9
1949,8,6,14
1949,3,0,3
1949,3,1,4
1949,5,4,9
1949,5,11,16
1949,4,3,7
1949,6,5,11
1949,7,4,11
1949,4,1,5
1949,7,12,19
1949,8,3,11
1949,5,4,9
1949,3,0,3
1949,3,12,15
1949,4,1,5
1949,5,2,7
1949,9,7,16
1949,8,1,9
1949,4,3,7
1949,5,15,20
1949,3,2,5
1949,3,1,4
1949,3,12,15
1949,8,6,14
1949,2,1,3
1949,2,1,3
1949,3,10,13
1949,9,10,19
1949,9,3,12
1949,1,0,1
1949,3,11,14
1949,5,4,9
1949,8,1,9
1949,7,6,13
1949,5,4,9
1949,3,0,3
1949,4,2,6
1949,5,3,8
1949,5,11,16
1949,6,1,7
1949,7,2,9
1949,8,7,15
1949,6,4,10
1949,7,6,13
1949,5,1,6
1949,7,3,10
1949,5,11,16
1949,9,10,19
1949,4,3,7
1949,7,1,8
1949,6,5,11
1949,7,4,11
1949,13,11,24
1949,5,2,7
1949,3,0,3
1949,6,5,11
1949,6,2,8
1949,3,1,4
1949,8,7,15
1949,5,2,7
1949,8,3,11
1949,3,2,5
1949,2,0,2
1949,2,0,2
1949,5,2,7
1949,9,5,14
1949,2,10,12
1949,1,0,1
1949,9,5,14
1949,4,1,5
1949,4,3,7
1949,11,0,11
1949,5,10,15
1949,6,2,8
1949,4,2,6
1949,3,2,5
1949,6,1,7
1949,3,2,5
1949,3,11,14
1949,5,2,7
1949,7,12,19
1949,9,8,17
1949,4,3,7
1949,6,2,8
1949,7,20,27
1949,6,2,8
1949,2,0,2
1949,3,15,18
1949,7,5,12
1949,6,0,6
1949,3,1,4
1949,9,0,9
1949,6,5,11
1949,6,5,11
1949,7,3,10
1949,8,3,11
1949,6,4,10
1949,13,10,23
1949,5,10,15
1949,9,2,11
1949,2,0,2
1949,3,15,18
1949,4,0,4
1949,4,3,7
1949,7,2,9
1949,7,2,9
1949,8,5,13
1949,4,1,5
1949,3,0,3
1949,9,4,13
1949,2,1,3
1949,8,7,15
1949,9,5,14
1949,9,0,9
1949,6,3,9
1949,4,3,7
1949,6,10,16
1949,5,4,9
1949,7,3,10
1949,7,2,9
1949,6,2,8
1949,5,0,5
1949,4,3,7
1949,8,10,18
1949,2,1,3
1949,7,2,9
1949,4,10,14
1949,6,5,11
1949,6,4,10
1949,8,0,8
1949,7,5,12
1949,2,0,2
1949,6,2,8
1949,6,3,9
1949,5,4,9
1949,4,3,7
1949,9,2,11
1949,8,2,10
1949,5,2,7
1949,3,2,5
1949,4,2,6
1949,8,2,10
1949,7,3,10
1949,9,4,13
1949,6,5,11
1949,9,0,9
1949,7,0,7
1949,6,1,7
1949,3,2,5
1949,4,1,5
1949,4,1,5
1949,7,1,8
1949,7,2,9
1949,5,4,9
1949,7,1,8
1949,8,4,12
1949,9,4,13
1949,8,2,10
1949,9,4,13
1949,6,5,11
1949,9,3,12
1949,4,13,17
1949,9,8,17
1949,4,3,7
1949,5,1,6
1949,8,10,18
1949,7,3,10
1949,3,12,15
1949,8,11,19
1949,4,1,5
1949,7,0,7
1949,5,12,17
1949,7,2,9
1949,12,0,12
1949,4,11,15
1949,9,3,12
1949,6,10,16
1949,4,3,7
1949,21,2,23
1949,6,2,8
1949,5,4,9
1949,2,1,3
1949,4,2,6
1949,8,4,12
1949,8,2,10
1949,2,13,15
1949,4,1,5
1949,6,5,11
1949,9,3,12
1949,7,6,13
1949,17,10,27
1949,6,10,16
1949,4,2,6
1949,5,3,8
1949,6,2,8
1949,4,3,7
1949,5,2,7
1949,6,2,8
1949,4,12,16
1949,4,2,6
1949,3,0,3
1949,3,15,18
1949,2,0,2
1949,3,1,4
1949,6,4,10
1949,5,4,9
1949,7,6,13
1949,4,2,6
1949,2,1,3
1949,5,3,8
1949,5,0,5
1949,6,1,7
1949,9,7,16
1949,1,0,1
1949,4,0,4
1949,8,7,15
1949,9,3,12
1949,5,1,6
1949,7,3,10
1949,7,4,11
1949,7,4,11
1949,6,3,9
1949,6,12,18
1949,3,0,3
1949,6,2,8
1949,4,2,6
1949,2,1,3
1949,5,12,17
1949,8,6,14
1949,2,1,3
1949,6,5,11
1949,3,1,4
1949,4,0,4
1949,4,1,5
1949,5,11,16
1949,2,10,12
1949,5,4,9
1949,3,2,5
1949,8,3,11
1949,4,2,6
1949,7,6,13
1949,8,13,21
1949,3,1,4
1949,3,0,3
1949,2,10,12
1949,7,0,7
1949,7,3,10
1949,4,3,7
1949,4,3,7
1949,8,4,12
1949,16,0,16
1949,8,3,11
1949,8,1,9
1949,2,1,3
1949,7,1,8
1949,8,4,12
1949,4,11,15
1949,8,7,15
1949,9,4,13
1949,5,0,5
1949,2,1,3
1949,1,0,1
1949,3,2,5
1949,7,3,10
1949,3,2,5
1949,6,4,10
1949,9,7,16
1949,8,0,8
1949,5,12,17
1949,4,2,6
1949,7,2,9
1949,2,1,3
1949,8,1,9
1949,4,2,6
1949,9,5,14
1949,7,5,12
1949,9,6,15
1949,4,23,27
1949,4,3,7
1949,6,5,11
1949,5,0,5
1949,5,2,7
1949,8,2,10
1949,7,6,13
1949,3,11,14
1949,6,2,8
1949,2,0,2
1949,9,2,11
1949,8,4,12
1949,7,1,8
1949,4,3,7
1949,3,1,4
1949,6,1,7
1949,4,3,7
1949,4,3,7
1949,2,1,3
1949,6,5,11
1949,7,5,12
1949,9,5,14
1949,3,2,5
1949,7,5,12
1949,4,3,7
1949,6,5,11
1949,8,5,13
1949,11,10,21
1949,7,3,10
1949,4,2,6
1949,1,0,1
1949,4,2,6
1949,7,4,11
1949,8,6,14
1949,9,6,15
1949,7,4,11
1949,6,5,11
1949,3,2,5
1949,6,2,8
1949,7,1,8
1949,5,2,7
1949,4,3,7
1949,1,0,1
1949,5,0,5
1949,5,11,16
1949,6,1,7
1949,9,4,13
1949,8,0,8
1949,8,7,15
1949,1,0,1
1949,6,0,6
1949,7,6,13
1949,9,1,10
1949,5,1,6
1949,7,3,10
1949,11,1,12
1949,9,0,9
1949,7,6,13
1949,4,2,6
1949,4,2,6
1949,4,3,7
1949,5,4,9
1949,3,2,5
1949,2,1,3
1949,7,3,10
1949,4,2,6
1949,2,1,3
1949,8,0,8
1949,5,4,9
1949,10,1,11
1949,2,1,3
1949,8,15,23
1949,7,4,11
1949,3,0,3
1949,6,1,7
1949,6,5,11
1949,1,0,1
1949,8,13,21
1949,7,4,11
1949,7,2,9
1949,4,3,7
1949,5,2,7
1949,6,4,10
1949,5,4,9
1949,7,6,13
1949,3,13,16
1949,1,0,1
1949,9,4,13
1949,5,4,9
1949,8,6,14
1949,6,4,10
1949,8,7,15
1949,7,3,10
1949,6,5,11
1949,5,1,6
1949,4,3,7
1949,7,6,13
1949,3,1,4
1949,5,3,8
1949,6,3,9
1949,9,5,14
1949,8,4,12
1949,2,15,17
1949,3,2,5
1949,3,1,4
1949,5,3,8
1949,12,0,12
1949,2,1,3
1949,8,2,10
1949,6,5,11
1949,2,1,3
1949,4,2,6
1949,5,4,9
1949,9,12,21
1949,5,3,8
1949,2,1,3
1949,6,10,16
1949,8,2,10
1949,5,16,21
1949,14,1,15
1949,4,3,7
1949,7,6,13
1949,7,2,9
1949,6,4,10
1949,7,5,12
1949,5,2,7
1949,6,3,9
1949,5,3,8
1949,6,1,7
1949,10,1,11
1949,4,3,7
1949,9,8,17
1949,8,4,12
1949,4,4,8
1949,4,2,6
1949,2,11,13
1949,6,0,6
1949,6,3,9
1949,5,4,9
1949,4,1,5
1949,9,5,14
1949,6,2,8
1949,6,0,6
1949,7,3,10
1949,9,7,16
1949,7,3,10
1949,8,6,14
1949,8,3,11
1949,7,3,10
1949,7,6,13
1949,11,0,11
1949,6,1,7
1949,7,1,8
1949,2,11,13
1949,3,2,5
1949,8,6,14
1949,2,10,12
1949,7,13,20
1949,2,1,3
1949,9,3,12
1949,3,0,3
1949,3,2,5
1949,5,3,8
1949,3,3,6
1949,6,2,8
1949,6,10,16
1949,4,3,7
1949,9,1,10
1949,8,7,15
1949,9,2,11
1949,11,0,11
1949,7,6,13
1949,9,11,20
1949,3,0,3
1949,5,4,9
1949,10,0,10
1949,9,0,9
1949,3,2,5
1949,2,1,3
1949,3,0,3
1949,6,0,6
1949,9,1,10
1949,6,5,11
1949,4,2,6
1949,7,3,10
1949,4,3,7
1949,3,11,14
1949,9,0,9
1949,8,1,9
1949,2,0,2
1949,4,3,7
1949,3,0,3
1949,3,11,14
1949,2,10,12
1949,5,2,7
1949,5,2,7
1949,7,2,9
1949,8,1,9
1949,9,3,12
1949,4,1,5
1949,2,0,2
1949,7,5,12
1949,3,2,5
1949,5,10,15
1949,7,0,7
1949,2,12,14
1949,1,0,1
1949,8,5,13
1949,9,1,10
1949,3,2,5
1949,3,11,14
1949,2,10,12
1949,6,3,9
1949,14,1,15
1949,9,0,9
1949,8,3,11
1949,6,4,10
1949,2,10,12
1949,5,10,15
1949,3,2,5
1949,1,0,1
1949,1,0,1
1949,4,1,5
1949,3,0,3
1949,4,10,14
1949,5,2,7
1949,9,8,17
1949,2,0,2
1949,4,3,7
1949,3,1,4
1949,6,5,11
1949,6,4,10
1949,11,0,11
1949,4,3,7
1949,7,0,7
1949,2,1,3
1949,20,2,22
1949,2,2,4
1949,5,4,9
1949,4,2,6
1949,7,3,10
1949,5,4,9
1949,9,2,11
1949,4,1,5
1949,1,0,1
1949,2,1,3
1949,9,3,12
1949,6,3,9
1949,8,3,11
1949,9,2,11
1949,5,11,16
1949,4,3,7
1949,8,1,9
1949,4,1,5
1949,8,3,11
1949,3,2,5
1949,2,0,2
1949,5,4,9
1949,6,3,9
1949,4,1,5
1949,7,5,12
1949,8,0,8
1949,8,7,15
1949,7,6,13
1949,3,2,5
1949,6,5,11
1949,7,7,14
1949,7,10,17
1949,7,15,22
1949,13,11,24
1949,5,3,8
1949,6,5,11
1949,4,1,5
1949,2,0,2
1949,7,3,10
1949,8,2,10
1949,5,1,6
1949,5,4,9
1949,9,12,21
1949,9,7,16
1949,6,3,9
1949,9,3,12
1949,4,13,17
1949,7,2,9
1949,4,2,6
1949,8,0,8
1949,4,3,7
1949,5,0,5
1949,6,2,8
1949,4,3,7
1949,8,1,9
1949,1,0,1
1949,4,2,6
1949,4,3,7
1949,4,0,4
1949,3,2,5
1949,5,2,7
1949,9,7,16
1949,4,3,7
1949,9,5,14
1949,8,0,8
1949,2,1,3
1949,4,0,4
1949,5,4,9
1949,2,1,3
1949,5,0,5
1949,7,4,11
1949,4,0,4
1949,7,11,18
1949,4,13,17
1949,1,0,1
1949,4,3,7
1949,4,3,7
1949,5,1,6
1949,6,10,16
1949,5,2,7
1949,9,5,14
1949,6,10,16
1949,2,0,2
1949,5,4,9
1949,2,0,2
1949,4,14,18
1949,6,4,10
1949,2,0,2
1949,7,4,11
1949,7,4,11
1949,7,1,8
1949,8,2,10
1949,4,3,7
1949,4,2,6
1949,6,0,6
1949,4,0,4
1949,7,4,11
1949,7,3,10
1949,9,3,12
1949,4,3,7
1949,5,1,6
1949,7,1,8
1949,5,0,5
1949,5,4,9
1949,7,4,11
1949,5,4,9
1949,4,1,5
1949,8,7,15
1949,4,0,4
1949,4,2,6
1949,4,2,6
1949,8,0,8
1949,4,2,6
1949,8,7,15
1949,4,0,4
1949,7,6,13
1949,5,3,8
1949,4,3,7
1949,5,2,7
1949,4,2,6
1949,4,2,6
1949,8,4,12
1949,7,5,12
1949,4,3,7
1949,5,4,9
1949,6,0,6
1949,6,5,11
1949,5,0,5
1949,3,2,5
1949,2,13,15
1949,5,3,8
1949,4,0,4
1949,3,1,4
1949,4,3,7
1949,8,3,11
1949,6,3,9
1949,2,1,3
1949,5,2,7
1949,5,1,6
1949,4,2,6
1949,9,5,14
1949,4,2,6
1949,3,2,5
1949,4,11,15
1949,7,10,17
1949,5,3,8
1949,11,1,12
1949,4,2,6
1949,3,2,5
1949,3,11,14
1949,6,1,7
1949,6,5,11
1949,7,2,9
1949,4,0,4
1949,7,6,13
1949,5,2,7
1949,2,11,13
1949,8,2,10
1949,5,1,6
1949,9,0,9
1949,9,7,16
1949,7,1,8
1949,8,7,15
1949,7,5,12
1949,2,1,3
1949,6,4,10
1949,3,10,13
1949,4,2,6
1949,7,4,11
1949,8,2,10
1949,2,13,15
1949,4,3,7
1949,5,1,6
1949,8,2,10
1949,5,2,7
1949,5,4,9
1949,4,3,7
1949,3,2,5
1949,6,5,11
1949,2,1,3
1949,4,3,7
1949,4,12,16
1949,1,0,1
1949,3,0,3
1949,6,2,8
1949,4,3,7
1949,4,2,6
1949,7,6,13
1949,2,1,3
1949,7,4,11
1949,5,12,17
1949,3,10,13
1949,8,11,19
1949,4,3,7
1949,8,4,12
1949,3,0,3
1949,2,1,3
1949,7,0,7
1949,9,5,14
1949,4,0,4
1949,4,3,7
1949,8,4,12
1949,8,0,8
1949,8,0,8
1949,6,3,9
1949,3,10,13
1949,7,11,18
1949,4,3,7
1949,5,3,8
1949,6,3,9
1949,4,10,14
1949,9,9,18
1949,6,0,6
1949,4,2,6
1949,7,11,18
1949,5,0,5
1949,5,4,9
1949,6,2,8
1949,9,8,17
1949,8,7,15
1949,6,4,10
1949,2,11,13
1949,3,2,5
1949,5,2,7
1949,2,12,14
1949,7,2,9
1949,2,13,15
1949,7,3,10
1949,7,2,9
1949,5,3,8
1949,6,4,10
1949,4,0,4
1949,2,1,3
1949,9,7,16
1949,4,2,6
1949,4,13,17
1949,5,2,7
1949,9,1,10
1949,5,4,9
1949,2,10,12
1949,4,2,6
1949,4,1,5
1949,6,3,9
1949,5,4,9
1949,7,1,8
1949,5,2,7
1949,5,2,7
1949,3,2,5
1949,7,12,19
1949,3,1,4
1949,3,1,4
1949,10,0,10
1949,4,1,5
1949,9,1,10
1949,8,4,12
1949,9,7,16
1949,8,0,8
1949,10,1,11
1949,6,1,7
1949,7,1,8
1949,5,2,7
1949,8,1,9
1949,5,2,7
1949,5,4,9
1949,1,0,1
1949,8,3,11
1949,6,5,11
1949,4,3,7
1949,8,1,9
1949,9,1,10
1949,9,5,14
1949,2,1,3
1949,5,10,15
1949,3,1,4
1949,6,3,9
1949,1,0,1
1949,7,5,12
1949,7,4,11
1949,5,20,25
1949,2,1,3
1949,6,4,10
1949,4,0,4
1949,7,3,10
1949,5,4,9
1949,7,4,11
1949,6,3,9
1949,6,11,17
1949,1,0,1
1949,3,2,5
1949,1,0,1
1949,8,7,15
1949,4,2,6
1949,2,0,2
1949,7,13,20
1949,2,1,3
1949,4,12,16
1949,9,3,12
1949,8,1,9
1949,6,10,16
1949,4,12,16
1949,5,4,9
1949,2,1,3
1949,4,1,5
1949,5,1,6
1949,6,3,9
1949,9,2,11
1949,7,5,12
1949,5,4,9
1949,3,2,5
1949,4,2,6
1949,4,0,4
1949,5,4,9
1949,8,5,13
1949,7,2,9
1949,4,2,6
1949,8,3,11
1949,5,11,16
1949,7,1,8
1949,7,6,13
1949,1,1,2
1949,7,3,10
1949,7,5,12
1949,7,4,11
1949,4,13,17
1949,7,2,9
1949,3,15,18
1949,3,2,5
1949,5,2,7
1949,4,0,4
1949,6,2,8
1949,6,0,6
1949,7,4,11
1949,6,4,10
1949,4,3,7
1949,5,2,7
1949,5,0,5
1949,3,1,4
1949,8,6,14
1949,4,2,6
1949,7,5,12
1949,6,15,21
1949,9,6,15
1949,3,1,4
1949,9,6,15
1949,5,4,9
1949,5,2,7
1949,9,10,19
1949,4,1,5
1949,9,7,16
1949,1,0,1
1949,5,0,5
1949,7,0,7
1949,3,2,5
1949,3,1,4
1949,8,4,12
1949,1,0,1
1949,6,19,25
1949,4,1,5
1949,5,0,5
1949,9,8,17
1949,7,1,8
1949,3,0,3
1949,8,1,9
1949,6,5,11
1949,8,5,13
1949,6,4,10
1949,3,2,5
1949,4,1,5
1949,5,3,8
1949,7,5,12
1949,6,2,8
1949,7,3,10
1949,5,3,8
1949,7,1,8
1949,3,2,5
1949,5,2,7
1949,8,5,13
1949,4,0,4
1949,6,1,7
1949,7,6,13
1949,3,2,5
1949,5,4,9
1949,3,1,4
1949,6,4,10
1949,6,4,10
1949,4,2,6
1949,7,5,12
1949,2,0,2
1949,2,1,3
1949,9,2,11
1949,8,0,8
1949,8,3,11
1949,7,2,9
1949,6,5,11
1949,6,4,10
1949,4,1,5
1949,3,2,5
1949,9,11,20
1949,3,0,3
1949,3,1,4
1949,4,0,4
1949,5,4,9
1949,6,4,10
1949,8,6,14
1949,7,4,11
1949,2,1,3
1949,5,13,18
1949,8,4,12
1949,5,3,8
1949,9,7,16
1949,4,2,6
1949,6,5,11
1949,4,3,7
1949,5,3,8
1949,3,0,3
1949,1,0,1
1949,1,0,1
1949,4,3,7
1949,6,4,10
1949,6,10,16
1950,15,10,25
1950,5,3,8
1950,9,6,15
1950,7,6,13
1950,4,11,15
1950,9,1,10
1950,4,2,6
1950,8,7,15
1950,6,3,9
1950,7,16,23
1950,6,1,7
1950,6,10,16
1950,7,5,12
1950,4,3,7
1950,6,1,7
1950,5,4,9
1950,8,4,12
1950,8,1,9
1950,2,2,4
1950,2,0,2
1950,4,1,5
1950,7,14,21
1950,8,2,10
1950,7,5,12
1950,7,6,13
1950,3,2,5
1950,7,6,13
1950,5,0,5
1950,7,6,13
1950,6,5,11
1950,9,2,11
1950,6,2,8
1950,4,3,7
1950,6,5,11
1950,5,4,9
1950,9,4,13
1950,2,12,14
1950,5,3,8
1950,9,6,15
1950,7,5,12
1950,6,4,10
1950,1,0,1
1950,3,0,3
1950,3,0,3
1950,8,4,12
1950,6,3,9
1950,5,2,7
1950,5,4,9
1950,3,2,5
1950,2,10,12
1950,5,3,8
1950,8,6,14
1950,9,2,11
1950,2,1,3
1950,7,2,9
1950,4,3,7
1950,5,2,7
1950,4,1,5
1950,3,1,4
1950,6,1,7
1950,5,3,8
1950,6,1,7
1950,4,3,7
1950,5,4,9
1950,6,14,20
1950,5,1,6
1950,2,1,3
1950,6,2,8
1950,19,0,19
1950,6,5,11
1950,5,0,5
1950,7,7,14
1950,4,2,6
1950,2,1,3
1950,4,1,5
1950,9,3,12
1950,1,0,1
1950,3,2,5
1950,6,1,7
1950,8,10,18
1950,6,1,7
1950,3,10,13
1950,7,2,9
1950,5,2,7
1950,5,2,7
1950,4,3,7
1950,4,15,19
1950,6,5,11
1950,4,3,7
1950,5,4,9
1950,2,10,12
1950,6,12,18
1950,15,0,15
1950,8,5,13
1950,3,1,4
1950,9,6,15
1950,5,1,6
1950,5,2,7
1950,7,6,13
1950,13,1,14
1950,5,4,9
1950,3,2,5
1950,9,6,15
1950,11,1,12
1950,5,4,9
1950,15,11,26
1950,5,4,9
1950,7,4,11
1950,4,12,16
1950,9,8,17
1950,7,11,18
1950,8,6,14
1950,8,6,14
1950,6,2,8
1950,4,3,7
1950,5,2,7
1950,6,0,6
1950,6,4,10
1950,6,3,9
1950,7,3,10
1950,4,2,6
1950,3,2,5
1950,15,0,15
1950,5,10,15
1950,6,5,11
1950,7,1,8
1950,7,5,12
1950,3,10,13
1950,4,2,6
1950,6,1,7
1950,6,0,6
1950,4,2,6
1950,9,8,17
1950,5,10,15
1950,3,2,5
1950,6,3,9
1950,4,0,4
1950,6,4,10
1950,5,1,6
1950,7,6,13
1950,4,13,17
1950,5,3,8
1950,3,0,3
1950,5,1,6
1950,6,5,11
1950,4,3,7
1950,3,2,5
1950,8,5,13
1950,3,1,4
1950,6,3,9
1950,5,1,6
1950,3,2,5
1950,3,1,4
1950,5,4,9
1950,2,12,14
1950,4,3,7
1950,6,2,8
1950,1,0,1
1950,9,3,12
1950,7,1,8
1950,6,3,9
1950,8,1,9
1950,5,10,15
1950,6,4,10
1950,6,5,11
1950,9,16,25
1950,3,2,5
1950,3,1,4
1950,7,3,10
1950,9,8,17
1950,4,3,7
1950,9,7,16
1950,8,7,15
1950,3,1,4
1950,3,0,3
1950,6,5,11
1950,4,15,19
1950,6,1,7
1950,4,3,7
1950,1,0,1
1950,11,0,11
1950,6,2,8
1950,4,1,5
1950,2,0,2
1950,7,5,12
1950,6,3,9
1950,4,1,5
1950,5,4,9
1950,9,11,20
1950,9,8,17
1950,7,3,10
1950,4,3,7
1950,13,12,25
1950,4,10,14
1950,2,0,2
1950,4,1,5
1950,8,14,22
1950,3,2,5
1950,4,3,7
1950,7,4,11
1950,3,1,4
1950,8,5,13
1950,5,3,8
1950,8,0,8
1950,4,3,7
1950,7,2,9
1950,3,0,3
1950,9,10,19
1950,3,2,5
1950,4,3,7
1950,7,0,7
1950,4,3,7
1950,5,14,19
1950,4,12,16
1950,6,2,8
1950,4,2,6
1950,8,6,14
1950,6,5,11
1950,4,2,6
1950,6,11,17
1950,8,3,11
1950,5,1,6
1950,9,10,19
1950,7,2,9
1950,5,1,6
1950,5,4,9
1950,6,2,8
1950,8,2,10
1950,6,0,6
1950,7,1,8
1950,6,1,7
1950,4,1,5
1950,7,10,17
1950,5,4,9
1950,2,0,2
1950,6,3,9
1950,7,5,12
1950,5,4,9
1950,6,1,7
1950,3,0,3
1950,6,4,10
1950,7,5,12
1950,3,0,3
1950,15,12,27
1950,5,1,6
1950,2,1,3
1950,9,4,13
1950,3,2,5
1950,2,0,2
1950,4,0,4
1950,2,11,13
1950,7,1,8
1950,6,1,7
1950,9,1,10
1950,8,5,13
1950,6,1,7
1950,7,5,12
1950,8,6,14
1950,4,3,7
1950,6,2,8
1950,4,1,5
1950,2,0,2
1950,7,0,7
1950,6,2,8
1950,7,2,9
1950,5,2,7
1950,3,1,4
1950,6,3,9
1950,6,5,11
1950,6,0,6
1950,5,1,6
1950,6,2,8
1950,2,1,3
1950,7,6,13
1950,8,12,20
1950,7,6,13
1950,6,4,10
1950,7,2,9
1950,3,10,13
1950,4,1,5
1950,7,4,11
1950,4,0,4
1950,5,2,7
1950,7,11,18
1950,5,3,8
1950,4,3,7
1950,5,1,6
1950,17,13,30
1950,8,5,13
1950,2,14,16
1950,9,12,21
1950,8,4,12
1950,8,7,15
1950,5,2,7
1950,6,5,11
1950,2,14,16
1950,5,2,7
1950,5,4,9
1950,5,11,16
1950,7,6,13
1950,6,5,11
1950,8,2,10
1950,5,16,21
1950,5,4,9
1950,8,1,9
1950,5,10,15
1950,9,3,12
1950,9,11,20
1950,6,2,8
1950,3,1,4
1950,6,3,9
1950,6,1,7
1950,6,10,16
1950,7,17,24
1950,8,13,21
1950,3,0,3
1950,7,6,13
1950,7,0,7
1950,5,12,17
1950,6,13,19
1950,4,3,7
1950,6,2,8
1950,3,0,3
1950,12,0,12
1950,13,1,14
1950,3,2,5
1950,5,4,9
1950,6,5,11
1950,7,4,11
1950,8,4,12
1950,7,6,13
1950,8,3,11
1950,2,16,18
1950,6,5,11
1950,4,10,14
1950,5,4,9
1950,8,11,19
1950,4,20,24
1950,4,13,17
1950,4,0,4
1950,5,4,9
1950,5,0,5
1950,9,0,9
1950,2,10,12
1950,5,4,9
1950,4,29,33
1950,6,5,11
1950,8,4,12
1950,4,11,15
1950,5,4,9
1950,4,3,7
1950,6,18,24
1950,7,6,13
1950,7,12,19
1950,9,3,12
1950,7,13,20
1950,3,2,5
1950,9,7,16
1950,8,5,13
1950,8,7,15
1950,8,18,26
1950,13,10,23
1950,4,3,7
1950,7,2,9
1950,7,3,10
1950,6,2,8
1950,6,0,6
1950,6,2,8
1950,9,6,15
1950,5,4,9
1950,2,1,3
1950,5,4,9
1950,8,5,13
1950,1,0,1
1950,4,2,6
1950,6,3,9
1950,9,6,15
1950,7,6,13
1950,5,4,9
1950,6,1,7
1950,5,2,7
1950,8,3,11
1950,5,4,9
1950,6,3,9
1950,5,3,8
1950,6,5,11
1950,8,1,9
1950,6,5,11
1950,7,0,7
1950,6,3,9
1950,8,3,11
1950,6,1,7
1950,5,2,7
1950,7,3,10
1950,8,2,10
1950,4,2,6
1950,4,1,5
1950,5,3,8
1950,6,5,11
1950,5,0,5
1950,3,1,4
1950,7,3,10
1950,9,16,25
1950,7,3,10
1950,6,5,11
1950,7,1,8
1950,3,2,5
1950,4,1,5
1950,6,1,7
1950,7,5,12
1950,2,10,12
1950,6,15,21
1950,6,3,9
1950,8,7,15
1950,2,1,3
1950,9,7,16
1950,5,2,7
1950,7,3,10
1950,9,0,9
1950,8,6,14
1950,8,8,16
1950,7,0,7
1950,21,2,23
1950,2,10,12
1950,6,0,6
1950,5,10,15
1950,4,3,7
1950,4,2,6
1950,5,15,20
1950,9,0,9
1950,8,5,13
1950,1,0,1
1950,4,3,7
1950,8,2,10
1950,4,3,7
1950,5,3,8
1950,8,2,10
1950,4,2,6
1950,3,2,5
1950,7,3,10
1950,1,0,1
1950,6,5,11
1950,3,0,3
1950,3,1,4
1950,5,1,6
1950,4,12,16
1950,6,14,20
1950,5,3,8
1950,4,2,6
1950,9,5,14
1950,4,2,6
1950,6,2,8
1950,5,2,7
1950,3,0,3
1950,5,0,5
1950,7,4,11
1950,8,4,12
1950,3,15,18
1950,4,3,7
1950,5,11,16
1950,4,13,17
1950,9,10,19
1950,5,2,7
1950,7,4,11
1950,9,12,21
1950,21,12,33
1950,7,6,13
1950,6,5,11
1950,4,1,5
1950,2,12,14
1950,5,4,9
1950,3,12,15
1950,16,11,27
1950,4,0,4
1950,7,6,13
1950,4,13,17
1950,7,6,13
1950,5,3,8
1950,8,2,10
1950,6,3,9
1950,6,3,9
1950,6,4,10
1950,8,11,19
1950,2,1,3
1950,5,11,16
1950,8,2,10
1950,6,4,10
1950,3,10,13
1950,3,2,5
1950,3,2,5
1950,4,1,5
1950,9,3,12
1950,4,3,7
1950,7,5,12
1950,8,3,11
1950,4,3,7
1950,5,3,8
1950,3,1,4
1950,3,15,18
1950,6,2,8
1950,5,1,6
1950,6,2,8
1950,6,5,11
1950,2,18,20
1950,5,11,16
1950,3,2,5
1950,6,1,7
1950,7,3,10
1950,7,12,19
1950,22,14,36
1950,4,1,5
1950,9,6,15
1950,2,10,12
1950,3,2,5
1950,8,5,13
1950,3,11,14
1950,8,4,12
1950,8,5,13
1950,9,4,13
1950,7,6,13
1950,4,2,6
1950,4,13,17
1950,4,1,5
1950,5,3,8
1950,7,4,11
1950,4,2,6
1950,6,4,10
1950,5,4,9
1950,3,2,5
1950,9,15,24
1950,5,2,7
1950,4,3,7
1950,16,0,16
1950,8,5,13
1950,5,3,8
1950,5,11,16
1950,6,3,9
1950,6,4,10
1950,8,8,16
1950,2,1,3
1950,7,4,11
1950,8,4,12
1950,8,5,13
1950,4,2,6
1950,3,2,5
1950,3,1,4
1950,7,2,9
1950,4,1,5
1950,9,10,19
1950,8,4,12
1950,5,4,9
1950,8,7,15
1950,8,3,11
1950,5,4,9
1950,5,3,8
1950,5,14,19
1950,9,12,21
1950,4,1,5
1950,4,3,7
1950,9,16,25
1950,3,3,6
1950,9,7,16
1950,4,1,5
1950,8,3,11
1950,6,1,7
1950,8,12,20
1950,3,10,13
1950,5,3,8
1950,8,3,11
1950,4,2,6
1950,5,2,7
1950,5,4,9
1950,9,6,15
1950,13,1,14
1950,7,2,9
1950,8,2,10
1950,5,4,9
1950,5,2,7
1950,5,2,7
1950,7,5,12
1950,9,1,10
1950,5,2,7
1950,4,3,7
1950,4,1,5
1950,4,2,6
1950,5,1,6
1950,5,4,9
1950,4,2,6
1950,6,0,6
1950,7,6,13
1950,7,5,12
1950,5,11,16
1950,7,3,10
1950,3,2,5
1950,6,0,6
1950,6,5,11
1950,6,2,8
1950,5,2,7
1950,3,1,4
1950,6,5,11
1950,2,0,2
1950,3,2,5
1950,4,2,6
1950,8,7,15
1950,6,4,10
1950,7,3,10
1950,3,2,5
1950,5,2,7
1950,13,1,14
1950,1,0,1
1950,6,4,10
1950,5,1,6
1950,3,2,5
1950,5,2,7
1950,7,5,12
1950,4,2,6
1950,2,0,2
1950,7,3,10
1950,5,13,18
1950,9,4,13
1950,4,3,7
1950,3,2,5
1950,2,1,3
1950,8,6,14
1950,13,10,23
1950,8,4,12
1950,8,0,8
1950,3,10,13
1950,4,16,20
1950,11,10,21
1950,2,1,3
1950,5,2,7
1950,5,2,7
1950,7,6,13
1950,9,5,14
1950,6,5,11
1950,2,10,12
1950,5,1,6
1950,8,10,18
1950,6,11,17
1950,7,5,12
1950,3,10,13
1950,4,3,7
1950,8,6,14
1950,3,1,4
1950,8,6,14
1950,6,3,9
1950,7,1,8
1950,3,1,4
1950,9,12,21
1950,5,2,7
1950,8,3,11
1950,1,0,1
1950,12,1,13
1950,2,10,12
1950,3,11,14
1950,5,3,8
1950,5,2,7
1950,9,5,14
1950,3,11,14
1950,16,1,17
1950,4,3,7
1950,4,0,4
1950,3,2,5
1950,4,2,6
1950,4,18,22
1950,3,10,13
1950,5,4,9
1950,6,5,11
1950,3,1,4
1950,6,2,8
1950,3,2,5
1950,8,10,18
1950,3,13,16
1950,7,4,11
1950,4,3,7
1950,7,1,8
1950,5,14,19
1950,7,6,13
1950,4,1,5
1950,5,4,9
1950,3,2,5
1950,2,11,13
1950,7,0,7
1950,2,0,2
1950,6,1,7
1950,4,10,14
1950,6,1,7
1950,3,12,15
1950,8,5,13
1950,7,11,18
1950,8,3,11
1950,6,2,8
1950,5,3,8
1950,3,0,3
1950,4,12,16
1950,7,4,11
1950,6,5,11
1950,2,1,3
1950,5,4,9
1950,6,11,17
1950,8,4,12
1950,6,2,8
1950,2,1,3
1950,9,5,14
1950,7,2,9
1950,7,4,11
1950,7,6,13
1950,7,6,13
1950,7,6,13
1950,7,0,7
1950,1,0,1
1950,4,3,7
1950,7,5,12
1950,8,4,12
1950,6,2,8
1950,1,0,1
1950,3,2,5
1950,6,4,10
1950,6,3,9
1950,3,13,16
1950,5,3,8
1950,3,2,5
1950,6,3,9
1950,7,2,9
1950,5,1,6
1950,3,13,16
1950,3,2,5
1950,5,12,17
1950,8,5,13
1950,4,1,5
1950,13,1,14
1950,7,6,13
1950,8,3,11
1950,4,1,5
1950,5,4,9
1950,6,4,10
1950,2,1,3
1950,9,1,10
1950,4,11,15
1950,4,1,5
1950,8,5,13
1950,4,3,7
1950,7,4,11
1950,9,10,19
1950,7,2,9
1950,4,2,6
1950,10,0,10
1950,7,15,22
1950,4,3,7
1950,6,5,11
1950,6,3,9
1950,12,10,22
1950,6,3,9
1950,10,0,10
1950,4,2,6
1950,9,5,14
1950,8,13,21
1950,8,5,13
1950,4,3,7
1950,3,1,4
1950,6,1,7
1950,8,1,9
1950,8,2,10
1950,7,3,10
1950,6,4,10
1950,4,1,5
1950,7,3,10
1950,5,4,9
1950,4,3,7
1950,3,10,13
1950,11,0,11
1950,4,0,4
1950,11,1,12
1950,8,6,14
1950,2,0,2
1950,9,8,17
1950,5,1,6
1950,1,0,1
1950,5,2,7
1950,7,1,8
1950,2,10,12
1950,3,2,5
1950,1,0,1
1950,5,2,7
1950,3,2,5
1950,4,2,6
1950,9,12,21
1950,4,3,7
1950,4,2,6
1950,7,12,19
1950,4,2,6
1950,9,8,17
1950,5,0,5
1950,2,1,3
1950,4,0,4
1950,7,11,18
1950,5,2,7
1950,9,1,10
1950,9,2,11
1950,4,3,7
1950,9,0,9
1950,4,0,4
1950,5,0,5
1950,3,0,3
1950,7,1,8
1950,2,0,2
1950,3,10,13
1950,9,3,12
1950,9,0,9
1950,6,5,11
1950,2,1,3
1950,9,6,15
1950,10,1,11
1950,9,0,9
1950,7,4,11
1950,5,0,5
1950,6,4,10
1950,5,4,9
1950,3,2,5
1950,5,3,8
1950,2,1,3
1950,7,6,13
1950,4,3,7
1950,8,10,18
1950,4,3,7
1950,6,10,16
1950,1,1,2
1950,5,3,8
1950,6,5,11
1950,7,4,11
1950,5,4,9
1950,2,11,13
1950,4,3,7
1950,7,0,7
1950,3,2,5
1950,5,2,7
1950,7,6,13
1950,3,1,4
1950,3,1,4
1950,4,3,7
1950,2,1,3
1950,5,2,7
1950,2,10,12
1950,4,11,15
1950,3,1,4
1950,7,2,9
1950,5,4,9
1950,7,2,9
1950,10,1,11
1950,8,2,10
1950,5,2,7
1950,7,5,12
1950,3,2,5
1950,5,2,7
1950,2,0,2
1950,7,4,11
1950,2,0,2
1950,6,5,11
1950,7,6,13
1950,3,2,5
1950,8,13,21
1950,8,3,11
1950,9,4,13
1950,3,2,5
1950,4,1,5
1950,1,0,1
1950,9,1,10
1950,9,10,19
1950,5,10,15
1950,9,0,9
1950,3,11,14
1950,7,12,19
1950,4,3,7
1950,2,0,2
1950,2,1,3
1950,6,2,8
1950,7,16,23
1950,5,1,6
1950,5,3,8
1950,9,4,13
1950,6,10,16
1950,2,1,3
1950,5,4,9
1950,8,3,11
1950,8,6,14
1950,5,1,6
1950,2,1,3
1950,7,6,13
1950,8,3,11
1950,9,3,12
1950,7,4,11
1950,3,2,5
1950,2,1,3
1950,5,4,9
1950,8,13,21
1950,1,0,1
1950,6,0,6
1950,6,2,8
1950,3,2,5
1950,4,2,6
1950,5,2,7
1950,2,1,3
1950,6,5,11
1950,5,4,9
1950,6,2,8
1950,6,4,10
1950,5,2,7
1950,3,2,5
1950,7,1,8
1950,4,0,4
1950,3,2,5
1950,9,2,11
1950,9,5,14
1950,6,5,11
1950,4,3,7
1950,6,13,19
1950,8,10,18
1950,5,1,6
1950,5,1,6
1950,9,5,14
1950,5,4,9
1950,6,4,10
1950,7,5,12
1950,1,0,1
1950,6,5,11
1950,7,5,12
1950,2,1,3
1950,6,2,8
1950,9,11,20
1950,4,3,7
1950,1,0,1
1950,7,3,10
1950,6,3,9
1950,4,2,6
1950,3,2,5
1950,3,1,4
1950,5,3,8
1950,6,2,8
1950,7,6,13
1950,6,0,6
1950,10,0,10
1950,6,2,8
1950,9,7,16
1950,7,4,11
1950,6,1,7
1950,5,10,15
1950,8,6,14
1950,4,12,16
1950,7,5,12
1950,3,2,5
1950,5,4,9
1950,4,14,18
1950,3,0,3
1950,7,6,13
1950,9,11,20
1950,6,1,7
1950,4,4,8
1950,6,11,17
1950,3,1,4
1950,2,1,3
1950,4,3,7
1950,8,1,9
1950,7,3,10
1950,4,1,5
1950,3,13,16
1950,8,0,8
1950,11,10,21
1950,15,14,29
1950,7,5,12
1950,9,5,14
1950,3,2,5
1950,6,4,10
1950,4,3,7
1950,3,1,4
1950,9,3,12
1950,6,13,19
1950,8,2,10
1950,4,0,4
1950,6,5,11
1950,5,10,15
1950,5,3,8
1950,5,4,9
1950,6,1,7
1950,6,5,11
1950,9,4,13
1950,4,3,7
1950,3,0,3
1950,2,1,3
1950,7,6,13
1950,4,0,4
1950,9,8,17
1950,3,2,5
1950,8,10,18
1950,4,3,7
1950,3,19,22
1950,7,5,12
1950,4,3,7
1950,3,2,5
1950,2,1,3
1950,2,1,3
1950,4,1,5
1950,7,3,10
1950,6,2,8
1950,4,2,6
1950,4,10,14
1950,2,0,2
1950,2,0,2
1950,5,1,6
1950,8,2,10
1950,9,2,11
1950,9,3,12
1950,6,0,6
1950,4,2,6
1950,7,5,12
1950,4,2,6
1950,12,11,23
1950,8,1,9
1950,4,11,15
1950,3,2,5
1950,7,1,8
1950,1,0,1
1950,5,4,9
1950,8,4,12
1950,4,2,6
1950,5,4,9
1950,2,1,3
1950,4,3,7
1950,2,0,2
1950,9,0,9
1950,5,3,8
1950,3,0,3
1950,5,4,9
1950,5,3,8
1950,8,5,13
1950,3,2,5
1950,7,4,11
1950,4,2,6
1950,2,11,13
1950,6,5,11
1950,3,2,5
1950,5,3,8
1950,3,1,4
1950,2,0,2
1950,3,2,5
1950,5,4,9
1950,7,3,10
1950,3,0,3
1950,8,10,18
1950,6,0,6
1950,6,4,10
1950,13,13,26
1950,6,4,10
1950,3,2,5
1950,4,2,6
1950,4,2,6
1950,3,2,5
1950,5,4,9
1950,6,0,6
1950,4,3,7
1950,4,3,7
1950,4,10,14
1950,8,3,11
1950,3,11,14
1950,7,0,7
1950,7,4,11
1950,7,5,12
1950,2,1,3
1950,2,0,2
1950,7,6,13
1950,5,4,9
1950,6,2,8
1950,1,0,1
1950,5,4,9
1950,5,12,17
1950,2,1,3
1950,2,1,3
1950,6,4,10
1950,3,1,4
1950,6,5,11
1950,6,2,8
1950,8,1,9
1950,5,1,6
1950,6,2,8
1950,3,1,4
1950,3,1,4
1950,2,1,3
1950,8,7,15
1950,3,2,5
1950,3,0,3
1950,1,0,1
1950,6,0,6
1950,5,2,7
1950,3,10,13
1950,6,1,7
1950,3,1,4
1950,4,3,7
1950,6,3,9
1950,5,2,7
1950,7,4,11
1950,5,2,7
1950,7,5,12
1950,7,1,8
1950,6,1,7
1950,3,2,5
1950,6,3,9
1950,6,2,8
1950,7,4,11
1950,4,1,5
1950,4,2,6
1950,4,1,5
1950,9,7,16
1950,4,3,7
1950,2,1,3
1950,8,7,15
1950,9,12,21
1950,4,3,7
1950,4,0,4
1950,3,10,13
1950,5,1,6
1950,8,1,9
1950,6,4,10
1950,2,0,2
1950,5,2,7
1950,3,2,5
1950,6,2,8
1950,3,1,4
1950,4,0,4
1950,3,2,5
1950,9,10,19
1950,3,2,5
1950,7,6,13
1950,5,3,8
1950,6,5,11
1950,6,1,7
1950,9,7,16
1950,3,2,5
1950,13,0,13
1950,3,14,17
1950,3,2,5
1950,8,7,15
1950,4,3,7
1950,4,12,16
1950,1,0,1
1950,5,3,8
1950,7,2,9
1950,1,0,1
1950,8,1,9
1950,6,3,9
1950,7,1,8
1950,6,5,11
1950,4,1,5
1950,2,0,2
1950,9,6,15
1950,7,12,19
1950,8,10,18
1950,5,0,5
1950,8,2,10
1950,8,5,13
1950,4,3,7
1950,8,7,15
1950,4,3,7
1950,2,0,2
1950,2,1,3
1950,2,10,12
1950,8,0,8
1950,3,2,5
1950,8,7,15
1950,5,12,17
1950,5,16,21
1950,4,12,16
1950,8,3,11
1950,2,1,3
1950,9,5,14
1950,11,0,11
1950,7,1,8
1950,3,2,5
1950,5,0,5
1950,6,1,7
1950,3,1,4
1950,3,2,5
1950,4,3,7
1950,4,12,16
1950,5,3,8
1950,8,3,11
1950,7,4,11
1950,8,0,8
1950,3,0,3
1950,8,4,12
1950,8,7,15
1950,2,0,2
1950,3,1,4
1950,5,3,8
1950,9,11,20
1950,7,10,17
1950,7,2,9
1950,2,0,2
1950,6,3,9
1950,9,6,15
1950,4,2,6
1950,7,4,11
1950,7,0,7
1950,5,4,9
1950,8,7,15
1950,5,0,5
1950,8,7,15
1950,1,0,1
1950,4,3,7
1950,6,5,11
1950,8,4,12
1950,4,3,7
1950,3,1,4
1950,3,1,4
1950,8,6,14
1950,7,0,7
1950,7,6,13
1950,7,5,12
1950,7,6,13
1950,2,12,14
1950,5,1,6
1950,6,5,11
1950,7,3,10
1950,8,2,10
1950,5,2,7
1950,3,1,4
1950,5,3,8
1950,2,0,2
1950,4,0,4
1950,7,3,10
1950,4,1,5
1950,4,3,7
1950,6,10,16
1950,3,2,5
1950,3,1,4
1950,7,5,12
1950,5,1,6
1950,5,3,8
1950,3,2,5
1950,1,0,1
1950,2,1,3
1950,3,2,5
1950,5,2,7
1951,4,3,7
1951,5,2,7
1951,4,0,4
1951,8,3,11
1951,2,1,3
1951,5,0,5
1951,6,1,7
1951,5,4,9
1951,3,17,20
1951,4,3,7
1951,8,5,13
1951,4,2,6
1951,6,1,7
1951,6,4,10
1951,4,2,6
1951,13,12,25
1951,3,0,3
1951,5,13,18
1951,6,3,9
1951,5,0,5
1951,4,1,5
1951,7,3,10
1951,2,1,3
1951,5,1,6
1951,5,3,8
1951,8,4,12
1951,6,3,9
1951,7,6,13
1951,8,3,11
1951,9,1,10
1951,7,3,10
1951,8,6,14
1951,8,7,15
1951,6,5,11
1951,7,4,11
1951,3,2,5
1951,7,5,12
1951,3,10,13
1951,4,3,7
1951,4,3,7
1951,6,5,11
1951,5,10,15
1951,2,1,3
1951,2,1,3
1951,7,4,11
1951,5,4,9
1951,8,4,12
1951,2,1,3
1951,7,5,12
1951,7,4,11
1951,6,4,10
1951,5,2,7
1951,3,0,3
1951,6,4,10
1951,3,1,4
1951,6,5,11
1951,8,6,14
1951,7,4,11
1951,4,3,7
1951,4,0,4
1951,2,1,3
1951,4,0,4
1951,7,13,20
1951,3,0,3
1951,2,0,2
1951,2,1,3
1951,4,3,7
1951,3,0,3
1951,7,3,10
1951,5,11,16
1951,7,5,12
1951,6,1,7
1951,8,4,12
1951,3,0,3
1951,8,2,10
1951,7,4,11
1951,6,4,10
1951,4,2,6
1951,4,2,6
1951,4,12,16
1951,6,3,9
1951,1,0,1
1951,9,10,19
1951,6,3,9
1951,4,0,4
1951,4,0,4
1951,8,12,20
1951,9,8,17
1951,1,1,2
1951,6,3,9
1951,13,11,24
1951,8,5,13
1951,6,2,8
1951,5,2,7
1951,8,3,11
1951,7,1,8
1951,9,1,10
1951,5,3,8
1951,6,5,11
1951,9,8,17
1951,4,3,7
1951,5,0,5
1951,6,4,10
1951,4,3,7
1951,5,4,9
1951,8,1,9
1951,6,4,10
1951,8,1,9
1951,8,0,8
1951,9,3,12
1951,7,1,8
1951,6,1,7
1951,7,4,11
1951,8,4,12
1951,3,17,20
1951,5,4,9
1951,9,3,12
1951,6,5,11
1951,3,1,4
1951,8,4,12
1951,5,1,6
1951,6,4,10
1951,8,1,9
1951,8,12,20
1951,2,0,2
1951,7,0,7
1951,3,2,5
1951,8,7,15
1951,8,3,11
1951,4,3,7
1951,6,17,23
1951,7,11,18
1951,6,0,6
1951,3,0,3
1951,4,1,5
1951,8,3,11
1951,8,1,9
1951,4,2,6
1951,6,11,17
1951,4,3,7
1951,8,5,13
1951,5,4,9
1951,9,7,16
1951,5,4,9
1951,8,2,10
1951,4,3,7
1951,11,10,21
1951,6,10,16
1951,2,0,2
1951,2,1,3
1951,2,1,3
1951,9,4,13
1951,6,5,11
1951,6,2,8
1951,9,3,12
1951,5,4,9
1951,4,0,4
1951,9,2,11
1951,4,0,4
1951,3,17,20
1951,6,5,11
1951,8,2,10
1951,6,1,7
1951,4,1,5
1951,3,2,5
1951,2,0,2
1951,12,1,13
1951,4,10,14
1951,7,1,8
1951,5,5,10
1951,3,2,5
1951,7,2,9
1951,8,6,14
1951,6,5,11
1951,8,4,12
1951,8,4,12
1951,5,2,7
1951,5,4,9
1951,6,12,18
1951,2,11,13
1951,4,4,8
1951,7,2,9
1951,6,3,9
1951,2,11,13
1951,4,2,6
1951,5,4,9
1951,9,6,15
1951,2,1,3
1951,6,0,6
1951,13,10,23
1951,5,3,8
1951,10,1,11
1951,4,11,15
1951,8,7,15
1951,9,7,16
1951,8,4,12
1951,1,0,1
1951,8,11,19
1951,7,3,10
1951,5,4,9
1951,4,12,16
1951,9,5,14
1951,4,14,18
1951,4,3,7
1951,3,11,14
1951,9,10,19
1951,2,1,3
1951,5,3,8
1951,7,1,8
1951,7,0,7
1951,6,5,11
1951,1,0,1
1951,7,6,13
1951,7,12,19
1951,2,1,3
1951,6,11,17
1951,2,1,3
1951,9,18,27
1951,4,3,7
1951,7,4,11
1951,9,6,15
1951,3,12,15
1951,6,3,9
1951,6,2,8
1951,9,4,13
1951,2,1,3
1951,3,2,5
1951,6,2,8
1951,6,4,10
1951,8,4,12
1951,4,3,7
1951,5,4,9
1951,3,10,13
1951,4,14,18
1951,7,3,10
1951,2,1,3
1951,5,3,8
1951,17,0,17
1951,4,12,16
1951,8,7,15
1951,5,4,9
1951,9,7,16
1951,2,0,2
1951,5,2,7
1951,5,3,8
1951,6,3,9
1951,6,1,7
1951,6,2,8
1951,8,17,25
1951,7,2,9
1951,9,8,17
1951,12,0,12
1951,2,1,3
1951,4,3,7
1951,4,11,15
1951,6,5,11
1951,11,1,12
1951,5,2,7
1951,3,11,14
1951,16,0,16
1951,2,14,16
1951,4,3,7
1951,10,1,11
1951,6,4,10
1951,4,3,7
1951,7,5,12
1951,8,5,13
1951,5,1,6
1951,11,1,12
1951,12,10,22
1951,5,4,9
1951,6,0,6
1951,3,2,5
1951,8,5,13
1951,2,0,2
1951,5,2,7
1951,9,3,12
1951,7,1,8
1951,5,2,7
1951,6,4,10
1951,3,2,5
1951,8,3,11
1951,9,0,9
1951,7,4,11
1951,2,0,2
1951,6,1,7
1951,3,2,5
1951,4,2,6
1951,9,0,9
1951,4,1,5
1951,4,3,7
1951,6,5,11
1951,2,1,3
1951,11,10,21
1951,9,4,13
1951,5,2,7
1951,8,1,9
1951,6,5,11
1951,5,1,6
1951,3,1,4
1951,4,1,5
1951,6,5,11
1951,6,3,9
1951,5,3,8
1951,9,5,14
1951,4,3,7
1951,7,3,10
1951,9,5,14
1951,6,2,8
1951,4,3,7
1951,6,5,11
1951,3,2,5
1951,2,1,3
1951,8,2,10
1951,7,3,10
1951,4,0,4
1951,2,1,3
1951,7,5,12
1951,5,1,6
1951,4,12,16
1951,8,7,15
1951,3,14,17
1951,5,2,7
1951,6,4,10
1951,8,3,11
1951,3,2,5
1951,3,1,4
1951,4,2,6
1951,7,5,12
1951,2,11,13
1951,8,3,11
1951,4,1,5
1951,8,4,12
1951,2,10,12
1951,1,0,1
1951,4,3,7
1951,2,11,13
1951,8,3,11
1951,7,3,10
1951,2,1,3
1951,7,10,17
1951,6,5,11
1951,2,0,2
1951,8,2,10
1951,6,5,11
1951,7,2,9
1951,4,12,16
1951,7,6,13
1951,3,2,5
1951,8,0,8
1951,2,10,12
1951,8,2,10
1951,4,0,4
1951,3,2,5
1951,3,2,5
1951,10,1,11
1951,3,2,5
1951,5,2,7
1951,4,2,6
1951,4,3,7
1951,6,4,10
1951,5,4,9
1951,9,1,10
1951,5,4,9
1951,2,1,3
1951,5,0,5
1951,5,0,5
1951,6,3,9
1951,5,3,8
1951,5,4,9
1951,7,1,8
1951,7,5,12
1951,2,1,3
1951,4,2,6
1951,7,1,8
1951,9,2,11
1951,4,1,5
1951,6,1,7
1951,5,10,15
1951,5,1,6
1951,10,1,11
1951,5,4,9
1951,8,7,15
1951,2,1,3
1951,5,4,9
1951,5,4,9
1951,2,1,3
1951,7,11,18
1951,9,6,15
1951,8,2,10
1951,7,11,18
1951,9,5,14
1951,6,1,7
1951,7,3,10
1951,9,10,19
1951,3,2,5
1951,7,3,10
1951,6,5,11
1951,6,3,9
1951,5,1,6
1951,8,6,14
1951,3,13,16
1951,6,2,8
1951,3,0,3
1951,2,0,2
1951,5,0,5
1951,5,2,7
1951,7,4,11
1951,3,11,14
1951,6,11,17
1951,3,1,4
1951,9,4,13
1951,2,1,3
1951,8,7,15
1951,5,14,19
1951,2,1,3
1951,6,1,7
1951,2,0,2
1951,4,3,7
1951,5,12,17
1951,6,11,17
1951,2,10,12
1951,4,2,6
1951,5,10,15
1951,6,4,10
1951,3,0,3
1951,4,0,4
1951,6,5,11
1951,6,1,7
1951,6,5,11
1951,4,3,7
1951,5,4,9
1951,3,0,3
1951,3,2,5
1951,2,1,3
1951,5,0,5
1951,5,0,5
1951,4,1,5
1951,9,0,9
1951,5,11,16
1951,7,6,13
1951,5,4,9
1951,5,1,6
1951,9,7,16
1951,5,4,9
1951,5,4,9
1951,9,2,11
1951,3,0,3
1951,5,4,9
1951,9,11,20
1951,5,4,9
1951,9,5,14
1951,9,2,11
1951,2,1,3
1951,4,1,5
1951,8,14,22
1951,9,0,9
1951,2,1,3
1951,2,1,3
1951,7,2,9
1951,5,4,9
1951,1,0,1
1951,4,2,6
1951,5,1,6
1951,8,4,12
1951,6,4,10
1951,5,2,7
1951,9,3,12
1951,5,10,15
1951,2,0,2
1951,9,2,11
1951,6,5,11
1951,9,6,15
1951,3,2,5
1951,6,0,6
1951,5,2,7
1951,8,4,12
1951,8,7,15
1951,7,3,10
1951,8,7,15
1951,7,4,11
1951,8,1,9
1951,7,6,13
1951,4,1,5
1951,13,1,14
1951,6,3,9
1951,6,5,11
1951,8,6,14
1951,7,10,17
1951,3,1,4
1951,4,2,6
1951,5,3,8
1951,8,3,11
1951,7,1,8
1951,7,10,17
1951,5,4,9
1951,6,5,11
1951,5,10,15
1951,5,13,18
1951,3,11,14
1951,3,2,5
1951,6,4,10
1951,4,0,4
1951,7,0,7
1951,7,5,12
1951,7,3,10
1951,6,5,11
1951,3,2,5
1951,2,1,3
1951,8,1,9
1951,4,10,14
1951,2,14,16
1951,2,0,2
1951,7,5,12
1951,5,4,9
1951,3,2,5
1951,8,0,8
1951,3,0,3
1951,3,2,5
1951,3,10,13
1951,4,1,5
1951,2,1,3
1951,3,2,5
1951,5,11,16
1951,6,6,12
1951,8,14,22
1951,7,19,26
1951,4,3,7
1951,3,1,4
1951,3,1,4
1951,8,4,12
1951,2,0,2
1951,4,1,5
1951,2,1,3
1951,3,1,4
1951,7,0,7
1951,7,5,12
1951,2,1,3
1951,2,0,2
1951,5,2,7
1951,7,10,17
1951,3,2,5
1951,5,4,9
1951,6,1,7
1951,3,2,5
1951,8,2,10
1951,4,3,7
1951,5,14,19
1951,7,2,9
1951,5,2,7
1951,4,3,7
1951,4,1,5
1951,4,10,14
1951,9,8,17
1951,2,0,2
1951,4,1,5
1951,6,5,11
1951,4,2,6
1951,4,1,5
1951,3,1,4
1951,5,10,15
1951,6,3,9
1951,5,1,6
1951,9,6,15
1951,6,5,11
1951,9,0,9
1951,9,5,14
1951,4,1,5
1951,4,16,20
1951,6,5,11
1951,4,3,7
1951,8,4,12
1951,7,6,13
1951,2,10,12
1951,8,0,8
1951,8,2,10
1951,8,3,11
1951,4,0,4
1951,6,2,8
1951,4,2,6
1951,7,4,11
1951,12,10,22
1951,6,2,8
1951,3,2,5
1951,4,3,7
1951,4,1,5
1951,6,3,9
1951,4,10,14
1951,8,6,14
1951,3,13,16
1951,7,6,13
1951,6,2,8
1951,5,1,6
1951,5,3,8
1951,4,3,7
1951,6,3,9
1951,8,3,11
1951,2,10,12
1951,6,5,11
1951,6,4,10
1951,6,2,8
1951,9,8,17
1951,5,4,9
1951,3,1,4
1951,8,2,10
1951,9,3,12
1951,3,2,5
1951,5,4,9
1951,1,0,1
1951,5,4,9
1951,2,0,2
1951,6,11,17
1951,9,7,16
1951,13,0,13
1951,8,6,14
1951,2,0,2
1951,5,4,9
1951,8,11,19
1951,3,1,4
1951,4,14,18
1951,3,2,5
1951,5,0,5
1951,5,4,9
1951,7,11,18
1951,5,0,5
1951,3,2,5
1951,8,0,8
1951,8,0,8
1951,4,3,7
1951,2,0,2
1951,6,10,16
1951,5,2,7
1951,6,5,11
1951,7,0,7
1951,4,10,14
1951,3,1,4
1951,5,0,5
1951,7,4,11
1951,7,2,9
1951,5,3,8
1951,8,7,15
1951,7,6,13
1951,8,3,11
1951,7,4,11
1951,6,4,10
1951,3,1,4
1951,9,5,14
1951,2,11,13
1951,9,4,13
1951,9,5,14
1951,8,2,10
1951,8,6,14
1951,7,6,13
1951,5,2,7
1951,9,5,14
1951,4,3,7
1951,5,0,5
1951,4,3,7
1951,8,6,14
1951,8,5,13
1951,7,4,11
1951,9,8,17
1951,10,0,10
1951,7,2,9
1951,2,0,2
1951,13,12,25
1951,9,6,15
1951,5,1,6
1951,4,3,7
1951,9,16,25
1951,6,3,9
1951,2,0,2
1951,1,0,1
1951,7,1,8
1951,2,1,3
1951,5,4,9
1951,5,0,5
1951,4,3,7
1951,9,7,16
1951,5,2,7
1951,6,11,17
1951,2,1,3
1951,1,0,1
1951,6,1,7
1951,5,11,16
1951,4,3,7
1951,1,0,1
1951,3,2,5
1951,6,11,17
1951,5,10,15
1951,5,3,8
1951,6,3,9
1951,3,2,5
1951,5,0,5
1951,5,3,8
1951,9,2,11
1951,5,3,8
1951,5,2,7
1951,7,6,13
1951,5,11,16
1951,6,4,10
1951,3,1,4
1951,9,10,19
1951,7,3,10
1951,9,8,17
1951,8,7,15
1951,3,2,5
1951,9,0,9
1951,7,3,10
1951,15,14,29
1951,8,3,11
1951,6,3,9
1951,6,1,7
1951,3,2,5
1951,4,3,7
1951,9,5,14
1951,2,1,3
1951,6,2,8
1951,6,2,8
1951,2,1,3
1951,5,4,9
1951,5,4,9
1951,2,0,2
1951,7,4,11
1951,13,10,23
1951,9,1,10
1951,6,2,8
1951,9,4,13
1951,6,4,10
1951,7,0,7
1951,6,3,9
1951,3,2,5
1951,2,0,2
1951,5,3,8
1951,3,1,4
1951,6,10,16
1951,8,4,12
1951,9,12,21
1951,7,0,7
1951,8,4,12
1951,1,0,1
1951,3,1,4
1951,6,5,11
1951,8,4,12
1951,3,2,5
1951,5,4,9
1951,5,4,9
1951,8,6,14
1951,3,1,4
1951,6,4,10
1951,8,3,11
1951,2,0,2
1951,8,4,12
1951,3,0,3
1951,6,2,8
1951,5,4,9
1951,9,3,12
1951,7,2,9
1951,8,6,14
1951,7,6,13
1951,6,5,11
1951,5,4,9
1951,4,3,7
1951,8,6,14
1951,4,3,7
1951,7,5,12
1951,4,2,6
1951,8,3,11
1951,6,0,6
1951,5,3,8
1951,5,1,6
1951,3,2,5
1951,2,0,2
1951,1,0,1
1951,9,8,17
1951,6,10,16
1951,4,3,7
1951,9,12,21
1951,2,1,3
1951,8,6,14
1951,4,3,7
1951,12,1,13
1951,6,11,17
1951,6,3,9
1951,7,5,12
1951,6,0,6
1951,4,3,7
1951,5,10,15
1951,7,4,11
1951,5,2,7
1951,5,2,7
1951,2,1,3
1951,5,4,9
1951,8,4,12
1951,2,10,12
1951,3,2,5
1951,5,4,9
1951,5,4,9
1951,7,4,11
1951,2,1,3
1951,7,6,13
1951,7,3,10
1951,3,11,14
1951,4,2,6
1951,7,3,10
1951,10,0,10
1951,5,0,5
1951,3,1,4
1951,8,5,13
1951,7,4,11
1951,4,3,7
1951,9,8,17
1951,2,0,2
1951,6,2,8
1951,4,3,7
1951,6,3,9
1951,6,3,9
1951,5,1,6
1951,7,12,19
1951,8,4,12
1951,6,5,11
1951,10,1,11
1951,4,0,4
1951,7,4,11
1951,4,1,5
1951,5,1,6
1951,2,1,3
1951,3,1,4
1951,1,0,1
1951,7,16,23
1951,7,2,9
1951,7,6,13
1951,7,5,12
1951,4,3,7
1951,2,1,3
1951,6,5,11
1951,4,1,5
1951,3,2,5
1951,7,10,17
1951,6,5,11
1951,5,3,8
1951,6,5,11
1951,5,4,9
1951,6,3,9
1951,6,4,10
1951,5,4,9
1951,4,0,4
1951,6,4,10
1951,3,0,3
1951,6,4,10
1951,4,2,6
1951,3,1,4
1951,4,3,7
1951,7,1,8
1951,8,1,9
1951,8,4,12
1951,4,3,7
1951,2,1,3
1951,2,1,3
1951,7,4,11
1951,4,0,4
1951,7,4,11
1951,2,0,2
1951,6,2,8
1951,6,2,8
1951,7,2,9
1951,1,0,1
1951,6,0,6
1951,7,1,8
1951,2,1,3
1951,3,2,5
1951,2,1,3
1951,9,5,14
1951,7,4,11
1951,4,3,7
1951,7,6,13
1951,2,0,2
1951,7,1,8
1951,2,1,3
1951,5,2,7
1951,8,16,24
1951,6,3,9
1951,4,2,6
1951,6,5,11
1951,4,2,6
1951,7,4,11
1951,5,4,9
1951,6,3,9
1951,9,0,9
1951,2,0,2
1951,1,0,1
1951,3,1,4
1951,4,2,6
1951,7,0,7
1951,9,4,13
1951,8,5,13
1951,2,1,3
1951,8,4,12
1951,2,1,3
1951,2,10,12
1951,9,6,15
1951,4,0,4
1951,5,3,8
1951,3,1,4
1951,4,3,7
1951,7,1,8
1951,8,3,11
1951,2,1,3
1951,3,2,5
1951,8,5,13
1951,8,3,11
1951,5,4,9
1951,7,4,11
1951,5,3,8
1951,7,0,7
1951,1,0,1
1951,5,1,6
1951,2,0,2
1951,5,11,16
1951,9,20,29
1951,9,10,19
1951,4,13,17
1951,4,0,4
1951,7,6,13
1951,5,4,9
1951,5,1,6
1951,15,1,16
1951,5,4,9
1951,4,2,6
1951,5,4,9
1951,5,2,7
1951,6,2,8
1951,8,3,11
1951,5,3,8
1951,6,3,9
1951,5,12,17
1951,3,1,4
1951,5,13,18
1951,6,0,6
1951,4,11,15
1951,7,4,11
1951,4,1,5
1951,6,4,10
1951,4,3,7
1951,8,7,15
1951,5,4,9
1951,5,2,7
1951,8,1,9
1951,6,5,11
1951,7,6,13
1951,4,3,7
1951,4,0,4
1951,3,1,4
1951,4,2,6
1951,6,3,9
1951,2,1,3
1951,10,0,10
1951,9,3,12
1951,1,0,1
1951,5,1,6
1951,2,1,3
1951,3,2,5
1951,2,0,2
1951,7,10,17
1951,6,5,11
1951,5,1,6
1951,5,3,8
1951,5,1,6
1951,6,5,11
1951,6,2,8
1951,7,3,10
1951,5,11,16
1951,3,2,5
1951,9,1,10
1951,12,11,23
1951,4,3,7
1951,12,10,22
1951,9,1,10
1951,3,2,5
1951,8,6,14
1951,5,0,5
1951,2,1,3
1951,6,0,6
1951,5,4,9
1951,5,1,6
1951,4,2,6
1951,2,0,2
1951,9,3,12
1951,9,1,10
1951,5,0,5
1951,5,2,7
1951,6,3,9
1951,4,2,6
1951,1,0,1
1951,5,4,9
1951,6,3,9
1951,2,0,2
1951,3,0,3
1951,3,1,4
1951,1,0,1
1951,4,3,7
1951,1,0,1
1951,5,4,9
1951,2,0,2
1951,2,0,2
1951,7,5,12
1951,13,1,14
1951,4,1,5
1951,2,1,3
1951,3,0,3
1951,7,5,12
1951,3,1,4
1951,3,2,5
1951,2,15,17
1951,3,1,4
1951,2,16,18
1951,6,2,8
1951,4,10,14
1951,9,10,19
1951,6,3,9
1951,6,3,9
1951,2,0,2
1951,4,3,7
1951,2,1,3
1951,4,1,5
1951,8,1,9
1951,9,4,13
1951,6,2,8
1951,4,0,4
1951,7,0,7
1951,3,0,3
1951,5,1,6
1951,1,0,1
1951,2,11,13
1951,5,3,8
1951,6,1,7
1951,3,2,5
1951,8,4,12
1951,7,2,9
1951,7,2,9
1951,11,10,21
1951,4,3,7
1951,5,3,8
1951,6,1,7
1951,6,5,11
1951,3,2,5
1951,6,3,9
1951,3,1,4
1951,3,1,4
1951,3,2,5
1951,4,1,5
1951,7,1,8
1951,3,1,4
1951,5,2,7
1951,3,2,5
1951,9,1,10
1951,3,2,5
1951,6,5,11
1951,5,2,7
1951,4,2,6
1951,4,1,5
1951,9,7,16
1951,6,3,9
1951,2,10,12
1951,7,4,11
1951,9,4,13
1951,6,11,17
1951,7,3,10
1951,4,1,5
1951,2,1,3
1951,7,6,13
1951,4,2,6
1951,8,5,13
1951,4,11,15
1951,4,11,15
1951,4,2,6
1951,7,0,7
1951,9,0,9
1951,5,0,5
1951,3,2,5
1951,4,3,7
1951,4,0,4
1951,6,1,7
1951,4,2,6
1951,6,3,9
1951,2,1,3
1951,5,4,9
1951,4,1,5
1951,4,3,7
1951,7,3,10
1951,7,0,7
1951,7,5,12
1951,2,0,2
1951,4,10,14
1951,3,2,5
1951,2,1,3
1951,7,4,11
1951,4,3,7
1951,4,3,7
1951,13,11,24
1951,7,0,7
1951,4,3,7
1951,6,3,9
1951,6,5,11
1951,9,5,14
1951,3,2,5
1951,5,10,15
1951,4,3,7
1951,7,6,13
1951,2,1,3
1951,7,3,10
1951,6,3,9
1951,8,6,14
1951,3,0,3
1951,5,4,9
1951,9,2,11
1951,6,4,10
1951,2,0,2
1951,1,0,1
1951,9,6,15
1951,7,2,9
1951,4,10,14
1951,5,2,7
1951,3,0,3
1951,3,1,4
1951,6,5,11
1951,3,2,5
1951,5,2,7
1951,5,2,7
1951,7,4,11
1951,5,4,9
1951,4,11,15
1951,10,1,11
1951,4,2,6
1951,7,6,13
1951,5,4,9
1951,6,1,7
1951,6,5,11
1951,4,0,4
1951,5,1,6
1951,7,1,8
1951,7,5,12
1951,7,1,8
1951,6,4,10
1951,9,2,11
1951,3,1,4
1951,4,3,7
1951,5,12,17
1951,5,3,8
1951,2,1,3
1951,2,1,3
1951,6,4,10
1951,7,4,11
1951,6,5,11
1951,7,1,8
1951,8,6,14
1951,6,5,11
1951,7,1,8
1951,8,0,8
1951,3,2,5
1951,2,15,17
1951,5,1,6
1951,5,3,8
1951,8,1,9
1951,7,3,10
1951,3,0,3
1951,4,3,7
1951,3,1,4
1951,5,4,9
1951,4,3,7
1951,4,3,7
1951,5,1,6
1951,9,6,15
1951,7,6,13
1951,6,0,6
1951,5,0,5
1951,7,3,10
1951,5,1,6
1951,9,0,9
1951,9,4,13
1951,4,1,5
1951,9,1,10
1951,6,5,11
1951,6,1,7
1951,6,2,8
1951,8,7,15
1951,3,0,3
1951,2,0,2
1951,9,1,10
1951,4,1,5
1951,4,12,16
1951,8,3,11
1951,9,3,12
1951,5,2,7
1951,4,3,7
1951,6,3,9
1951,2,14,16
1951,4,2,6
1951,7,3,10
1951,5,1,6
1951,6,3,9
1951,2,0,2
1951,3,0,3
1951,5,15,20
1951,4,1,5
1951,10,1,11
1951,7,1,8
1951,7,3,10
1951,4,3,7
1951,7,4,11
1951,8,6,14
1951,8,0,8
1951,3,11,14
1951,4,3,7
1951,4,3,7
1951,6,2,8
1951,4,3,7
1951,3,0,3
1951,4,3,7
1951,7,6,13
1951,4,0,4
1951,3,1,4
1951,5,0,5
1951,4,2,6
1951,8,3,11
1951,5,1,6
1951,3,2,5
1951,7,6,13
1951,3,0,3
1951,2,1,3
1951,3,0,3
1951,9,8,17
1951,8,4,12
1951,9,5,14
1951,4,2,6
1951,4,3,7
1951,3,1,4
1951,10,0,10
1951,5,4,9
1951,5,1,6
1951,3,1,4
1951,6,2,8
1951,6,2,8
1951,13,1,14
1951,4,3,7
1952,3,2,5
1952,3,2,5
1952,6,5,11
1952,3,0,3
1952,3,2,5
1952,3,0,3
1952,8,14,22
1952,1,0,1
1952,5,4,9
1952,5,3,8
1952,8,1,9
1952,6,5,11
1952,4,3,7
1952,8,2,10
1952,5,3,8
1952,3,0,3
1952,3,1,4
1952,5,3,8
1952,3,1,4
1952,5,3,8
1952,9,2,11
1952,5,4,9
1952,7,6,13
1952,5,4,9
1952,5,0,5
1952,3,1,4
1952,3,2,5
1952,3,0,3
1952,7,1,8
1952,2,11,13
1952,6,1,7
1952,6,11,17
1952,8,1,9
1952,7,5,12
1952,2,0,2
1952,9,7,16
1952,9,3,12
1952,8,3,11
1952,6,3,9
1952,6,0,6
1952,2,1,3
1952,3,2,5
1952,7,2,9
1952,9,6,15
1952,4,3,7
1952,2,1,3
1952,8,6,14
1952,2,12,14
1952,8,0,8
1952,5,10,15
1952,3,2,5
1952,5,1,6
1952,4,10,14
1952,7,1,8
1952,5,10,15
1952,2,1,3
1952,3,1,4
1952,2,0,2
1952,2,1,3
1952,3,1,4
1952,4,1,5
1952,2,13,15
1952,8,3,11
1952,3,1,4
1952,9,5,14
1952,1,0,1
1952,3,2,5
1952,6,3,9
1952,7,3,10
1952,5,4,9
1952,6,4,10
1952,8,0,8
1952,5,0,5
1952,9,2,11
1952,13,0,13
1952,4,3,7
1952,7,6,13
1952,6,3,9
1952,8,2,10
1952,1,0,1
1952,1,0,1
1952,6,3,9
1952,4,3,7
1952,8,2,10
1952,2,1,3
1952,9,21,30
1952,5,1,6
1952,4,1,5
1952,5,3,8
1952,9,8,17
1952,4,1,5
1952,9,4,13
1952,4,1,5
1952,3,1,4
1952,5,11,16
1952,2,14,16
1952,7,3,10
1952,4,3,7
1952,6,1,7
1952,7,2,9
1952,7,6,13
1952,5,4,9
1952,3,0,3
1952,5,13,18
1952,6,3,9
1952,2,1,3
1952,6,13,19
1952,3,1,4
1952,2,1,3
1952,4,1,5
1952,13,12,25
1952,5,3,8
1952,3,2,5
1952,6,2,8
1952,5,2,7
1952,3,2,5
1952,8,1,9
1952,6,3,9
1952,7,1,8
1952,3,2,5
1952,3,0,3
1952,7,6,13
1952,9,6,15
1952,6,3,9
1952,5,4,9
1952,8,7,15
1952,8,0,8
1952,3,1,4
1952,6,10,16
1952,6,5,11
1952,6,0,6
1952,4,3,7
1952,5,1,6
1952,2,1,3
1952,7,15,22
1952,4,2,6
1952,3,2,5
1952,5,1,6
1952,13,1,14
1952,2,11,13
1952,2,0,2
1952,5,4,9
1952,1,0,1
1952,5,1,6
1952,6,0,6
1952,9,4,13
1952,5,2,7
1952,7,2,9
1952,5,4,9
1952,7,2,9
1952,1,0,1
1952,5,1,6
1952,3,1,4
1952,6,2,8
1952,4,2,6
1952,6,4,10
1952,5,12,17
1952,9,8,17
1952,3,0,3
1952,4,4,8
1952,8,5,13
1952,7,4,11
1952,9,3,12
1952,8,3,11
1952,4,0,4
1952,8,1,9
1952,4,2,6
1952,3,1,4
1952,6,4,10
1952,6,3,9
1952,3,18,21
1952,3,1,4
1952,5,3,8
1952,4,3,7
1952,8,2,10
1952,2,11,13
1952,1,0,1
1952,3,1,4
1952,6,5,11
1952,2,1,3
1952,1,0,1
1952,5,2,7
1952,8,5,13
1952,8,14,22
1952,3,1,4
1952,5,0,5
1952,6,10,16
1952,4,3,7
1952,7,4,11
1952,6,0,6
1952,5,1,6
1952,5,1,6
1952,4,3,7
1952,6,3,9
1952,5,3,8
1952,3,2,5
1952,8,3,11
1952,9,2,11
1952,7,12,19
1952,2,0,2
1952,1,0,1
1952,1,0,1
1952,5,1,6
1952,6,0,6
1952,6,4,10
1952,8,3,11
1952,2,0,2
1952,3,2,5
1952,3,2,5
1952,6,4,10
1952,3,2,5
1952,2,1,3
1952,7,12,19
1952,5,4,9
1952,9,2,11
1952,9,8,17
1952,7,3,10
1952,2,1,3
1952,7,2,9
1952,2,1,3
1952,6,4,10
1952,2,0,2
1952,6,0,6
1952,7,4,11
1952,4,3,7
1952,4,3,7
1952,8,1,9
1952,1,1,2
1952,3,2,5
1952,4,0,4
1952,4,3,7
1952,2,0,2
1952,19,1,20
1952,5,1,6
1952,5,1,6
1952,5,1,6
1952,3,0,3
1952,8,1,9
1952,7,3,10
1952,2,1,3
1952,8,7,15
1952,3,0,3
1952,5,0,5
1952,3,2,5
1952,6,0,6
1952,6,0,6
1952,4,2,6
1952,9,2,11
1952,2,1,3
1952,5,3,8
1952,5,1,6
1952,6,5,11
1952,6,3,9
1952,5,2,7
1952,5,11,16
1952,5,4,9
1952,5,0,5
1952,7,5,12
1952,5,3,8
1952,3,0,3
1952,1,0,1
1952,7,6,13
1952,5,4,9
1952,7,5,12
1952,6,2,8
1952,2,1,3
1952,1,0,1
1952,6,3,9
1952,3,0,3
1952,4,2,6
1952,6,3,9
1952,6,2,8
1952,5,3,8
1952,7,3,10
1952,3,0,3
1952,8,5,13
1952,6,4,10
1952,7,2,9
1952,4,2,6
1952,5,4,9
1952,5,4,9
1952,3,0,3
1952,6,2,8
1952,7,2,9
1952,6,2,8
1952,5,2,7
1952,3,1,4
1952,1,0,1
1952,7,3,10
1952,4,11,15
1952,3,2,5
1952,6,5,11
1952,4,2,6
1952,5,2,7
1952,5,3,8
1952,5,4,9
1952,2,11,13
1952,7,6,13
1952,11,0,11
1952,7,2,9
1952,3,1,4
1952,2,1,3
1952,4,2,6
1952,3,0,3
1952,4,2,6
1952,3,2,5
1952,4,3,7
1952,3,2,5
1952,8,5,13
1952,7,3,10
1952,5,3,8
1952,3,2,5
1952,3,2,5
1952,1,0,1
1952,9,4,13
1952,5,1,6
1952,2,1,3
1952,8,7,15
1952,8,2,10
1952,4,3,7
1952,6,3,9
1952,6,2,8
1952,6,1,7
1952,4,1,5
1952,2,0,2
1952,2,1,3
1952,5,4,9
1952,5,2,7
1952,6,0,6
1952,4,17,21
1952,2,1,3
1952,4,3,7
1952,3,1,4
1952,6,4,10
1952,3,2,5
1952,3,2,5
1952,13,11,24
1952,6,2,8
1952,8,10,18
1952,6,3,9
1952,4,3,7
1952,7,4,11
1952,6,0,6
1952,5,0,5
1952,3,1,4
1952,5,3,8
1952,6,4,10
1952,2,12,14
1952,2,0,2
1952,8,3,11
1952,4,2,6
1952,7,2,9
1952,6,4,10
1952,9,3,12
1952,4,11,15
1952,8,1,9
1952,5,4,9
1952,4,3,7
1952,9,11,20
1952,9,3,12
1952,3,11,14
1952,2,1,3
1952,14,0,14
1952,7,5,12
1952,4,3,7
1952,5,3,8
1952,5,2,7
1952,5,2,7
1952,7,5,12
1952,7,6,13
1952,7,11,18
1952,4,10,14
1952,5,2,7
1952,3,0,3
1952,4,12,16
1952,3,11,14
1952,9,1,10
1952,5,3,8
1952,6,3,9
1952,9,8,17
1952,3,2,5
1952,6,2,8
1952,7,4,11
1952,5,10,15
1952,6,5,11
1952,4,0,4
1952,4,15,19
1952,7,5,12
1952,1,0,1
1952,4,3,7
1952,9,11,20
1952,3,2,5
1952,3,2,5
1952,7,2,9
1952,5,3,8
1952,5,0,5
1952,3,2,5
1952,1,0,1
1952,7,5,12
1952,3,1,4
1952,3,0,3
1952,4,10,14
1952,2,11,13
1952,15,10,25
1952,7,4,11
1952,5,0,5
1952,7,1,8
1952,6,2,8
1952,4,3,7
1952,3,1,4
1952,4,2,6
1952,11,0,11
1952,7,6,13
1952,4,3,7
1952,4,2,6
1952,9,2,11
1952,7,4,11
1952,4,1,5
1952,2,0,2
1952,7,2,9
1952,3,2,5
1952,8,2,10
1952,4,3,7
1952,6,3,9
1952,4,2,6
1952,14,12,26
1952,3,0,3
1952,6,0,6
1952,6,3,9
1952,6,3,9
1952,7,6,13
1952,8,7,15
1952,5,4,9
1952,9,1,10
1952,5,1,6
1952,13,1,14
1952,2,1,3
1952,4,3,7
1952,7,6,13
1952,6,2,8
1952,2,1,3
1952,4,0,4
1952,3,1,4
1952,6,5,11
1952,7,6,13
1952,3,1,4
1952,3,2,5
1952,6,10,16
1952,5,2,7
1952,7,1,8
1952,4,3,7
1952,5,0,5
1952,7,4,11
1952,4,1,5
1952,5,4,9
1952,6,3,9
1952,8,0,8
1952,8,1,9
1952,6,4,10
1952,2,0,2
1952,5,4,9
1952,7,12,19
1952,8,5,13
1952,9,2,11
1952,3,1,4
1952,4,3,7
1952,3,1,4
1952,5,5,10
1952,4,14,18
1952,9,0,9
1952,5,1,6
1952,3,1,4
1952,6,2,8
1952,7,3,10
1952,7,2,9
1952,7,2,9
1952,3,0,3
1952,2,1,3
1952,7,0,7
1952,5,4,9
1952,4,3,7
1952,10,0,10
1952,5,3,8
1952,3,0,3
1952,8,5,13
1952,3,2,5
1952,9,3,12
1952,6,4,10
1952,6,12,18
1952,14,10,24
1952,6,0,6
1952,7,4,11
1952,4,3,7
1952,6,2,8
1952,2,1,3
1952,7,1,8
1952,3,1,4
1952,7,4,11
1952,6,0,6
1952,2,1,3
1952,8,3,11
1952,3,1,4
1952,5,2,7
1952,9,6,15
1952,9,11,20
1952,3,10,13
1952,3,2,5
1952,4,1,5
1952,9,10,19
1952,3,0,3
1952,6,0,6
1952,5,3,8
1952,8,3,11
1952,5,1,6
1952,6,0,6
1952,10,0,10
1952,6,0,6
1952,6,4,10
1952,2,1,3
1952,5,1,6
1952,4,2,6
1952,5,1,6
1952,3,2,5
1952,12,0,12
1952,7,2,9
1952,4,3,7
1952,5,2,7
1952,6,5,11
1952,4,2,6
1952,7,7,14
1952,9,8,17
1952,9,1,10
1952,5,0,5
1952,3,1,4
1952,3,12,15
1952,2,1,3
1952,3,2,5
1952,4,0,4
1952,8,7,15
1952,4,0,4
1952,5,4,9
1952,7,2,9
1952,4,3,7
1952,6,2,8
1952,7,3,10
1952,4,3,7
1952,6,3,9
1952,3,2,5
1952,4,3,7
1952,6,4,10
1952,3,2,5
1952,6,5,11
1952,8,3,11
1952,4,3,7
1952,2,1,3
1952,2,1,3
1952,8,3,11
1952,3,0,3
1952,3,2,5
1952,3,2,5
1952,5,4,9
1952,4,1,5
1952,3,0,3
1952,4,3,7
1952,2,0,2
1952,3,12,15
1952,5,1,6
1952,4,3,7
1952,4,1,5
1952,9,6,15
1952,6,4,10
1952,2,1,3
1952,3,2,5
1952,3,1,4
1952,2,0,2
1952,4,2,6
1952,5,2,7
1952,11,0,11
1952,10,1,11
1952,5,1,6
1952,5,10,15
1952,4,3,7
1952,7,13,20
1952,4,1,5
1952,9,4,13
1952,4,3,7
1952,5,3,8
1952,7,1,8
1952,3,2,5
1952,5,0,5
1952,3,2,5
1952,3,1,4
1952,5,0,5
1952,4,3,7
1952,8,2,10
1952,5,1,6
1952,2,0,2
1952,3,2,5
1952,8,6,14
1952,2,0,2
1952,4,1,5
1952,5,2,7
1952,7,6,13
1952,6,5,11
1952,6,4,10
1952,5,2,7
1952,7,6,13
1952,5,3,8
1952,2,10,12
1952,11,1,12
1952,6,4,10
1952,3,10,13
1952,2,0,2
1952,4,2,6
1952,6,16,22
1952,5,3,8
1952,6,5,11
1952,6,1,7
1952,6,3,9
1952,8,7,15
1952,6,2,8
1952,4,3,7
1952,2,1,3
1952,5,4,9
1952,2,12,14
1952,5,3,8
1952,5,4,9
1952,5,1,6
1952,5,2,7
1952,3,2,5
1952,2,1,3
1952,8,5,13
1952,4,0,4
1952,7,3,10
1952,9,2,11
1952,2,10,12
1952,4,2,6
1952,11,1,12
1952,2,12,14
1952,6,0,6
1952,7,4,11
1952,4,2,6
1952,2,1,3
1952,1,0,1
1952,2,1,3
1952,7,5,12
1952,6,2,8
1952,8,2,10
1952,2,1,3
1952,6,0,6
1952,4,15,19
1952,7,5,12
1952,3,10,13
1952,7,3,10
1952,7,6,13
1952,3,11,14
1952,3,10,13
1952,6,3,9
1952,8,2,10
1952,9,8,17
1952,7,3,10
1952,3,2,5
1952,5,3,8
1952,8,7,15
1952,7,4,11
1952,8,7,15
1952,8,7,15
1952,9,0,9
1952,2,1,3
1952,1,0,1
1952,2,1,3
1952,6,11,17
1952,5,4,9
1952,9,5,14
1952,3,1,4
1952,2,1,3
1952,4,2,6
1952,3,2,5
1952,1,0,1
1952,9,2,11
1952,7,5,12
1952,6,3,9
1952,2,1,3
1952,6,2,8
1952,7,2,9
1952,6,5,11
1952,4,0,4
1952,3,0,3
1952,7,5,12
1952,4,2,6
1952,5,4,9
1952,9,1,10
1952,6,2,8
1952,2,1,3
1952,8,7,15
1952,9,7,16
1952,6,5,11
1952,4,3,7
1952,5,4,9
1952,8,7,15
1952,3,3,6
1952,8,5,13
1952,8,4,12
1952,7,6,13
1952,6,3,9
1952,7,6,13
1952,6,4,10
1952,4,2,6
1952,7,3,10
1952,8,1,9
1952,1,0,1
1952,3,2,5
1952,4,14,18
1952,8,1,9
1952,3,2,5
1952,6,4,10
1952,6,2,8
1952,4,10,14
1952,7,3,10
1952,5,2,7
1952,4,1,5
1952,3,2,5
1952,3,2,5
1952,2,1,3
1952,3,1,4
1952,3,0,3
1952,4,2,6
1952,4,2,6
1952,9,5,14
1952,4,3,7
1952,8,4,12
1952,3,2,5
1952,5,0,5
1952,5,4,9
1952,4,2,6
1952,2,1,3
1952,3,1,4
1952,8,3,11
1952,3,2,5
1952,5,3,8
1952,6,4,10
1952,9,3,12
1952,11,10,21
1952,6,10,16
1952,7,2,9
1952,7,2,9
1952,7,2,9
1952,4,3,7
1952,5,2,7
1952,3,3,6
1952,3,1,4
1952,9,3,12
1952,3,1,4
1952,3,2,5
1952,8,3,11
1952,6,0,6
1952,4,11,15
1952,8,12,20
1952,3,0,3
1952,8,1,9
1952,9,3,12
1952,3,2,5
1952,2,12,14
1952,6,3,9
1952,7,1,8
1952,6,5,11
1952,7,10,17
1952,4,1,5
1952,5,0,5
1952,8,10,18
1952,4,2,6
1952,6,1,7
1952,4,3,7
1952,7,3,10
1952,4,3,7
1952,2,1,3
1952,7,0,7
1952,5,4,9
1952,4,3,7
1952,6,10,16
1952,6,2,8
1952,7,3,10
1952,6,2,8
1952,7,6,13
1952,4,1,5
1952,8,3,11
1952,6,2,8
1952,8,2,10
1952,2,1,3
1952,3,2,5
1952,8,11,19
1952,5,10,15
1952,6,1,7
1952,2,0,2
1952,3,1,4
1952,6,5,11
1952,3,1,4
1952,7,3,10
1952,5,10,15
1952,2,1,3
1952,8,3,11
1952,6,1,7
1952,6,4,10
1952,5,10,15
1952,4,3,7
1952,6,2,8
1952,6,11,17
1952,3,2,5
1952,9,1,10
1952,7,4,11
1952,4,0,4
1952,4,1,5
1952,9,2,11
1952,6,0,6
1952,7,0,7
1952,8,10,18
1952,6,0,6
1952,6,1,7
1952,6,4,10
1952,1,0,1
1952,6,0,6
1952,6,3,9
1952,4,0,4
1952,7,6,13
1952,5,3,8
1952,4,3,7
1952,5,1,6
1952,3,2,5
1952,7,1,8
1952,5,3,8
1952,7,2,9
1952,3,2,5
1952,1,0,1
1952,6,4,10
1952,2,1,3
1952,2,10,12
1952,7,4,11
1952,8,2,10
1952,7,5,12
1952,7,5,12
1952,8,4,12
1952,5,4,9
1952,4,2,6
1952,7,1,8
1952,2,0,2
1952,4,3,7
1952,2,1,3
1952,8,5,13
1952,6,3,9
1952,1,0,1
1952,9,10,19
1952,2,0,2
1952,6,1,7
1952,3,12,15
1952,3,1,4
1952,6,0,6
1952,4,2,6
1952,4,3,7
1952,7,5,12
1952,3,1,4
1952,5,4,9
1952,3,2,5
1952,4,2,6
1952,9,5,14
1952,4,3,7
1952,6,3,9
1952,4,2,6
1952,4,2,6
1952,11,10,21
1952,4,2,6
1952,2,10,12
1952,7,0,7
1952,7,2,9
1952,9,5,14
1952,4,10,14
1952,6,5,11
1952,2,1,3
1952,4,3,7
1952,1,0,1
1952,3,2,5
1952,4,0,4
1952,5,4,9
1952,8,4,12
1952,3,11,14
1952,7,0,7
1952,5,2,7
1952,9,1,10
1952,7,1,8
1952,4,12,16
1952,9,10,19
1952,3,0,3
1952,9,3,12
1952,5,4,9
1952,4,2,6
1952,4,3,7
1952,4,1,5
1952,2,0,2
1952,7,2,9
1952,5,3,8
1952,5,3,8
1952,3,2,5
1952,8,3,11
1952,7,6,13
1952,4,3,7
1952,3,1,4
1952,7,11,18
1952,5,4,9
1952,5,4,9
1952,15,0,15
1952,2,1,3
1952,4,3,7
1952,5,2,7
1952,3,10,13
1952,3,1,4
1952,3,2,5
1952,2,1,3
1952,5,2,7
1952,5,2,7
1952,6,2,8
1952,2,1,3
1952,4,2,6
1952,4,2,6
1952,7,3,10
1952,4,2,6
1952,7,2,9
1952,5,12,17
1952,2,1,3
1952,4,2,6
1952,4,3,7
1952,6,5,11
1952,5,0,5
1952,3,1,4
1952,3,0,3
1952,5,3,8
1952,3,1,4
1952,4,3,7
1952,6,5,11
1952,5,10,15
1952,7,5,12
1952,2,1,3
1952,8,18,26
1952,6,3,9
1952,3,12,15
1952,4,3,7
1952,3,1,4
1952,9,2,11
1952,4,1,5
1952,8,6,14
1952,5,10,15
1952,6,1,7
1952,3,2,5
1952,3,2,5
1952,8,1,9
1952,4,1,5
1952,4,3,7
1952,3,2,5
1952,6,4,10
1952,5,2,7
1952,9,0,9
1952,9,2,11
1952,3,2,5
1952,3,1,4
1952,2,0,2
1952,4,3,7
1952,2,1,3
1952,3,2,5
1952,1,0,1
1952,12,11,23
1952,3,2,5
1952,3,1,4
1952,6,3,9
1952,2,1,3
1952,12,1,13
1952,3,0,3
1952,4,14,18
1952,5,4,9
1952,6,3,9
1952,4,2,6
1952,7,11,18
1952,5,1,6
1952,4,3,7
1952,5,3,8
1952,4,10,14
1952,9,8,17
1952,6,3,9
1952,3,0,3
1952,1,0,1
1952,3,1,4
1952,9,5,14
1952,7,2,9
1952,3,11,14
1952,3,2,5
1952,2,0,2
1952,6,3,9
1952,6,3,9
1952,7,14,21
1952,4,3,7
1952,1,0,1
1952,5,0,5
1952,5,10,15
1952,7,12,19
1952,7,12,19
1952,6,5,11
1952,5,4,9
1952,7,2,9
1952,4,1,5
1952,9,6,15
1952,5,4,9
1952,9,3,12
1952,4,1,5
1952,6,4,10
1952,7,14,21
1952,6,10,16
1952,4,1,5
1952,4,2,6
1952,3,2,5
1952,6,1,7
1952,7,5,12
1952,4,3,7
1952,4,2,6
1952,8,6,14
1952,6,11,17
1952,5,3,8
1952,6,4,10
1952,2,12,14
1952,2,1,3
1952,9,1,10
1952,1,0,1
1952,4,0,4
1952,6,3,9
1952,4,2,6
1952,6,5,11
1952,6,1,7
1952,11,1,12
1952,2,0,2
1952,4,2,6
1952,7,4,11
1952,3,1,4
1952,5,1,6
1952,6,0,6
1952,3,2,5
1952,5,1,6
1952,6,0,6
1952,5,4,9
1952,9,3,12
1952,2,1,3
1952,9,8,17
1952,4,2,6
1952,6,5,11
1952,7,4,11
1952,5,0,5
1952,4,0,4
1952,8,2,10
1952,9,3,12
1952,3,2,5
1952,5,0,5
1952,6,5,11
1952,1,0,1
1952,1,0,1
1952,8,11,19
1952,4,3,7
1952,3,0,3
1952,6,1,7
1952,9,2,11
1952,6,5,11
1952,8,0,8
1952,7,2,9
1952,2,0,2
1952,4,3,7
1952,2,12,14
1952,1,0,1
1952,4,2,6
1952,3,1,4
1952,3,0,3
1952,5,4,9
1952,3,2,5
1952,4,0,4
1952,2,0,2
1952,6,4,10
1952,2,10,12
1952,3,2,5
1952,8,3,11
1952,4,3,7
1952,6,4,10
1952,7,3,10
1952,7,6,13
1952,3,1,4
1952,7,4,11
1952,5,2,7
1952,5,12,17
1952,6,1,7
1952,4,0,4
1952,3,1,4
1952,4,2,6
1952,4,1,5
1952,2,1,3
1952,4,3,7
1952,5,1,6
1952,2,10,12
1952,3,2,5
1952,7,1,8
1952,1,0,1
1952,2,0,2
1952,3,2,5
1952,3,2,5
1952,6,1,7
1952,4,3,7
1952,6,11,17
1952,7,4,11
1952,5,4,9
1952,4,1,5
1952,6,2,8
1952,6,5,11
1952,6,3,9
1952,5,3,8
1952,6,2,8
1952,3,2,5
1952,6,3,9
1952,6,1,7
1952,7,11,18
1952,4,1,5
1952,1,0,1
1952,5,4,9
1952,5,4,9
1952,3,2,5
1952,8,5,13
1952,8,1,9
1952,16,0,16
1952,6,4,10
1952,5,0,5
1952,7,6,13
1952,4,2,6
1952,8,7,15
1952,5,1,6
1952,7,0,7
1952,5,4,9
1952,5,2,7
1952,8,0,8
1952,6,5,11
1952,4,3,7
1952,5,11,16
1952,3,2,5
1952,4,0,4
1952,1,0,1
1952,3,2,5
1952,4,3,7
1952,7,1,8
1952,6,2,8
1952,4,14,18
1952,5,2,7
1952,2,1,3
1952,5,10,15
1952,2,1,3
1952,5,11,16
1952,4,2,6
1952,5,4,9
1952,12,1,13
1952,4,2,6
1952,8,6,14
1952,5,1,6
1952,2,1,3
1952,7,1,8
1952,4,3,7
1952,7,0,7
1952,9,0,9
1952,4,2,6
1952,7,11,18
1952,4,1,5
1952,6,1,7
1952,3,12,15
1952,2,0,2
1952,7,4,11
1952,4,10,14
1952,4,2,6
1952,5,3,8
1952,4,1,5
1952,2,0,2
1952,1,0,1
1952,4,3,7
1952,5,3,8
1952,1,0,1
1952,4,1,5
1952,3,11,14
1952,2,0,2
1952,3,2,5
1952,9,6,15
1952,4,0,4
1952,6,10,16
1952,8,2,10
1952,3,2,5
1952,7,1,8
1952,1,0,1
1952,6,2,8
1952,4,3,7
1952,4,1,5
1952,7,3,10
1952,6,3,9
1952,5,4,9
1952,1,0,1
1952,10,1,11
1952,3,1,4
1952,4,3,7
1952,4,3,7
1952,3,2,5
1952,8,6,14
1952,9,7,16
1952,6,0,6
1952,7,4,11
1952,8,11,19
1952,8,2,10
1952,6,1,7
1952,3,2,5
1952,3,2,5
1952,3,2,5
1952,4,3,7
1952,3,1,4
1952,8,4,12
1952,6,2,8
1952,5,0,5
1952,8,0,8
1952,5,2,7
1952,3,10,13
1952,3,2,5
1952,3,11,14
1952,8,4,12
1952,9,6,15
1952,6,11,17
1952,7,3,10
1952,3,0,3
1952,4,1,5
1952,5,4,9
1952,5,5,10
1952,12,1,13
1952,3,2,5
1952,8,2,10
1952,7,4,11
1952,9,4,13
1952,3,0,3
1952,4,2,6
1952,7,1,8
1952,5,3,8
1952,2,0,2
1952,6,5,11
1952,3,2,5
1952,4,2,6
1953,2,0,2
1953,8,5,13
1953,3,2,5
1953,6,0,6
1953,3,2,5
1953,5,0,5
1953,4,1,5
1953,10,0,10
1953,4,2,6
1953,4,1,5
1953,8,1,9
1953,1,0,1
1953,8,11,19
1953,6,11,17
1953,14,12,26
1953,3,0,3
1953,6,3,9
1953,6,4,10
1953,9,10,19
1953,6,5,11
1953,6,3,9
1953,4,12,16
1953,5,0,5
1953,7,3,10
1953,7,6,13
1953,8,7,15
1953,3,2,5
1953,6,3,9
1953,5,2,7
1953,3,0,3
1953,4,12,16
1953,4,3,7
1953,4,0,4
1953,4,2,6
1953,4,11,15
1953,2,1,3
1953,9,4,13
1953,4,3,7
1953,7,5,12
1953,1,0,1
1953,7,1,8
1953,5,4,9
1953,5,4,9
1953,5,1,6
1953,6,15,21
1953,9,7,16
1953,6,2,8
1953,5,4,9
1953,4,2,6
1953,8,3,11
1953,7,4,11
1953,6,2,8
1953,8,4,12
1953,6,3,9
1953,6,1,7
1953,6,5,11
1953,6,4,10
1953,7,2,9
1953,4,12,16
1953,4,1,5
1953,4,1,5
1953,5,3,8
1953,3,0,3
1953,4,3,7
1953,7,5,12
1953,6,10,16
1953,4,3,7
1953,8,4,12
1953,4,2,6
1953,7,6,13
1953,6,4,10
1953,8,4,12
1953,7,5,12
1953,2,1,3
1953,2,12,14
1953,5,4,9
1953,7,5,12
1953,8,1,9
1953,7,2,9
1953,3,0,3
1953,5,1,6
1953,5,4,9
1953,3,2,5
1953,2,0,2
1953,4,1,5
1953,6,5,11
1953,5,3,8
1953,7,6,13
1953,6,5,11
1953,3,0,3
1953,2,1,3
1953,4,10,14
1953,3,2,5
1953,1,0,1
1953,4,3,7
1953,7,4,11
1953,6,1,7
1953,1,0,1
1953,1,1,2
1953,4,2,6
1953,3,1,4
1953,6,5,11
1953,6,5,11
1953,8,1,9
1953,7,3,10
1953,3,2,5
1953,5,2,7
1953,8,3,11
1953,6,5,11
1953,8,7,15
1953,5,1,6
1953,4,1,5
1953,4,12,16
1953,5,4,9
1953,4,3,7
1953,4,2,6
1953,6,10,16
1953,7,0,7
1953,4,3,7
1953,6,5,11
1953,5,1,6
1953,2,0,2
1953,8,2,10
1953,5,14,19
1953,6,5,11
1953,9,4,13
1953,8,10,18
1953,4,12,16
1953,9,5,14
1953,8,4,12
1953,5,0,5
1953,5,1,6
1953,11,1,12
1953,4,14,18
1953,2,1,3
1953,7,3,10
1953,6,2,8
1953,8,4,12
1953,8,5,13
1953,6,0,6
1953,2,1,3
1953,7,2,9
1953,5,3,8
1953,2,0,2
1953,7,10,17
1953,7,4,11
1953,6,4,10
1953,7,6,13
1953,8,4,12
1953,3,12,15
1953,4,2,6
1953,2,0,2
1953,2,0,2
1953,6,4,10
1953,6,0,6
1953,3,2,5
1953,7,4,11
1953,5,0,5
1953,8,6,14
1953,5,10,15
1953,4,2,6
1953,5,2,7
1953,6,2,8
1953,4,1,5
1953,4,0,4
1953,3,2,5
1953,8,0,8
1953,6,2,8
1953,3,12,15
1953,2,1,3
1953,9,7,16
1953,6,4,10
1953,8,1,9
1953,7,0,7
1953,7,3,10
1953,6,5,11
1953,10,1,11
1953,3,0,3
1953,11,1,12
1953,9,4,13
1953,2,1,3
1953,5,4,9
1953,3,2,5
1953,7,5,12
1953,5,3,8
1953,8,3,11
1953,2,1,3
1953,1,0,1
1953,7,3,10
1953,4,3,7
1953,7,6,13
1953,9,3,12
1953,4,0,4
1953,1,0,1
1953,3,2,5
1953,3,0,3
1953,5,3,8
1953,6,3,9
1953,5,2,7
1953,6,0,6
1953,6,2,8
1953,7,3,10
1953,5,13,18
1953,10,0,10
1953,6,5,11
1953,7,3,10
1953,9,1,10
1953,9,6,15
1953,7,3,10
1953,5,2,7
1953,8,5,13
1953,2,1,3
1953,4,0,4
1953,8,6,14
1953,3,0,3
1953,4,3,7
1953,6,4,10
1953,6,3,9
1953,4,1,5
1953,4,2,6
1953,2,1,3
1953,2,1,3
1953,3,2,5
1953,6,16,22
1953,5,14,19
1953,7,2,9
1953,9,8,17
1953,2,1,3
1953,6,11,17
1953,8,3,11
1953,9,0,9
1953,7,2,9
1953,7,2,9
1953,9,11,20
1953,6,5,11
1953,3,2,5
1953,3,2,5
1953,7,0,7
1953,5,1,6
1953,4,2,6
1953,4,12,16
1953,5,3,8
1953,5,1,6
1953,4,2,6
1953,3,2,5
1953,2,0,2
1953,8,4,12
1953,6,0,6
1953,8,6,14
1953,5,4,9
1953,5,2,7
1953,5,1,6
1953,9,8,17
1953,3,1,4
1953,8,4,12
1953,2,16,18
1953,3,11,14
1953,2,0,2
1953,6,3,9
1953,3,14,17
1953,5,1,6
1953,3,10,13
1953,14,10,24
1953,9,11,20
1953,6,3,9
1953,7,5,12
1953,6,1,7
1953,6,3,9
1953,3,2,5
1953,9,8,17
1953,6,0,6
1953,8,2,10
1953,5,3,8
1953,2,2,4
1953,6,3,9
1953,9,4,13
1953,3,1,4
1953,4,3,7
1953,2,14,16
1953,8,6,14
1953,5,1,6
1953,7,6,13
1953,10,10,20
1953,7,2,9
1953,6,1,7
1953,9,8,17
1953,7,5,12
1953,2,1,3
1953,6,3,9
1953,5,11,16
1953,3,12,15
1953,7,12,19
1953,7,4,11
1953,7,11,18
1953,4,2,6
1953,7,2,9
1953,6,5,11
1953,8,6,14
1953,2,1,3
1953,5,4,9
1953,13,1,14
1953,7,4,11
1953,4,1,5
1953,5,2,7
1953,6,4,10
1953,4,3,7
1953,2,1,3
1953,5,4,9
1953,4,0,4
1953,4,3,7
1953,4,1,5
1953,7,4,11
1953,7,4,11
1953,8,6,14
1953,8,6,14
1953,8,1,9
1953,7,1,8
1953,6,2,8
1953,4,3,7
1953,4,3,7
1953,7,3,10
1953,7,7,14
1953,4,2,6
1953,5,0,5
1953,4,3,7
1953,5,3,8
1953,9,14,23
1953,2,18,20
1953,4,3,7
1953,7,10,17
1953,3,11,14
1953,5,3,8
1953,6,5,11
1953,1,0,1
1953,3,2,5
1953,5,10,15
1953,9,5,14
1953,8,1,9
1953,2,11,13
1953,9,6,15
1953,3,11,14
1953,6,5,11
1953,6,1,7
1953,10,1,11
1953,5,4,9
1953,8,4,12
1953,3,2,5
1953,11,1,12
1953,3,2,5
1953,7,4,11
1953,5,0,5
1953,5,4,9
1953,2,0,2
1953,6,2,8
1953,1,0,1
1953,3,0,3
1953,6,2,8
1953,7,15,22
1953,6,2,8
1953,10,1,11
1953,2,16,18
1953,5,1,6
1953,8,4,12
1953,4,3,7
1953,4,1,5
1953,5,10,15
1953,5,2,7
1953,6,0,6
1953,5,3,8
1953,6,1,7
1953,6,11,17
1953,9,2,11
1953,7,2,9
1953,8,5,13
1953,6,3,9
1953,8,12,20
1953,7,3,10
1953,5,3,8
1953,6,10,16
1953,5,1,6
1953,2,1,3
1953,3,2,5
1953,4,2,6
1953,9,10,19
1953,7,4,11
1953,6,5,11
1953,3,13,16
1953,2,1,3
1953,2,1,3
1953,4,11,15
1953,6,5,11
1953,9,1,10
1953,8,5,13
1953,5,1,6
1953,2,11,13
1953,3,2,5
1953,9,6,15
1953,6,5,11
1953,2,1,3
1953,6,3,9
1953,3,1,4
1953,5,3,8
1953,7,0,7
1953,7,4,11
1953,4,3,7
1953,4,2,6
1953,2,1,3
1953,3,1,4
1953,4,1,5
1953,4,2,6
1953,2,11,13
1953,5,3,8
1953,5,2,7
1953,9,4,13
1953,7,6,13
1953,5,4,9
1953,8,3,11
1953,6,3,9
1953,6,6,12
1953,6,0,6
1953,1,0,1
1953,6,2,8
1953,3,0,3
1953,6,1,7
1953,1,0,1
1953,9,4,13
1953,2,1,3
1953,4,1,5
1953,7,3,10
1953,8,0,8
1953,4,1,5
1953,3,1,4
1953,3,2,5
1953,3,2,5
1953,5,3,8
1953,6,5,11
1953,3,2,5
1953,7,5,12
1953,5,12,17
1953,6,5,11
1953,3,2,5
1953,3,1,4
1953,9,7,16
1953,6,5,11
1953,7,3,10
1953,17,1,18
1953,5,4,9
1953,4,1,5
1953,9,6,15
1953,5,3,8
1953,9,6,15
1953,9,3,12
1953,1,0,1
1953,3,23,26
1953,8,4,12
1953,6,3,9
1953,5,0,5
1953,3,0,3
1953,6,4,10
1953,4,12,16
1953,8,4,12
1953,4,1,5
1953,8,11,19
1953,7,1,8
1953,3,10,13
1953,15,1,16
1953,3,2,5
1953,5,2,7
1953,2,10,12
1953,4,2,6
1953,4,2,6
1953,5,3,8
1953,3,1,4
1953,5,3,8
1953,6,2,8
1953,6,4,10
1953,2,1,3
1953,7,3,10
1953,3,1,4
1953,2,0,2
1953,3,2,5
1953,5,2,7
1953,5,3,8
1953,5,0,5
1953,6,6,12
1953,6,3,9
1953,3,10,13
1953,5,0,5
1953,9,4,13
1953,5,2,7
1953,5,1,6
1953,9,4,13
1953,6,3,9
1953,5,2,7
1953,5,2,7
1953,6,4,10
1953,2,1,3
1953,6,1,7
1953,3,2,5
1953,1,0,1
1953,3,11,14
1953,5,0,5
1953,8,15,23
1953,4,3,7
1953,9,13,22
1953,8,2,10
1953,7,4,11
1953,10,1,11
1953,8,4,12
1953,6,3,9
1953,3,0,3
1953,7,6,13
1953,4,15,19
1953,2,13,15
1953,3,12,15
1953,6,4,10
1953,4,2,6
1953,5,2,7
1953,9,4,13
1953,3,1,4
1953,5,3,8
1953,9,6,15
1953,8,4,12
1953,4,1,5
1953,4,3,7
1953,7,2,9
1953,6,5,11
1953,7,0,7
1953,7,3,10
1953,6,5,11
1953,2,1,3
1953,5,15,20
1953,4,3,7
1953,5,0,5
1953,6,1,7
1953,7,4,11
1953,4,3,7
1953,6,5,11
1953,4,13,17
1953,2,12,14
1953,4,1,5
1953,9,2,11
1953,11,1,12
1953,4,1,5
1953,4,1,5
1953,2,1,3
1953,4,3,7
1953,5,2,7
1953,5,1,6
1953,6,2,8
1953,5,4,9
1953,9,10,19
1953,4,2,6
1953,6,3,9
1953,6,4,10
1953,6,4,10
1953,3,1,4
1953,3,0,3
1953,3,10,13
1953,4,0,4
1953,5,4,9
1953,4,13,17
1953,2,10,12
1953,4,2,6
1953,5,3,8
1953,5,3,8
1953,5,10,15
1953,5,3,8
1953,8,0,8
1953,4,2,6
1953,3,1,4
1953,9,4,13
1953,3,10,13
1953,8,1,9
1953,11,1,12
1953,4,0,4
1953,5,1,6
1953,7,2,9
1953,8,4,12
1953,6,5,11
1953,5,2,7
1953,7,3,10
1953,5,4,9
1953,4,1,5
1953,6,1,7
1953,5,1,6
1953,3,1,4
1953,6,3,9
1953,4,0,4
1953,4,2,6
1953,4,10,14
1953,13,0,13
1953,4,2,6
1953,8,4,12
1953,8,6,14
1953,7,6,13
1953,4,0,4
1953,4,0,4
1953,4,1,5
1953,6,20,26
1953,2,10,12
1953,2,0,2
1953,7,4,11
1953,7,10,17
1953,7,1,8
1953,4,0,4
1953,5,4,9
1953,7,6,13
1953,6,3,9
1953,6,0,6
1953,5,10,15
1953,5,3,8
1953,2,14,16
1953,8,7,15
1953,2,1,3
1953,3,2,5
1953,7,6,13
1953,4,1,5
1953,5,3,8
1953,9,1,10
1953,5,4,9
1953,5,4,9
1953,9,5,14
1953,6,3,9
1953,2,0,2
1953,4,14,18
1953,7,3,10
1953,7,3,10
1953,4,2,6
1953,8,4,12
1953,7,10,17
1953,6,3,9
1953,7,4,11
1953,4,2,6
1953,4,0,4
1953,6,5,11
1953,4,0,4
1953,9,1,10
1953,8,4,12
1953,3,2,5
1953,6,1,7
1953,3,0,3
1953,5,16,21
1953,6,0,6
1953,4,3,7
1953,8,4,12
1953,6,1,7
1953,3,13,16
1953,5,2,7
1953,4,3,7
1953,6,0,6
1953,5,4,9
1953,5,2,7
1953,7,2,9
1953,3,2,5
1953,8,4,12
1953,5,0,5
1953,9,5,14
1953,4,1,5
1953,4,3,7
1953,2,14,16
1953,3,1,4
1953,7,4,11
1953,7,3,10
1953,8,7,15
1953,3,2,5
1953,6,5,11
1953,6,4,10
1953,6,5,11
1953,10,1,11
1953,4,3,7
1953,9,2,11
1953,6,5,11
1953,5,4,9
1953,5,3,8
1953,3,2,5
1953,3,10,13
1953,3,1,4
1953,3,2,5
1953,5,2,7
1953,8,6,14
1953,7,3,10
1953,14,0,14
1953,7,4,11
1953,4,1,5
1953,5,0,5
1953,3,2,5
1953,3,2,5
1953,8,2,10
1953,6,4,10
1953,6,14,20
1953,6,10,16
1953,9,3,12
1953,5,3,8
1953,7,12,19
1953,11,0,11
1953,4,3,7
1953,2,13,15
1953,4,1,5
1953,7,5,12
1953,6,2,8
1953,3,0,3
1953,2,0,2
1953,7,5,12
1953,3,13,16
1953,8,8,16
1953,7,5,12
1953,2,1,3
1953,5,3,8
1953,6,5,11
1953,8,2,10
1953,6,4,10
1953,5,4,9
1953,4,13,17
1953,3,0,3
1953,9,4,13
1953,4,15,19
1953,8,3,11
1953,8,7,15
1953,6,10,16
1953,10,0,10
1953,7,3,10
1953,7,2,9
1953,9,3,12
1953,11,1,12
1953,1,0,1
1953,6,4,10
1953,6,5,11
1953,6,3,9
1953,3,2,5
1953,11,1,12
1953,4,3,7
1953,2,10,12
1953,9,6,15
1953,5,4,9
1953,7,0,7
1953,7,4,11
1953,6,11,17
1953,4,2,6
1953,6,4,10
1953,5,1,6
1953,3,1,4
1953,2,1,3
1953,7,1,8
1953,8,0,8
1953,6,0,6
1953,7,0,7
1953,7,2,9
1953,6,4,10
1953,15,11,26
1953,7,5,12
1953,3,0,3
1953,5,4,9
1953,7,6,13
1953,3,2,5
1953,2,1,3
1953,4,3,7
1953,4,0,4
1953,4,3,7
1953,7,6,13
1953,5,3,8
1953,4,14,18
1953,6,10,16
1953,5,1,6
1953,8,6,14
1953,3,2,5
1953,7,3,10
1953,7,5,12
1953,8,5,13
1953,13,0,13
1953,4,2,6
1953,2,13,15
1953,5,4,9
1953,2,0,2
1953,4,2,6
1953,9,7,16
1953,6,4,10
1953,8,5,13
1953,8,3,11
1953,6,5,11
1953,4,13,17
1953,3,2,5
1953,7,3,10
1953,9,3,12
1953,8,2,10
1953,5,13,18
1953,17,1,18
1953,3,2,5
1953,8,17,25
1953,5,0,5
1953,4,3,7
1953,5,3,8
1953,4,10,14
1953,7,4,11
1953,5,3,8
1953,4,0,4
1953,9,2,11
1953,5,1,6
1953,5,11,16
1953,6,12,18
1953,2,1,3
1953,2,0,2
1953,4,3,7
1953,3,10,13
1953,9,10,19
1953,5,0,5
1953,3,2,5
1953,5,2,7
1953,4,11,15
1953,4,0,4
1953,2,1,3
1953,9,6,15
1953,7,6,13
1953,5,0,5
1953,3,1,4
1953,4,1,5
1953,6,1,7
1953,10,1,11
1953,7,1,8
1953,10,1,11
1953,1,0,1
1953,5,0,5
1953,1,0,1
1953,3,11,14
1953,8,3,11
1953,1,0,1
1953,6,2,8
1953,5,3,8
1953,2,1,3
1953,15,0,15
1953,8,3,11
1953,8,1,9
1953,3,0,3
1953,5,0,5
1953,9,6,15
1953,7,6,13
1953,6,4,10
1953,5,3,8
1953,5,4,9
1953,9,7,16
1953,7,3,10
1953,11,0,11
1953,8,7,15
1953,6,12,18
1953,4,3,7
1953,4,3,7
1953,3,2,5
1953,5,2,7
1953,6,4,10
1953,2,0,2
1953,4,1,5
1953,4,2,6
1953,5,4,9
1953,9,4,13
1953,9,2,11
1953,6,1,7
1953,3,1,4
1953,2,1,3
1953,12,0,12
1953,5,4,9
1953,4,1,5
1953,7,4,11
1953,7,4,11
1953,1,0,1
1953,3,0,3
1953,9,5,14
1953,8,3,11
1953,9,3,12
1953,7,0,7
1953,6,5,11
1953,9,1,10
1953,7,4,11
1953,3,10,13
1953,5,0,5
1953,4,3,7
1953,8,8,16
1953,6,2,8
1953,3,0,3
1953,3,12,15
1953,8,2,10
1953,2,0,2
1953,1,0,1
1953,6,2,8
1953,4,3,7
1953,4,0,4
1953,7,6,13
1953,7,5,12
1953,3,0,3
1953,5,2,7
1953,9,3,12
1953,2,1,3
1953,6,10,16
1953,3,1,4
1953,7,4,11
1953,8,2,10
1953,5,3,8
1953,6,5,11
1953,3,2,5
1953,8,4,12
1953,7,3,10
1953,22,1,23
1953,2,10,12
1953,7,3,10
1953,9,8,17
1953,1,0,1
1953,4,3,7
1953,1,0,1
1953,6,1,7
1953,4,11,15
1953,2,1,3
1953,7,0,7
1953,8,7,15
1953,5,2,7
1953,4,2,6
1953,6,14,20
1953,2,0,2
1953,4,10,14
1953,5,4,9
1953,4,1,5
1953,5,2,7
1953,9,8,17
1953,4,1,5
1953,7,4,11
1953,3,1,4
1953,9,5,14
1953,4,2,6
1953,6,2,8
1953,3,2,5
1953,6,2,8
1953,3,2,5
1953,8,1,9
1953,4,3,7
1953,8,0,8
1953,7,3,10
1953,7,6,13
1953,7,5,12
1953,5,2,7
1953,5,2,7
1953,6,0,6
1953,3,10,13
1953,9,0,9
1953,2,1,3
1953,4,3,7
1953,3,2,5
1953,2,1,3
1953,8,2,10
1953,3,2,5
1953,8,10,18
1953,1,0,1
1953,5,1,6
1953,6,4,10
1953,7,5,12
1953,4,3,7
1953,3,2,5
1953,4,2,6
1953,2,0,2
1953,5,3,8
1953,5,3,8
1953,10,0,10
1953,7,13,20
1953,7,0,7
1953,5,2,7
1953,5,3,8
1953,4,1,5
1953,7,3,10
1953,3,2,5
1953,5,4,9
1953,5,4,9
1953,7,6,13
1953,7,1,8
1953,4,0,4
1953,9,1,10
1953,7,3,10
1953,2,1,3
1953,4,1,5
1953,2,1,3
1953,4,10,14
1953,7,1,8
1953,6,5,11
1953,5,3,8
1953,5,4,9
1953,4,3,7
1953,2,1,3
1953,6,11,17
1953,3,1,4
1953,9,0,9
1953,2,10,12
1953,7,2,9
1953,4,0,4
1953,6,3,9
1953,4,10,14
1953,9,7,16
1953,5,3,8
1953,5,4,9
1953,3,1,4
1953,6,5,11
1953,4,2,6
1953,8,4,12
1953,6,3,9
1953,3,0,3
1953,9,2,11
1953,6,1,7
1953,6,2,8
1953,8,6,14
1953,9,8,17
1953,4,13,17
1953,8,10,18
1953,9,5,14
1953,5,4,9
1953,4,13,17
1953,6,5,11
1953,7,5,12
1953,6,4,10
1953,4,2,6
1953,5,12,17
1953,6,3,9
1953,5,4,9
1953,3,1,4
1953,9,8,17
1953,4,3,7
1953,3,2,5
1953,7,4,11
1953,3,1,4
1953,5,0,5
1953,9,10,19
1953,8,3,11
1953,3,10,13
1953,5,1,6
1953,6,0,6
1953,7,2,9
1953,4,1,5
1953,2,0,2
1953,5,4,9
1953,4,20,24
1953,6,10,16
1953,1,0,1
1953,6,5,11
1953,8,4,12
1953,10,1,11
1953,9,1,10
1953,10,1,11
1953,6,2,8
1953,4,2,6
1953,4,3,7
1953,4,19,23
1953,5,11,16
1953,3,0,3
1953,9,3,12
1953,6,3,9
1953,6,4,10
1953,9,7,16
1953,4,10,14
1953,4,13,17
1953,6,12,18
1953,7,5,12
1953,4,3,7
1953,5,12,17
1953,3,2,5
1953,3,13,16
1953,7,5,12
1953,9,10,19
1953,9,8,17
1953,7,3,10
1953,6,3,9
1953,5,2,7
1953,4,3,7
1953,7,10,17
1953,8,1,9
1953,9,1,10
1953,6,1,7
1953,5,1,6
1953,9,4,13
1953,5,4,9
1953,9,2,11
1953,2,1,3
1953,8,5,13
1953,6,6,12
1953,4,2,6
1953,8,6,14
1953,6,14,20
1953,5,4,9
1953,2,0,2
1953,4,1,5
1953,7,5,12
1953,7,16,23
1953,1,0,1
1953,7,6,13
1953,7,2,9
1953,4,2,6
1953,3,1,4
1953,3,3,6
1953,6,3,9
1953,8,4,12
1953,4,0,4
1953,7,2,9
1953,5,2,7
1953,7,4,11
1953,5,3,8
1953,6,2,8
1953,6,2,8
1953,4,3,7
1953,6,4,10
1953,3,0,3
1953,7,10,17
1953,6,2,8
1953,4,2,6
1953,9,7,16
1953,5,3,8
1953,2,13,15
1953,6,3,9
1953,4,3,7
1953,1,0,1
1953,3,2,5
1953,2,1,3
1953,8,7,15
1953,6,0,6
1953,2,0,2
1953,9,3,12
1953,8,2,10
1953,7,1,8
1953,8,3,11
1953,2,0,2
1953,2,1,3
1953,4,14,18
1953,6,5,11
1953,1,0,1
1953,7,6,13
1953,2,0,2
1953,5,2,7
1953,6,5,11
1953,9,8,17
1953,3,2,5
1953,9,4,13
1953,5,3,8
1953,6,4,10
1953,7,6,13
1953,7,1,8
1953,3,2,5
1953,5,2,7
1953,4,13,17
1953,6,5,11
1953,8,7,15
1953,4,3,7
1953,7,6,13
1953,3,2,5
1953,5,4,9
1953,8,6,14
1953,2,1,3
1953,7,4,11
1953,6,3,9
1953,5,2,7
1953,2,0,2
1953,3,17,20
1953,4,10,14
1953,6,4,10
1953,6,10,16
1953,3,1,4
1953,8,5,13
1953,6,5,11
1953,6,1,7
1953,6,0,6
1953,4,2,6
1953,4,3,7
1953,7,5,12
1953,1,0,1
1953,4,3,7
1953,8,3,11
1953,7,4,11
1953,4,3,7
1953,7,3,10
1953,5,3,8
1953,3,2,5
1953,7,2,9
1953,5,4,9
1953,4,2,6
1953,2,1,3
1953,4,16,20
1953,7,1,8
1953,5,4,9
1953,4,3,7
1953,3,2,5
1953,3,0,3
1953,5,4,9
1953,5,2,7
1953,4,1,5
1953,6,5,11
1953,6,5,11
1953,5,2,7
1953,8,10,18
1953,5,4,9
1953,2,1,3
1953,4,0,4
1953,5,2,7
1953,8,6,14
1953,6,3,9
1953,5,3,8
1953,3,0,3
1953,8,4,12
1953,9,13,22
1953,4,3,7
1953,6,11,17
1953,4,0,4
1953,5,4,9
1953,8,3,11
1953,1,0,1
1953,4,1,5
1953,7,3,10
1953,7,2,9
1953,9,3,12
1953,4,3,7
1953,7,10,17
1953,8,3,11
1953,4,3,7
1953,3,1,4
1953,2,1,3
1953,2,1,3
1953,2,11,13
1953,3,12,15
1953,5,0,5
1953,4,3,7
1953,6,2,8
1953,7,2,9
1953,1,0,1
1953,4,3,7
1953,7,10,17
1953,3,12,15
1953,2,1,3
1953,2,1,3
1953,5,3,8
1953,6,3,9
1953,2,11,13
1953,3,2,5
1953,8,2,10
1953,7,3,10
1953,2,1,3
1953,8,2,10
1953,6,4,10
1953,2,1,3
1953,9,2,11
1953,9,5,14
1953,4,2,6
1953,3,2,5
1953,7,3,10
1953,7,11,18
1953,4,3,7
1954,8,2,10
1954,9,8,17
1954,3,0,3
1954,4,3,7
1954,6,4,10
1954,4,2,6
1954,4,13,17
1954,5,3,8
1954,6,3,9
1954,3,2,5
1954,6,4,10
1954,6,0,6
1954,2,1,3
1954,3,1,4
1954,6,1,7
1954,7,4,11
1954,5,11,16
1954,3,2,5
1954,7,6,13
1954,3,0,3
1954,2,0,2
1954,1,0,1
1954,23,13,36
1954,8,1,9
1954,5,1,6
1954,8,3,11
1954,6,4,10
1954,4,3,7
1954,6,3,9
1954,6,4,10
1954,6,2,8
1954,6,4,10
1954,5,3,8
1954,9,3,12
1954,6,0,6
1954,7,1,8
1954,2,1,3
1954,5,0,5
1954,5,1,6
1954,7,5,12
1954,9,7,16
1954,6,3,9
1954,4,3,7
1954,7,2,9
1954,6,2,8
1954,6,3,9
1954,6,13,19
1954,7,0,7
1954,2,1,3
1954,6,3,9
1954,4,2,6
1954,7,3,10
1954,5,1,6
1954,13,1,14
1954,5,4,9
1954,4,1,5
1954,7,4,11
1954,3,1,4
1954,3,10,13
1954,6,1,7
1954,6,5,11
1954,7,5,12
1954,7,6,13
1954,4,14,18
1954,6,5,11
1954,6,3,9
1954,1,0,1
1954,1,0,1
1954,3,0,3
1954,7,3,10
1954,6,1,7
1954,3,2,5
1954,4,3,7
1954,9,2,11
1954,3,2,5
1954,9,10,19
1954,3,0,3
1954,5,0,5
1954,6,1,7
1954,4,2,6
1954,9,3,12
1954,4,2,6
1954,7,6,13
1954,5,1,6
1954,8,7,15
1954,3,2,5
1954,4,3,7
1954,7,3,10
1954,8,4,12
1954,3,1,4
1954,6,5,11
1954,6,3,9
1954,7,5,12
1954,4,0,4
1954,5,4,9
1954,4,3,7
1954,2,1,3
1954,5,0,5
1954,4,2,6
1954,6,3,9
1954,5,2,7
1954,9,4,13
1954,5,1,6
1954,2,1,3
1954,3,0,3
1954,4,3,7
1954,7,6,13
1954,4,3,7
1954,2,10,12
1954,2,1,3
1954,5,4,9
1954,6,1,7
1954,5,3,8
1954,18,10,28
1954,4,3,7
1954,4,12,16
1954,4,0,4
1954,4,0,4
1954,2,1,3
1954,6,10,16
1954,9,7,16
1954,6,4,10
1954,6,3,9
1954,3,14,17
1954,8,2,10
1954,6,1,7
1954,3,2,5
1954,14,10,24
1954,8,6,14
1954,7,0,7
1954,7,1,8
1954,4,1,5
1954,4,2,6
1954,7,2,9
1954,3,10,13
1954,1,0,1
1954,8,7,15
1954,5,4,9
1954,3,0,3
1954,9,0,9
1954,3,2,5
1954,5,4,9
1954,7,6,13
1954,3,10,13
1954,3,0,3
1954,2,0,2
1954,3,1,4
1954,5,3,8
1954,12,1,13
1954,7,3,10
1954,3,2,5
1954,3,0,3
1954,2,1,3
1954,2,1,3
1954,3,2,5
1954,7,10,17
1954,6,5,11
1954,5,3,8
1954,7,4,11
1954,1,1,2
1954,2,1,3
1954,5,1,6
1954,7,6,13
1954,8,7,15
1954,2,0,2
1954,2,0,2
1954,2,1,3
1954,5,3,8
1954,5,3,8
1954,5,4,9
1954,8,7,15
1954,5,1,6
1954,1,0,1
1954,5,4,9
1954,4,2,6
1954,2,1,3
1954,5,4,9
1954,5,13,18
1954,9,1,10
1954,3,10,13
1954,3,2,5
1954,8,7,15
1954,5,3,8
1954,6,3,9
1954,8,1,9
1954,4,2,6
1954,7,2,9
1954,10,1,11
1954,4,3,7
1954,5,2,7
1954,6,4,10
1954,9,6,15
1954,1,0,1
1954,3,2,5
1954,2,1,3
1954,1,0,1
1954,7,6,13
1954,5,4,9
1954,7,5,12
1954,4,3,7
1954,5,4,9
1954,6,1,7
1954,2,0,2
1954,6,2,8
1954,4,2,6
1954,7,2,9
1954,5,10,15
1954,3,1,4
1954,7,12,19
1954,6,0,6
1954,7,6,13
1954,9,8,17
1954,3,2,5
1954,9,2,11
1954,7,3,10
1954,8,4,12
1954,3,12,15
1954,5,1,6
1954,4,3,7
1954,8,0,8
1954,6,10,16
1954,3,1,4
1954,7,1,8
1954,4,3,7
1954,6,3,9
1954,8,3,11
1954,9,3,12
1954,6,2,8
1954,6,5,11
1954,5,3,8
1954,9,3,12
1954,3,2,5
1954,5,3,8
1954,4,3,7
1954,3,0,3
1954,6,2,8
1954,3,2,5
1954,4,17,21
1954,3,2,5
1954,6,4,10
1954,2,1,3
1954,8,0,8
1954,6,3,9
1954,8,1,9
1954,8,7,15
1954,7,3,10
1954,3,1,4
1954,5,1,6
1954,9,11,20
1954,4,3,7
1954,5,3,8
1954,7,0,7
1954,5,0,5
1954,4,2,6
1954,3,10,13
1954,5,4,9
1954,6,2,8
1954,4,2,6
1954,9,3,12
1954,3,14,17
1954,2,1,3
1954,4,3,7
1954,9,10,19
1954,6,4,10
1954,6,13,19
1954,9,4,13
1954,5,2,7
1954,7,3,10
1954,5,4,9
1954,6,2,8
1954,4,2,6
1954,3,1,4
1954,5,4,9
1954,4,21,25
1954,3,2,5
1954,9,4,13
1954,9,3,12
1954,8,6,14
1954,5,4,9
1954,7,6,13
1954,6,3,9
1954,2,1,3
1954,6,5,11
1954,5,15,20
1954,2,1,3
1954,5,11,16
1954,7,1,8
1954,7,3,10
1954,7,3,10
1954,6,11,17
1954,8,14,22
1954,9,10,19
1954,6,3,9
1954,3,0,3
1954,3,2,5
1954,6,17,23
1954,6,12,18
1954,4,0,4
1954,4,11,15
1954,2,10,12
1954,6,0,6
1954,12,0,12
1954,7,12,19
1954,4,2,6
1954,7,5,12
1954,3,2,5
1954,5,2,7
1954,3,1,4
1954,7,5,12
1954,6,5,11
1954,3,1,4
1954,3,2,5
1954,5,3,8
1954,6,0,6
1954,6,5,11
1954,8,0,8
1954,7,10,17
1954,7,5,12
1954,4,2,6
1954,20,10,30
1954,9,0,9
1954,4,14,18
1954,6,4,10
1954,6,3,9
1954,1,0,1
1954,7,6,13
1954,5,4,9
1954,4,0,4
1954,4,3,7
1954,4,3,7
1954,6,16,22
1954,2,0,2
1954,9,3,12
1954,5,2,7
1954,7,0,7
1954,7,6,13
1954,8,7,15
1954,9,1,10
1954,7,2,9
1954,9,6,15
1954,2,1,3
1954,6,2,8
1954,8,13,21
1954,4,3,7
1954,7,3,10
1954,2,1,3
1954,6,10,16
1954,4,1,5
1954,8,3,11
1954,7,6,13
1954,5,2,7
1954,3,2,5
1954,6,0,6
1954,5,4,9
1954,8,5,13
1954,8,3,11
1954,7,0,7
1954,7,0,7
1954,2,1,3
1954,3,1,4
1954,4,1,5
1954,9,4,13
1954,5,3,8
1954,7,4,11
1954,6,4,10
1954,3,2,5
1954,3,2,5
1954,5,0,5
1954,6,4,10
1954,7,5,12
1954,5,2,7
1954,2,1,3
1954,7,5,12
1954,8,11,19
1954,5,3,8
1954,6,0,6
1954,3,2,5
1954,5,4,9
1954,4,2,6
1954,7,5,12
1954,7,4,11
1954,6,5,11
1954,5,0,5
1954,6,5,11
1954,8,0,8
1954,9,3,12
1954,3,10,13
1954,5,2,7
1954,7,6,13
1954,4,0,4
1954,6,14,20
1954,4,3,7
1954,4,0,4
1954,5,1,6
1954,9,4,13
1954,3,0,3
1954,1,0,1
1954,5,1,6
1954,9,0,9
1954,6,0,6
1954,6,0,6
1954,1,0,1
1954,9,5,14
1954,7,4,11
1954,8,4,12
1954,6,2,8
1954,5,4,9
1954,8,10,18
1954,1,0,1
1954,3,2,5
1954,5,16,21
1954,2,1,3
1954,8,5,13
1954,9,8,17
1954,4,3,7
1954,5,0,5
1954,5,1,6
1954,2,0,2
1954,2,0,2
1954,4,2,6
1954,4,2,6
1954,7,3,10
1954,4,1,5
1954,8,1,9
1954,9,3,12
1954,9,4,13
1954,6,5,11
1954,2,14,16
1954,9,5,14
1954,4,2,6
1954,8,0,8
1954,4,3,7
1954,6,3,9
1954,5,0,5
1954,5,3,8
1954,6,4,10
1954,4,0,4
1954,5,13,18
1954,6,5,11
1954,6,4,10
1954,7,6,13
1954,4,11,15
1954,9,3,12
1954,4,1,5
1954,5,3,8
1954,3,1,4
1954,2,0,2
1954,8,4,12
1954,6,11,17
1954,5,1,6
1954,3,2,5
1954,4,0,4
1954,9,2,11
1954,6,4,10
1954,6,4,10
1954,6,4,10
1954,2,1,3
1954,2,1,3
1954,3,2,5
1954,7,5,12
1954,6,3,9
1954,7,6,13
1954,2,0,2
1954,2,1,3
1954,5,0,5
1954,2,1,3
1954,2,1,3
1954,5,2,7
1954,6,2,8
1954,3,0,3
1954,6,3,9
1954,5,4,9
1954,5,2,7
1954,7,6,13
1954,2,11,13
1954,7,1,8
1954,7,2,9
1954,6,4,10
1954,6,3,9
1954,6,16,22
1954,7,3,10
1954,3,1,4
1954,9,2,11
1954,7,6,13
1954,4,3,7
1954,6,15,21
1954,2,1,3
1954,6,3,9
1954,8,5,13
1954,3,1,4
1954,13,1,14
1954,7,5,12
1954,4,1,5
1954,4,1,5
1954,3,2,5
1954,4,1,5
1954,8,7,15
1954,6,3,9
1954,8,6,14
1954,5,2,7
1954,9,4,13
1954,5,2,7
1954,5,3,8
1954,7,1,8
1954,9,6,15
1954,5,2,7
1954,5,1,6
1954,2,11,13
1954,2,1,3
1954,3,2,5
1954,5,1,6
1954,5,1,6
1954,3,1,4
1954,6,4,10
1954,11,0,11
1954,4,3,7
1954,6,2,8
1954,7,0,7
1954,8,4,12
1954,5,4,9
1954,7,6,13
1954,3,1,4
1954,9,11,20
1954,5,4,9
1954,6,4,10
1954,3,10,13
1954,4,3,7
1954,4,3,7
1954,3,2,5
1954,8,6,14
1954,2,1,3
1954,9,1,10
1954,4,3,7
1954,8,2,10
1954,3,2,5
1954,4,3,7
1954,2,1,3
1954,9,0,9
1954,4,3,7
1954,5,1,6
1954,5,14,19
1954,3,10,13
1954,5,0,5
1954,4,11,15
1954,7,0,7
1954,4,3,7
1954,3,2,5
1954,4,0,4
1954,2,0,2
1954,6,1,7
1954,4,3,7
1954,3,11,14
1954,9,7,16
1954,5,2,7
1954,8,7,15
1954,8,0,8
1954,8,7,15
1954,9,2,11
1954,5,2,7
1954,2,0,2
1954,8,4,12
1954,7,6,13
1954,3,2,5
1954,5,4,9
1954,4,11,15
1954,2,1,3
1954,6,5,11
1954,7,4,11
1954,7,6,13
1954,9,5,14
1954,5,3,8
1954,7,3,10
1954,4,1,5
1954,5,4,9
1954,5,4,9
1954,3,2,5
1954,4,3,7
1954,6,4,10
1954,3,1,4
1954,8,0,8
1954,4,2,6
1954,7,0,7
1954,2,1,3
1954,4,3,7
1954,3,0,3
1954,5,3,8
1954,9,2,11
1954,7,6,13
1954,3,0,3
1954,2,1,3
1954,6,5,11
1954,8,7,15
1954,6,13,19
1954,1,0,1
1954,10,0,10
1954,4,3,7
1954,7,4,11
1954,2,11,13
1954,8,6,14
1954,7,2,9
1954,8,6,14
1954,4,10,14
1954,14,0,14
1954,7,1,8
1954,5,2,7
1954,3,14,17
1954,3,11,14
1954,4,0,4
1954,4,1,5
1954,3,0,3
1954,6,0,6
1954,5,2,7
1954,2,10,12
1954,1,0,1
1954,6,1,7
1954,9,0,9
1954,9,17,26
1954,5,4,9
1954,2,11,13
1954,9,8,17
1954,4,1,5
1954,2,0,2
1954,2,1,3
1954,7,5,12
1954,8,3,11
1954,5,3,8
1954,7,5,12
1954,6,3,9
1954,9,3,12
1954,6,4,10
1954,6,5,11
1954,5,10,15
1954,3,0,3
1954,7,3,10
1954,2,1,3
1954,7,10,17
1954,5,3,8
1954,2,1,3
1954,9,1,10
1954,8,7,15
1954,3,1,4
1954,3,0,3
1954,8,2,10
1954,6,5,11
1954,6,5,11
1954,2,1,3
1954,7,13,20
1954,5,1,6
1954,18,0,18
1954,11,1,12
1954,4,3,7
1954,7,3,10
1954,2,1,3
1954,3,1,4
1954,4,2,6
1954,9,2,11
1954,3,0,3
1954,2,1,3
1954,4,3,7
1954,2,0,2
1954,9,8,17
1954,3,1,4
1954,4,0,4
1954,4,0,4
1954,3,2,5
1954,3,0,3
1954,3,2,5
1954,7,6,13
1954,9,4,13
1954,6,1,7
1954,3,2,5
1954,9,3,12
1954,5,4,9
1954,4,2,6
1954,7,6,13
1954,3,11,14
1954,6,2,8
1954,5,3,8
1954,2,1,3
1954,9,3,12
1954,6,0,6
1954,9,10,19
1954,3,1,4
1954,4,0,4
1954,4,1,5
1954,6,12,18
1954,4,14,18
1954,3,1,4
1954,4,1,5
1954,7,5,12
1954,6,0,6
1954,8,6,14
1954,2,10,12
1954,4,3,7
1954,11,10,21
1954,8,3,11
1954,7,4,11
1954,9,7,16
1954,8,5,13
1954,9,4,13
1954,1,0,1
1954,4,1,5
1954,8,0,8
1954,5,1,6
1954,4,3,7
1954,5,5,10
1954,3,2,5
1954,2,1,3
1954,4,1,5
1954,12,0,12
1954,4,3,7
1954,4,2,6
1954,9,1,10
1954,7,7,14
1954,2,1,3
1954,5,1,6
1954,6,1,7
1954,3,15,18
1954,4,1,5
1954,13,12,25
1954,6,5,11
1954,6,3,9
1954,5,2,7
1954,5,13,18
1954,8,5,13
1954,3,2,5
1954,4,3,7
1954,11,1,12
1954,9,4,13
1954,3,2,5
1954,3,2,5
1954,7,1,8
1954,5,2,7
1954,5,3,8
1954,7,4,11
1954,3,2,5
1954,8,2,10
1954,7,5,12
1954,6,4,10
1954,8,3,11
1954,5,2,7
1954,4,0,4
1954,5,3,8
1954,5,4,9
1954,5,4,9
1954,6,5,11
1954,7,6,13
1954,2,1,3
1954,5,2,7
1954,4,2,6
1954,6,1,7
1954,2,1,3
1954,4,2,6
1954,3,2,5
1954,7,5,12
1954,4,3,7
1954,9,4,13
1954,6,4,10
1954,2,1,3
1954,3,11,14
1954,9,1,10
1954,3,1,4
1954,7,5,12
1954,7,6,13
1954,4,0,4
1954,6,3,9
1954,3,2,5
1954,8,3,11
1954,7,4,11
1954,8,2,10
1954,2,1,3
1954,3,1,4
1954,7,5,12
1954,2,1,3
1954,2,10,12
1954,10,0,10
1954,3,2,5
1954,6,4,10
1954,6,0,6
1954,6,5,11
1954,10,0,10
1954,2,10,12
1954,4,2,6
1954,7,3,10
1954,8,0,8
1954,3,0,3
1954,5,3,8
1954,10,0,10
1954,9,3,12
1954,4,2,6
1954,8,3,11
1954,5,0,5
1954,6,1,7
1954,3,12,15
1954,8,6,14
1954,8,5,13
1954,6,5,11
1954,7,15,22
1954,7,1,8
1954,6,0,6
1954,4,0,4
1954,7,0,7
1954,3,2,5
1954,6,5,11
1954,5,3,8
1954,8,6,14
1954,2,1,3
1954,6,14,20
1954,6,5,11
1954,12,1,13
1954,3,1,4
1954,5,4,9
1954,8,10,18
1954,9,4,13
1954,5,0,5
1954,8,3,11
1954,2,0,2
1954,2,12,14
1954,2,10,12
1954,2,1,3
1954,6,11,17
1954,6,2,8
1954,2,1,3
1954,6,2,8
1954,2,1,3
1954,2,0,2
1954,7,1,8
1954,3,1,4
1954,7,2,9
1954,6,4,10
1954,8,7,15
1954,6,5,11
1954,5,2,7
1954,6,2,8
1954,4,3,7
1954,2,1,3
1954,4,3,7
1954,4,13,17
1954,5,1,6
1954,5,2,7
1954,4,1,5
1954,6,4,10
1954,3,1,4
1954,8,1,9
1954,5,10,15
1954,7,3,10
1954,4,3,7
1954,6,5,11
1954,7,4,11
1954,7,3,10
1954,6,5,11
1954,2,1,3
1954,5,4,9
1954,4,3,7
1954,5,1,6
1954,3,1,4
1954,4,2,6
1954,8,2,10
1954,8,6,14
1954,4,2,6
1954,4,1,5
1954,7,20,27
1954,7,6,13
1954,3,0,3
1954,7,2,9
1954,5,2,7
1954,8,10,18
1954,5,2,7
1954,8,4,12
1954,8,3,11
1954,4,12,16
1954,5,3,8
1954,4,0,4
1954,3,1,4
1954,2,1,3
1954,4,0,4
1954,5,2,7
1954,6,3,9
1954,2,1,3
1954,11,0,11
1954,10,1,11
1954,5,4,9
1954,1,0,1
1954,8,1,9
1954,2,0,2
1954,3,1,4
1954,3,2,5
1954,6,5,11
1954,9,5,14
1954,5,0,5
1954,8,6,14
1954,10,1,11
1954,5,4,9
1954,7,1,8
1954,3,1,4
1954,3,2,5
1954,1,0,1
1954,8,10,18
1954,9,4,13
1954,5,2,7
1954,8,2,10
1954,9,5,14
1954,5,0,5
1954,3,2,5
1954,6,5,11
1954,4,3,7
1954,6,5,11
1954,4,3,7
1954,3,1,4
1954,3,1,4
1954,8,4,12
1954,6,4,10
1954,9,4,13
1954,2,1,3
1954,8,7,15
1954,14,12,26
1954,5,2,7
1954,3,1,4
1954,2,1,3
1954,9,14,23
1954,9,6,15
1954,7,6,13
1954,4,1,5
1954,9,6,15
1954,2,0,2
1954,3,1,4
1954,5,0,5
1954,6,1,7
1954,4,3,7
1954,4,1,5
1954,8,3,11
1954,11,1,12
1954,4,2,6
1954,4,3,7
1954,4,1,5
1954,4,0,4
1954,3,1,4
1954,6,2,8
1954,6,1,7
1954,3,2,5
1954,9,8,17
1954,4,3,7
1954,7,0,7
1954,6,3,9
1954,4,3,7
1954,8,2,10
1954,2,1,3
1954,5,0,5
1954,8,5,13
1954,7,5,12
1954,6,11,17
1954,7,2,9
1954,4,3,7
1954,6,4,10
1954,3,1,4
1954,8,2,10
1954,4,0,4
1954,3,2,5
1954,4,1,5
1954,9,10,19
1954,5,2,7
1954,2,1,3
1954,6,5,11
1954,12,1,13
1954,8,2,10
1954,6,2,8
1954,6,0,6
1954,6,12,18
1954,7,4,11
1954,5,4,9
1954,5,3,8
1954,3,2,5
1954,4,4,8
1954,9,7,16
1954,8,5,13
1954,3,10,13
1954,8,7,15
1954,5,1,6
1954,4,12,16
1954,5,1,6
1954,9,2,11
1954,4,1,5
1954,8,7,15
1954,4,0,4
1954,5,3,8
1954,2,13,15
1954,4,3,7
1954,5,1,6
1954,4,3,7
1954,13,0,13
1954,7,2,9
1954,5,3,8
1954,4,3,7
1954,2,1,3
1954,3,2,5
1954,2,11,13
1954,8,1,9
1954,4,1,5
1954,2,1,3
1954,2,1,3
1954,3,2,5
1954,4,3,7
1954,3,2,5
1954,3,1,4
1954,4,0,4
1954,11,0,11
1954,8,4,12
1954,3,2,5
1954,3,2,5
1954,5,2,7
1954,2,1,3
1954,5,2,7
1954,4,2,6
1954,5,2,7
1954,7,3,10
1954,5,2,7
1954,6,2,8
1954,8,1,9
1954,7,4,11
1954,4,1,5
1954,3,2,5
1954,8,4,12
1954,4,12,16
1954,4,11,15
1954,4,1,5
1954,3,14,17
1954,2,1,3
1954,5,4,9
1954,7,4,11
1954,8,4,12
1954,5,0,5
1954,5,4,9
1954,5,1,6
1954,7,5,12
1954,4,1,5
1954,3,1,4
1954,2,14,16
1954,7,3,10
1954,9,3,12
1954,2,0,2
1954,6,1,7
1954,8,6,14
1954,6,3,9
1954,5,3,8
1954,5,3,8
1954,7,2,9
1954,6,3,9
1954,9,5,14
1954,9,7,16
1954,3,1,4
1954,4,1,5
1954,5,2,7
1954,4,0,4
1954,2,10,12
1954,3,2,5
1954,5,4,9
1954,6,16,22
1954,3,2,5
1954,3,2,5
1954,4,3,7
1954,7,4,11
1954,11,1,12
1954,7,1,8
1954,2,10,12
1954,4,3,7
1954,9,2,11
1954,8,5,13
1954,5,4,9
1954,7,4,11
1954,4,13,17
1954,4,3,7
1954,6,5,11
1954,5,2,7
1954,8,2,10
1954,8,11,19
1954,9,7,16
1954,4,3,7
1954,7,4,11
1954,5,12,17
1954,7,3,10
1954,5,12,17
1954,6,2,8
1954,5,4,9
1954,6,1,7
1954,3,2,5
1954,9,6,15
1954,9,7,16
1954,9,1,10
1954,3,2,5
1954,8,1,9
1954,2,13,15
1954,6,1,7
1954,6,5,11
1954,8,7,15
1954,8,4,12
1954,5,4,9
1954,8,1,9
1954,3,2,5
1954,3,1,4
1954,5,4,9
1954,8,2,10
1954,6,5,11
1954,2,1,3
1954,5,2,7
1954,5,2,7
1954,9,3,12
1954,5,2,7
1954,1,0,1
1954,10,1,11
1954,2,0,2
1954,5,4,9
1954,8,0,8
1954,7,6,13
1954,3,0,3
1954,4,3,7
1954,2,1,3
1954,6,3,9
1954,4,2,6
1954,6,5,11
1954,8,1,9
1954,3,2,5
1954,3,0,3
1954,5,3,8
1954,6,5,11
1954,3,0,3
1954,2,1,3
1954,7,5,12
1954,3,0,3
1954,8,2,10
1954,7,2,9
1954,4,3,7
1954,5,4,9
1954,4,2,6
1954,4,3,7
1954,5,3,8
1954,7,5,12
1954,4,1,5
1954,3,2,5
1954,5,0,5
1954,8,3,11
1954,4,3,7
1954,5,2,7
1954,2,1,3
1954,5,11,16
1954,2,13,15
1954,1,0,1
1954,7,4,11
1954,6,5,11
1954,3,1,4
1954,4,0,4
1954,1,0,1
1954,4,2,6
1954,11,0,11
1954,2,1,3
1954,5,2,7
1954,9,2,11
1954,4,0,4
1954,2,1,3
1954,4,10,14
1954,3,1,4
1954,9,3,12
1954,4,2,6
1954,6,2,8
1954,6,2,8
1954,5,1,6
1954,6,3,9
1954,4,3,7
1954,3,10,13
1954,9,1,10
1954,6,4,10
1954,8,0,8
1954,6,2,8
1954,5,1,6
1954,3,2,5
1954,9,1,10
1954,6,5,11
1954,3,0,3
1954,8,7,15
1954,5,1,6
1954,7,6,13
1954,4,2,6
1954,4,2,6
1954,1,0,1
1954,7,6,13
1954,6,2,8
1954,4,3,7
1954,5,2,7
1954,7,1,8
1954,7,2,9
1954,7,4,11
1954,6,2,8
1954,3,1,4
1954,3,2,5
1954,4,3,7
1954,4,3,7
1954,4,3,7
1954,5,2,7
1954,4,3,7
1954,3,2,5
1954,9,7,16
1954,5,0,5
1954,3,1,4
1954,4,1,5
1954,3,0,3
1954,6,3,9
1954,3,1,4
1954,4,3,7
1954,3,0,3
1954,12,1,13
1954,5,1,6
1954,4,2,6
1954,2,1,3
1954,1,0,1
1954,6,4,10
1954,6,5,11
1954,6,4,10
1954,4,2,6
1954,5,1,6
1954,1,0,1
1954,4,2,6
1954,11,0,11
1954,7,6,13
1954,5,10,15
1954,4,2,6
1954,11,1,12
1954,3,0,3
1954,2,10,12
1954,2,1,3
1954,2,11,13
1954,1,0,1
1954,5,2,7
1954,8,7,15
1954,2,0,2
1954,8,6,14
1954,3,2,5
1954,5,2,7
1954,3,1,4
1954,6,2,8
1954,7,4,11
1955,7,5,12
1955,5,12,17
1955,7,1,8
1955,4,14,18
1955,5,1,6
1955,6,2,8
1955,4,2,6
1955,6,1,7
1955,2,10,12
1955,19,1,20
1955,4,2,6
1955,8,4,12
1955,7,1,8
1955,6,4,10
1955,5,3,8
1955,8,10,18
1955,4,3,7
1955,8,7,15
1955,6,4,10
1955,7,3,10
1955,6,3,9
1955,6,5,11
1955,9,4,13
1955,9,5,14
1955,8,3,11
1955,8,3,11
1955,6,0,6
1955,12,11,23
1955,5,2,7
1955,5,14,19
1955,9,12,21
1955,3,1,4
1955,4,2,6
1955,10,1,11
1955,6,5,11
1955,16,0,16
1955,4,2,6
1955,4,2,6
1955,3,10,13
1955,3,2,5
1955,6,5,11
1955,14,1,15
1955,7,3,10
1955,6,0,6
1955,9,11,20
1955,2,1,3
1955,3,12,15
1955,5,2,7
1955,7,4,11
1955,8,7,15
1955,3,2,5
1955,7,6,13
1955,6,5,11
1955,3,2,5
1955,9,5,14
1955,3,0,3
1955,6,3,9
1955,1,0,1
1955,4,14,18
1955,9,1,10
1955,2,14,16
1955,1,0,1
1955,3,2,5
1955,5,4,9
1955,6,3,9
1955,8,5,13
1955,5,3,8
1955,2,1,3
1955,3,0,3
1955,5,4,9
1955,3,0,3
1955,3,1,4
1955,1,0,1
1955,3,0,3
1955,6,29,35
1955,5,4,9
1955,7,2,9
1955,8,0,8
1955,2,1,3
1955,5,2,7
1955,11,10,21
1955,2,1,3
1955,6,4,10
1955,5,0,5
1955,1,0,1
1955,6,1,7
1955,3,0,3
1955,5,0,5
1955,3,2,5
1955,3,2,5
1955,8,7,15
1955,3,2,5
1955,7,2,9
1955,4,13,17
1955,6,5,11
1955,3,11,14
1955,6,2,8
1955,9,6,15
1955,4,1,5
1955,4,2,6
1955,3,1,4
1955,4,1,5
1955,4,11,15
1955,6,4,10
1955,3,2,5
1955,3,2,5
1955,7,0,7
1955,5,2,7
1955,3,2,5
1955,6,0,6
1955,4,13,17
1955,5,0,5
1955,7,5,12
1955,3,1,4
1955,5,2,7
1955,7,11,18
1955,6,2,8
1955,4,2,6
1955,5,4,9
1955,5,4,9
1955,9,8,17
1955,6,3,9
1955,2,0,2
1955,2,1,3
1955,6,1,7
1955,16,10,26
1955,2,1,3
1955,8,7,15
1955,4,2,6
1955,4,3,7
1955,7,0,7
1955,2,0,2
1955,4,2,6
1955,7,1,8
1955,12,1,13
1955,2,1,3
1955,5,1,6
1955,5,3,8
1955,7,4,11
1955,4,2,6
1955,4,3,7
1955,6,0,6
1955,7,5,12
1955,4,0,4
1955,4,12,16
1955,5,4,9
1955,5,11,16
1955,3,2,5
1955,6,5,11
1955,4,3,7
1955,7,3,10
1955,5,4,9
1955,4,3,7
1955,3,2,5
1955,6,3,9
1955,9,4,13
1955,6,0,6
1955,1,0,1
1955,4,2,6
1955,4,1,5
1955,3,2,5
1955,6,4,10
1955,8,5,13
1955,2,1,3
1955,9,6,15
1955,7,1,8
1955,8,7,15
1955,9,3,12
1955,3,11,14
1955,6,3,9
1955,9,7,16
1955,5,1,6
1955,5,0,5
1955,5,4,9
1955,1,0,1
1955,5,3,8
1955,4,3,7
1955,9,6,15
1955,2,1,3
1955,7,5,12
1955,6,3,9
1955,9,8,17
1955,6,2,8
1955,4,3,7
1955,7,15,22
1955,11,1,12
1955,4,2,6
1955,3,0,3
1955,8,4,12
1955,9,6,15
1955,9,6,15
1955,5,3,8
1955,7,4,11
1955,2,0,2
1955,4,3,7
1955,8,10,18
1955,6,3,9
1955,8,3,11
1955,4,3,7
1955,6,5,11
1955,7,0,7
1955,6,2,8
1955,7,12,19
1955,4,0,4
1955,2,1,3
1955,3,0,3
1955,4,3,7
1955,6,2,8
1955,5,2,7
1955,4,3,7
1955,3,1,4
1955,8,0,8
1955,2,13,15
1955,5,4,9
1955,7,6,13
1955,6,0,6
1955,4,1,5
1955,5,0,5
1955,4,10,14
1955,9,3,12
1955,5,2,7
1955,9,4,13
1955,7,1,8
1955,4,11,15
1955,6,5,11
1955,9,1,10
1955,4,3,7
1955,8,4,12
1955,5,1,6
1955,3,0,3
1955,5,4,9
1955,6,0,6
1955,3,2,5
1955,3,10,13
1955,9,2,11
1955,9,4,13
1955,1,0,1
1955,3,0,3
1955,1,0,1
1955,6,3,9
1955,19,0,19
1955,3,2,5
1955,7,5,12
1955,5,1,6
1955,4,2,6
1955,6,11,17
1955,3,2,5
1955,7,2,9
1955,3,2,5
1955,5,3,8
1955,1,0,1
1955,7,10,17
1955,4,11,15
1955,4,2,6
1955,7,5,12
1955,6,3,9
1955,3,1,4
1955,6,4,10
1955,7,4,11
1955,9,6,15
1955,3,2,5
1955,2,1,3
1955,9,4,13
1955,3,2,5
1955,1,0,1
1955,8,3,11
1955,7,2,9
1955,6,10,16
1955,4,3,7
1955,5,2,7
1955,4,0,4
1955,5,1,6
1955,5,0,5
1955,7,5,12
1955,5,2,7
1955,5,3,8
1955,6,1,7
1955,4,1,5
1955,9,6,15
1955,3,2,5
1955,6,2,8
1955,15,1,16
1955,6,2,8
1955,5,2,7
1955,1,0,1
1955,3,1,4
1955,8,2,10
1955,2,13,15
1955,6,2,8
1955,8,3,11
1955,5,2,7
1955,2,0,2
1955,3,0,3
1955,3,1,4
1955,9,10,19
1955,5,4,9
1955,8,4,12
1955,7,3,10
1955,3,2,5
1955,6,2,8
1955,6,2,8
1955,16,0,16
1955,7,5,12
1955,1,0,1
1955,3,1,4
1955,5,2,7
1955,7,4,11
1955,3,2,5
1955,5,3,8
1955,5,2,7
1955,4,16,20
1955,7,2,9
1955,5,3,8
1955,8,4,12
1955,5,1,6
1955,1,0,1
1955,7,12,19
1955,9,6,15
1955,9,3,12
1955,4,2,6
1955,8,5,13
1955,5,2,7
1955,5,11,16
1955,7,2,9
1955,8,6,14
1955,8,1,9
1955,8,4,12
1955,8,3,11
1955,9,1,10
1955,5,0,5
1955,7,6,13
1955,8,4,12
1955,8,6,14
1955,5,4,9
1955,6,5,11
1955,3,1,4
1955,9,5,14
1955,4,3,7
1955,3,2,5
1955,5,3,8
1955,6,3,9
1955,2,1,3
1955,2,1,3
1955,8,11,19
1955,4,3,7
1955,5,0,5
1955,9,0,9
1955,3,1,4
1955,6,1,7
1955,5,2,7
1955,3,1,4
1955,6,2,8
1955,2,13,15
1955,4,2,6
1955,9,3,12
1955,4,3,7
1955,6,12,18
1955,6,3,9
1955,8,4,12
1955,3,12,15
1955,5,12,17
1955,3,2,5
1955,3,1,4
1955,7,2,9
1955,4,3,7
1955,4,1,5
1955,4,3,7
1955,7,6,13
1955,6,1,7
1955,4,3,7
1955,5,14,19
1955,5,2,7
1955,5,1,6
1955,9,8,17
1955,3,11,14
1955,6,0,6
1955,9,4,13
1955,6,10,16
1955,5,3,8
1955,3,2,5
1955,6,4,10
1955,6,3,9
1955,10,0,10
1955,6,5,11
1955,5,4,9
1955,4,3,7
1955,3,2,5
1955,3,1,4
1955,5,4,9
1955,4,2,6
1955,7,6,13
1955,5,1,6
1955,5,4,9
1955,7,5,12
1955,5,2,7
1955,4,0,4
1955,9,5,14
1955,4,3,7
1955,3,2,5
1955,7,3,10
1955,4,13,17
1955,5,4,9
1955,4,3,7
1955,3,1,4
1955,3,2,5
1955,5,4,9
1955,3,1,4
1955,3,2,5
1955,5,4,9
1955,2,1,3
1955,4,2,6
1955,7,3,10
1955,4,2,6
1955,2,0,2
1955,6,2,8
1955,7,0,7
1955,3,2,5
1955,5,2,7
1955,3,0,3
1955,2,1,3
1955,4,3,7
1955,10,0,10
1955,7,6,13
1955,7,5,12
1955,2,1,3
1955,7,4,11
1955,9,5,14
1955,6,2,8
1955,1,0,1
1955,8,4,12
1955,2,10,12
1955,7,3,10
1955,7,2,9
1955,3,0,3
1955,8,3,11
1955,6,5,11
1955,8,12,20
1955,5,3,8
1955,6,5,11
1955,6,4,10
1955,1,0,1
1955,4,12,16
1955,5,0,5
1955,9,0,9
1955,4,2,6
1955,7,6,13
1955,5,10,15
1955,6,4,10
1955,3,1,4
1955,6,5,11
1955,2,0,2
1955,9,6,15
1955,7,2,9
1955,5,2,7
1955,4,0,4
1955,8,6,14
1955,7,3,10
1955,7,0,7
1955,8,0,8
1955,7,6,13
1955,2,1,3
1955,6,5,11
1955,3,0,3
1955,3,2,5
1955,5,0,5
1955,8,5,13
1955,3,2,5
1955,6,5,11
1955,3,2,5
1955,3,2,5
1955,3,1,4
1955,5,4,9
1955,2,1,3
1955,12,1,13
1955,4,2,6
1955,7,0,7
1955,4,2,6
1955,4,0,4
1955,4,1,5
1955,7,4,11
1955,6,3,9
1955,5,4,9
1955,9,4,13
1955,7,11,18
1955,1,0,1
1955,8,7,15
1955,5,2,7
1955,4,0,4
1955,8,7,15
1955,7,1,8
1955,5,2,7
1955,7,4,11
1955,5,3,8
1955,2,1,3
1955,4,1,5
1955,3,1,4
1955,5,4,9
1955,7,2,9
1955,10,1,11
1955,6,4,10
1955,6,2,8
1955,8,10,18
1955,6,1,7
1955,5,0,5
1955,7,12,19
1955,3,2,5
1955,4,3,7
1955,6,0,6
1955,6,1,7
1955,9,6,15
1955,3,0,3
1955,9,2,11
1955,7,0,7
1955,7,4,11
1955,4,0,4
1955,7,1,8
1955,7,0,7
1955,2,0,2
1955,3,2,5
1955,3,10,13
1955,8,6,14
1955,6,0,6
1955,8,2,10
1955,2,1,3
1955,1,0,1
1955,7,18,25
1955,3,3,6
1955,8,3,11
1955,6,4,10
1955,5,3,8
1955,3,2,5
1955,5,3,8
1955,4,0,4
1955,1,0,1
1955,5,2,7
1955,5,2,7
1955,8,2,10
1955,5,4,9
1955,2,1,3
1955,5,16,21
1955,5,0,5
1955,4,0,4
1955,5,0,5
1955,2,0,2
1955,9,2,11
1955,7,2,9
1955,6,4,10
1955,4,12,16
1955,6,5,11
1955,5,4,9
1955,7,5,12
1955,7,3,10
1955,7,5,12
1955,9,1,10
1955,4,0,4
1955,8,2,10
1955,6,1,7
1955,8,2,10
1955,4,12,16
1955,14,1,15
1955,9,2,11
1955,7,3,10
1955,6,3,9
1955,9,5,14
1955,7,5,12
1955,6,5,11
1955,4,3,7
1955,7,4,11
1955,3,2,5
1955,4,3,7
1955,3,2,5
1955,7,11,18
1955,2,14,16
1955,1,0,1
1955,3,2,5
1955,7,5,12
1955,7,2,9
1955,9,3,12
1955,5,1,6
1955,7,6,13
1955,4,3,7
1955,5,10,15
1955,2,1,3
1955,11,10,21
1955,12,0,12
1955,6,1,7
1955,7,2,9
1955,7,5,12
1955,3,1,4
1955,8,2,10
1955,5,10,15
1955,7,3,10
1955,9,14,23
1955,9,8,17
1955,5,0,5
1955,4,3,7
1955,6,2,8
1955,6,3,9
1955,4,3,7
1955,6,5,11
1955,8,5,13
1955,8,3,11
1955,4,3,7
1955,4,2,6
1955,5,4,9
1955,4,2,6
1955,5,10,15
1955,2,11,13
1955,6,3,9
1955,4,3,7
1955,5,3,8
1955,5,4,9
1955,4,3,7
1955,5,4,9
1955,11,1,12
1955,4,0,4
1955,7,5,12
1955,5,1,6
1955,6,4,10
1955,5,3,8
1955,8,4,12
1955,4,2,6
1955,5,10,15
1955,4,1,5
1955,6,5,11
1955,3,2,5
1955,9,8,17
1955,12,1,13
1955,9,1,10
1955,8,5,13
1955,4,3,7
1955,9,3,12
1955,1,0,1
1955,8,11,19
1955,4,2,6
1955,5,3,8
1955,8,12,20
1955,5,1,6
1955,6,4,10
1955,3,0,3
1955,5,4,9
1955,6,0,6
1955,2,1,3
1955,5,2,7
1955,2,10,12
1955,7,1,8
1955,4,2,6
1955,4,0,4
1955,7,10,17
1955,5,2,7
1955,4,2,6
1955,9,5,14
1955,10,1,11
1955,7,4,11
1955,7,6,13
1955,3,2,5
1955,4,1,5
1955,3,1,4
1955,7,2,9
1955,6,4,10
1955,8,3,11
1955,6,1,7
1955,4,13,17
1955,5,2,7
1955,5,4,9
1955,6,0,6
1955,7,3,10
1955,7,10,17
1955,6,4,10
1955,3,2,5
1955,7,1,8
1955,19,1,20
1955,3,12,15
1955,5,4,9
1955,4,3,7
1955,8,5,13
1955,5,3,8
1955,1,0,1
1955,9,1,10
1955,5,4,9
1955,4,3,7
1955,4,1,5
1955,6,3,9
1955,2,1,3
1955,8,7,15
1955,8,7,15
1955,5,4,9
1955,5,1,6
1955,6,2,8
1955,8,5,13
1955,3,2,5
1955,5,4,9
1955,6,0,6
1955,6,5,11
1955,6,5,11
1955,4,0,4
1955,8,7,15
1955,3,1,4
1955,12,11,23
1955,8,6,14
1955,9,8,17
1955,1,0,1
1955,9,5,14
1955,3,0,3
1955,6,3,9
1955,6,5,11
1955,2,1,3
1955,4,3,7
1955,8,1,9
1955,4,12,16
1955,6,3,9
1955,3,1,4
1955,4,2,6
1955,7,3,10
1955,6,2,8
1955,4,3,7
1955,10,1,11
1955,5,3,8
1955,8,6,14
1955,6,4,10
1955,6,3,9
1955,6,0,6
1955,9,2,11
1955,6,0,6
1955,4,2,6
1955,4,3,7
1955,4,1,5
1955,9,6,15
1955,4,3,7
1955,1,0,1
1955,4,3,7
1955,6,5,11
1955,5,3,8
1955,5,3,8
1955,8,4,12
1955,7,10,17
1955,2,0,2
1955,3,11,14
1955,3,1,4
1955,6,3,9
1955,6,3,9
1955,8,1,9
1955,3,1,4
1955,6,11,17
1955,9,7,16
1955,3,2,5
1955,4,10,14
1955,8,7,15
1955,2,0,2
1955,7,2,9
1955,2,10,12
1955,9,7,16
1955,9,2,11
1955,4,0,4
1955,2,1,3
1955,5,1,6
1955,5,2,7
1955,7,3,10
1955,3,0,3
1955,7,3,10
1955,2,0,2
1955,6,4,10
1955,4,1,5
1955,6,5,11
1955,3,0,3
1955,5,12,17
1955,3,2,5
1955,8,6,14
1955,7,2,9
1955,5,1,6
1955,6,5,11
1955,4,2,6
1955,6,3,9
1955,1,0,1
1955,3,1,4
1955,9,3,12
1955,3,1,4
1955,8,4,12
1955,8,7,15
1955,6,2,8
1955,4,2,6
1955,9,8,17
1955,4,3,7
1955,2,1,3
1955,7,4,11
1955,6,1,7
1955,6,4,10
1955,4,1,5
1955,7,5,12
1955,6,4,10
1955,4,1,5
1955,2,10,12
1955,4,2,6
1955,3,2,5
1955,4,1,5
1955,7,1,8
1955,5,0,5
1955,6,4,10
1955,5,16,21
1955,5,2,7
1955,3,2,5
1955,5,4,9
1955,5,2,7
1955,7,0,7
1955,5,2,7
1955,3,0,3
1955,5,2,7
1955,5,3,8
1955,2,12,14
1955,6,0,6
1955,1,0,1
1955,4,3,7
1955,6,0,6
1955,8,3,11
1955,3,2,5
1955,7,1,8
1955,6,5,11
1955,7,4,11
1955,6,5,11
1955,7,3,10
1955,5,2,7
1955,7,1,8
1955,2,11,13
1955,3,1,4
1955,6,5,11
1955,5,4,9
1955,4,3,7
1955,4,3,7
1955,9,1,10
1955,5,1,6
1955,2,1,3
1955,4,12,16
1955,2,0,2
1955,4,0,4
1955,5,3,8
1955,2,1,3
1955,3,0,3
1955,13,10,23
1955,4,3,7
1955,5,1,6
1955,6,4,10
1955,3,2,5
1955,5,4,9
1955,8,4,12
1955,9,6,15
1955,2,1,3
1955,5,3,8
1955,3,0,3
1955,8,1,9
1955,7,3,10
1955,11,10,21
1955,4,3,7
1955,11,10,21
1955,6,3,9
1955,3,0,3
1955,9,6,15
1955,2,1,3
1955,5,2,7
1955,8,10,18
1955,9,12,21
1955,8,5,13
1955,3,0,3
1955,7,4,11
1955,7,5,12
1955,8,1,9
1955,6,5,11
1955,4,13,17
1955,2,0,2
1955,7,5,12
1955,5,3,8
1955,6,5,11
1955,2,2,4
1955,16,12,28
1955,4,3,7
1955,8,5,13
1955,6,5,11
1955,6,3,9
1955,4,2,6
1955,4,2,6
1955,3,2,5
1955,9,6,15
1955,9,3,12
1955,1,0,1
1955,1,0,1
1955,6,3,9
1955,3,2,5
1955,4,3,7
1955,4,2,6
1955,4,1,5
1955,6,2,8
1955,4,1,5
1955,9,1,10
1955,5,4,9
1955,7,2,9
1955,6,3,9
1955,6,4,10
1955,5,4,9
1955,7,2,9
1955,3,2,5
1955,3,2,5
1955,6,5,11
1955,3,1,4
1955,14,1,15
1955,7,1,8
1955,4,0,4
1955,5,3,8
1955,7,1,8
1955,2,1,3
1955,17,1,18
1955,6,5,11
1955,8,7,15
1955,9,18,27
1955,4,3,7
1955,9,8,17
1955,5,3,8
1955,5,4,9
1955,7,2,9
1955,6,20,26
1955,9,6,15
1955,2,1,3
1955,3,2,5
1955,5,4,9
1955,4,3,7
1955,5,4,9
1955,7,3,10
1955,4,2,6
1955,3,1,4
1955,5,4,9
1955,5,4,9
1955,6,12,18
1955,8,4,12
1955,12,1,13
1955,6,13,19
1955,5,4,9
1955,2,11,13
1955,7,0,7
1955,5,3,8
1955,3,12,15
1955,3,2,5
1955,7,2,9
1955,7,1,8
1955,3,2,5
1955,9,5,14
1955,5,1,6
1955,6,4,10
1955,4,11,15
1955,6,2,8
1955,5,3,8
1955,2,1,3
1955,5,3,8
1955,8,5,13
1955,5,3,8
1955,3,0,3
1955,7,5,12
1955,2,1,3
1955,7,0,7
1955,8,0,8
1955,3,2,5
1955,8,3,11
1955,8,0,8
1955,8,7,15
1955,7,4,11
1955,7,5,12
1955,6,1,7
1955,3,2,5
1955,3,2,5
1955,9,14,23
1955,6,2,8
1955,2,0,2
1955,8,2,10
1955,4,0,4
1955,9,4,13
1955,8,1,9
1955,6,1,7
1955,6,4,10
1955,4,1,5
1955,6,4,10
1955,6,2,8
1955,3,10,13
1955,8,3,11
1955,7,2,9
1955,4,3,7
1955,2,1,3
1955,4,3,7
1955,2,1,3
1955,9,5,14
1955,14,1,15
1955,2,1,3
1955,2,0,2
1955,3,2,5
1955,5,0,5
1955,4,1,5
1955,4,2,6
1955,8,5,13
1955,6,5,11
1955,6,1,7
1955,5,2,7
1955,6,1,7
1955,6,4,10
1955,9,2,11
1955,3,2,5
1955,9,11,20
1955,8,3,11
1955,2,1,3
1955,4,2,6
1955,10,0,10
1955,5,2,7
1955,5,4,9
1955,3,2,5
1955,7,1,8
1955,4,1,5
1955,6,3,9
1955,7,0,7
1955,11,1,12
1955,7,6,13
1955,4,3,7
1955,5,4,9
1955,8,2,10
1955,4,3,7
1955,6,1,7
1955,6,1,7
1955,3,2,5
1955,8,2,10
1955,4,13,17
1955,2,14,16
1955,3,0,3
1955,7,6,13
1955,8,3,11
1955,5,3,8
1955,2,0,2
1955,4,10,14
1955,6,0,6
1955,4,3,7
1955,6,3,9
1955,4,3,7
1955,8,6,14
1955,7,5,12
1955,7,4,11
1955,4,0,4
1955,4,3,7
1955,5,0,5
1955,9,7,16
1955,3,1,4
1955,3,1,4
1955,8,13,21
1955,4,2,6
1955,5,1,6
1955,7,4,11
1955,6,11,17
1955,5,0,5
1955,2,13,15
1955,4,3,7
1955,6,3,9
1955,7,4,11
1955,7,6,13
1955,8,3,11
1955,2,0,2
1955,2,12,14
1955,8,1,9
1955,7,6,13
1955,2,0,2
1955,4,2,6
1955,5,3,8
1955,2,1,3
1955,4,0,4
1955,3,2,5
1955,6,1,7
1955,6,11,17
1955,6,5,11
1955,5,10,15
1955,3,2,5
1955,5,4,9
1955,6,5,11
1955,4,3,7
1955,5,3,8
1955,5,3,8
1955,17,1,18
1955,5,2,7
1955,8,3,11
1955,7,4,11
1955,6,5,11
1955,5,3,8
1955,2,10,12
1955,7,2,9
1955,4,11,15
1955,8,2,10
1955,2,0,2
1955,1,0,1
1955,5,4,9
1955,9,2,11
1955,7,2,9
1955,3,0,3
1955,8,5,13
1955,6,3,9
1955,3,2,5
1955,6,0,6
1955,7,4,11
1955,2,0,2
1955,6,3,9
1955,3,1,4
1955,2,1,3
1955,8,2,10
1955,4,3,7
1955,5,3,8
1955,5,4,9
1955,6,4,10
1955,2,10,12
1955,13,0,13
1955,6,2,8
1955,5,4,9
1955,8,3,11
1955,3,1,4
1955,4,11,15
1955,9,16,25
1955,5,0,5
1955,3,2,5
1955,5,4,9
1955,2,11,13
1955,6,5,11
1955,7,6,13
1955,5,3,8
1955,7,10,17
1955,3,3,6
1955,4,3,7
1955,5,13,18
1955,9,8,17
1955,4,3,7
1955,8,6,14
1955,4,3,7
1955,4,2,6
1955,6,2,8
1955,7,2,9
1955,7,5,12
1955,9,0,9
1955,5,3,8
1955,5,4,9
1955,9,1,10
1955,6,1,7
1955,3,2,5
1955,6,5,11
1955,8,0,8
1955,1,0,1
1955,9,3,12
1955,2,0,2
1955,9,6,15
1955,6,5,11
1955,7,6,13
1955,10,0,10
1955,5,2,7
1955,9,1,10
1955,6,0,6
1955,8,2,10
1955,3,1,4
1955,8,2,10
1955,8,2,10
1955,6,0,6
1955,7,3,10
1955,9,2,11
1955,6,4,10
1955,3,0,3
1955,3,2,5
1955,3,2,5
1955,5,4,9
1955,8,7,15
1955,4,3,7
1955,3,0,3
1955,7,13,20
1955,9,4,13
1955,5,4,9
1955,8,1,9
1955,3,1,4
1955,8,5,13
1955,3,2,5
1955,3,1,4
1955,8,12,20
1955,4,1,5
1955,4,1,5
1955,9,0,9
1955,7,5,12
1955,5,12,17
1955,3,10,13
1955,8,1,9
1955,2,1,3
1955,3,2,5
1955,5,2,7
1955,2,1,3
1955,4,0,4
1955,6,5,11
1955,3,2,5
1955,7,4,11
1955,6,3,9
1955,6,1,7
1955,3,2,5
1955,7,0,7
1955,7,3,10
1955,11,1,12
1955,8,14,22
1955,2,0,2
1955,6,3,9
1955,9,7,16
1955,8,7,15
1955,7,2,9
1955,5,14,19
1955,10,1,11
1955,7,2,9
1955,7,3,10
1955,7,5,12
1955,7,3,10
1955,8,4,12
1955,3,2,5
1955,4,12,16
1955,5,1,6
1955,4,2,6
1955,6,4,10
1955,7,3,10
1955,4,0,4
1955,3,2,5
1955,8,2,10
1955,7,0,7
1955,4,3,7
1955,6,1,7
1955,4,3,7
1955,8,5,13
1955,1,0,1
1955,9,2,11
1955,8,1,9
1955,5,0,5
1955,13,0,13
1955,6,2,8
1955,5,2,7
1955,3,1,4
1955,4,0,4
1955,8,5,13
1955,5,4,9
1955,6,5,11
1955,4,2,6
1955,8,3,11
1955,8,5,13
1955,5,3,8
1955,5,1,6
1955,2,0,2
1956,8,1,9
1956,8,6,14
1956,2,1,3
1956,4,2,6
1956,2,1,3
1956,6,0,6
1956,4,3,7
1956,4,10,14
1956,8,4,12
1956,5,4,9
1956,9,5,14
1956,4,2,6
1956,5,4,9
1956,1,0,1
1956,9,10,19
1956,4,1,5
1956,3,1,4
1956,3,2,5
1956,7,3,10
1956,3,2,5
1956,12,1,13
1956,3,1,4
1956,6,3,9
1956,7,1,8
1956,2,1,3
1956,5,0,5
1956,5,4,9
1956,8,4,12
1956,3,2,5
1956,7,6,13
1956,15,1,16
1956,14,10,24
1956,3,1,4
1956,6,5,11
1956,7,3,10
1956,4,1,5
1956,5,4,9
1956,1,1,2
1956,6,4,10
1956,5,2,7
1956,3,0,3
1956,6,13,19
1956,3,1,4
1956,9,7,16
1956,4,1,5
1956,4,10,14
1956,5,13,18
1956,6,1,7
1956,7,4,11
1956,4,1,5
1956,5,3,8
1956,4,2,6
1956,4,1,5
1956,5,2,7
1956,7,2,9
1956,6,5,11
1956,6,0,6
1956,7,5,12
1956,2,14,16
1956,5,2,7
1956,7,2,9
1956,9,7,16
1956,7,4,11
1956,4,3,7
1956,5,3,8
1956,8,5,13
1956,6,4,10
1956,5,2,7
1956,9,1,10
1956,6,2,8
1956,5,3,8
1956,10,1,11
1956,3,11,14
1956,5,4,9
1956,8,4,12
1956,1,0,1
1956,8,4,12
1956,5,4,9
1956,8,1,9
1956,8,6,14
1956,5,4,9
1956,2,0,2
1956,3,2,5
1956,3,2,5
1956,2,1,3
1956,3,1,4
1956,6,4,10
1956,9,2,11
1956,4,2,6
1956,3,2,5
1956,2,0,2
1956,6,5,11
1956,6,10,16
1956,8,1,9
1956,9,10,19
1956,7,1,8
1956,5,2,7
1956,5,1,6
1956,8,7,15
1956,7,3,10
1956,7,4,11
1956,4,3,7
1956,6,4,10
1956,2,1,3
1956,4,3,7
1956,3,2,5
1956,6,10,16
1956,3,10,13
1956,5,2,7
1956,2,1,3
1956,4,16,20
1956,7,6,13
1956,5,2,7
1956,4,1,5
1956,4,2,6
1956,6,2,8
1956,4,3,7
1956,2,1,3
1956,6,6,12
1956,2,10,12
1956,9,11,20
1956,4,0,4
1956,4,0,4
1956,5,4,9
1956,5,4,9
1956,7,10,17
1956,3,13,16
1956,4,3,7
1956,5,1,6
1956,3,1,4
1956,6,3,9
1956,7,4,11
1956,4,3,7
1956,6,0,6
1956,5,4,9
1956,5,0,5
1956,4,3,7
1956,9,1,10
1956,6,14,20
1956,4,0,4
1956,7,5,12
1956,6,5,11
1956,6,5,11
1956,3,0,3
1956,7,3,10
1956,2,1,3
1956,7,2,9
1956,8,4,12
1956,9,8,17
1956,4,1,5
1956,9,7,16
1956,3,2,5
1956,6,5,11
1956,4,3,7
1956,3,0,3
1956,14,10,24
1956,6,10,16
1956,5,3,8
1956,7,6,13
1956,1,0,1
1956,6,5,11
1956,9,12,21
1956,6,4,10
1956,3,2,5
1956,7,14,21
1956,15,0,15
1956,6,1,7
1956,5,2,7
1956,9,4,13
1956,8,1,9
1956,2,11,13
1956,5,1,6
1956,9,11,20
1956,7,2,9
1956,5,3,8
1956,3,2,5
1956,7,5,12
1956,5,1,6
1956,6,3,9
1956,9,5,14
1956,6,4,10
1956,3,1,4
1956,5,3,8
1956,3,1,4
1956,4,1,5
1956,4,2,6
1956,8,6,14
1956,9,3,12
1956,2,1,3
1956,9,2,11
1956,3,10,13
1956,6,1,7
1956,7,3,10
1956,5,4,9
1956,4,1,5
1956,7,6,13
1956,8,7,15
1956,5,4,9
1956,3,2,5
1956,5,4,9
1956,4,2,6
1956,3,2,5
1956,5,10,15
1956,6,4,10
1956,5,1,6
1956,5,4,9
1956,5,4,9
1956,3,2,5
1956,5,11,16
1956,7,4,11
1956,5,3,8
1956,5,3,8
1956,5,12,17
1956,2,1,3
1956,6,1,7
1956,5,1,6
1956,4,2,6
1956,7,1,8
1956,4,2,6
1956,2,0,2
1956,5,2,7
1956,5,1,6
1956,6,4,10
1956,6,3,9
1956,5,0,5
1956,8,5,13
1956,4,1,5
1956,7,3,10
1956,5,3,8
1956,3,2,5
1956,6,1,7
1956,6,3,9
1956,6,3,9
1956,3,2,5
1956,6,3,9
1956,5,13,18
1956,7,6,13
1956,5,4,9
1956,6,0,6
1956,4,11,15
1956,6,4,10
1956,2,10,12
1956,5,10,15
1956,2,1,3
1956,6,3,9
1956,6,5,11
1956,6,5,11
1956,8,5,13
1956,6,1,7
1956,9,4,13
1956,4,1,5
1956,6,12,18
1956,2,1,3
1956,6,0,6
1956,6,2,8
1956,9,7,16
1956,11,10,21
1956,5,4,9
1956,4,2,6
1956,8,2,10
1956,5,0,5
1956,7,2,9
1956,9,11,20
1956,2,12,14
1956,6,5,11
1956,4,1,5
1956,3,1,4
1956,6,4,10
1956,2,0,2
1956,5,2,7
1956,3,2,5
1956,3,10,13
1956,6,5,11
1956,4,10,14
1956,7,4,11
1956,7,3,10
1956,10,1,11
1956,2,1,3
1956,5,4,9
1956,9,10,19
1956,9,11,20
1956,6,3,9
1956,9,8,17
1956,3,11,14
1956,5,1,6
1956,4,3,7
1956,5,12,17
1956,6,5,11
1956,3,12,15
1956,5,4,9
1956,5,3,8
1956,6,3,9
1956,6,5,11
1956,4,1,5
1956,8,15,23
1956,9,6,15
1956,3,0,3
1956,9,3,12
1956,3,2,5
1956,5,0,5
1956,4,2,6
1956,3,2,5
1956,4,1,5
1956,6,3,9
1956,5,2,7
1956,5,3,8
1956,3,11,14
1956,8,1,9
1956,5,4,9
1956,5,2,7
1956,4,2,6
1956,6,4,10
1956,15,0,15
1956,12,0,12
1956,9,2,11
1956,7,6,13
1956,4,3,7
1956,7,3,10
1956,4,3,7
1956,3,1,4
1956,4,3,7
1956,6,3,9
1956,7,4,11
1956,2,1,3
1956,9,3,12
1956,8,4,12
1956,7,1,8
1956,4,13,17
1956,8,2,10
1956,3,0,3
1956,5,11,16
1956,7,0,7
1956,8,3,11
1956,14,11,25
1956,7,3,10
1956,9,4,13
1956,6,1,7
1956,7,4,11
1956,3,1,4
1956,3,1,4
1956,5,1,6
1956,5,4,9
1956,8,2,10
1956,7,3,10
1956,5,2,7
1956,5,10,15
1956,3,2,5
1956,7,12,19
1956,5,2,7
1956,6,5,11
1956,5,2,7
1956,8,5,13
1956,4,1,5
1956,9,1,10
1956,7,5,12
1956,6,3,9
1956,5,3,8
1956,5,4,9
1956,6,4,10
1956,7,2,9
1956,9,0,9
1956,2,0,2
1956,7,0,7
1956,4,1,5
1956,7,5,12
1956,8,0,8
1956,6,4,10
1956,8,5,13
1956,4,0,4
1956,8,15,23
1956,8,3,11
1956,5,3,8
1956,7,3,10
1956,3,2,5
1956,2,1,3
1956,5,2,7
1956,8,6,14
1956,5,3,8
1956,6,0,6
1956,3,11,14
1956,3,0,3
1956,6,5,11
1956,9,12,21
1956,5,4,9
1956,4,1,5
1956,5,1,6
1956,6,2,8
1956,8,6,14
1956,4,3,7
1956,6,3,9
1956,8,1,9
1956,9,7,16
1956,8,5,13
1956,4,3,7
1956,5,2,7
1956,4,2,6
1956,6,4,10
1956,9,3,12
1956,2,0,2
1956,8,8,16
1956,6,5,11
1956,8,6,14
1956,7,5,12
1956,4,13,17
1956,9,10,19
1956,5,2,7
1956,5,1,6
1956,5,4,9
1956,7,2,9
1956,6,2,8
1956,5,2,7
1956,1,0,1
1956,4,3,7
1956,6,5,11
1956,8,5,13
1956,12,1,13
1956,3,2,5
1956,7,0,7
1956,3,1,4
1956,6,5,11
1956,6,2,8
1956,3,1,4
1956,2,0,2
1956,5,4,9
1956,3,1,4
1956,20,2,22
1956,4,10,14
1956,9,4,13
1956,2,13,15
1956,7,2,9
1956,7,6,13
1956,1,0,1
1956,7,1,8
1956,7,4,11
1956,3,1,4
1956,8,3,11
1956,5,2,7
1956,7,4,11
1956,4,3,7
1956,7,4,11
1956,3,2,5
1956,6,0,6
1956,5,1,6
1956,9,7,16
1956,5,3,8
1956,5,10,15
1956,2,0,2
1956,4,2,6
1956,5,3,8
1956,4,2,6
1956,8,12,20
1956,5,4,9
1956,4,1,5
1956,5,4,9
1956,4,1,5
1956,3,2,5
1956,7,3,10
1956,9,8,17
1956,1,0,1
1956,5,0,5
1956,6,15,21
1956,7,2,9
1956,6,0,6
1956,5,4,9
1956,4,0,4
1956,3,2,5
1956,6,3,9
1956,3,1,4
1956,2,1,3
1956,7,6,13
1956,2,0,2
1956,9,8,17
1956,6,3,9
1956,2,1,3
1956,8,3,11
1956,9,5,14
1956,6,10,16
1956,2,1,3
1956,2,14,16
1956,6,3,9
1956,7,2,9
1956,3,2,5
1956,3,2,5
1956,5,2,7
1956,6,2,8
1956,7,1,8
1956,8,4,12
1956,3,2,5
1956,5,3,8
1956,1,0,1
1956,3,2,5
1956,5,3,8
1956,9,3,12
1956,8,5,13
1956,2,1,3
1956,5,10,15
1956,4,1,5
1956,4,3,7
1956,2,2,4
1956,8,4,12
1956,3,0,3
1956,4,2,6
1956,6,2,8
1956,9,11,20
1956,12,11,23
1956,3,1,4
1956,5,2,7
1956,6,0,6
1956,4,3,7
1956,2,10,12
1956,4,0,4
1956,6,3,9
1956,4,3,7
1956,7,6,13
1956,6,5,11
1956,8,4,12
1956,5,2,7
1956,2,13,15
1956,5,0,5
1956,3,1,4
1956,6,3,9
1956,4,1,5
1956,4,2,6
1956,6,3,9
1956,7,10,17
1956,4,3,7
1956,8,3,11
1956,2,14,16
1956,5,1,6
1956,6,4,10
1956,5,2,7
1956,5,3,8
1956,7,4,11
1956,4,1,5
1956,7,0,7
1956,4,3,7
1956,7,6,13
1956,6,1,7
1956,4,3,7
1956,3,2,5
1956,8,6,14
1956,3,2,5
1956,7,6,13
1956,19,15,34
1956,7,1,8
1956,5,2,7
1956,6,3,9
1956,2,1,3
1956,9,3,12
1956,3,2,5
1956,7,4,11
1956,7,0,7
1956,9,3,12
1956,6,0,6
1956,4,3,7
1956,6,5,11
1956,6,5,11
1956,7,6,13
1956,9,4,13
1956,5,2,7
1956,3,2,5
1956,5,4,9
1956,4,3,7
1956,6,4,10
1956,3,1,4
1956,6,4,10
1956,6,1,7
1956,2,15,17
1956,6,1,7
1956,4,2,6
1956,8,4,12
1956,8,10,18
1956,7,4,11
1956,6,1,7
1956,7,13,20
1956,7,1,8
1956,14,0,14
1956,6,4,10
1956,4,2,6
1956,5,0,5
1956,2,1,3
1956,8,4,12
1956,4,3,7
1956,8,12,20
1956,5,2,7
1956,5,2,7
1956,5,0,5
1956,3,2,5
1956,6,3,9
1956,8,3,11
1956,9,0,9
1956,8,4,12
1956,5,17,22
1956,8,6,14
1956,3,2,5
1956,3,17,20
1956,6,10,16
1956,11,1,12
1956,5,2,7
1956,9,2,11
1956,3,2,5
1956,8,2,10
1956,4,0,4
1956,3,1,4
1956,2,1,3
1956,5,4,9
1956,7,4,11
1956,2,0,2
1956,9,5,14
1956,5,3,8
1956,4,2,6
1956,3,2,5
1956,5,4,9
1956,7,6,13
1956,6,4,10
1956,8,6,14
1956,6,5,11
1956,10,0,10
1956,7,5,12
1956,12,11,23
1956,1,0,1
1956,4,0,4
1956,6,2,8
1956,6,5,11
1956,2,0,2
1956,3,2,5
1956,5,4,9
1956,5,2,7
1956,6,5,11
1956,7,2,9
1956,6,3,9
1956,7,10,17
1956,3,1,4
1956,8,10,18
1956,4,3,7
1956,4,3,7
1956,3,2,5
1956,4,1,5
1956,2,1,3
1956,6,5,11
1956,9,1,10
1956,7,5,12
1956,8,0,8
1956,7,3,10
1956,7,3,10
1956,4,1,5
1956,4,10,14
1956,2,1,3
1956,2,0,2
1956,5,3,8
1956,5,3,8
1956,10,0,10
1956,1,0,1
1956,3,2,5
1956,4,3,7
1956,8,6,14
1956,4,0,4
1956,4,2,6
1956,4,3,7
1956,7,4,11
1956,6,4,10
1956,6,1,7
1956,6,3,9
1956,7,3,10
1956,8,4,12
1956,4,3,7
1956,1,1,2
1956,7,5,12
1956,11,1,12
1956,3,2,5
1956,8,4,12
1956,4,3,7
1956,7,2,9
1956,3,13,16
1956,7,3,10
1956,5,4,9
1956,9,6,15
1956,7,4,11
1956,6,4,10
1956,10,0,10
1956,6,2,8
1956,4,1,5
1956,4,3,7
1956,4,3,7
1956,9,3,12
1956,4,3,7
1956,8,5,13
1956,6,13,19
1956,6,5,11
1956,8,0,8
1956,8,6,14
1956,4,1,5
1956,2,1,3
1956,8,6,14
1956,9,2,11
1956,8,7,15
1956,5,16,21
1956,7,4,11
1956,4,13,17
1956,5,3,8
1956,4,3,7
1956,6,1,7
1956,3,2,5
1956,4,3,7
1956,5,10,15
1956,5,11,16
1956,11,0,11
1956,9,7,16
1956,5,11,16
1956,3,2,5
1956,4,3,7
1956,7,3,10
1956,6,2,8
1956,2,1,3
1956,10,1,11
1956,3,11,14
1956,6,2,8
1956,9,6,15
1956,7,4,11
1956,8,7,15
1956,9,8,17
1956,5,3,8
1956,8,5,13
1956,1,0,1
1956,6,11,17
1956,5,3,8
1956,11,0,11
1956,9,14,23
1956,4,0,4
1956,4,3,7
1956,4,3,7
1956,3,2,5
1956,5,4,9
1956,9,10,19
1956,6,5,11
1956,5,2,7
1956,3,2,5
1956,6,3,9
1956,13,1,14
1956,8,6,14
1956,6,5,11
1956,3,14,17
1956,3,2,5
1956,8,3,11
1956,1,0,1
1956,4,2,6
1956,2,11,13
1956,6,3,9
1956,3,0,3
1956,4,0,4
1956,6,0,6
1956,4,1,5
1956,5,3,8
1956,3,2,5
1956,5,2,7
1956,6,1,7
1956,3,2,5
1956,8,6,14
1956,6,13,19
1956,4,1,5
1956,4,3,7
1956,5,4,9
1956,4,2,6
1956,4,2,6
1956,3,2,5
1956,4,3,7
1956,5,0,5
1956,6,4,10
1956,5,1,6
1956,5,1,6
1956,7,3,10
1956,9,4,13
1956,7,0,7
1956,2,1,3
1956,6,2,8
1956,5,1,6
1956,5,4,9
1956,9,4,13
1956,3,1,4
1956,8,10,18
1956,4,1,5
1956,3,0,3
1956,5,4,9
1956,4,0,4
1956,3,18,21
1956,3,2,5
1956,2,10,12
1956,7,5,12
1956,8,11,19
1956,3,13,16
1956,7,1,8
1956,4,10,14
1956,2,1,3
1956,7,1,8
1956,2,0,2
1956,6,3,9
1956,4,3,7
1956,4,12,16
1956,4,15,19
1956,6,5,11
1956,5,4,9
1956,5,4,9
1956,3,2,5
1956,6,10,16
1956,7,3,10
1956,7,0,7
1956,5,3,8
1956,5,4,9
1956,7,2,9
1956,2,1,3
1956,8,5,13
1956,4,10,14
1956,5,1,6
1956,5,0,5
1956,4,3,7
1956,7,6,13
1956,9,0,9
1956,5,4,9
1956,1,0,1
1956,3,0,3
1956,5,4,9
1956,4,3,7
1956,8,4,12
1956,5,2,7
1956,6,1,7
1956,4,3,7
1956,3,1,4
1956,7,2,9
1956,7,6,13
1956,8,2,10
1956,8,7,15
1956,10,1,11
1956,3,2,5
1956,8,3,11
1956,8,5,13
1956,2,12,14
1956,3,1,4
1956,9,2,11
1956,5,3,8
1956,5,3,8
1956,4,1,5
1956,5,1,6
1956,5,2,7
1956,7,3,10
1956,7,15,22
1956,3,2,5
1956,4,3,7
1956,6,1,7
1956,11,0,11
1956,8,1,9
1956,5,4,9
1956,3,2,5
1956,3,2,5
1956,5,2,7
1956,3,1,4
1956,5,1,6
1956,8,5,13
1956,6,3,9
1956,5,10,15
1956,4,2,6
1956,6,1,7
1956,7,3,10
1956,6,2,8
1956,5,2,7
1956,6,3,9
1956,8,2,10
1956,6,2,8
1956,4,2,6
1956,3,2,5
1956,3,11,14
1956,8,2,10
1956,5,1,6
1956,3,0,3
1956,3,1,4
1956,2,0,2
1956,6,4,10
1956,12,1,13
1956,2,12,14
1956,3,0,3
1956,2,11,13
1956,6,2,8
1956,3,2,5
1956,1,0,1
1956,4,3,7
1956,7,3,10
1956,1,0,1
1956,10,0,10
1956,6,4,10
1956,5,1,6
1956,4,1,5
1956,9,10,19
1956,4,2,6
1956,5,4,9
1956,6,5,11
1956,2,1,3
1956,4,1,5
1956,8,0,8
1956,6,4,10
1956,6,5,11
1956,4,3,7
1956,8,2,10
1956,9,3,12
1956,5,3,8
1956,3,2,5
1956,2,1,3
1956,4,1,5
1956,6,2,8
1956,9,7,16
1956,2,1,3
1956,4,13,17
1956,8,1,9
1956,9,1,10
1956,9,2,11
1956,8,1,9
1956,3,2,5
1956,7,5,12
1956,11,10,21
1956,3,1,4
1956,4,1,5
1956,3,1,4
1956,5,2,7
1956,2,1,3
1956,7,6,13
1956,3,2,5
1956,3,2,5
1956,6,0,6
1956,3,1,4
1956,3,1,4
1956,4,3,7
1956,6,4,10
1956,7,4,11
1956,5,3,8
1956,6,2,8
1956,3,0,3
1956,2,1,3
1956,8,3,11
1956,7,2,9
1956,6,3,9
1956,7,6,13
1956,8,3,11
1956,6,3,9
1956,2,1,3
1956,3,2,5
1956,5,3,8
1956,9,5,14
1956,3,0,3
1956,2,1,3
1956,2,1,3
1956,8,5,13
1956,6,5,11
1956,5,11,16
1956,8,3,11
1956,6,4,10
1956,3,0,3
1956,3,2,5
1956,5,3,8
1956,4,1,5
1956,5,3,8
1956,5,4,9
1956,6,4,10
1956,6,1,7
1956,2,0,2
1956,6,2,8
1956,8,4,12
1956,7,3,10
1956,9,6,15
1956,6,0,6
1956,5,2,7
1956,3,0,3
1956,4,2,6
1956,8,5,13
1956,8,4,12
1956,8,1,9
1956,5,1,6
1956,2,1,3
1956,7,6,13
1956,2,0,2
1956,2,1,3
1956,5,10,15
1956,4,11,15
1956,6,2,8
1956,7,0,7
1956,5,4,9
1956,4,3,7
1956,4,3,7
1956,4,1,5
1956,6,3,9
1956,5,2,7
1956,1,0,1
1956,6,3,9
1956,6,4,10
1956,4,3,7
1956,11,1,12
1956,5,4,9
1956,4,0,4
1956,6,4,10
1956,6,2,8
1956,5,3,8
1956,3,2,5
1956,4,2,6
1956,4,11,15
1956,4,3,7
1956,4,1,5
1956,7,6,13
1956,8,6,14
1956,9,7,16
1956,4,3,7
1956,1,1,2
1956,6,13,19
1956,3,2,5
1956,1,0,1
1956,4,3,7
1956,6,1,7
1956,6,5,11
1956,5,3,8
1956,7,3,10
1956,6,3,9
1956,6,4,10
1956,4,2,6
1956,5,1,6
1956,7,3,10
1956,6,1,7
1956,3,1,4
1956,5,3,8
1956,5,0,5
1956,3,2,5
1956,4,3,7
1956,11,10,21
1956,4,3,7
1956,3,2,5
1956,3,1,4
1956,6,3,9
1956,2,1,3
1956,4,1,5
1956,6,10,16
1956,5,1,6
1956,4,3,7
1956,4,3,7
1956,3,2,5
1956,8,11,19
1956,5,3,8
1956,5,2,7
1956,2,1,3
1956,3,2,5
1956,7,5,12
1956,6,1,7
1956,5,0,5
1956,5,1,6
1956,2,1,3
1956,4,2,6
1956,8,0,8
1956,7,5,12
1956,16,0,16
1956,4,11,15
1956,5,2,7
1956,4,2,6
1956,7,2,9
1956,7,6,13
1956,5,3,8
1956,4,3,7
1956,2,12,14
1956,5,4,9
1956,2,1,3
1956,2,0,2
1956,6,0,6
1956,7,5,12
1956,7,5,12
1956,5,0,5
1956,6,2,8
1956,3,1,4
1956,5,0,5
1956,2,1,3
1956,8,12,20
1956,6,5,11
1956,5,2,7
1956,1,0,1
1956,6,1,7
1956,4,3,7
1956,2,1,3
1956,4,2,6
1956,2,1,3
1956,2,16,18
1956,5,4,9
1956,6,4,10
1956,3,2,5
1956,6,1,7
1956,7,4,11
1956,5,3,8
1956,4,1,5
1956,6,2,8
1956,7,3,10
1956,2,1,3
1956,4,1,5
1956,6,5,11
1956,6,5,11
1956,4,2,6
1956,5,3,8
1956,3,1,4
1956,12,0,12
1956,9,5,14
1956,5,11,16
1956,5,3,8
1956,4,3,7
1956,8,7,15
1956,4,1,5
1956,2,1,3
1956,3,2,5
1956,7,4,11
1956,8,0,8
1956,3,0,3
1956,4,3,7
1956,4,1,5
1956,7,2,9
1956,3,2,5
1956,5,0,5
1956,3,2,5
1956,4,3,7
1956,5,4,9
1956,4,2,6
1956,3,2,5
1956,2,10,12
1956,4,3,7
1956,5,1,6
1956,4,1,5
1956,3,0,3
1956,13,1,14
1956,3,0,3
1956,4,1,5
1956,5,3,8
1956,6,2,8
1956,5,10,15
1956,9,4,13
1956,6,5,11
1956,6,4,10
1956,3,2,5
1956,7,5,12
1956,7,2,9
1956,3,10,13
1956,4,3,7
1956,5,4,9
1956,8,4,12
1956,3,2,5
1956,10,1,11
1956,7,4,11
1956,4,1,5
1956,3,2,5
1956,9,3,12
1956,5,4,9
1956,7,2,9
1956,4,1,5
1956,6,5,11
1956,3,2,5
1956,1,0,1
1956,6,0,6
1956,6,2,8
1956,6,5,11
1956,4,2,6
1956,8,2,10
1956,4,3,7
1956,7,4,11
1956,6,4,10
1956,2,17,19
1956,6,0,6
1956,9,1,10
1956,8,1,9
1956,7,2,9
1956,3,2,5
1956,6,3,9
1956,6,0,6
1956,2,1,3
1956,7,3,10
1956,7,13,20
1956,4,2,6
1956,3,2,5
1956,9,1,10
1956,5,1,6
1956,6,4,10
1956,7,3,10
1956,2,1,3
1956,8,6,14
1956,2,1,3
1956,3,17,20
1956,6,4,10
1956,5,1,6
1956,5,4,9
1956,2,1,3
1956,5,1,6
1956,6,0,6
1956,7,4,11
1956,3,2,5
1956,5,1,6
1956,3,2,5
1956,5,4,9
1956,11,1,12
1956,7,4,11
1956,6,2,8
1956,8,3,11
1956,5,4,9
1956,14,11,25
1956,6,5,11
1956,6,11,17
1956,4,10,14
1956,5,0,5
1956,5,1,6
1956,6,2,8
1956,7,1,8
1956,4,1,5
1956,5,3,8
1956,10,0,10
1956,1,0,1
1956,8,4,12
1956,7,3,10
1956,3,2,5
1956,8,4,12
1956,4,1,5
1956,2,1,3
1956,6,5,11
1956,7,2,9
1956,5,4,9
1956,6,2,8
1956,3,1,4
1956,9,6,15
1956,9,1,10
1956,5,1,6
1956,7,5,12
1956,2,0,2
1956,2,1,3
1956,7,1,8
1956,8,6,14
1956,4,2,6
1956,8,4,12
1956,7,6,13
1956,7,4,11
1956,8,3,11
1956,5,2,7
1956,4,2,6
1956,4,2,6
1956,6,3,9
1956,6,3,9
1956,8,13,21
1956,5,3,8
1956,6,2,8
1956,2,0,2
1956,1,0,1
1956,9,0,9
1957,7,6,13
1957,4,2,6
1957,4,1,5
1957,4,13,17
1957,3,2,5
1957,2,1,3
1957,2,1,3
1957,7,6,13
1957,9,2,11
1957,5,4,9
1957,3,2,5
1957,6,1,7
1957,6,2,8
1957,8,3,11
1957,1,0,1
1957,6,2,8
1957,2,10,12
1957,6,4,10
1957,7,10,17
1957,2,0,2
1957,7,11,18
1957,7,0,7
1957,5,4,9
1957,6,5,11
1957,6,4,10
1957,5,4,9
1957,6,3,9
1957,7,4,11
1957,1,0,1
1957,3,2,5
1957,3,1,4
1957,2,1,3
1957,8,5,13
1957,5,3,8
1957,6,3,9
1957,9,11,20
1957,3,2,5
1957,7,5,12
1957,5,1,6
1957,7,11,18
1957,9,4,13
1957,3,1,4
1957,6,10,16
1957,6,15,21
1957,3,1,4
1957,5,0,5
1957,5,4,9
1957,3,2,5
1957,1,0,1
1957,6,4,10
1957,3,1,4
1957,4,3,7
1957,9,5,14
1957,6,17,23
1957,8,7,15
1957,3,2,5
1957,8,5,13
1957,4,3,7
1957,9,4,13
1957,6,3,9
1957,5,3,8
1957,7,12,19
1957,4,3,7
1957,9,2,11
1957,5,0,5
1957,4,3,7
1957,6,2,8
1957,5,0,5
1957,7,1,8
1957,4,0,4
1957,5,4,9
1957,2,1,3
1957,3,2,5
1957,2,1,3
1957,2,10,12
1957,6,2,8
1957,7,6,13
1957,3,2,5
1957,6,2,8
1957,4,0,4
1957,3,2,5
1957,2,0,2
1957,3,2,5
1957,5,3,8
1957,3,2,5
1957,2,11,13
1957,8,7,15
1957,3,0,3
1957,9,10,19
1957,6,1,7
1957,5,1,6
1957,2,1,3
1957,3,1,4
1957,4,0,4
1957,6,3,9
1957,6,5,11
1957,7,2,9
1957,9,3,12
1957,7,6,13
1957,7,4,11
1957,7,5,12
1957,5,1,6
1957,8,6,14
1957,9,2,11
1957,3,2,5
1957,6,1,7
1957,7,5,12
1957,3,1,4
1957,9,7,16
1957,4,2,6
1957,8,5,13
1957,6,0,6
1957,6,11,17
1957,6,0,6
1957,8,5,13
1957,11,10,21
1957,9,6,15
1957,8,7,15
1957,4,2,6
1957,3,2,5
1957,5,2,7
1957,3,0,3
1957,8,2,10
1957,5,2,7
1957,5,2,7
1957,1,0,1
1957,7,10,17
1957,4,2,6
1957,3,0,3
1957,5,1,6
1957,4,3,7
1957,3,1,4
1957,7,2,9
1957,8,3,11
1957,6,2,8
1957,8,4,12
1957,2,0,2
1957,6,2,8
1957,7,3,10
1957,5,4,9
1957,8,6,14
1957,8,2,10
1957,6,2,8
1957,9,2,11
1957,4,3,7
1957,2,1,3
1957,5,3,8
1957,3,2,5
1957,8,5,13
1957,8,4,12
1957,8,10,18
1957,7,6,13
1957,4,1,5
1957,4,10,14
1957,3,11,14
1957,2,11,13
1957,4,13,17
1957,2,1,3
1957,7,1,8
1957,2,0,2
1957,8,5,13
1957,4,1,5
1957,4,1,5
1957,6,4,10
1957,2,1,3
1957,3,1,4
1957,5,10,15
1957,6,4,10
1957,5,4,9
1957,2,1,3
1957,6,5,11
1957,7,2,9
1957,8,7,15
1957,4,3,7
1957,10,0,10
1957,6,2,8
1957,7,5,12
1957,7,1,8
1957,9,2,11
1957,7,4,11
1957,5,4,9
1957,5,0,5
1957,6,2,8
1957,6,1,7
1957,4,2,6
1957,4,10,14
1957,5,3,8
1957,2,0,2
1957,8,6,14
1957,8,10,18
1957,3,2,5
1957,5,3,8
1957,8,11,19
1957,8,11,19
1957,7,2,9
1957,3,2,5
1957,3,0,3
1957,6,5,11
1957,5,0,5
1957,4,3,7
1957,2,1,3
1957,3,2,5
1957,3,2,5
1957,2,1,3
1957,3,0,3
1957,5,0,5
1957,8,3,11
1957,3,2,5
1957,4,3,7
1957,11,1,12
1957,4,1,5
1957,5,3,8
1957,3,1,4
1957,4,4,8
1957,7,5,12
1957,6,3,9
1957,6,5,11
1957,2,1,3
1957,7,5,12
1957,8,1,9
1957,2,10,12
1957,6,2,8
1957,8,7,15
1957,5,4,9
1957,6,3,9
1957,6,3,9
1957,3,10,13
1957,6,1,7
1957,2,0,2
1957,4,10,14
1957,2,1,3
1957,2,1,3
1957,8,2,10
1957,4,3,7
1957,6,1,7
1957,1,1,2
1957,3,1,4
1957,3,0,3
1957,4,3,7
1957,11,0,11
1957,4,3,7
1957,8,1,9
1957,4,3,7
1957,8,4,12
1957,8,6,14
1957,6,2,8
1957,4,3,7
1957,6,0,6
1957,5,1,6
1957,9,6,15
1957,4,3,7
1957,8,1,9
1957,7,3,10
1957,12,0,12
1957,8,7,15
1957,7,6,13
1957,4,12,16
1957,4,0,4
1957,5,3,8
1957,8,1,9
1957,8,6,14
1957,9,0,9
1957,5,4,9
1957,5,3,8
1957,7,5,12
1957,5,4,9
1957,7,6,13
1957,1,0,1
1957,4,3,7
1957,3,1,4
1957,9,7,16
1957,7,6,13
1957,5,13,18
1957,6,3,9
1957,8,17,25
1957,7,1,8
1957,5,11,16
1957,6,11,17
1957,5,1,6
1957,6,2,8
1957,6,10,16
1957,8,5,13
1957,3,1,4
1957,4,3,7
1957,1,0,1
1957,6,16,22
1957,3,2,5
1957,5,1,6
1957,3,1,4
1957,8,4,12
1957,4,3,7
1957,6,2,8
1957,7,5,12
1957,1,0,1
1957,6,2,8
1957,7,6,13
1957,5,16,21
1957,6,4,10
1957,2,1,3
1957,6,5,11
1957,3,2,5
1957,5,2,7
1957,4,2,6
1957,2,1,3
1957,8,1,9
1957,4,3,7
1957,2,1,3
1957,7,2,9
1957,7,3,10
1957,5,1,6
1957,9,0,9
1957,6,0,6
1957,3,1,4
1957,4,3,7
1957,3,1,4
1957,2,1,3
1957,3,2,5
1957,3,2,5
1957,4,12,16
1957,22,2,24
1957,3,0,3
1957,7,1,8
1957,4,3,7
1957,3,0,3
1957,3,2,5
1957,11,1,12
1957,3,1,4
1957,4,1,5
1957,6,4,10
1957,4,2,6
1957,8,2,10
1957,3,1,4
1957,3,2,5
1957,4,0,4
1957,5,3,8
1957,3,2,5
1957,2,0,2
1957,5,3,8
1957,4,0,4
1957,6,5,11
1957,7,5,12
1957,1,0,1
1957,7,4,11
1957,4,3,7
1957,9,7,16
1957,8,7,15
1957,3,1,4
1957,5,4,9
1957,4,0,4
1957,6,2,8
1957,3,13,16
1957,3,2,5
1957,3,2,5
1957,9,8,17
1957,4,2,6
1957,5,1,6
1957,3,2,5
1957,5,14,19
1957,7,6,13
1957,8,3,11
1957,2,0,2
1957,6,2,8
1957,6,0,6
1957,6,3,9
1957,3,2,5
1957,7,11,18
1957,6,3,9
1957,6,3,9
1957,5,3,8
1957,1,0,1
1957,5,0,5
1957,9,2,11
1957,2,0,2
1957,6,4,10
1957,7,4,11
1957,5,4,9
1957,3,1,4
1957,3,0,3
1957,7,5,12
1957,5,0,5
1957,7,2,9
1957,7,6,13
1957,5,4,9
1957,8,4,12
1957,9,5,14
1957,2,1,3
1957,7,10,17
1957,7,3,10
1957,4,4,8
1957,2,1,3
1957,5,3,8
1957,3,1,4
1957,9,4,13
1957,4,11,15
1957,5,2,7
1957,7,2,9
1957,3,2,5
1957,7,6,13
1957,4,1,5
1957,5,1,6
1957,5,2,7
1957,8,1,9
1957,9,11,20
1957,7,6,13
1957,6,1,7
1957,4,2,6
1957,5,3,8
1957,3,2,5
1957,4,3,7
1957,4,0,4
1957,4,3,7
1957,8,5,13
1957,4,3,7
1957,9,3,12
1957,2,1,3
1957,6,2,8
1957,7,4,11
1957,8,1,9
1957,3,2,5
1957,2,1,3
1957,4,10,14
1957,7,2,9
1957,5,4,9
1957,10,1,11
1957,5,4,9
1957,2,10,12
1957,5,11,16
1957,6,5,11
1957,9,1,10
1957,8,3,11
1957,3,1,4
1957,9,2,11
1957,8,4,12
1957,7,2,9
1957,5,1,6
1957,7,6,13
1957,8,4,12
1957,4,2,6
1957,8,6,14
1957,4,3,7
1957,5,1,6
1957,2,1,3
1957,8,6,14
1957,4,3,7
1957,3,2,5
1957,1,0,1
1957,4,1,5
1957,5,4,9
1957,7,2,9
1957,7,5,12
1957,2,1,3
1957,7,6,13
1957,7,6,13
1957,7,0,7
1957,5,4,9
1957,2,1,3
1957,8,1,9
1957,2,0,2
1957,3,1,4
1957,6,0,6
1957,9,0,9
1957,4,3,7
1957,4,3,7
1957,6,0,6
1957,2,10,12
1957,5,2,7
1957,5,1,6
1957,6,3,9
1957,4,1,5
1957,9,7,16
1957,7,2,9
1957,6,1,7
1957,4,3,7
1957,3,1,4
1957,7,4,11
1957,9,4,13
1957,6,5,11
1957,4,3,7
1957,12,10,22
1957,3,2,5
1957,6,1,7
1957,4,2,6
1957,2,0,2
1957,6,3,9
1957,2,1,3
1957,5,1,6
1957,4,12,16
1957,6,3,9
1957,4,2,6
1957,6,5,11
1957,6,4,10
1957,7,1,8
1957,5,4,9
1957,6,10,16
1957,10,1,11
1957,7,5,12
1957,5,1,6
1957,5,3,8
1957,5,2,7
1957,7,6,13
1957,7,3,10
1957,9,2,11
1957,4,3,7
1957,4,3,7
1957,2,14,16
1957,7,5,12
1957,6,0,6
1957,4,10,14
1957,3,10,13
1957,5,0,5
1957,2,1,3
1957,5,3,8
1957,3,2,5
1957,2,0,2
1957,2,11,13
1957,7,4,11
1957,1,0,1
1957,7,5,12
1957,5,15,20
1957,5,5,10
1957,7,17,24
1957,9,13,22
1957,3,1,4
1957,3,11,14
1957,4,1,5
1957,8,3,11
1957,9,2,11
1957,5,4,9
1957,7,2,9
1957,2,1,3
1957,2,0,2
1957,6,4,10
1957,7,2,9
1957,6,0,6
1957,9,2,11
1957,7,1,8
1957,4,2,6
1957,5,4,9
1957,4,1,5
1957,4,3,7
1957,2,1,3
1957,5,1,6
1957,4,12,16
1957,2,1,3
1957,8,3,11
1957,6,13,19
1957,7,6,13
1957,1,0,1
1957,7,1,8
1957,3,12,15
1957,3,10,13
1957,3,2,5
1957,5,1,6
1957,6,1,7
1957,6,2,8
1957,7,4,11
1957,6,5,11
1957,2,1,3
1957,5,1,6
1957,5,3,8
1957,7,1,8
1957,7,6,13
1957,9,11,20
1957,3,2,5
1957,5,4,9
1957,6,0,6
1957,3,10,13
1957,5,2,7
1957,3,0,3
1957,5,4,9
1957,9,5,14
1957,6,4,10
1957,2,1,3
1957,8,6,14
1957,4,2,6
1957,6,0,6
1957,4,2,6
1957,8,3,11
1957,5,4,9
1957,7,5,12
1957,6,0,6
1957,5,0,5
1957,10,0,10
1957,3,2,5
1957,5,1,6
1957,8,2,10
1957,7,6,13
1957,4,3,7
1957,7,10,17
1957,3,1,4
1957,4,3,7
1957,5,4,9
1957,8,3,11
1957,3,2,5
1957,4,1,5
1957,2,1,3
1957,6,2,8
1957,7,5,12
1957,6,5,11
1957,4,14,18
1957,8,4,12
1957,7,4,11
1957,6,11,17
1957,4,3,7
1957,5,3,8
1957,2,11,13
1957,9,4,13
1957,5,1,6
1957,3,1,4
1957,3,2,5
1957,3,2,5
1957,3,13,16
1957,6,10,16
1957,8,4,12
1957,2,1,3
1957,5,3,8
1957,9,8,17
1957,7,2,9
1957,5,2,7
1957,4,2,6
1957,6,10,16
1957,8,1,9
1957,3,2,5
1957,9,6,15
1957,7,5,12
1957,5,2,7
1957,5,4,9
1957,6,5,11
1957,5,4,9
1957,5,4,9
1957,9,7,16
1957,3,2,5
1957,1,0,1
1957,1,0,1
1957,3,1,4
1957,7,2,9
1957,3,1,4
1957,8,6,14
1957,5,3,8
1957,4,2,6
1957,5,1,6
1957,5,2,7
1957,5,4,9
1957,7,4,11
1957,5,2,7
1957,6,2,8
1957,6,4,10
1957,5,2,7
1957,4,3,7
1957,3,2,5
1957,3,1,4
1957,6,4,10
1957,3,2,5
1957,4,17,21
1957,2,10,12
1957,7,6,13
1957,4,1,5
1957,3,11,14
1957,8,6,14
1957,6,2,8
1957,4,11,15
1957,9,6,15
1957,4,12,16
1957,4,20,24
1957,3,10,13
1957,5,3,8
1957,6,2,8
1957,7,5,12
1957,3,1,4
1957,9,3,12
1957,4,10,14
1957,4,3,7
1957,6,1,7
1957,6,2,8
1957,5,3,8
1957,7,3,10
1957,3,1,4
1957,6,11,17
1957,5,1,6
1957,4,3,7
1957,5,4,9
1957,3,10,13
1957,4,3,7
1957,9,10,19
1957,6,2,8
1957,4,0,4
1957,3,2,5
1957,3,1,4
1957,2,1,3
1957,4,2,6
1957,6,5,11
1957,6,3,9
1957,5,3,8
1957,5,2,7
1957,9,1,10
1957,4,1,5
1957,4,2,6
1957,3,1,4
1957,7,2,9
1957,7,0,7
1957,7,5,12
1957,4,0,4
1957,4,2,6
1957,4,3,7
1957,6,5,11
1957,7,5,12
1957,7,5,12
1957,9,4,13
1957,5,4,9
1957,7,2,9
1957,3,0,3
1957,4,3,7
1957,7,4,11
1957,6,5,11
1957,7,2,9
1957,3,2,5
1957,5,4,9
1957,7,4,11
1957,4,2,6
1957,6,4,10
1957,7,3,10
1957,2,11,13
1957,5,2,7
1957,1,0,1
1957,4,0,4
1957,6,3,9
1957,1,0,1
1957,6,10,16
1957,1,0,1
1957,5,1,6
1957,6,5,11
1957,2,1,3
1957,2,0,2
1957,3,1,4
1957,7,2,9
1957,3,0,3
1957,4,3,7
1957,5,4,9
1957,3,0,3
1957,5,3,8
1957,5,2,7
1957,9,1,10
1957,5,3,8
1957,6,2,8
1957,3,2,5
1957,3,2,5
1957,5,2,7
1957,1,0,1
1957,10,1,11
1957,3,1,4
1957,6,5,11
1957,6,3,9
1957,3,2,5
1957,4,3,7
1957,3,2,5
1957,5,2,7
1957,7,2,9
1957,6,1,7
1957,5,3,8
1957,5,2,7
1957,4,3,7
1957,4,2,6
1957,6,5,11
1957,4,3,7
1957,9,8,17
1957,3,2,5
1957,7,1,8
1957,7,2,9
1957,2,0,2
1957,5,3,8
1957,6,5,11
1957,4,3,7
1957,4,0,4
1957,9,8,17
1957,6,2,8
1957,3,2,5
1957,5,0,5
1957,6,2,8
1957,6,0,6
1957,9,8,17
1957,4,0,4
1957,6,0,6
1957,4,0,4
1957,1,0,1
1957,4,3,7
1957,8,5,13
1957,5,2,7
1957,4,10,14
1957,7,3,10
1957,7,1,8
1957,4,0,4
1957,5,3,8
1957,3,2,5
1957,2,1,3
1957,6,5,11
1957,4,2,6
1957,2,0,2
1957,5,4,9
1957,5,1,6
1957,6,5,11
1957,7,5,12
1957,3,12,15
1957,4,3,7
1957,8,0,8
1957,5,4,9
1957,5,4,9
1957,2,10,12
1957,5,4,9
1957,6,4,10
1957,9,6,15
1957,1,0,1
1957,3,2,5
1957,5,4,9
1957,2,1,3
1957,7,6,13
1957,8,7,15
1957,5,4,9
1957,7,1,8
1957,5,3,8
1957,3,1,4
1957,4,3,7
1957,5,0,5
1957,6,11,17
1957,6,0,6
1957,3,2,5
1957,7,6,13
1957,3,2,5
1957,9,7,16
1957,5,2,7
1957,6,5,11
1957,5,4,9
1957,4,1,5
1957,8,4,12
1957,5,2,7
1957,7,2,9
1957,2,1,3
1957,5,0,5
1957,3,2,5
1957,5,1,6
1957,5,4,9
1957,4,0,4
1957,5,3,8
1957,8,2,10
1957,5,2,7
1957,8,5,13
1957,7,0,7
1957,4,1,5
1957,2,12,14
1957,3,2,5
1957,5,1,6
1957,3,1,4
1957,3,12,15
1957,7,4,11
1957,3,1,4
1957,5,3,8
1957,6,1,7
1957,6,3,9
1957,4,3,7
1957,4,3,7
1957,8,0,8
1957,5,4,9
1957,9,7,16
1957,6,4,10
1957,3,2,5
1957,6,2,8
1957,4,2,6
1957,2,13,15
1957,6,3,9
1957,4,1,5
1957,6,4,10
1957,7,2,9
1957,8,5,13
1957,3,0,3
1957,9,0,9
1957,7,2,9
1957,8,5,13
1957,4,3,7
1957,8,5,13
1957,2,11,13
1957,7,0,7
1957,9,8,17
1957,5,0,5
1957,2,0,2
1957,4,3,7
1957,6,2,8
1957,5,1,6
1957,3,2,5
1957,6,2,8
1957,4,12,16
1957,5,10,15
1957,3,1,4
1957,3,2,5
1957,4,2,6
1957,6,0,6
1957,5,3,8
1957,6,4,10
1957,3,1,4
1957,3,13,16
1957,8,3,11
1957,7,4,11
1957,7,6,13
1957,3,10,13
1957,4,2,6
1957,6,3,9
1957,4,1,5
1957,8,1,9
1957,5,4,9
1957,7,2,9
1957,9,4,13
1957,4,1,5
1957,8,6,14
1957,6,2,8
1957,4,2,6
1957,6,2,8
1957,4,3,7
1957,2,1,3
1957,5,0,5
1957,7,3,10
1957,2,1,3
1957,9,8,17
1957,4,3,7
1957,5,4,9
1957,6,2,8
1957,3,1,4
1957,2,16,18
1957,2,1,3
1957,8,6,14
1957,8,2,10
1957,5,1,6
1957,4,1,5
1957,9,2,11
1957,8,6,14
1957,6,0,6
1957,7,0,7
1957,3,2,5
1957,5,4,9
1957,1,0,1
1957,6,4,10
1957,1,0,1
1957,5,11,16
1957,6,5,11
1957,5,4,9
1957,6,0,6
1957,5,4,9
1957,5,1,6
1957,1,0,1
1957,4,3,7
1957,3,2,5
1957,2,1,3
1957,5,2,7
1957,3,1,4
1957,8,0,8
1957,6,12,18
1957,3,1,4
1957,9,3,12
1957,6,3,9
1957,6,13,19
1957,6,1,7
1957,3,11,14
1957,4,0,4
1957,4,11,15
1957,6,2,8
1957,6,5,11
1957,8,3,11
1957,3,2,5
1957,4,1,5
1957,5,4,9
1957,4,13,17
1957,2,1,3
1957,3,2,5
1957,3,2,5
1957,6,0,6
1957,7,13,20
1957,7,1,8
1957,4,10,14
1957,6,3,9
1957,4,2,6
1957,4,2,6
1957,5,2,7
1957,4,1,5
1957,6,5,11
1957,6,2,8
1957,3,0,3
1957,3,2,5
1957,6,4,10
1957,7,2,9
1957,3,2,5
1957,10,1,11
1957,7,3,10
1957,3,0,3
1957,8,2,10
1957,5,2,7
1957,16,0,16
1957,3,17,20
1957,4,3,7
1957,9,4,13
1957,6,12,18
1957,5,4,9
1957,7,5,12
1957,3,1,4
1957,4,3,7
1957,5,2,7
1957,2,1,3
1957,4,3,7
1957,5,4,9
1957,6,19,25
1957,1,0,1
1957,3,2,5
1957,6,12,18
1957,6,5,11
1957,2,0,2
1957,2,1,3
1957,4,13,17
1957,6,1,7
1957,8,1,9
1957,10,0,10
1957,2,1,3
1957,9,5,14
1957,6,5,11
1957,3,1,4
1957,4,2,6
1957,4,3,7
1957,4,1,5
1957,7,5,12
1957,3,2,5
1957,4,14,18
1957,8,7,15
1957,8,3,11
1957,6,5,11
1957,7,1,8
1957,2,1,3
1957,7,5,12
1957,3,2,5
1957,6,0,6
1957,6,1,7
1957,5,0,5
1957,3,2,5
1957,3,11,14
1957,6,3,9
1957,8,7,15
1957,6,1,7
1957,7,1,8
1957,8,7,15
1957,4,10,14
1957,7,4,11
1957,23,10,33
1957,4,0,4
1957,5,10,15
1957,3,1,4
1957,8,0,8
1957,6,3,9
1957,8,2,10
1957,5,4,9
1957,5,11,16
1957,4,3,7
1957,2,0,2
1957,3,2,5
1957,8,0,8
1957,4,14,18
1957,3,2,5
1957,6,5,11
1957,1,0,1
1957,1,0,1
1957,7,2,9
1957,7,5,12
1957,3,12,15
1957,2,0,2
1957,5,4,9
1957,3,0,3
1957,4,1,5
1957,5,2,7
1957,3,1,4
1957,4,2,6
1957,10,1,11
1957,4,3,7
1957,4,3,7
1957,5,2,7
1957,5,4,9
1957,3,0,3
1957,3,2,5
1957,5,4,9
1957,4,3,7
1957,4,3,7
1957,8,2,10
1957,5,4,9
1957,7,2,9
1957,5,4,9
1957,6,3,9
1957,7,4,11
1957,4,1,5
1957,2,0,2
1957,3,2,5
1957,3,1,4
1957,5,3,8
1957,3,2,5
1957,7,4,11
1957,6,2,8
1957,4,3,7
1957,5,2,7
1957,7,4,11
1957,9,2,11
1957,4,1,5
1957,4,3,7
1957,4,3,7
1957,7,3,10
1957,6,2,8
1957,4,1,5
1957,9,1,10
1957,2,1,3
1957,5,0,5
1957,4,1,5
1957,6,14,20
1957,3,0,3
1957,2,12,14
1957,7,1,8
1957,2,1,3
1957,8,5,13
1957,3,16,19
1957,4,1,5
1957,2,1,3
1957,8,7,15
1957,5,1,6
1957,7,1,8
1957,7,3,10
1957,6,11,17
1957,3,1,4
1957,4,3,7
1957,13,10,23
1957,3,1,4
1957,7,3,10
1957,5,0,5
1957,7,1,8
1957,5,2,7
1957,6,1,7
1957,3,2,5
1957,5,4,9
1957,4,3,7
1957,7,1,8
1957,4,3,7
1957,6,2,8
1957,7,6,13
1957,6,11,17
1957,3,2,5
1957,5,3,8
1957,3,0,3
1957,9,6,15
1957,3,11,14
1957,3,1,4
1957,3,2,5
1957,5,1,6
1957,7,5,12
1957,9,8,17
1957,7,1,8
1957,9,5,14
1957,3,1,4
1957,7,1,8
1957,5,12,17
1957,7,3,10
1957,7,5,12
1957,2,1,3
1957,6,4,10
1957,2,1,3
1957,8,2,10
1957,4,3,7
1957,6,1,7
1957,8,3,11
1957,7,3,10
1957,1,0,1
1957,3,2,5
1957,9,3,12
1957,7,5,12
1957,3,2,5
1957,7,4,11
1957,8,1,9
1957,3,2,5
1957,6,2,8
1957,9,8,17
1957,7,6,13
1957,6,3,9
1957,8,3,11
1957,5,4,9
1957,9,5,14
1957,6,5,11
1957,7,3,10
1957,9,7,16
1957,7,5,12
1957,9,5,14
1957,4,3,7
1957,2,1,3
1957,5,1,6
1957,5,1,6
1957,5,4,9
1957,6,5,11
1957,4,2,6
1957,9,4,13
1957,2,0,2
1957,4,3,7
1957,9,11,20
1957,7,6,13
1957,6,1,7
1957,5,0,5
1957,2,1,3
1957,5,0,5
1957,7,5,12
1957,9,7,16
1957,4,1,5
1957,5,1,6
1957,4,2,6
1957,7,6,13
1957,3,2,5
1957,2,1,3
1957,2,10,12
1957,2,1,3
1957,9,7,16
1957,2,1,3
1957,3,2,5
1957,3,2,5
1957,7,3,10
1957,2,0,2
1957,4,1,5
1957,5,3,8
1957,6,0,6
1957,1,0,1
1957,8,4,12
1957,6,4,10
1957,9,1,10
1957,3,2,5
1957,5,3,8
1957,7,4,11
1957,4,3,7
1957,9,1,10
1957,2,1,3
1957,8,3,11
1957,7,3,10
1957,3,1,4
1957,4,2,6
1957,3,12,15
1957,7,5,12
1957,1,0,1
1957,3,2,5
1957,5,0,5
1958,5,2,7
1958,6,1,7
1958,3,0,3
1958,4,3,7
1958,5,4,9
1958,5,0,5
1958,4,3,7
1958,8,0,8
1958,4,0,4
1958,3,1,4
1958,5,4,9
1958,9,4,13
1958,13,1,14
1958,4,0,4
1958,3,1,4
1958,4,3,7
1958,3,2,5
1958,6,1,7
1958,7,4,11
1958,4,3,7
1958,6,11,17
1958,7,5,12
1958,7,11,18
1958,6,5,11
1958,3,1,4
1958,4,2,6
1958,4,1,5
1958,6,3,9
1958,9,1,10
1958,4,11,15
1958,4,3,7
1958,5,0,5
1958,9,6,15
1958,4,3,7
1958,9,4,13
1958,4,2,6
1958,8,2,10
1958,2,12,14
1958,7,0,7
1958,3,2,5
1958,4,3,7
1958,6,5,11
1958,2,1,3
1958,9,4,13
1958,4,1,5
1958,4,2,6
1958,8,2,10
1958,9,6,15
1958,4,2,6
1958,7,12,19
1958,5,2,7
1958,7,5,12
1958,4,2,6
1958,7,5,12
1958,2,0,2
1958,2,0,2
1958,8,2,10
1958,7,6,13
1958,8,1,9
1958,8,7,15
1958,5,4,9
1958,4,3,7
1958,6,2,8
1958,6,4,10
1958,7,2,9
1958,2,15,17
1958,7,4,11
1958,6,5,11
1958,2,1,3
1958,2,0,2
1958,6,5,11
1958,4,3,7
1958,2,12,14
1958,5,3,8
1958,4,0,4
1958,2,0,2
1958,2,0,2
1958,7,5,12
1958,7,1,8
1958,8,4,12
1958,4,1,5
1958,6,4,10
1958,4,2,6
1958,3,1,4
1958,7,5,12
1958,9,5,14
1958,3,10,13
1958,6,2,8
1958,5,4,9
1958,8,4,12
1958,5,2,7
1958,7,1,8
1958,5,1,6
1958,7,4,11
1958,3,2,5
1958,4,11,15
1958,8,2,10
1958,5,4,9
1958,3,1,4
1958,10,1,11
1958,10,1,11
1958,3,2,5
1958,4,3,7
1958,7,6,13
1958,3,2,5
1958,8,3,11
1958,7,0,7
1958,9,1,10
1958,6,1,7
1958,6,0,6
1958,8,7,15
1958,9,5,14
1958,8,1,9
1958,4,2,6
1958,7,3,10
1958,3,2,5
1958,3,2,5
1958,4,3,7
1958,3,1,4
1958,4,2,6
1958,4,3,7
1958,4,0,4
1958,2,1,3
1958,2,1,3
1958,5,4,9
1958,3,2,5
1958,8,7,15
1958,2,15,17
1958,6,2,8
1958,4,3,7
1958,7,2,9
1958,7,3,10
1958,2,2,4
1958,8,5,13
1958,8,3,11
1958,11,10,21
1958,7,5,12
1958,4,0,4
1958,7,6,13
1958,7,0,7
1958,8,12,20
1958,5,1,6
1958,9,3,12
1958,8,6,14
1958,9,2,11
1958,5,1,6
1958,4,11,15
1958,8,10,18
1958,4,1,5
1958,5,13,18
1958,5,0,5
1958,7,1,8
1958,5,3,8
1958,9,5,14
1958,1,0,1
1958,3,11,14
1958,3,2,5
1958,5,2,7
1958,5,4,9
1958,3,2,5
1958,5,3,8
1958,8,0,8
1958,4,14,18
1958,3,2,5
1958,3,1,4
1958,3,2,5
1958,4,0,4
1958,4,2,6
1958,5,2,7
1958,3,10,13
1958,7,6,13
1958,4,3,7
1958,4,0,4
1958,4,10,14
1958,1,0,1
1958,8,7,15
1958,6,5,11
1958,6,4,10
1958,2,1,3
1958,3,12,15
1958,5,4,9
1958,5,3,8
1958,11,1,12
1958,9,2,11
1958,9,16,25
1958,3,0,3
1958,5,2,7
1958,6,3,9
1958,9,6,15
1958,7,3,10
1958,9,8,17
1958,4,1,5
1958,1,0,1
1958,4,1,5
1958,5,4,9
1958,3,2,5
1958,7,5,12
1958,4,2,6
1958,8,5,13
1958,3,0,3
1958,9,4,13
1958,4,2,6
1958,6,5,11
1958,6,3,9
1958,5,3,8
1958,6,2,8
1958,2,0,2
1958,7,2,9
1958,7,4,11
1958,5,3,8
1958,9,4,13
1958,5,1,6
1958,3,2,5
1958,4,3,7
1958,4,3,7
1958,10,1,11
1958,6,5,11
1958,8,4,12
1958,7,3,10
1958,4,0,4
1958,7,11,18
1958,7,4,11
1958,6,10,16
1958,2,0,2
1958,6,4,10
1958,6,2,8
1958,6,5,11
1958,4,0,4
1958,5,2,7
1958,3,0,3
1958,4,3,7
1958,5,1,6
1958,4,2,6
1958,6,1,7
1958,6,4,10
1958,7,3,10
1958,6,3,9
1958,5,0,5
1958,3,12,15
1958,5,2,7
1958,5,4,9
1958,3,2,5
1958,8,1,9
1958,6,1,7
1958,2,1,3
1958,1,0,1
1958,5,1,6
1958,5,1,6
1958,3,1,4
1958,5,4,9
1958,8,5,13
1958,9,3,12
1958,7,4,11
1958,1,0,1
1958,4,1,5
1958,2,1,3
1958,8,1,9
1958,9,1,10
1958,5,3,8
1958,4,11,15
1958,3,2,5
1958,4,3,7
1958,5,4,9
1958,6,3,9
1958,3,2,5
1958,5,4,9
1958,6,3,9
1958,5,4,9
1958,6,1,7
1958,6,3,9
1958,4,3,7
1958,4,2,6
1958,7,3,10
1958,6,1,7
1958,6,3,9
1958,7,2,9
1958,6,3,9
1958,4,0,4
1958,1,0,1
1958,5,2,7
1958,5,2,7
1958,6,1,7
1958,5,4,9
1958,4,3,7
1958,2,1,3
1958,7,3,10
1958,4,3,7
1958,7,6,13
1958,3,2,5
1958,7,3,10
1958,3,2,5
1958,5,1,6
1958,5,3,8
1958,3,13,16
1958,6,4,10
1958,5,2,7
1958,4,2,6
1958,4,3,7
1958,7,4,11
1958,7,6,13
1958,7,1,8
1958,2,0,2
1958,2,0,2
1958,3,2,5
1958,8,10,18
1958,6,5,11
1958,4,2,6
1958,7,1,8
1958,7,6,13
1958,8,13,21
1958,7,2,9
1958,10,1,11
1958,7,4,11
1958,6,12,18
1958,7,6,13
1958,8,1,9
1958,4,3,7
1958,5,4,9
1958,9,4,13
1958,3,0,3
1958,5,4,9
1958,5,4,9
1958,8,3,11
1958,9,10,19
1958,5,2,7
1958,4,10,14
1958,1,0,1
1958,6,2,8
1958,2,1,3
1958,12,11,23
1958,5,1,6
1958,7,2,9
1958,2,1,3
1958,8,2,10
1958,3,0,3
1958,2,0,2
1958,7,3,10
1958,4,12,16
1958,8,3,11
1958,13,0,13
1958,7,6,13
1958,8,4,12
1958,5,4,9
1958,9,10,19
1958,6,4,10
1958,7,5,12
1958,5,11,16
1958,3,0,3
1958,7,2,9
1958,9,10,19
1958,6,3,9
1958,5,4,9
1958,6,3,9
1958,5,3,8
1958,7,6,13
1958,8,4,12
1958,5,12,17
1958,3,2,5
1958,5,4,9
1958,4,3,7
1958,2,0,2
1958,2,1,3
1958,3,1,4
1958,3,2,5
1958,6,1,7
1958,4,3,7
1958,6,5,11
1958,5,4,9
1958,3,1,4
1958,2,11,13
1958,5,2,7
1958,7,6,13
1958,8,6,14
1958,5,2,7
1958,6,3,9
1958,7,3,10
1958,6,15,21
1958,4,3,7
1958,4,0,4
1958,2,1,3
1958,6,5,11
1958,4,1,5
1958,4,0,4
1958,4,12,16
1958,14,1,15
1958,5,4,9
1958,6,3,9
1958,6,5,11
1958,6,4,10
1958,4,3,7
1958,5,2,7
1958,9,4,13
1958,3,0,3
1958,2,10,12
1958,9,6,15
1958,3,2,5
1958,5,4,9
1958,5,4,9
1958,5,2,7
1958,7,4,11
1958,7,0,7
1958,9,3,12
1958,7,10,17
1958,7,4,11
1958,2,10,12
1958,2,1,3
1958,6,14,20
1958,3,2,5
1958,5,2,7
1958,7,5,12
1958,4,2,6
1958,5,4,9
1958,4,3,7
1958,4,1,5
1958,3,2,5
1958,2,1,3
1958,5,0,5
1958,6,5,11
1958,5,5,10
1958,9,3,12
1958,5,4,9
1958,4,2,6
1958,6,1,7
1958,2,0,2
1958,10,1,11
1958,9,1,10
1958,7,1,8
1958,4,3,7
1958,4,2,6
1958,5,4,9
1958,3,2,5
1958,2,1,3
1958,2,10,12
1958,3,0,3
1958,4,0,4
1958,6,17,23
1958,9,4,13
1958,7,0,7
1958,4,2,6
1958,12,1,13
1958,2,0,2
1958,3,0,3
1958,3,1,4
1958,4,2,6
1958,5,3,8
1958,4,2,6
1958,6,5,11
1958,4,0,4
1958,4,10,14
1958,4,0,4
1958,9,2,11
1958,4,1,5
1958,6,3,9
1958,9,6,15
1958,6,1,7
1958,9,13,22
1958,6,1,7
1958,3,2,5
1958,5,3,8
1958,3,0,3
1958,2,1,3
1958,4,0,4
1958,9,3,12
1958,4,3,7
1958,4,2,6
1958,5,4,9
1958,9,3,12
1958,6,5,11
1958,5,3,8
1958,3,11,14
1958,7,1,8
1958,5,3,8
1958,7,3,10
1958,5,4,9
1958,2,1,3
1958,1,0,1
1958,9,3,12
1958,7,11,18
1958,1,0,1
1958,8,5,13
1958,2,1,3
1958,7,11,18
1958,2,0,2
1958,6,2,8
1958,8,6,14
1958,4,3,7
1958,1,0,1
1958,15,0,15
1958,2,1,3
1958,2,1,3
1958,5,4,9
1958,3,2,5
1958,4,1,5
1958,3,2,5
1958,2,0,2
1958,6,1,7
1958,3,1,4
1958,7,2,9
1958,7,0,7
1958,7,5,12
1958,6,2,8
1958,13,10,23
1958,7,2,9
1958,4,3,7
1958,5,0,5
1958,2,2,4
1958,2,1,3
1958,3,0,3
1958,2,1,3
1958,4,3,7
1958,2,10,12
1958,5,4,9
1958,3,1,4
1958,4,3,7
1958,5,1,6
1958,2,1,3
1958,2,0,2
1958,8,6,14
1958,4,1,5
1958,6,2,8
1958,3,0,3
1958,6,5,11
1958,6,5,11
1958,7,4,11
1958,3,10,13
1958,3,1,4
1958,5,4,9
1958,3,1,4
1958,8,4,12
1958,8,2,10
1958,6,5,11
1958,6,5,11
1958,8,0,8
1958,7,3,10
1958,8,1,9
1958,7,3,10
1958,12,0,12
1958,12,11,23
1958,2,0,2
1958,6,11,17
1958,5,2,7
1958,7,10,17
1958,6,12,18
1958,6,10,16
1958,5,4,9
1958,4,3,7
1958,4,3,7
1958,8,3,11
1958,5,3,8
1958,7,6,13
1958,9,2,11
1958,4,2,6
1958,7,5,12
1958,2,1,3
1958,5,10,15
1958,5,4,9
1958,9,5,14
1958,5,1,6
1958,1,0,1
1958,4,2,6
1958,9,3,12
1958,4,1,5
1958,5,3,8
1958,5,2,7
1958,5,0,5
1958,1,0,1
1958,7,5,12
1958,7,2,9
1958,2,0,2
1958,4,2,6
1958,3,2,5
1958,3,1,4
1958,4,3,7
1958,3,11,14
1958,5,1,6
1958,5,3,8
1958,6,5,11
1958,4,3,7
1958,4,3,7
1958,8,3,11
1958,6,1,7
1958,3,1,4
1958,5,1,6
1958,4,0,4
1958,6,5,11
1958,6,1,7
1958,2,1,3
1958,2,13,15
1958,8,1,9
1958,8,5,13
1958,8,2,10
1958,7,1,8
1958,4,2,6
1958,3,3,6
1958,5,4,9
1958,3,1,4
1958,2,1,3
1958,7,1,8
1958,4,11,15
1958,8,5,13
1958,6,2,8
1958,2,0,2
1958,4,10,14
1958,5,4,9
1958,4,3,7
1958,3,10,13
1958,2,12,14
1958,6,3,9
1958,3,2,5
1958,2,11,13
1958,8,7,15
1958,8,4,12
1958,7,4,11
1958,4,3,7
1958,4,0,4
1958,3,13,16
1958,5,3,8
1958,6,1,7
1958,7,2,9
1958,7,4,11
1958,3,11,14
1958,7,4,11
1958,6,2,8
1958,6,5,11
1958,7,4,11
1958,5,13,18
1958,2,12,14
1958,4,3,7
1958,10,0,10
1958,5,3,8
1958,2,0,2
1958,3,1,4
1958,6,5,11
1958,5,3,8
1958,9,4,13
1958,3,2,5
1958,2,1,3
1958,3,0,3
1958,3,2,5
1958,7,4,11
1958,5,4,9
1958,6,5,11
1958,8,10,18
1958,8,6,14
1958,2,0,2
1958,4,2,6
1958,2,1,3
1958,4,3,7
1958,11,10,21
1958,8,5,13
1958,5,0,5
1958,3,12,15
1958,4,0,4
1958,4,3,7
1958,5,2,7
1958,6,2,8
1958,5,12,17
1958,1,0,1
1958,4,1,5
1958,5,4,9
1958,6,1,7
1958,6,5,11
1958,5,2,7
1958,5,4,9
1958,7,5,12
1958,7,4,11
1958,3,2,5
1958,9,2,11
1958,6,5,11
1958,7,6,13
1958,3,0,3
1958,6,2,8
1958,3,2,5
1958,5,3,8
1958,4,2,6
1958,8,7,15
1958,8,7,15
1958,8,3,11
1958,5,1,6
1958,9,11,20
1958,5,3,8
1958,8,3,11
1958,2,1,3
1958,8,6,14
1958,2,1,3
1958,5,4,9
1958,9,2,11
1958,3,2,5
1958,7,6,13
1958,3,2,5
1958,1,0,1
1958,6,2,8
1958,6,4,10
1958,5,4,9
1958,7,6,13
1958,3,2,5
1958,3,0,3
1958,5,2,7
1958,4,2,6
1958,3,1,4
1958,6,0,6
1958,3,1,4
1958,8,0,8
1958,7,3,10
1958,4,2,6
1958,5,4,9
1958,9,4,13
1958,5,4,9
1958,4,2,6
1958,4,2,6
1958,5,3,8
1958,3,13,16
1958,4,3,7
1958,2,1,3
1958,6,4,10
1958,6,5,11
1958,5,3,8
1958,4,16,20
1958,3,1,4
1958,6,0,6
1958,2,0,2
1958,3,11,14
1958,6,3,9
1958,7,3,10
1958,4,3,7
1958,6,1,7
1958,7,10,17
1958,4,0,4
1958,5,3,8
1958,4,0,4
1958,6,0,6
1958,4,3,7
1958,8,3,11
1958,5,4,9
1958,4,1,5
1958,7,3,10
1958,10,0,10
1958,5,4,9
1958,3,2,5
1958,6,11,17
1958,8,3,11
1958,9,1,10
1958,4,3,7
1958,7,4,11
1958,4,10,14
1958,1,0,1
1958,2,1,3
1958,7,3,10
1958,7,2,9
1958,7,2,9
1958,4,3,7
1958,6,1,7
1958,6,11,17
1958,4,1,5
1958,7,4,11
1958,6,2,8
1958,2,1,3
1958,4,3,7
1958,4,3,7
1958,10,1,11
1958,6,5,11
1958,5,4,9
1958,7,14,21
1958,3,2,5
1958,2,1,3
1958,2,1,3
1958,4,3,7
1958,9,4,13
1958,8,11,19
1958,7,3,10
1958,4,2,6
1958,3,2,5
1958,6,4,10
1958,9,11,20
1958,5,1,6
1958,6,3,9
1958,2,1,3
1958,2,0,2
1958,4,3,7
1958,5,1,6
1958,7,1,8
1958,9,10,19
1958,3,2,5
1958,8,3,11
1958,4,1,5
1958,4,3,7
1958,5,4,9
1958,7,0,7
1958,6,2,8
1958,7,1,8
1958,3,1,4
1958,3,1,4
1958,4,10,14
1958,4,2,6
1958,3,1,4
1958,2,0,2
1958,6,1,7
1958,3,2,5
1958,4,1,5
1958,8,7,15
1958,6,3,9
1958,10,0,10
1958,6,5,11
1958,1,0,1
1958,3,1,4
1958,4,0,4
1958,8,6,14
1958,3,1,4
1958,3,2,5
1958,4,2,6
1958,3,2,5
1958,4,1,5
1958,12,0,12
1958,4,3,7
1958,4,3,7
1958,6,0,6
1958,8,2,10
1958,12,10,22
1958,2,0,2
1958,2,1,3
1958,9,4,13
1958,6,4,10
1958,4,3,7
1958,3,2,5
1958,4,1,5
1958,7,1,8
1958,9,10,19
1958,6,5,11
1958,6,1,7
1958,5,4,9
1958,6,1,7
1958,3,13,16
1958,3,1,4
1958,8,2,10
1958,5,2,7
1958,8,5,13
1958,4,2,6
1958,2,1,3
1958,8,7,15
1958,8,4,12
1958,3,1,4
1958,3,2,5
1958,3,2,5
1958,12,1,13
1958,6,3,9
1958,4,10,14
1958,6,2,8
1958,6,3,9
1958,2,0,2
1958,7,6,13
1958,1,0,1
1958,4,2,6
1958,3,2,5
1958,3,1,4
1958,9,3,12
1958,6,3,9
1958,9,6,15
1958,5,4,9
1958,5,2,7
1958,5,12,17
1958,9,4,13
1958,6,2,8
1958,2,11,13
1958,4,2,6
1958,5,2,7
1958,4,3,7
1958,8,12,20
1958,7,5,12
1958,9,3,12
1958,8,7,15
1958,3,14,17
1958,3,2,5
1958,4,3,7
1958,6,2,8
1958,6,1,7
1958,3,1,4
1958,3,2,5
1958,3,2,5
1958,9,3,12
1958,5,4,9
1958,6,4,10
1958,6,3,9
1958,4,1,5
1958,7,6,13
1958,9,3,12
1958,7,2,9
1958,4,12,16
1958,10,0,10
1958,7,3,10
1958,2,1,3
1958,2,1,3
1958,6,5,11
1958,9,2,11
1958,4,2,6
1958,6,2,8
1958,3,2,5
1958,6,5,11
1958,9,4,13
1958,9,10,19
1958,2,11,13
1958,8,2,10
1958,5,2,7
1958,3,0,3
1958,9,10,19
1958,7,3,10
1958,4,3,7
1958,3,1,4
1958,6,2,8
1958,4,3,7
1958,6,1,7
1958,5,12,17
1958,4,3,7
1958,5,3,8
1958,1,0,1
1958,3,1,4
1958,9,0,9
1958,7,4,11
1958,7,6,13
1958,4,13,17
1958,8,7,15
1958,2,1,3
1958,7,4,11
1958,2,1,3
1958,6,5,11
1958,3,2,5
1958,4,3,7
1958,7,5,12
1958,4,1,5
1958,7,12,19
1958,9,3,12
1958,5,1,6
1958,4,1,5
1958,8,6,14
1958,8,2,10
1958,4,1,5
1958,6,4,10
1958,7,1,8
1958,4,3,7
1958,4,1,5
1958,7,2,9
1958,8,6,14
1958,4,3,7
1958,5,4,9
1958,3,1,4
1958,4,3,7
1958,8,10,18
1958,4,2,6
1958,5,1,6
1958,2,1,3
1958,7,1,8
1958,4,3,7
1958,2,12,14
1958,7,1,8
1958,7,6,13
1958,8,6,14
1958,5,3,8
1958,4,0,4
1958,6,3,9
1958,8,1,9
1958,2,1,3
1958,7,4,11
1958,2,1,3
1958,4,3,7
1958,8,2,10
1958,8,5,13
1958,7,3,10
1958,9,1,10
1958,1,0,1
1958,5,1,6
1958,8,1,9
1958,6,1,7
1958,10,1,11
1958,7,1,8
1958,5,2,7
1958,4,2,6
1958,3,1,4
1958,5,2,7
1958,3,14,17
1958,3,2,5
1958,8,13,21
1958,5,3,8
1958,6,5,11
1958,8,3,11
1958,3,2,5
1958,8,5,13
1958,8,4,12
1958,8,12,20
1958,9,1,10
1958,6,5,11
1958,4,2,6
1958,6,1,7
1958,7,1,8
1958,5,4,9
1958,1,0,1
1958,3,10,13
1958,6,4,10
1958,6,2,8
1958,7,3,10
1958,5,3,8
1958,5,2,7
1958,8,5,13
1958,3,2,5
1958,7,2,9
1958,5,2,7
1958,8,7,15
1958,7,11,18
1958,3,2,5
1958,14,1,15
1958,2,1,3
1958,3,0,3
1958,5,2,7
1958,3,0,3
1958,5,3,8
1958,8,7,15
1958,3,2,5
1958,4,1,5
1958,7,5,12
1958,3,0,3
1958,7,2,9
1958,6,3,9
1958,3,12,15
1958,8,6,14
1958,9,1,10
1958,3,2,5
1958,3,1,4
1958,3,1,4
1958,3,1,4
1958,3,2,5
1958,3,0,3
1958,6,2,8
1958,7,3,10
1958,3,2,5
1958,2,0,2
1958,2,14,16
1958,8,5,13
1958,7,6,13
1958,6,5,11
1958,7,1,8
1958,7,4,11
1958,5,1,6
1958,2,1,3
1958,9,3,12
1958,4,2,6
1958,4,2,6
1958,5,2,7
1958,9,0,9
1958,8,6,14
1958,6,5,11
1958,1,0,1
1958,9,3,12
1958,2,0,2
1958,10,1,11
1958,6,1,7
1958,4,0,4
1958,6,1,7
1958,3,2,5
1958,4,2,6
1958,4,3,7
1958,9,7,16
1958,7,4,11
1958,6,2,8
1958,1,0,1
1958,5,3,8
1958,8,5,13
1958,5,11,16
1958,4,3,7
1958,5,2,7
1958,4,2,6
1958,2,1,3
1958,4,11,15
1958,3,13,16
1958,9,5,14
1958,2,10,12
1958,4,3,7
1958,4,1,5
1958,6,3,9
1958,8,4,12
1958,1,0,1
1958,2,1,3
1958,4,2,6
1958,6,3,9
1958,7,1,8
1958,6,2,8
1958,8,3,11
1958,2,10,12
1958,7,6,13
1958,3,2,5
1958,6,5,11
1958,6,4,10
1958,4,1,5
1958,4,3,7
1958,3,2,5
1958,1,0,1
1958,7,0,7
1958,6,4,10
1958,9,2,11
1958,3,1,4
1958,4,1,5
1958,7,5,12
1958,4,1,5
1958,4,1,5
1958,9,2,11
1958,7,1,8
1958,8,6,14
1958,3,2,5
1958,4,3,7
1958,2,1,3
1958,8,7,15
1958,7,2,9
1958,8,3,11
1958,5,4,9
1958,4,2,6
1958,3,0,3
1958,8,6,14
1958,6,4,10
1958,3,1,4
1958,4,1,5
1958,7,6,13
1958,7,1,8
1958,4,3,7
1958,5,0,5
1958,7,5,12
1958,5,4,9
1958,3,1,4
1958,4,3,7
1958,6,0,6
1958,5,2,7
1958,2,19,21
1958,7,3,10
1958,5,4,9
1958,9,2,11
1958,4,1,5
1958,2,13,15
1958,8,5,13
1958,8,2,10
1958,6,5,11
1958,9,4,13
1958,7,1,8
1958,6,5,11
1958,4,3,7
1958,6,4,10
1958,7,4,11
1958,4,2,6
1958,6,1,7
1958,9,3,12
1958,5,3,8
1958,7,12,19
1958,5,3,8
1958,6,3,9
1958,5,4,9
1958,6,2,8
1958,8,3,11
1958,6,2,8
1958,4,3,7
1958,5,3,8
1958,7,5,12
1958,5,1,6
1958,4,2,6
1958,4,1,5
1958,8,10,18
1958,3,1,4
1958,5,2,7
1958,6,3,9
1958,4,2,6
1958,6,2,8
1958,5,3,8
1958,6,2,8
1958,4,1,5
1958,9,3,12
1958,5,4,9
1958,2,0,2
1958,5,1,6
1958,7,1,8
1958,2,1,3
1958,7,6,13
1958,4,2,6
1958,8,1,9
1958,1,0,1
1958,2,0,2
1958,3,2,5
1958,5,1,6
1958,2,1,3
1958,4,1,5
1958,3,2,5
1958,4,3,7
1958,5,1,6
1958,3,2,5
1958,2,0,2
1958,2,1,3
1958,6,5,11
1958,3,1,4
1958,2,1,3
1958,7,4,11
1958,2,0,2
1958,3,2,5
1958,1,0,1
1958,3,2,5
1958,9,8,17
1958,3,1,4
1958,7,5,12
1958,5,1,6
1958,6,5,11
1958,3,2,5
1958,2,0,2
1958,7,5,12
1958,4,3,7
1958,7,4,11
1958,4,3,7
1958,3,10,13
1958,7,1,8
1958,1,0,1
1958,5,4,9
1958,6,3,9
1958,2,1,3
1958,2,1,3
1958,3,2,5
1958,3,2,5
1958,4,3,7
1958,6,4,10
1958,3,1,4
1958,2,1,3
1958,5,1,6
1958,7,4,11
1958,6,1,7
1958,7,3,10
1958,7,11,18
1958,9,5,14
1958,4,11,15
1958,6,2,8
1958,4,0,4
1958,7,0,7
1958,6,3,9
1958,6,4,10
1958,7,2,9
1958,6,4,10
1958,4,3,7
1958,5,13,18
1958,4,0,4
1958,3,0,3
1958,7,0,7
1958,4,3,7
1958,6,2,8
1959,4,1,5
1959,9,2,11
1959,9,7,16
1959,6,4,10
1959,2,1,3
1959,8,0,8
1959,6,5,11
1959,6,1,7
1959,5,3,8
1959,3,2,5
1959,4,3,7
1959,5,2,7
1959,5,3,8
1959,5,3,8
1959,3,2,5
1959,6,3,9
1959,3,13,16
1959,7,3,10
1959,2,0,2
1959,3,2,5
1959,8,1,9
1959,6,2,8
1959,4,3,7
1959,5,2,7
1959,3,1,4
1959,7,3,10
1959,8,10,18
1959,5,10,15
1959,2,1,3
1959,5,0,5
1959,7,1,8
1959,7,4,11
1959,7,5,12
1959,6,0,6
1959,7,6,13
1959,7,3,10
1959,3,11,14
1959,4,3,7
1959,4,0,4
1959,6,5,11
1959,5,1,6
1959,4,3,7
1959,9,4,13
1959,2,2,4
1959,4,1,5
1959,6,1,7
1959,7,16,23
1959,5,2,7
1959,9,14,23
1959,4,13,17
1959,8,7,15
1959,5,11,16
1959,8,1,9
1959,7,5,12
1959,4,2,6
1959,5,4,9
1959,5,12,17
1959,4,3,7
1959,8,3,11
1959,3,1,4
1959,2,1,3
1959,5,2,7
1959,1,0,1
1959,14,1,15
1959,8,3,11
1959,9,7,16
1959,7,4,11
1959,4,11,15
1959,8,4,12
1959,8,2,10
1959,10,1,11
1959,6,20,26
1959,6,3,9
1959,2,0,2
1959,9,8,17
1959,1,0,1
1959,8,7,15
1959,6,1,7
1959,4,10,14
1959,4,3,7
1959,5,2,7
1959,3,2,5
1959,4,3,7
1959,7,10,17
1959,6,4,10
1959,10,1,11
1959,8,5,13
1959,3,2,5
1959,7,2,9
1959,5,3,8
1959,7,6,13
1959,8,6,14
1959,8,7,15
1959,2,1,3
1959,4,2,6
1959,6,5,11
1959,8,4,12
1959,3,2,5
1959,11,10,21
1959,6,5,11
1959,5,2,7
1959,4,3,7
1959,5,4,9
1959,3,2,5
1959,9,2,11
1959,5,10,15
1959,17,11,28
1959,2,1,3
1959,9,3,12
1959,8,3,11
1959,5,2,7
1959,8,18,26
1959,7,1,8
1959,7,6,13
1959,9,3,12
1959,5,4,9
1959,3,2,5
1959,4,3,7
1959,3,2,5
1959,9,1,10
1959,4,3,7
1959,1,0,1
1959,6,4,10
1959,1,0,1
1959,5,3,8
1959,4,2,6
1959,4,3,7
1959,6,3,9
1959,6,4,10
1959,4,2,6
1959,7,6,13
1959,5,4,9
1959,4,16,20
1959,5,2,7
1959,3,15,18
1959,3,1,4
1959,8,5,13
1959,4,3,7
1959,2,1,3
1959,4,2,6
1959,6,3,9
1959,7,1,8
1959,5,0,5
1959,3,1,4
1959,4,2,6
1959,8,2,10
1959,7,3,10
1959,9,4,13
1959,4,3,7
1959,5,4,9
1959,4,3,7
1959,3,1,4
1959,6,5,11
1959,8,4,12
1959,5,3,8
1959,2,1,3
1959,8,3,11
1959,5,2,7
1959,9,1,10
1959,8,3,11
1959,3,2,5
1959,3,2,5
1959,8,7,15
1959,6,3,9
1959,6,4,10
1959,6,5,11
1959,6,17,23
1959,7,4,11
1959,5,4,9
1959,8,7,15
1959,3,0,3
1959,3,1,4
1959,5,4,9
1959,2,1,3
1959,4,3,7
1959,10,1,11
1959,5,0,5
1959,3,1,4
1959,5,4,9
1959,3,2,5
1959,8,1,9
1959,9,3,12
1959,3,2,5
1959,4,3,7
1959,9,5,14
1959,7,4,11
1959,3,0,3
1959,7,0,7
1959,9,1,10
1959,6,5,11
1959,11,1,12
1959,3,2,5
1959,5,1,6
1959,5,4,9
1959,5,0,5
1959,7,6,13
1959,4,12,16
1959,2,1,3
1959,6,3,9
1959,3,2,5
1959,6,3,9
1959,7,6,13
1959,3,2,5
1959,9,10,19
1959,8,7,15
1959,8,1,9
1959,11,10,21
1959,4,14,18
1959,7,3,10
1959,4,3,7
1959,7,3,10
1959,3,1,4
1959,7,6,13
1959,6,5,11
1959,7,4,11
1959,7,4,11
1959,4,0,4
1959,10,0,10
1959,6,4,10
1959,6,0,6
1959,3,2,5
1959,2,1,3
1959,6,14,20
1959,2,0,2
1959,7,6,13
1959,8,0,8
1959,8,7,15
1959,4,2,6
1959,2,1,3
1959,4,3,7
1959,6,0,6
1959,5,2,7
1959,8,2,10
1959,4,2,6
1959,6,1,7
1959,6,12,18
1959,3,2,5
1959,6,0,6
1959,4,3,7
1959,9,2,11
1959,8,2,10
1959,7,2,9
1959,8,7,15
1959,8,3,11
1959,10,1,11
1959,5,4,9
1959,7,6,13
1959,8,3,11
1959,3,2,5
1959,10,0,10
1959,9,1,10
1959,4,2,6
1959,7,10,17
1959,3,0,3
1959,2,14,16
1959,9,7,16
1959,4,2,6
1959,9,2,11
1959,2,1,3
1959,8,7,15
1959,6,4,10
1959,6,3,9
1959,8,1,9
1959,8,2,10
1959,5,2,7
1959,5,2,7
1959,8,2,10
1959,7,5,12
1959,8,4,12
1959,7,5,12
1959,6,13,19
1959,6,3,9
1959,11,1,12
1959,5,3,8
1959,5,0,5
1959,3,0,3
1959,7,2,9
1959,5,0,5
1959,4,3,7
1959,3,1,4
1959,1,0,1
1959,2,1,3
1959,2,1,3
1959,5,10,15
1959,4,3,7
1959,5,13,18
1959,4,10,14
1959,5,1,6
1959,6,4,10
1959,16,0,16
1959,4,2,6
1959,4,2,6
1959,6,5,11
1959,9,0,9
1959,2,1,3
1959,8,3,11
1959,7,3,10
1959,3,2,5
1959,6,3,9
1959,8,6,14
1959,6,1,7
1959,6,0,6
1959,8,3,11
1959,2,1,3
1959,5,4,9
1959,4,3,7
1959,7,3,10
1959,8,0,8
1959,9,4,13
1959,6,5,11
1959,3,0,3
1959,2,1,3
1959,9,5,14
1959,1,0,1
1959,2,12,14
1959,6,4,10
1959,6,0,6
1959,5,1,6
1959,4,10,14
1959,4,1,5
1959,4,3,7
1959,3,2,5
1959,9,4,13
1959,4,3,7
1959,7,2,9
1959,7,5,12
1959,3,0,3
1959,5,0,5
1959,5,4,9
1959,3,1,4
1959,4,1,5
1959,8,5,13
1959,9,4,13
1959,6,5,11
1959,5,2,7
1959,4,2,6
1959,7,6,13
1959,5,4,9
1959,8,3,11
1959,4,2,6
1959,4,3,7
1959,3,1,4
1959,3,2,5
1959,3,1,4
1959,7,6,13
1959,4,2,6
1959,5,2,7
1959,2,11,13
1959,11,0,11
1959,2,1,3
1959,9,1,10
1959,6,2,8
1959,14,11,25
1959,7,4,11
1959,5,3,8
1959,6,0,6
1959,2,1,3
1959,6,3,9
1959,3,0,3
1959,3,1,4
1959,3,1,4
1959,2,11,13
1959,3,2,5
1959,5,4,9
1959,3,2,5
1959,2,0,2
1959,5,3,8
1959,3,0,3
1959,3,0,3
1959,6,1,7
1959,5,1,6
1959,4,0,4
1959,6,5,11
1959,5,3,8
1959,7,4,11
1959,4,3,7
1959,5,3,8
1959,6,5,11
1959,5,3,8
1959,3,14,17
1959,5,2,7
1959,5,11,16
1959,3,2,5
1959,9,3,12
1959,5,2,7
1959,7,2,9
1959,2,11,13
1959,7,6,13
1959,6,1,7
1959,5,1,6
1959,5,10,15
1959,4,2,6
1959,3,13,16
1959,2,1,3
1959,4,1,5
1959,5,1,6
1959,3,2,5
1959,4,3,7
1959,8,2,10
1959,9,4,13
1959,4,2,6
1959,5,3,8
1959,7,1,8
1959,7,5,12
1959,4,3,7
1959,6,4,10
1959,3,0,3
1959,8,2,10
1959,9,11,20
1959,2,0,2
1959,4,2,6
1959,1,0,1
1959,6,3,9
1959,9,5,14
1959,9,12,21
1959,7,3,10
1959,5,2,7
1959,8,4,12
1959,9,8,17
1959,3,2,5
1959,6,2,8
1959,3,12,15
1959,7,4,11
1959,8,11,19
1959,9,10,19
1959,6,4,10
1959,6,4,10
1959,2,1,3
1959,7,11,18
1959,5,2,7
1959,4,1,5
1959,2,1,3
1959,8,1,9
1959,8,0,8
1959,9,5,14
1959,11,0,11
1959,9,12,21
1959,8,0,8
1959,3,1,4
1959,3,2,5
1959,9,7,16
1959,3,1,4
1959,3,0,3
1959,9,6,15
1959,2,1,3
1959,6,4,10
1959,6,1,7
1959,4,2,6
1959,6,4,10
1959,2,1,3
1959,5,3,8
1959,7,0,7
1959,8,7,15
1959,9,6,15
1959,3,2,5
1959,6,1,7
1959,6,0,6
1959,3,2,5
1959,8,2,10
1959,7,5,12
1959,6,3,9
1959,6,3,9
1959,5,2,7
1959,5,4,9
1959,3,2,5
1959,9,5,14
1959,6,12,18
1959,6,4,10
1959,5,1,6
1959,4,0,4
1959,8,5,13
1959,4,1,5
1959,5,2,7
1959,5,4,9
1959,5,1,6
1959,2,1,3
1959,8,1,9
1959,5,2,7
1959,4,0,4
1959,5,2,7
1959,2,10,12
1959,4,0,4
1959,7,3,10
1959,7,5,12
1959,4,10,14
1959,7,2,9
1959,7,6,13
1959,7,6,13
1959,4,2,6
1959,7,6,13
1959,5,4,9
1959,8,3,11
1959,7,5,12
1959,8,2,10
1959,2,0,2
1959,8,7,15
1959,6,2,8
1959,3,2,5
1959,4,3,7
1959,6,0,6
1959,6,4,10
1959,6,2,8
1959,8,2,10
1959,9,0,9
1959,6,3,9
1959,9,2,11
1959,2,10,12
1959,4,1,5
1959,5,2,7
1959,7,4,11
1959,7,0,7
1959,3,2,5
1959,4,0,4
1959,3,17,20
1959,4,2,6
1959,5,4,9
1959,3,13,16
1959,5,1,6
1959,8,10,18
1959,4,3,7
1959,7,5,12
1959,6,11,17
1959,6,2,8
1959,4,1,5
1959,4,1,5
1959,3,1,4
1959,5,1,6
1959,4,10,14
1959,2,10,12
1959,4,3,7
1959,9,5,14
1959,5,1,6
1959,4,2,6
1959,5,0,5
1959,7,4,11
1959,4,2,6
1959,4,3,7
1959,9,6,15
1959,4,0,4
1959,4,3,7
1959,4,1,5
1959,6,2,8
1959,3,2,5
1959,5,10,15
1959,5,4,9
1959,5,2,7
1959,3,2,5
1959,3,1,4
1959,8,4,12
1959,7,6,13
1959,5,11,16
1959,7,12,19
1959,4,1,5
1959,8,4,12
1959,6,5,11
1959,11,1,12
1959,8,0,8
1959,5,4,9
1959,5,0,5
1959,6,4,10
1959,2,12,14
1959,5,4,9
1959,3,0,3
1959,7,1,8
1959,7,4,11
1959,9,2,11
1959,4,2,6
1959,9,7,16
1959,8,11,19
1959,5,4,9
1959,1,0,1
1959,7,2,9
1959,7,3,10
1959,9,4,13
1959,2,1,3
1959,6,0,6
1959,3,10,13
1959,6,4,10
1959,4,1,5
1959,4,1,5
1959,8,5,13
1959,3,1,4
1959,4,0,4
1959,2,0,2
1959,4,3,7
1959,6,1,7
1959,4,0,4
1959,6,5,11
1959,6,5,11
1959,5,4,9
1959,1,0,1
1959,4,1,5
1959,3,1,4
1959,4,10,14
1959,9,7,16
1959,6,4,10
1959,7,6,13
1959,8,4,12
1959,4,3,7
1959,4,0,4
1959,6,3,9
1959,6,1,7
1959,4,0,4
1959,6,5,11
1959,8,4,12
1959,4,3,7
1959,6,1,7
1959,6,0,6
1959,3,2,5
1959,5,11,16
1959,2,1,3
1959,5,2,7
1959,6,1,7
1959,9,12,21
1959,7,4,11
1959,8,3,11
1959,6,10,16
1959,7,0,7
1959,2,1,3
1959,4,3,7
1959,3,10,13
1959,9,0,9
1959,6,3,9
1959,4,3,7
1959,5,3,8
1959,5,4,9
1959,4,3,7
1959,7,0,7
1959,5,0,5
1959,7,5,12
1959,3,2,5
1959,4,2,6
1959,4,2,6
1959,5,11,16
1959,3,14,17
1959,4,3,7
1959,3,2,5
1959,5,0,5
1959,4,0,4
1959,4,3,7
1959,11,0,11
1959,6,2,8
1959,4,3,7
1959,8,0,8
1959,5,0,5
1959,8,5,13
1959,8,4,12
1959,8,6,14
1959,5,2,7
1959,9,7,16
1959,7,6,13
1959,7,6,13
1959,8,4,12
1959,8,3,11
1959,5,3,8
1959,8,7,15
1959,7,5,12
1959,4,3,7
1959,5,1,6
1959,9,3,12
1959,7,3,10
1959,5,3,8
1959,9,7,16
1959,4,3,7
1959,6,2,8
1959,8,4,12
1959,4,2,6
1959,7,6,13
1959,4,1,5
1959,6,5,11
1959,8,6,14
1959,5,1,6
1959,3,13,16
1959,5,13,18
1959,3,0,3
1959,1,0,1
1959,3,1,4
1959,7,3,10
1959,5,10,15
1959,1,0,1
1959,9,1,10
1959,6,5,11
1959,4,2,6
1959,5,2,7
1959,3,0,3
1959,5,11,16
1959,3,0,3
1959,4,3,7
1959,4,3,7
1959,5,4,9
1959,4,2,6
1959,7,5,12
1959,4,0,4
1959,6,4,10
1959,1,0,1
1959,7,5,12
1959,5,2,7
1959,3,2,5
1959,8,7,15
1959,1,0,1
1959,2,0,2
1959,3,2,5
1959,4,1,5
1959,4,3,7
1959,7,4,11
1959,5,2,7
1959,2,0,2
1959,7,5,12
1959,5,1,6
1959,2,1,3
1959,5,2,7
1959,4,3,7
1959,6,5,11
1959,3,10,13
1959,2,1,3
1959,6,5,11
1959,5,3,8
1959,6,2,8
1959,6,4,10
1959,8,4,12
1959,3,2,5
1959,3,2,5
1959,9,5,14
1959,7,0,7
1959,6,5,11
1959,3,2,5
1959,2,0,2
1959,2,1,3
1959,5,1,6
1959,8,1,9
1959,8,1,9
1959,2,12,14
1959,4,2,6
1959,1,0,1
1959,8,2,10
1959,5,4,9
1959,8,5,13
1959,6,2,8
1959,6,3,9
1959,7,2,9
1959,5,4,9
1959,4,11,15
1959,6,1,7
1959,8,5,13
1959,2,11,13
1959,9,3,12
1959,5,3,8
1959,6,2,8
1959,5,1,6
1959,2,1,3
1959,2,1,3
1959,5,2,7
1959,4,2,6
1959,3,1,4
1959,2,1,3
1959,8,0,8
1959,6,5,11
1959,3,2,5
1959,6,3,9
1959,8,1,9
1959,9,8,17
1959,3,0,3
1959,4,2,6
1959,3,0,3
1959,5,3,8
1959,4,1,5
1959,4,0,4
1959,4,2,6
1959,6,3,9
1959,9,0,9
1959,4,3,7
1959,1,0,1
1959,5,4,9
1959,8,2,10
1959,4,0,4
1959,2,1,3
1959,7,3,10
1959,8,3,11
1959,4,0,4
1959,5,2,7
1959,7,6,13
1959,5,2,7
1959,4,3,7
1959,6,4,10
1959,5,2,7
1959,8,4,12
1959,8,3,11
1959,6,1,7
1959,9,4,13
1959,5,4,9
1959,3,2,5
1959,4,4,8
1959,9,2,11
1959,4,1,5
1959,5,1,6
1959,5,4,9
1959,2,0,2
1959,8,5,13
1959,3,1,4
1959,3,1,4
1959,1,0,1
1959,4,3,7
1959,2,11,13
1959,4,1,5
1959,5,4,9
1959,6,2,8
1959,7,2,9
1959,7,1,8
1959,5,4,9
1959,5,4,9
1959,6,5,11
1959,2,11,13
1959,5,4,9
1959,6,0,6
1959,4,3,7
1959,2,1,3
1959,3,12,15
1959,5,2,7
1959,6,2,8
1959,2,1,3
1959,5,3,8
1959,8,1,9
1959,9,5,14
1959,3,2,5
1959,9,3,12
1959,2,0,2
1959,5,4,9
1959,6,3,9
1959,5,4,9
1959,7,5,12
1959,4,3,7
1959,4,3,7
1959,5,11,16
1959,5,3,8
1959,3,2,5
1959,4,1,5
1959,8,6,14
1959,2,1,3
1959,4,1,5
1959,4,3,7
1959,6,1,7
1959,7,3,10
1959,8,2,10
1959,2,0,2
1959,7,1,8
1959,6,17,23
1959,6,4,10
1959,6,3,9
1959,3,0,3
1959,4,1,5
1959,3,0,3
1959,7,3,10
1959,9,0,9
1959,1,1,2
1959,4,3,7
1959,4,2,6
1959,4,0,4
1959,7,1,8
1959,2,18,20
1959,5,2,7
1959,8,5,13
1959,4,3,7
1959,4,0,4
1959,3,0,3
1959,3,2,5
1959,3,1,4
1959,4,1,5
1959,4,3,7
1959,4,3,7
1959,4,2,6
1959,3,0,3
1959,9,6,15
1959,4,3,7
1959,5,4,9
1959,4,3,7
1959,7,3,10
1959,5,3,8
1959,8,7,15
1959,4,3,7
1959,3,2,5
1959,4,3,7
1959,8,3,11
1959,4,2,6
1959,4,3,7
1959,9,0,9
1959,7,4,11
1959,6,4,10
1959,3,2,5
1959,8,5,13
1959,5,4,9
1959,4,3,7
1959,7,3,10
1959,8,1,9
1959,7,3,10
1959,6,4,10
1959,5,4,9
1959,5,4,9
1959,8,11,19
1959,6,4,10
1959,6,11,17
1959,9,4,13
1959,3,2,5
1959,6,2,8
1959,9,20,29
1959,9,8,17
1959,9,0,9
1959,7,5,12
1959,5,2,7
1959,7,6,13
1959,7,3,10
1959,7,5,12
1959,11,1,12
1959,5,1,6
1959,6,11,17
1959,15,13,28
1959,5,4,9
1959,2,1,3
1959,2,1,3
1959,4,2,6
1959,6,4,10
1959,9,6,15
1959,2,1,3
1959,4,12,16
1959,8,3,11
1959,8,10,18
1959,4,3,7
1959,6,1,7
1959,5,4,9
1959,7,2,9
1959,6,5,11
1959,4,2,6
1959,8,5,13
1959,6,0,6
1959,2,1,3
1959,5,2,7
1959,5,3,8
1959,6,3,9
1959,5,4,9
1959,8,1,9
1959,4,3,7
1959,5,4,9
1959,7,6,13
1959,6,4,10
1959,7,0,7
1959,4,11,15
1959,5,3,8
1959,5,4,9
1959,7,6,13
1959,2,1,3
1959,3,1,4
1959,9,4,13
1959,5,4,9
1959,5,10,15
1959,6,3,9
1959,5,2,7
1959,4,1,5
1959,7,7,14
1959,4,2,6
1959,7,6,13
1959,8,5,13
1959,6,1,7
1959,2,14,16
1959,11,10,21
1959,5,3,8
1959,8,5,13
1959,6,4,10
1959,3,1,4
1959,5,4,9
1959,2,1,3
1959,5,0,5
1959,2,0,2
1959,9,7,16
1959,6,0,6
1959,6,10,16
1959,6,5,11
1959,1,0,1
1959,4,11,15
1959,4,2,6
1959,7,1,8
1959,8,7,15
1959,7,0,7
1959,3,2,5
1959,8,1,9
1959,2,0,2
1959,7,1,8
1959,5,0,5
1959,5,3,8
1959,1,0,1
1959,6,2,8
1959,9,5,14
1959,7,3,10
1959,5,2,7
1959,2,0,2
1959,9,2,11
1959,4,3,7
1959,4,2,6
1959,11,0,11
1959,3,0,3
1959,8,2,10
1959,6,0,6
1959,5,4,9
1959,8,6,14
1959,6,3,9
1959,3,1,4
1959,6,5,11
1959,5,2,7
1959,5,12,17
1959,3,1,4
1959,7,6,13
1959,9,5,14
1959,5,4,9
1959,3,2,5
1959,6,3,9
1959,5,4,9
1959,5,2,7
1959,5,1,6
1959,5,0,5
1959,7,2,9
1959,2,1,3
1959,5,4,9
1959,6,4,10
1959,9,3,12
1959,7,3,10
1959,6,5,11
1959,5,0,5
1959,9,0,9
1959,3,2,5
1959,4,0,4
1959,4,1,5
1959,4,11,15
1959,2,0,2
1959,9,3,12
1959,11,1,12
1959,7,3,10
1959,9,5,14
1959,3,0,3
1959,6,2,8
1959,6,3,9
1959,9,4,13
1959,4,0,4
1959,7,6,13
1959,2,1,3
1959,7,6,13
1959,6,4,10
1959,3,1,4
1959,4,3,7
1959,5,2,7
1959,5,0,5
1959,7,4,11
1959,4,0,4
1959,3,0,3
1959,5,3,8
1959,4,0,4
1959,7,2,9
1959,4,11,15
1959,6,3,9
1959,2,1,3
1959,6,3,9
1959,9,6,15
1959,5,11,16
1959,4,3,7
1959,4,3,7
1959,5,4,9
1959,5,3,8
1959,9,2,11
1959,8,5,13
1959,3,2,5
1959,4,1,5
1959,9,2,11
1959,3,0,3
1959,3,0,3
1959,2,1,3
1959,4,3,7
1959,6,5,11
1959,5,1,6
1959,5,4,9
1959,3,2,5
1959,7,6,13
1959,3,2,5
1959,2,14,16
1959,2,1,3
1959,6,2,8
1959,7,6,13
1959,3,0,3
1959,5,3,8
1959,5,4,9
1959,2,1,3
1959,1,0,1
1959,2,1,3
1959,7,0,7
1959,8,1,9
1959,4,12,16
1959,2,1,3
1959,7,13,20
1959,6,4,10
1959,15,14,29
1959,6,5,11
1959,7,1,8
1959,5,1,6
1959,4,1,5
1959,4,2,6
1959,3,2,5
1959,3,2,5
1959,4,1,5
1959,3,1,4
1959,4,2,6
1959,7,2,9
1959,1,0,1
1959,5,3,8
1959,4,0,4
1959,7,2,9
1959,5,1,6
1959,6,1,7
1959,7,3,10
1959,4,10,14
1959,6,3,9
1959,5,0,5
1959,7,4,11
1959,12,1,13
1959,5,3,8
1959,8,2,10
1959,3,0,3
1959,1,0,1
1959,8,6,14
1959,2,1,3
1959,5,4,9
1959,4,0,4
1959,2,10,12
1959,9,3,12
1959,1,0,1
1959,5,4,9
1959,6,1,7
1959,4,3,7
1959,6,4,10
1959,4,3,7
1959,4,0,4
1959,9,1,10
1959,7,2,9
1959,9,5,14
1959,4,1,5
1959,3,1,4
1959,8,0,8
1959,4,3,7
1959,3,2,5
1959,2,1,3
1959,1,0,1
1959,1,0,1
1959,5,1,6
1959,9,4,13
1959,9,3,12
1959,4,1,5
1959,8,5,13
1959,4,1,5
1959,5,0,5
1959,2,1,3
1959,1,0,1
1959,8,7,15
1959,4,3,7
1959,6,13,19
1959,6,4,10
1959,1,0,1
1959,6,2,8
1959,3,1,4
1959,6,5,11
1959,3,2,5
1959,4,2,6
1959,7,4,11
1959,3,1,4
1959,2,0,2
1959,5,2,7
1959,4,3,7
1959,6,13,19
1959,7,0,7
1959,1,0,1
1959,5,4,9
1959,2,11,13
1959,6,4,10
1959,5,3,8
1959,5,4,9
1959,7,13,20
1959,3,1,4
1959,9,3,12
1959,4,3,7
1959,4,1,5
1959,5,3,8
1959,2,1,3
1959,5,3,8
1959,5,4,9
1959,4,3,7
1959,7,4,11
1959,8,5,13
1959,10,1,11
1959,8,2,10
1959,4,11,15
1959,5,0,5
1959,8,6,14
1959,3,12,15
1959,4,3,7
1959,5,4,9
1959,4,2,6
1959,6,4,10
1959,3,1,4
1959,3,2,5
1959,5,3,8
1959,11,10,21
1959,8,4,12
1959,4,0,4
1959,9,8,17
1959,7,6,13
1959,5,4,9
1959,3,0,3
1959,5,4,9
1959,4,10,14
1959,5,4,9
1959,8,2,10
1959,8,7,15
1959,6,5,11
1959,6,3,9
1959,5,2,7
1959,5,4,9
1959,2,12,14
1959,7,6,13
1959,8,4,12
1959,5,10,15
1959,3,2,5
1959,7,2,9
1959,4,0,4
1959,6,2,8
1959,7,1,8
1959,9,7,16
1959,6,5,11
1959,6,4,10
1959,5,2,7
1959,3,1,4
1959,2,1,3
1959,8,14,22
1959,3,2,5
1959,6,5,11
1959,11,0,11
1959,4,3,7
1959,3,1,4
1959,5,4,9
1959,1,0,1
1959,9,3,12
1960,9,4,13
1960,3,2,5
1960,4,3,7
1960,3,1,4
1960,4,0,4
1960,6,1,7
1960,3,2,5
1960,5,4,9
1960,13,0,13
1960,6,5,11
1960,3,2,5
1960,3,13,16
1960,3,11,14
1960,6,1,7
1960,7,5,12
1960,8,4,12
1960,5,0,5
1960,6,5,11
1960,4,3,7
1960,10,1,11
1960,3,2,5
1960,8,4,12
1960,9,10,19
1960,4,2,6
1960,4,3,7
1960,4,0,4
1960,5,2,7
1960,8,7,15
1960,7,1,8
1960,6,4,10
1960,5,10,15
1960,4,2,6
1960,1,0,1
1960,6,5,11
1960,4,0,4
1960,6,5,11
1960,2,0,2
1960,5,11,16
1960,8,10,18
1960,6,5,11
1960,4,1,5
1960,5,0,5
1960,7,10,17
1960,6,2,8
1960,7,11,18
1960,5,4,9
1960,2,18,20
1960,6,2,8
1960,6,5,11
1960,3,2,5
1960,3,2,5
1960,5,4,9
1960,9,5,14
1960,8,3,11
1960,9,4,13
1960,4,12,16
1960,7,0,7
1960,9,15,24
1960,9,5,14
1960,4,10,14
1960,7,3,10
1960,7,2,9
1960,11,10,21
1960,6,1,7
1960,9,8,17
1960,3,2,5
1960,8,1,9
1960,4,3,7
1960,2,1,3
1960,8,0,8
1960,7,5,12
1960,4,2,6
1960,11,10,21
1960,8,3,11
1960,9,4,13
1960,8,5,13
1960,3,1,4
1960,5,4,9
1960,3,2,5
1960,6,1,7
1960,3,1,4
1960,2,1,3
1960,7,5,12
1960,3,0,3
1960,2,1,3
1960,3,1,4
1960,5,4,9
1960,2,10,12
1960,5,3,8
1960,6,16,22
1960,16,0,16
1960,2,1,3
1960,7,12,19
1960,2,1,3
1960,6,3,9
1960,5,4,9
1960,9,5,14
1960,6,3,9
1960,5,2,7
1960,2,13,15
1960,6,4,10
1960,3,1,4
1960,5,4,9
1960,5,4,9
1960,6,11,17
1960,8,7,15
1960,6,5,11
1960,5,0,5
1960,4,3,7
1960,3,2,5
1960,5,3,8
1960,4,3,7
1960,9,10,19
1960,5,3,8
1960,3,10,13
1960,7,6,13
1960,6,4,10
1960,5,3,8
1960,5,1,6
1960,2,1,3
1960,4,2,6
1960,3,2,5
1960,5,3,8
1960,7,6,13
1960,6,11,17
1960,9,7,16
1960,4,3,7
1960,4,3,7
1960,3,1,4
1960,5,3,8
1960,9,2,11
1960,3,2,5
1960,1,0,1
1960,6,1,7
1960,8,7,15
1960,5,1,6
1960,3,0,3
1960,3,1,4
1960,5,0,5
1960,6,2,8
1960,3,2,5
1960,4,1,5
1960,6,5,11
1960,6,4,10
1960,5,2,7
1960,4,2,6
1960,8,3,11
1960,13,1,14
1960,7,4,11
1960,8,1,9
1960,10,0,10
1960,9,7,16
1960,3,2,5
1960,5,1,6
1960,4,2,6
1960,1,0,1
1960,5,3,8
1960,6,3,9
1960,8,12,20
1960,1,0,1
1960,1,0,1
1960,1,0,1
1960,14,1,15
1960,4,3,7
1960,3,2,5
1960,1,0,1
1960,4,1,5
1960,1,0,1
1960,4,2,6
1960,4,3,7
1960,8,2,10
1960,3,0,3
1960,7,3,10
1960,5,2,7
1960,4,0,4
1960,5,2,7
1960,9,10,19
1960,7,6,13
1960,6,4,10
1960,2,1,3
1960,4,0,4
1960,2,1,3
1960,7,4,11
1960,6,1,7
1960,4,0,4
1960,3,14,17
1960,5,1,6
1960,4,0,4
1960,6,3,9
1960,5,0,5
1960,5,4,9
1960,6,4,10
1960,4,2,6
1960,2,0,2
1960,2,11,13
1960,9,2,11
1960,2,1,3
1960,5,3,8
1960,6,11,17
1960,9,3,12
1960,7,6,13
1960,3,1,4
1960,4,2,6
1960,6,4,10
1960,6,11,17
1960,6,5,11
1960,5,4,9
1960,4,2,6
1960,3,0,3
1960,5,4,9
1960,3,1,4
1960,4,2,6
1960,5,4,9
1960,7,4,11
1960,4,2,6
1960,8,3,11
1960,5,3,8
1960,2,0,2
1960,4,3,7
1960,6,3,9
1960,5,4,9
1960,6,1,7
1960,9,8,17
1960,6,1,7
1960,7,4,11
1960,5,2,7
1960,4,2,6
1960,3,1,4
1960,6,5,11
1960,7,5,12
1960,3,2,5
1960,7,6,13
1960,6,2,8
1960,5,2,7
1960,9,7,16
1960,3,1,4
1960,9,6,15
1960,8,7,15
1960,5,4,9
1960,5,3,8
1960,7,6,13
1960,4,3,7
1960,1,0,1
1960,6,1,7
1960,7,2,9
1960,4,0,4
1960,6,2,8
1960,4,0,4
1960,4,2,6
1960,3,2,5
1960,7,4,11
1960,1,0,1
1960,9,3,12
1960,5,3,8
1960,5,1,6
1960,5,1,6
1960,5,3,8
1960,3,1,4
1960,2,0,2
1960,9,0,9
1960,4,1,5
1960,5,2,7
1960,5,3,8
1960,9,5,14
1960,7,4,11
1960,3,2,5
1960,5,4,9
1960,4,3,7
1960,4,3,7
1960,4,3,7
1960,4,3,7
1960,5,1,6
1960,4,2,6
1960,8,0,8
1960,6,1,7
1960,5,4,9
1960,4,0,4
1960,4,2,6
1960,6,5,11
1960,6,4,10
1960,4,2,6
1960,6,4,10
1960,8,5,13
1960,4,1,5
1960,7,5,12
1960,3,12,15
1960,4,1,5
1960,9,4,13
1960,7,6,13
1960,8,2,10
1960,3,15,18
1960,2,1,3
1960,3,2,5
1960,5,4,9
1960,6,1,7
1960,8,3,11
1960,2,1,3
1960,5,4,9
1960,3,2,5
1960,5,1,6
1960,6,4,10
1960,2,1,3
1960,8,3,11
1960,7,12,19
1960,4,3,7
1960,9,1,10
1960,4,1,5
1960,6,0,6
1960,5,2,7
1960,6,3,9
1960,5,0,5
1960,2,1,3
1960,6,5,11
1960,8,3,11
1960,8,7,15
1960,4,3,7
1960,7,6,13
1960,8,10,18
1960,9,8,17
1960,4,3,7
1960,7,2,9
1960,6,2,8
1960,6,5,11
1960,6,4,10
1960,4,3,7
1960,3,0,3
1960,3,2,5
1960,4,1,5
1960,7,1,8
1960,4,2,6
1960,7,4,11
1960,6,12,18
1960,5,1,6
1960,8,2,10
1960,2,0,2
1960,2,0,2
1960,2,0,2
1960,7,2,9
1960,9,0,9
1960,8,12,20
1960,3,2,5
1960,4,1,5
1960,5,4,9
1960,8,3,11
1960,2,0,2
1960,4,1,5
1960,9,4,13
1960,6,5,11
1960,6,1,7
1960,3,2,5
1960,5,2,7
1960,5,2,7
1960,3,12,15
1960,2,13,15
1960,6,4,10
1960,5,2,7
1960,5,1,6
1960,5,3,8
1960,7,2,9
1960,2,0,2
1960,8,7,15
1960,5,2,7
1960,5,3,8
1960,4,1,5
1960,6,0,6
1960,2,1,3
1960,5,4,9
1960,8,6,14
1960,7,5,12
1960,7,4,11
1960,3,2,5
1960,3,11,14
1960,6,5,11
1960,5,2,7
1960,7,4,11
1960,7,2,9
1960,5,4,9
1960,3,13,16
1960,6,1,7
1960,4,3,7
1960,4,3,7
1960,5,0,5
1960,9,6,15
1960,7,4,11
1960,6,5,11
1960,5,4,9
1960,8,4,12
1960,7,1,8
1960,5,2,7
1960,6,4,10
1960,9,5,14
1960,7,6,13
1960,8,7,15
1960,6,1,7
1960,5,3,8
1960,4,1,5
1960,8,7,15
1960,3,1,4
1960,7,16,23
1960,3,15,18
1960,5,2,7
1960,8,3,11
1960,5,12,17
1960,8,4,12
1960,5,12,17
1960,6,3,9
1960,7,4,11
1960,2,1,3
1960,6,2,8
1960,6,5,11
1960,3,2,5
1960,6,3,9
1960,6,4,10
1960,6,0,6
1960,2,10,12
1960,5,13,18
1960,4,3,7
1960,7,7,14
1960,2,14,16
1960,5,4,9
1960,8,5,13
1960,6,14,20
1960,4,10,14
1960,6,5,11
1960,3,2,5
1960,6,5,11
1960,9,1,10
1960,6,10,16
1960,7,10,17
1960,7,10,17
1960,4,2,6
1960,6,4,10
1960,3,1,4
1960,3,1,4
1960,3,1,4
1960,2,1,3
1960,3,2,5
1960,7,3,10
1960,5,12,17
1960,7,1,8
1960,2,1,3
1960,5,3,8
1960,7,2,9
1960,4,3,7
1960,5,0,5
1960,7,4,11
1960,7,5,12
1960,5,3,8
1960,4,3,7
1960,7,5,12
1960,7,1,8
1960,3,2,5
1960,2,0,2
1960,1,0,1
1960,6,5,11
1960,8,6,14
1960,4,3,7
1960,3,2,5
1960,2,1,3
1960,9,6,15
1960,4,1,5
1960,4,3,7
1960,6,4,10
1960,5,4,9
1960,6,0,6
1960,7,11,18
1960,9,6,15
1960,2,1,3
1960,7,6,13
1960,7,6,13
1960,3,2,5
1960,3,1,4
1960,1,0,1
1960,7,3,10
1960,2,1,3
1960,7,4,11
1960,6,3,9
1960,5,0,5
1960,5,3,8
1960,6,2,8
1960,7,6,13
1960,2,1,3
1960,4,13,17
1960,8,4,12
1960,4,3,7
1960,3,1,4
1960,2,1,3
1960,5,3,8
1960,6,10,16
1960,4,0,4
1960,6,5,11
1960,5,3,8
1960,4,3,7
1960,4,1,5
1960,7,6,13
1960,5,2,7
1960,4,1,5
1960,6,4,10
1960,2,11,13
1960,4,2,6
1960,1,0,1
1960,7,6,13
1960,4,3,7
1960,7,21,28
1960,4,10,14
1960,6,2,8
1960,7,6,13
1960,4,2,6
1960,7,4,11
1960,9,2,11
1960,6,3,9
1960,3,2,5
1960,4,3,7
1960,7,6,13
1960,7,5,12
1960,5,2,7
1960,3,2,5
1960,10,1,11
1960,5,3,8
1960,5,2,7
1960,2,0,2
1960,7,7,14
1960,4,10,14
1960,2,1,3
1960,5,3,8
1960,4,2,6
1960,3,2,5
1960,3,1,4
1960,10,0,10
1960,6,3,9
1960,5,2,7
1960,5,2,7
1960,9,1,10
1960,7,11,18
1960,5,11,16
1960,3,10,13
1960,6,10,16
1960,11,0,11
1960,6,11,17
1960,4,2,6
1960,4,0,4
1960,5,3,8
1960,4,3,7
1960,8,7,15
1960,7,5,12
1960,8,7,15
1960,6,10,16
1960,8,13,21
1960,7,6,13
1960,3,2,5
1960,6,1,7
1960,7,1,8
1960,2,12,14
1960,2,1,3
1960,2,13,15
1960,7,5,12
1960,7,6,13
1960,6,2,8
1960,5,11,16
1960,6,2,8
1960,4,3,7
1960,5,2,7
1960,5,11,16
1960,7,10,17
1960,8,6,14
1960,4,0,4
1960,1,1,2
1960,5,0,5
1960,5,2,7
1960,4,0,4
1960,7,4,11
1960,3,0,3
1960,3,2,5
1960,7,6,13
1960,7,2,9
1960,6,2,8
1960,5,4,9
1960,9,8,17
1960,9,4,13
1960,3,2,5
1960,2,0,2
1960,8,0,8
1960,5,4,9
1960,5,3,8
1960,5,2,7
1960,4,0,4
1960,10,1,11
1960,5,2,7
1960,7,5,12
1960,6,4,10
1960,10,0,10
1960,8,5,13
1960,6,3,9
1960,6,5,11
1960,4,2,6
1960,3,2,5
1960,9,3,12
1960,6,3,9
1960,7,1,8
1960,2,0,2
1960,7,3,10
1960,9,5,14
1960,8,0,8
1960,4,1,5
1960,5,4,9
1960,5,3,8
1960,6,3,9
1960,6,5,11
1960,8,3,11
1960,7,1,8
1960,7,2,9
1960,6,5,11
1960,8,4,12
1960,6,1,7
1960,4,3,7
1960,6,5,11
1960,2,1,3
1960,7,6,13
1960,2,1,3
1960,9,5,14
1960,6,2,8
1960,6,4,10
1960,12,10,22
1960,7,11,18
1960,7,1,8
1960,6,2,8
1960,5,3,8
1960,4,0,4
1960,5,2,7
1960,4,0,4
1960,8,4,12
1960,2,1,3
1960,7,5,12
1960,4,1,5
1960,5,3,8
1960,6,0,6
1960,4,3,7
1960,9,4,13
1960,2,11,13
1960,1,0,1
1960,6,4,10
1960,6,5,11
1960,6,1,7
1960,2,1,3
1960,2,1,3
1960,2,14,16
1960,3,2,5
1960,5,3,8
1960,2,12,14
1960,3,2,5
1960,4,2,6
1960,7,3,10
1960,6,5,11
1960,5,0,5
1960,5,4,9
1960,6,0,6
1960,8,1,9
1960,9,1,10
1960,9,2,11
1960,5,1,6
1960,6,0,6
1960,4,1,5
1960,13,11,24
1960,5,0,5
1960,9,3,12
1960,5,4,9
1960,9,5,14
1960,2,0,2
1960,7,1,8
1960,4,0,4
1960,4,3,7
1960,8,6,14
1960,8,6,14
1960,4,3,7
1960,7,5,12
1960,3,0,3
1960,3,1,4
1960,8,1,9
1960,9,5,14
1960,4,1,5
1960,9,4,13
1960,3,0,3
1960,2,1,3
1960,6,4,10
1960,8,7,15
1960,8,3,11
1960,2,0,2
1960,5,11,16
1960,4,1,5
1960,9,4,13
1960,4,1,5
1960,4,3,7
1960,4,2,6
1960,3,0,3
1960,7,5,12
1960,2,0,2
1960,5,3,8
1960,3,1,4
1960,8,3,11
1960,2,1,3
1960,6,10,16
1960,7,6,13
1960,7,5,12
1960,1,0,1
1960,6,5,11
1960,9,0,9
1960,6,3,9
1960,8,2,10
1960,6,3,9
1960,6,3,9
1960,2,10,12
1960,6,5,11
1960,4,2,6
1960,2,1,3
1960,3,16,19
1960,4,3,7
1960,4,1,5
1960,6,1,7
1960,3,1,4
1960,5,4,9
1960,5,3,8
1960,4,10,14
1960,7,5,12
1960,2,0,2
1960,5,0,5
1960,7,3,10
1960,5,4,9
1960,5,0,5
1960,4,2,6
1960,3,2,5
1960,8,6,14
1960,4,0,4
1960,9,2,11
1960,3,2,5
1960,6,5,11
1960,3,1,4
1960,1,0,1
1960,4,0,4
1960,7,3,10
1960,5,2,7
1960,2,1,3
1960,3,0,3
1960,7,5,12
1960,4,3,7
1960,6,1,7
1960,8,7,15
1960,2,1,3
1960,6,3,9
1960,3,2,5
1960,6,5,11
1960,9,6,15
1960,8,4,12
1960,6,2,8
1960,7,5,12
1960,5,2,7
1960,6,0,6
1960,6,2,8
1960,9,2,11
1960,5,3,8
1960,5,2,7
1960,9,5,14
1960,2,1,3
1960,8,10,18
1960,3,2,5
1960,3,0,3
1960,6,2,8
1960,4,10,14
1960,5,3,8
1960,3,2,5
1960,3,2,5
1960,7,3,10
1960,6,5,11
1960,3,0,3
1960,4,2,6
1960,9,0,9
1960,6,5,11
1960,7,3,10
1960,4,2,6
1960,2,12,14
1960,6,5,11
1960,3,1,4
1960,8,13,21
1960,7,4,11
1960,5,3,8
1960,9,1,10
1960,2,1,3
1960,5,3,8
1960,8,7,15
1960,4,1,5
1960,4,2,6
1960,6,1,7
1960,4,3,7
1960,4,2,6
1960,4,3,7
1960,2,10,12
1960,1,0,1
1960,3,0,3
1960,9,2,11
1960,5,2,7
1960,9,11,20
1960,4,16,20
1960,3,2,5
1960,3,1,4
1960,8,7,15
1960,6,5,11
1960,9,7,16
1960,3,2,5
1960,8,6,14
1960,9,2,11
1960,7,2,9
1960,1,0,1
1960,3,2,5
1960,3,13,16
1960,5,4,9
1960,8,7,15
1960,2,1,3
1960,4,1,5
1960,7,5,12
1960,4,18,22
1960,4,2,6
1960,9,1,10
1960,4,3,7
1960,7,10,17
1960,7,6,13
1960,7,4,11
1960,6,3,9
1960,3,0,3
1960,3,1,4
1960,8,3,11
1960,3,2,5
1960,5,4,9
1960,6,0,6
1960,7,1,8
1960,6,0,6
1960,5,3,8
1960,6,1,7
1960,4,2,6
1960,13,1,14
1960,3,2,5
1960,6,5,11
1960,3,1,4
1960,3,0,3
1960,5,2,7
1960,6,1,7
1960,5,4,9
1960,8,7,15
1960,3,2,5
1960,4,3,7
1960,6,4,10
1960,3,2,5
1960,6,4,10
1960,4,2,6
1960,7,12,19
1960,6,10,16
1960,9,2,11
1960,8,7,15
1960,8,3,11
1960,6,2,8
1960,2,1,3
1960,4,2,6
1960,1,0,1
1960,4,2,6
1960,4,1,5
1960,3,2,5
1960,9,3,12
1960,7,2,9
1960,2,0,2
1960,9,5,14
1960,6,1,7
1960,3,2,5
1960,3,0,3
1960,5,4,9
1960,6,3,9
1960,2,1,3
1960,7,3,10
1960,9,4,13
1960,3,2,5
1960,4,1,5
1960,5,3,8
1960,4,0,4
1960,4,3,7
1960,4,3,7
1960,5,3,8
1960,3,11,14
1960,3,2,5
1960,7,5,12
1960,2,1,3
1960,4,3,7
1960,1,0,1
1960,2,11,13
1960,4,3,7
1960,7,3,10
1960,8,5,13
1960,7,11,18
1960,3,2,5
1960,1,0,1
1960,4,11,15
1960,3,2,5
1960,5,2,7
1960,5,3,8
1960,6,5,11
1960,8,10,18
1960,7,11,18
1960,4,3,7
1960,3,2,5
1960,8,6,14
1960,6,11,17
1960,1,0,1
1960,2,1,3
1960,4,3,7
1960,5,3,8
1960,10,0,10
1960,3,2,5
1960,1,0,1
1960,4,2,6
1960,8,6,14
1960,6,0,6
1960,9,5,14
1960,7,10,17
1960,4,2,6
1960,3,0,3
1960,1,0,1
1960,2,1,3
1960,9,5,14
1960,4,10,14
1960,5,3,8
1960,5,3,8
1960,8,4,12
1960,6,4,10
1960,6,4,10
1960,8,1,9
1960,3,2,5
1960,2,0,2
1960,7,4,11
1960,6,3,9
1960,8,5,13
1960,5,3,8
1960,3,2,5
1960,8,3,11
1960,7,0,7
1960,5,1,6
1960,6,1,7
1960,4,2,6
1960,3,1,4
1960,9,2,11
1960,3,1,4
1960,6,10,16
1960,5,3,8
1960,3,2,5
1960,3,2,5
1960,5,3,8
1960,6,4,10
1960,9,3,12
1960,7,10,17
1960,2,1,3
1960,4,2,6
1960,8,5,13
1960,9,0,9
1960,2,1,3
1960,3,11,14
1960,9,2,11
1960,4,2,6
1960,10,1,11
1960,2,0,2
1960,7,6,13
1960,7,5,12
1960,3,2,5
1960,3,1,4
1960,5,4,9
1960,5,3,8
1960,9,6,15
1960,5,4,9
1960,7,4,11
1960,3,0,3
1960,3,1,4
1960,5,4,9
1960,4,1,5
1960,3,1,4
1960,2,1,3
1960,5,4,9
1960,8,6,14
1960,9,3,12
1960,6,2,8
1960,8,5,13
1960,2,15,17
1960,5,4,9
1960,9,1,10
1960,4,0,4
1960,4,1,5
1960,2,10,12
1960,3,0,3
1960,2,0,2
1960,6,4,10
1960,4,1,5
1960,5,4,9
1960,3,2,5
1960,5,4,9
1960,5,2,7
1960,10,0,10
1960,3,2,5
1960,2,1,3
1960,11,10,21
1960,6,3,9
1960,4,2,6
1960,5,4,9
1960,7,11,18
1960,2,1,3
1960,3,1,4
1960,1,0,1
1960,6,0,6
1960,7,4,11
1960,2,1,3
1960,10,1,11
1960,7,4,11
1960,7,3,10
1960,3,2,5
1960,6,1,7
1960,5,0,5
1960,5,1,6
1960,3,2,5
1960,7,5,12
1960,9,6,15
1960,6,2,8
1960,4,3,7
1960,4,10,14
1960,2,0,2
1960,5,4,9
1960,4,1,5
1960,9,10,19
1960,6,5,11
1960,3,2,5
1960,1,0,1
1960,4,0,4
1960,6,2,8
1960,5,4,9
1960,6,4,10
1960,5,4,9
1960,9,5,14
1960,2,10,12
1960,5,3,8
1960,8,3,11
1960,4,3,7
1960,2,1,3
1960,4,4,8
1960,4,3,7
1960,4,2,6
1960,8,7,15
1960,8,12,20
1960,4,3,7
1960,3,2,5
1960,3,2,5
1960,9,2,11
1960,9,7,16
1960,7,1,8
1960,4,0,4
1960,3,1,4
1960,8,10,18
1960,3,2,5
1960,7,0,7
1960,7,1,8
1960,6,1,7
1960,5,3,8
1960,6,4,10
1960,4,3,7
1960,3,2,5
1960,5,4,9
1960,5,3,8
1960,6,5,11
1960,2,0,2
1960,2,1,3
1960,5,4,9
1960,7,4,11
1960,9,0,9
1960,6,1,7
1960,7,0,7
1960,9,4,13
1960,2,1,3
1960,5,2,7
1960,4,2,6
1960,3,2,5
1960,8,2,10
1960,4,1,5
1960,3,2,5
1960,5,3,8
1960,4,1,5
1960,4,3,7
1960,3,2,5
1960,5,4,9
1960,5,1,6
1960,7,4,11
1960,8,10,18
1960,7,2,9
1960,4,1,5
1960,5,3,8
1960,1,0,1
1960,2,1,3
1960,3,2,5
1960,5,0,5
1960,3,2,5
1960,8,3,11
1960,8,5,13
1960,4,0,4
1960,2,0,2
1960,7,3,10
1960,6,1,7
1960,4,2,6
1960,6,5,11
1960,8,6,14
1960,5,3,8
1960,3,1,4
1960,3,12,15
1960,2,1,3
1960,4,1,5
1960,6,3,9
1960,6,5,11
1960,6,1,7
1960,7,11,18
1960,11,10,21
1960,2,1,3
1960,2,10,12
1960,5,1,6
1960,5,2,7
1960,6,4,10
1960,3,1,4
1960,8,6,14
1960,3,1,4
1960,5,4,9
1960,4,3,7
1960,4,2,6
1960,4,3,7
1960,4,0,4
1960,4,2,6
1960,6,2,8
1960,3,0,3
1960,7,3,10
1960,8,5,13
1960,8,4,12
1960,5,2,7
1960,5,3,8
1960,4,1,5
1960,2,1,3
1960,5,2,7
1960,5,3,8
1960,1,0,1
1960,3,2,5
1960,9,2,11
1960,8,4,12
1960,7,6,13
1960,7,1,8
1960,7,3,10
1960,2,0,2
1960,4,3,7
1960,3,1,4
1960,4,11,15
1960,4,1,5
1960,1,0,1
1960,4,3,7
1960,5,2,7
1960,9,1,10
1960,9,0,9
1960,2,1,3
1960,7,1,8
1960,3,2,5
1960,3,2,5
1960,4,1,5
1960,7,2,9
1960,3,1,4
1960,3,10,13
1960,5,3,8
1960,3,2,5
1960,6,1,7
1960,5,1,6
1960,5,1,6
1960,5,1,6
1960,6,1,7
1960,7,0,7
1960,4,1,5
1960,2,1,3
1960,4,0,4
1960,6,5,11
1960,5,4,9
1960,5,0,5
1960,6,5,11
1960,6,3,9
1960,4,2,6
1960,9,10,19
1960,4,3,7
1960,5,0,5
1960,7,1,8
1960,4,0,4
1960,6,5,11
1960,9,13,22
1960,4,2,6
1960,3,1,4
1960,6,3,9
1960,6,1,7
1960,6,2,8
1960,4,2,6
1960,3,17,20
1960,2,0,2
1960,5,4,9
1960,5,1,6
1960,5,3,8
1960,4,3,7
1960,3,1,4
1960,5,1,6
1960,5,4,9
1960,4,0,4
1960,4,2,6
1960,9,3,12
1960,6,3,9
1960,6,3,9
1960,4,3,7
1960,5,4,9
1960,5,3,8
1960,7,5,12
1960,6,5,11
1960,7,6,13
1960,2,13,15
1960,2,1,3
1960,9,8,17
1960,6,4,10
1960,8,10,18
1960,3,1,4
1960,7,3,10
1960,7,3,10
1960,7,2,9
1960,3,2,5
1960,4,0,4
1960,2,1,3
1960,4,3,7
1960,8,7,15
1960,6,1,7
1960,9,5,14
1960,8,2,10
1960,2,1,3
1960,6,4,10
1960,3,16,19
1960,10,0,10
1960,3,2,5
1960,5,2,7
1960,12,0,12
1960,9,10,19
1961,4,3,7
1961,7,2,9
1961,5,2,7
1961,7,1,8
1961,9,5,14
1961,6,2,8
1961,2,1,3
1961,6,0,6
1961,8,7,15
1961,3,2,5
1961,2,1,3
1961,5,2,7
1961,8,7,15
1961,5,4,9
1961,6,5,11
1961,3,2,5
1961,3,2,5
1961,7,0,7
1961,6,3,9
1961,2,0,2
1961,7,3,10
1961,3,2,5
1961,8,0,8
1961,3,0,3
1961,9,5,14
1961,6,2,8
1961,4,1,5
1961,5,3,8
1961,2,0,2
1961,4,0,4
1961,3,1,4
1961,5,10,15
1961,6,4,10
1961,6,13,19
1961,5,2,7
1961,5,3,8
1961,3,2,5
1961,3,2,5
1961,9,5,14
1961,3,0,3
1961,3,2,5
1961,5,4,9
1961,5,3,8
1961,9,1,10
1961,7,2,9
1961,5,2,7
1961,7,2,9
1961,4,1,5
1961,4,2,6
1961,6,1,7
1961,4,11,15
1961,2,11,13
1961,7,5,12
1961,4,2,6
1961,7,6,13
1961,3,0,3
1961,2,1,3
1961,4,2,6
1961,3,2,5
1961,9,1,10
1961,5,3,8
1961,5,3,8
1961,5,3,8
1961,3,2,5
1961,5,3,8
1961,5,5,10
1961,7,6,13
1961,5,2,7
1961,1,0,1
1961,5,4,9
1961,6,4,10
1961,4,1,5
1961,4,3,7
1961,7,1,8
1961,3,1,4
1961,3,2,5
1961,8,10,18
1961,5,1,6
1961,1,0,1
1961,1,0,1
1961,6,0,6
1961,3,1,4
1961,2,1,3
1961,7,4,11
1961,5,1,6
1961,4,3,7
1961,6,10,16
1961,7,6,13
1961,5,2,7
1961,6,1,7
1961,20,2,22
1961,3,1,4
1961,4,3,7
1961,6,3,9
1961,2,1,3
1961,3,2,5
1961,13,11,24
1961,6,5,11
1961,3,2,5
1961,8,1,9
1961,5,2,7
1961,5,2,7
1961,9,1,10
1961,4,2,6
1961,4,3,7
1961,5,0,5
1961,4,2,6
1961,6,5,11
1961,1,0,1
1961,9,10,19
1961,4,2,6
1961,9,4,13
1961,6,3,9
1961,9,5,14
1961,9,13,22
1961,4,1,5
1961,7,3,10
1961,4,2,6
1961,3,2,5
1961,5,0,5
1961,2,1,3
1961,5,10,15
1961,6,3,9
1961,4,2,6
1961,4,2,6
1961,10,1,11
1961,8,2,10
1961,4,2,6
1961,6,4,10
1961,3,2,5
1961,5,3,8
1961,4,14,18
1961,7,11,18
1961,4,3,7
1961,2,1,3
1961,3,2,5
1961,6,5,11
1961,9,4,13
1961,3,2,5
1961,3,2,5
1961,7,4,11
1961,7,6,13
1961,6,4,10
1961,9,11,20
1961,6,0,6
1961,6,3,9
1961,8,4,12
1961,9,3,12
1961,4,3,7
1961,9,8,17
1961,7,6,13
1961,7,3,10
1961,4,1,5
1961,3,1,4
1961,5,4,9
1961,9,3,12
1961,4,0,4
1961,8,7,15
1961,5,2,7
1961,6,10,16
1961,6,0,6
1961,8,4,12
1961,5,2,7
1961,5,4,9
1961,5,1,6
1961,6,5,11
1961,4,2,6
1961,10,0,10
1961,8,11,19
1961,6,0,6
1961,5,3,8
1961,9,5,14
1961,6,1,7
1961,8,6,14
1961,5,3,8
1961,4,2,6
1961,4,3,7
1961,5,4,9
1961,5,3,8
1961,9,11,20
1961,5,4,9
1961,4,0,4
1961,7,0,7
1961,4,2,6
1961,4,2,6
1961,6,5,11
1961,4,3,7
1961,4,2,6
1961,7,2,9
1961,5,4,9
1961,5,4,9
1961,8,7,15
1961,5,13,18
1961,8,5,13
1961,5,2,7
1961,9,6,15
1961,8,2,10
1961,3,2,5
1961,7,1,8
1961,9,4,13
1961,3,2,5
1961,6,10,16
1961,3,2,5
1961,6,0,6
1961,3,0,3
1961,9,4,13
1961,8,7,15
1961,2,1,3
1961,4,2,6
1961,4,2,6
1961,5,4,9
1961,4,3,7
1961,5,1,6
1961,8,5,13
1961,5,4,9
1961,2,1,3
1961,10,1,11
1961,4,1,5
1961,7,3,10
1961,6,13,19
1961,8,3,11
1961,3,1,4
1961,5,13,18
1961,8,5,13
1961,4,0,4
1961,6,1,7
1961,5,3,8
1961,1,0,1
1961,6,4,10
1961,8,10,18
1961,4,3,7
1961,5,4,9
1961,8,6,14
1961,6,4,10
1961,4,1,5
1961,8,7,15
1961,3,0,3
1961,2,1,3
1961,5,10,15
1961,2,13,15
1961,5,0,5
1961,5,3,8
1961,7,5,12
1961,14,1,15
1961,4,10,14
1961,8,7,15
1961,5,4,9
1961,6,4,10
1961,5,3,8
1961,3,2,5
1961,4,2,6
1961,2,1,3
1961,2,1,3
1961,9,1,10
1961,1,0,1
1961,2,1,3
1961,8,7,15
1961,2,1,3
1961,4,3,7
1961,4,3,7
1961,1,0,1
1961,6,4,10
1961,4,3,7
1961,4,2,6
1961,1,0,1
1961,3,2,5
1961,9,7,16
1961,4,3,7
1961,5,3,8
1961,11,1,12
1961,4,1,5
1961,8,7,15
1961,4,3,7
1961,4,3,7
1961,1,0,1
1961,9,5,14
1961,4,3,7
1961,2,0,2
1961,4,3,7
1961,4,3,7
1961,6,5,11
1961,4,1,5
1961,6,3,9
1961,3,0,3
1961,7,6,13
1961,3,2,5
1961,5,3,8
1961,6,2,8
1961,7,2,9
1961,9,0,9
1961,2,0,2
1961,4,2,6
1961,3,2,5
1961,13,11,24
1961,3,2,5
1961,4,1,5
1961,2,1,3
1961,2,10,12
1961,6,4,10
1961,7,5,12
1961,2,1,3
1961,8,2,10
1961,3,1,4
1961,3,1,4
1961,2,1,3
1961,2,0,2
1961,7,3,10
1961,9,0,9
1961,5,2,7
1961,1,0,1
1961,4,12,16
1961,2,1,3
1961,5,3,8
1961,7,3,10
1961,5,4,9
1961,6,5,11
1961,7,1,8
1961,5,4,9
1961,7,1,8
1961,3,2,5
1961,7,2,9
1961,6,4,10
1961,4,3,7
1961,5,13,18
1961,7,6,13
1961,6,4,10
1961,1,0,1
1961,3,2,5
1961,5,4,9
1961,2,10,12
1961,2,12,14
1961,4,3,7
1961,5,4,9
1961,8,2,10
1961,5,4,9
1961,7,5,12
1961,10,1,11
1961,8,10,18
1961,7,5,12
1961,4,14,18
1961,5,0,5
1961,6,5,11
1961,4,2,6
1961,9,1,10
1961,8,4,12
1961,9,4,13
1961,4,3,7
1961,9,14,23
1961,5,3,8
1961,8,4,12
1961,6,4,10
1961,2,1,3
1961,2,1,3
1961,5,1,6
1961,3,12,15
1961,6,0,6
1961,2,1,3
1961,4,3,7
1961,7,5,12
1961,5,3,8
1961,9,3,12
1961,5,3,8
1961,3,1,4
1961,4,11,15
1961,5,3,8
1961,10,0,10
1961,7,6,13
1961,6,4,10
1961,5,1,6
1961,7,6,13
1961,9,4,13
1961,6,4,10
1961,8,7,15
1961,5,4,9
1961,9,1,10
1961,3,2,5
1961,5,3,8
1961,7,5,12
1961,4,4,8
1961,3,10,13
1961,8,2,10
1961,7,6,13
1961,3,2,5
1961,4,2,6
1961,6,2,8
1961,7,6,13
1961,6,4,10
1961,2,0,2
1961,6,2,8
1961,3,1,4
1961,6,0,6
1961,4,12,16
1961,3,1,4
1961,6,5,11
1961,7,10,17
1961,9,4,13
1961,2,1,3
1961,4,3,7
1961,9,3,12
1961,5,1,6
1961,8,0,8
1961,6,5,11
1961,10,1,11
1961,3,1,4
1961,8,2,10
1961,5,3,8
1961,8,4,12
1961,4,10,14
1961,9,3,12
1961,4,2,6
1961,7,1,8
1961,5,0,5
1961,8,5,13
1961,3,0,3
1961,6,2,8
1961,6,10,16
1961,8,0,8
1961,5,3,8
1961,5,2,7
1961,6,2,8
1961,6,1,7
1961,3,2,5
1961,8,10,18
1961,7,5,12
1961,7,3,10
1961,2,0,2
1961,5,3,8
1961,7,1,8
1961,7,3,10
1961,8,7,15
1961,7,2,9
1961,9,13,22
1961,6,2,8
1961,3,3,6
1961,3,14,17
1961,4,0,4
1961,6,2,8
1961,3,1,4
1961,7,3,10
1961,5,1,6
1961,4,3,7
1961,8,6,14
1961,11,0,11
1961,3,1,4
1961,6,5,11
1961,4,4,8
1961,8,10,18
1961,1,0,1
1961,2,1,3
1961,4,2,6
1961,6,1,7
1961,9,6,15
1961,5,2,7
1961,5,3,8
1961,5,1,6
1961,11,10,21
1961,5,4,9
1961,3,1,4
1961,8,6,14
1961,9,6,15
1961,8,4,12
1961,1,0,1
1961,9,10,19
1961,4,3,7
1961,5,10,15
1961,9,5,14
1961,2,0,2
1961,5,4,9
1961,5,3,8
1961,5,0,5
1961,4,2,6
1961,4,3,7
1961,8,2,10
1961,7,1,8
1961,8,2,10
1961,5,10,15
1961,8,4,12
1961,5,3,8
1961,7,3,10
1961,4,3,7
1961,7,4,11
1961,7,6,13
1961,6,3,9
1961,2,1,3
1961,5,1,6
1961,8,4,12
1961,6,2,8
1961,9,3,12
1961,9,8,17
1961,8,10,18
1961,7,5,12
1961,3,1,4
1961,7,4,11
1961,8,7,15
1961,2,1,3
1961,2,10,12
1961,7,2,9
1961,7,1,8
1961,8,6,14
1961,3,2,5
1961,2,1,3
1961,4,3,7
1961,5,1,6
1961,4,1,5
1961,9,8,17
1961,5,11,16
1961,4,2,6
1961,7,0,7
1961,9,2,11
1961,5,4,9
1961,2,11,13
1961,5,2,7
1961,3,2,5
1961,3,2,5
1961,10,1,11
1961,6,3,9
1961,4,3,7
1961,6,3,9
1961,8,1,9
1961,6,3,9
1961,9,14,23
1961,6,1,7
1961,3,1,4
1961,4,2,6
1961,4,0,4
1961,2,1,3
1961,4,1,5
1961,5,2,7
1961,6,12,18
1961,6,5,11
1961,5,1,6
1961,4,1,5
1961,12,10,22
1961,3,0,3
1961,3,0,3
1961,5,10,15
1961,9,3,12
1961,9,3,12
1961,13,12,25
1961,6,5,11
1961,4,3,7
1961,7,10,17
1961,2,1,3
1961,8,5,13
1961,9,0,9
1961,5,3,8
1961,2,10,12
1961,7,2,9
1961,10,0,10
1961,5,3,8
1961,7,3,10
1961,7,2,9
1961,4,3,7
1961,5,3,8
1961,3,0,3
1961,4,3,7
1961,6,3,9
1961,6,2,8
1961,8,11,19
1961,5,4,9
1961,2,1,3
1961,6,2,8
1961,5,4,9
1961,3,15,18
1961,11,1,12
1961,4,1,5
1961,4,2,6
1961,9,2,11
1961,5,3,8
1961,5,1,6
1961,5,11,16
1961,5,3,8
1961,7,5,12
1961,7,5,12
1961,8,3,11
1961,3,2,5
1961,8,2,10
1961,8,6,14
1961,5,1,6
1961,6,4,10
1961,4,3,7
1961,5,4,9
1961,7,15,22
1961,5,4,9
1961,8,6,14
1961,4,0,4
1961,5,3,8
1961,12,11,23
1961,5,10,15
1961,6,12,18
1961,9,7,16
1961,5,4,9
1961,9,3,12
1961,4,1,5
1961,7,10,17
1961,4,13,17
1961,6,2,8
1961,6,1,7
1961,7,3,10
1961,6,3,9
1961,3,2,5
1961,6,3,9
1961,4,3,7
1961,7,4,11
1961,3,2,5
1961,9,8,17
1961,8,4,12
1961,5,3,8
1961,5,10,15
1961,4,3,7
1961,6,4,10
1961,3,1,4
1961,8,6,14
1961,1,0,1
1961,9,6,15
1961,8,10,18
1961,8,5,13
1961,6,5,11
1961,11,1,12
1961,5,3,8
1961,7,2,9
1961,7,6,13
1961,6,5,11
1961,6,3,9
1961,5,12,17
1961,9,5,14
1961,3,0,3
1961,5,16,21
1961,7,2,9
1961,3,2,5
1961,5,2,7
1961,5,12,17
1961,5,4,9
1961,5,3,8
1961,6,2,8
1961,7,7,14
1961,9,3,12
1961,8,3,11
1961,8,15,23
1961,3,1,4
1961,5,2,7
1961,6,2,8
1961,9,5,14
1961,8,7,15
1961,4,1,5
1961,4,2,6
1961,6,5,11
1961,2,10,12
1961,4,11,15
1961,8,2,10
1961,3,10,13
1961,4,0,4
1961,5,1,6
1961,6,10,16
1961,4,3,7
1961,8,11,19
1961,7,3,10
1961,13,1,14
1961,9,3,12
1961,6,4,10
1961,5,1,6
1961,7,6,13
1961,5,2,7
1961,4,3,7
1961,6,3,9
1961,6,12,18
1961,9,10,19
1961,8,7,15
1961,8,3,11
1961,8,5,13
1961,4,3,7
1961,4,13,17
1961,2,1,3
1961,7,6,13
1961,9,0,9
1961,5,0,5
1961,4,3,7
1961,5,3,8
1961,7,6,13
1961,3,2,5
1961,6,3,9
1961,5,1,6
1961,3,19,22
1961,3,2,5
1961,2,0,2
1961,5,12,17
1961,7,5,12
1961,6,4,10
1961,4,2,6
1961,6,5,11
1961,6,2,8
1961,4,3,7
1961,7,10,17
1961,6,10,16
1961,7,3,10
1961,6,2,8
1961,8,3,11
1961,8,3,11
1961,9,1,10
1961,6,2,8
1961,5,4,9
1961,4,0,4
1961,6,0,6
1961,3,2,5
1961,2,0,2
1961,3,0,3
1961,3,15,18
1961,5,1,6
1961,4,3,7
1961,10,1,11
1961,12,11,23
1961,7,6,13
1961,4,0,4
1961,3,2,5
1961,1,0,1
1961,6,2,8
1961,5,0,5
1961,9,3,12
1961,9,0,9
1961,4,2,6
1961,7,11,18
1961,4,1,5
1961,6,5,11
1961,3,14,17
1961,3,2,5
1961,3,0,3
1961,7,2,9
1961,6,4,10
1961,3,2,5
1961,3,2,5
1961,10,1,11
1961,4,3,7
1961,8,5,13
1961,9,7,16
1961,3,2,5
1961,8,0,8
1961,9,8,17
1961,8,5,13
1961,7,5,12
1961,9,8,17
1961,1,0,1
1961,6,3,9
1961,3,14,17
1961,5,4,9
1961,3,0,3
1961,9,6,15
1961,6,3,9
1961,6,1,7
1961,7,1,8
1961,3,2,5
1961,6,2,8
1961,4,3,7
1961,9,6,15
1961,7,2,9
1961,2,1,3
1961,6,3,9
1961,7,6,13
1961,6,1,7
1961,8,7,15
1961,7,5,12
1961,5,2,7
1961,7,5,12
1961,6,4,10
1961,2,1,3
1961,8,3,11
1961,9,7,16
1961,2,1,3
1961,9,8,17
1961,2,1,3
1961,6,5,11
1961,2,1,3
1961,7,2,9
1961,8,3,11
1961,4,12,16
1961,7,1,8
1961,2,1,3
1961,4,3,7
1961,5,3,8
1961,4,2,6
1961,7,5,12
1961,5,12,17
1961,11,1,12
1961,8,3,11
1961,12,11,23
1961,7,3,10
1961,9,1,10
1961,2,11,13
1961,4,3,7
1961,5,0,5
1961,4,1,5
1961,4,13,17
1961,7,4,11
1961,6,4,10
1961,7,10,17
1961,6,10,16
1961,8,5,13
1961,4,3,7
1961,8,12,20
1961,9,2,11
1961,8,7,15
1961,4,1,5
1961,8,3,11
1961,7,5,12
1961,5,3,8
1961,6,5,11
1961,8,3,11
1961,4,1,5
1961,9,8,17
1961,4,2,6
1961,6,0,6
1961,2,1,3
1961,8,5,13
1961,2,1,3
1961,3,2,5
1961,8,4,12
1961,2,12,14
1961,10,1,11
1961,12,11,23
1961,8,15,23
1961,5,1,6
1961,4,0,4
1961,6,10,16
1961,8,11,19
1961,3,2,5
1961,5,16,21
1961,4,3,7
1961,4,3,7
1961,5,3,8
1961,10,1,11
1961,9,11,20
1961,7,4,11
1961,4,11,15
1961,8,3,11
1961,7,6,13
1961,4,0,4
1961,6,5,11
1961,5,4,9
1961,5,4,9
1961,5,4,9
1961,5,2,7
1961,6,5,11
1961,2,11,13
1961,6,4,10
1961,17,14,31
1961,8,3,11
1961,10,0,10
1961,5,11,16
1961,4,11,15
1961,5,4,9
1961,2,1,3
1961,5,2,7
1961,9,3,12
1961,5,1,6
1961,6,5,11
1961,3,2,5
1961,5,4,9
1961,2,1,3
1961,2,0,2
1961,5,1,6
1961,12,0,12
1961,7,2,9
1961,7,16,23
1961,5,1,6
1961,9,2,11
1961,7,6,13
1961,5,12,17
1961,5,4,9
1961,9,10,19
1961,3,2,5
1961,5,2,7
1961,6,1,7
1961,8,3,11
1961,8,5,13
1961,3,2,5
1961,2,1,3
1961,5,2,7
1961,2,1,3
1961,4,3,7
1961,6,11,17
1961,2,0,2
1961,8,3,11
1961,4,3,7
1961,4,3,7
1961,6,10,16
1961,8,5,13
1961,6,2,8
1961,4,0,4
1961,8,5,13
1961,4,3,7
1961,6,4,10
1961,7,6,13
1961,5,4,9
1961,2,1,3
1961,8,3,11
1961,2,1,3
1961,5,4,9
1961,4,3,7
1961,5,4,9
1961,4,2,6
1961,9,8,17
1961,3,2,5
1961,5,4,9
1961,4,0,4
1961,4,0,4
1961,8,6,14
1961,5,3,8
1961,3,2,5
1961,4,0,4
1961,2,1,3
1961,5,2,7
1961,7,3,10
1961,4,3,7
1961,4,3,7
1961,7,2,9
1961,8,7,15
1961,4,2,6
1961,7,7,14
1961,4,2,6
1961,3,2,5
1961,3,2,5
1961,8,4,12
1961,4,3,7
1961,6,2,8
1961,6,0,6
1961,6,5,11
1961,5,12,17
1961,4,2,6
1961,3,0,3
1961,4,0,4
1961,5,2,7
1961,7,1,8
1961,8,6,14
1961,2,1,3
1961,4,3,7
1961,6,1,7
1961,19,0,19
1961,3,1,4
1961,3,0,3
1961,5,0,5
1961,5,4,9
1961,6,1,7
1961,4,2,6
1961,8,5,13
1961,2,1,3
1961,9,8,17
1961,4,2,6
1961,4,10,14
1961,8,3,11
1961,7,11,18
1961,7,6,13
1961,7,6,13
1961,2,1,3
1961,9,3,12
1961,7,0,7
1961,4,2,6
1961,1,0,1
1961,5,4,9
1961,3,2,5
1961,9,4,13
1961,3,2,5
1961,2,1,3
1961,9,5,14
1961,4,11,15
1961,7,6,13
1961,3,2,5
1961,4,3,7
1961,3,1,4
1961,3,2,5
1961,5,4,9
1961,5,4,9
1961,5,4,9
1961,4,1,5
1961,3,1,4
1961,5,1,6
1961,7,0,7
1961,6,5,11
1961,6,5,11
1961,3,0,3
1961,6,5,11
1961,7,3,10
1961,5,4,9
1961,2,10,12
1961,3,2,5
1961,8,1,9
1961,6,5,11
1961,2,1,3
1961,5,4,9
1961,8,2,10
1961,3,1,4
1961,8,3,11
1961,2,0,2
1961,5,0,5
1961,4,0,4
1961,6,5,11
1961,8,0,8
1961,3,2,5
1961,3,2,5
1961,3,1,4
1961,3,2,5
1961,6,3,9
1961,1,0,1
1961,3,2,5
1961,2,1,3
1961,2,1,3
1961,6,0,6
1961,4,2,6
1961,5,12,17
1961,8,3,11
1961,2,1,3
1961,3,0,3
1961,5,1,6
1961,3,17,20
1961,8,6,14
1961,4,0,4
1961,6,4,10
1961,5,1,6
1961,6,5,11
1961,9,3,12
1961,8,7,15
1961,8,0,8
1961,5,13,18
1961,8,3,11
1961,4,13,17
1961,8,1,9
1961,2,12,14
1961,9,4,13
1961,9,2,11
1961,5,0,5
1961,6,2,8
1961,8,3,11
1961,5,1,6
1961,6,5,11
1961,8,0,8
1961,2,0,2
1961,3,2,5
1961,5,2,7
1961,9,4,13
1961,4,1,5
1961,2,1,3
1961,3,2,5
1961,8,7,15
1961,9,5,14
1961,6,4,10
1961,8,2,10
1961,6,0,6
1961,8,0,8
1961,7,12,19
1961,2,1,3
1961,5,4,9
1961,4,3,7
1961,3,2,5
1961,4,11,15
1961,4,3,7
1961,4,3,7
1961,3,1,4
1961,7,6,13
1961,5,3,8
1961,2,0,2
1961,4,3,7
1961,2,1,3
1961,6,3,9
1961,5,1,6
1961,5,0,5
1961,3,1,4
1961,5,2,7
1961,4,1,5
1961,2,1,3
1961,3,2,5
1961,4,3,7
1961,3,1,4
1961,3,2,5
1961,3,2,5
1961,5,3,8
1961,5,3,8
1961,4,3,7
1961,5,0,5
1961,5,0,5
1961,1,0,1
1961,7,4,11
1961,6,0,6
1961,5,2,7
1961,6,1,7
1961,7,6,13
1961,5,3,8
1961,7,0,7
1961,9,7,16
1961,5,2,7
1961,7,4,11
1961,8,11,19
1961,9,3,12
1961,3,2,5
1961,4,3,7
1961,2,12,14
1961,5,3,8
1961,8,1,9
1961,3,2,5
1961,4,3,7
1961,6,0,6
1961,4,1,5
1961,5,4,9
1961,9,4,13
1961,4,0,4
1961,14,0,14
1961,4,2,6
1961,7,5,12
1961,8,6,14
1961,7,6,13
1961,8,7,15
1961,5,4,9
1961,3,0,3
1961,8,5,13
1961,6,0,6
1961,5,3,8
1961,6,4,10
1961,7,4,11
1961,6,1,7
1961,10,1,11
1961,3,2,5
1961,7,2,9
1961,3,0,3
1961,6,12,18
1961,5,2,7
1961,9,4,13
1961,9,4,13
1961,1,0,1
1961,7,3,10
1961,6,0,6
1961,5,10,15
1961,6,10,16
1961,5,1,6
1961,5,2,7
1961,7,4,11
1961,7,3,10
1961,8,5,13
1961,6,10,16
1961,9,3,12
1961,6,5,11
1961,8,3,11
1961,8,7,15
1961,8,3,11
1961,3,0,3
1961,11,10,21
1961,3,0,3
1961,7,3,10
1961,6,5,11
1961,6,0,6
1961,7,4,11
1961,10,1,11
1961,4,3,7
1961,8,1,9
1961,7,1,8
1961,5,4,9
1961,7,3,10
1961,2,1,3
1961,4,3,7
1961,8,4,12
1961,6,5,11
1961,6,5,11
1961,3,0,3
1961,7,6,13
1961,5,4,9
1961,4,3,7
1961,3,0,3
1961,6,4,10
1961,5,2,7
1961,7,4,11
1961,9,3,12
1961,4,11,15
1961,4,0,4
1961,2,1,3
1961,4,3,7
1961,3,1,4
1961,9,0,9
1961,6,1,7
1961,8,2,10
1961,3,17,20
1961,6,5,11
1961,5,4,9
1961,2,1,3
1961,2,1,3
1961,3,2,5
1961,5,4,9
1961,4,3,7
1961,6,4,10
1961,5,1,6
1961,4,3,7
1961,1,0,1
1961,8,4,12
1961,3,2,5
1961,5,1,6
1961,3,2,5
1961,6,0,6
1961,7,0,7
1961,6,3,9
1961,2,1,3
1961,4,0,4
1961,7,2,9
1961,7,4,11
1961,5,4,9
1961,7,12,19
1961,1,0,1
1961,6,5,11
1961,4,2,6
1961,5,4,9
1961,8,6,14
1961,8,5,13
1961,3,2,5
1961,8,1,9
1961,5,4,9
1961,4,1,5
1961,6,3,9
1961,4,1,5
1961,7,2,9
1961,6,2,8
1961,4,3,7
1961,7,13,20
1961,4,0,4
1961,9,5,14
1961,9,5,14
1961,5,3,8
1961,3,2,5
1961,5,0,5
1961,5,3,8
1961,9,4,13
1961,1,0,1
1961,9,5,14
1961,8,3,11
1961,7,3,10
1961,13,12,25
1961,4,2,6
1961,3,3,6
1961,5,4,9
1961,6,1,7
1961,5,2,7
1961,9,4,13
1961,6,2,8
1961,9,5,14
1961,6,3,9
1961,4,2,6
1961,1,0,1
1961,8,0,8
1961,5,11,16
1961,6,3,9
1961,8,4,12
1961,7,5,12
1961,7,3,10
1961,2,1,3
1961,4,2,6
1961,9,2,11
1961,4,1,5
1961,3,2,5
1961,6,4,10
1961,5,3,8
1961,2,1,3
1961,9,1,10
1961,7,3,10
1961,6,2,8
1961,3,1,4
1961,6,2,8
1961,4,3,7
1961,5,4,9
1961,6,2,8
1961,4,3,7
1961,8,7,15
1961,9,6,15
1961,3,2,5
1961,8,7,15
1961,6,14,20
1961,5,2,7
1961,13,1,14
1961,7,0,7
1961,4,3,7
1961,4,3,7
1961,7,6,13
1961,9,3,12
1961,7,1,8
1961,6,5,11
1961,5,2,7
1961,4,3,7
1961,4,1,5
1961,4,14,18
1961,4,3,7
1961,7,2,9
1961,3,1,4
1961,19,10,29
1961,3,0,3
1961,4,1,5
1961,5,1,6
1961,1,0,1
1961,5,0,5
1961,8,0,8
1961,8,2,10
1961,8,2,10
1961,4,2,6
1961,8,3,11
1961,4,3,7
1961,5,2,7
1961,7,6,13
1961,5,1,6
1961,3,1,4
1961,4,3,7
1961,8,7,15
1961,6,5,11
1961,3,2,5
1961,9,5,14
1961,3,2,5
1961,11,1,12
1961,4,2,6
1961,2,11,13
1961,5,1,6
1961,3,1,4
1961,5,4,9
1961,4,11,15
1961,3,2,5
1961,2,0,2
1961,4,10,14
1961,8,7,15
1961,6,3,9
1961,4,3,7
1961,3,0,3
1961,1,0,1
1961,8,1,9
1961,4,3,7
1961,4,0,4
1961,5,0,5
1961,5,3,8
1961,6,4,10
1961,4,3,7
1961,3,0,3
1961,8,2,10
1961,3,2,5
1961,5,3,8
1961,8,6,14
1961,3,2,5
1961,1,0,1
1961,3,1,4
1961,5,1,6
1961,10,1,11
1961,6,0,6
1961,6,2,8
1961,6,2,8
1961,7,3,10
1961,11,10,21
1961,3,0,3
1961,3,1,4
1961,4,2,6
1961,3,1,4
1961,3,2,5
1961,4,2,6
1961,6,3,9
1961,3,2,5
1961,7,4,11
1961,6,1,7
1961,5,3,8
1961,6,3,9
1961,8,6,14
1961,6,0,6
1961,4,3,7
1961,6,4,10
1961,6,3,9
1961,6,3,9
1961,8,3,11
1961,6,10,16
1961,9,5,14
1961,4,2,6
1961,6,4,10
1961,10,0,10
1961,6,3,9
1961,5,4,9
1961,8,5,13
1961,3,1,4
1961,8,7,15
1961,5,3,8
1961,5,12,17
1961,7,5,12
1961,4,1,5
1961,8,0,8
1961,4,2,6
1961,4,3,7
1961,8,7,15
1961,6,4,10
1961,6,3,9
1961,2,1,3
1961,2,10,12
1961,7,5,12
1961,7,5,12
1961,6,3,9
1961,8,5,13
1961,3,2,5
1961,7,3,10
1961,9,2,11
1961,3,2,5
1961,5,3,8
1961,8,0,8
1961,6,4,10
1961,5,2,7
1961,2,10,12
1961,8,6,14
1961,4,10,14
1961,3,2,5
1961,2,1,3
1961,5,3,8
1961,4,13,17
1961,5,12,17
1961,10,0,10
1961,7,4,11
1961,3,2,5
1961,2,0,2
1961,6,4,10
1961,6,4,10
1961,4,1,5
1961,2,1,3
1961,8,1,9
1961,4,3,7
1961,2,1,3
1961,5,4,9
1961,6,11,17
1961,6,4,10
1961,3,1,4
1961,2,12,14
1961,6,11,17
1961,8,2,10
1961,3,2,5
1961,8,5,13
1961,8,3,11
1961,8,2,10
1961,3,2,5
1961,1,0,1
1961,2,0,2
1961,3,1,4
1961,2,0,2
1961,6,2,8
1961,3,2,5
1961,7,0,7
1961,5,13,18
1962,4,12,16
1962,4,1,5
1962,4,0,4
1962,2,1,3
1962,2,11,13
1962,4,2,6
1962,6,3,9
1962,7,6,13
1962,6,0,6
1962,6,0,6
1962,4,0,4
1962,2,0,2
1962,8,0,8
1962,6,2,8
1962,3,1,4
1962,4,11,15
1962,1,0,1
1962,2,0,2
1962,9,5,14
1962,7,11,18
1962,8,4,12
1962,8,5,13
1962,5,2,7
1962,5,3,8
1962,5,12,17
1962,6,3,9
1962,4,3,7
1962,3,2,5
1962,7,2,9
1962,3,0,3
1962,7,4,11
1962,6,4,10
1962,5,11,16
1962,7,3,10
1962,5,4,9
1962,5,12,17
1962,6,2,8
1962,3,0,3
1962,6,13,19
1962,5,1,6
1962,5,4,9
1962,8,3,11
1962,6,3,9
1962,6,3,9
1962,7,2,9
1962,4,3,7
1962,6,5,11
1962,2,1,3
1962,6,12,18
1962,8,19,27
1962,8,3,11
1962,6,10,16
1962,5,0,5
1962,9,2,11
1962,5,3,8
1962,8,0,8
1962,5,2,7
1962,8,7,15
1962,1,0,1
1962,3,2,5
1962,14,0,14
1962,5,1,6
1962,3,2,5
1962,3,2,5
1962,6,4,10
1962,5,15,20
1962,4,3,7
1962,3,1,4
1962,9,5,14
1962,6,0,6
1962,4,3,7
1962,6,4,10
1962,3,10,13
1962,7,6,13
1962,9,4,13
1962,6,3,9
1962,7,4,11
1962,9,7,16
1962,5,4,9
1962,4,3,7
1962,9,6,15
1962,8,6,14
1962,3,1,4
1962,5,2,7
1962,4,1,5
1962,3,1,4
1962,8,4,12
1962,8,0,8
1962,3,0,3
1962,8,6,14
1962,7,1,8
1962,7,5,12
1962,6,4,10
1962,4,3,7
1962,5,0,5
1962,6,3,9
1962,7,5,12
1962,9,3,12
1962,4,3,7
1962,5,11,16
1962,5,1,6
1962,8,3,11
1962,4,1,5
1962,5,2,7
1962,9,1,10
1962,5,4,9
1962,4,1,5
1962,2,10,12
1962,7,3,10
1962,1,0,1
1962,4,3,7
1962,3,2,5
1962,2,1,3
1962,3,1,4
1962,7,3,10
1962,3,1,4
1962,7,1,8
1962,9,6,15
1962,7,1,8
1962,9,8,17
1962,5,5,10
1962,6,2,8
1962,7,2,9
1962,7,6,13
1962,8,3,11
1962,3,2,5
1962,8,7,15
1962,5,12,17
1962,7,11,18
1962,3,2,5
1962,6,4,10
1962,4,10,14
1962,7,4,11
1962,7,2,9
1962,4,13,17
1962,2,1,3
1962,5,14,19
1962,7,2,9
1962,9,11,20
1962,5,4,9
1962,3,14,17
1962,8,10,18
1962,7,6,13
1962,8,7,15
1962,7,6,13
1962,9,3,12
1962,3,2,5
1962,2,1,3
1962,8,6,14
1962,2,11,13
1962,5,4,9
1962,3,10,13
1962,2,1,3
1962,5,1,6
1962,8,4,12
1962,7,3,10
1962,6,13,19
1962,3,2,5
1962,8,3,11
1962,6,1,7
1962,1,0,1
1962,8,0,8
1962,2,10,12
1962,7,0,7
1962,6,0,6
1962,3,16,19
1962,4,3,7
1962,3,2,5
1962,6,11,17
1962,3,1,4
1962,6,4,10
1962,4,1,5
1962,6,1,7
1962,8,6,14
1962,3,2,5
1962,6,5,11
1962,8,3,11
1962,8,2,10
1962,4,2,6
1962,6,4,10
1962,2,1,3
1962,4,3,7
1962,8,12,20
1962,3,1,4
1962,6,5,11
1962,3,2,5
1962,4,1,5
1962,1,0,1
1962,6,4,10
1962,8,4,12
1962,9,8,17
1962,8,4,12
1962,4,0,4
1962,7,4,11
1962,6,13,19
1962,6,11,17
1962,3,2,5
1962,6,5,11
1962,5,4,9
1962,4,2,6
1962,7,4,11
1962,6,5,11
1962,5,4,9
1962,8,3,11
1962,8,12,20
1962,8,7,15
1962,6,18,24
1962,5,2,7
1962,2,0,2
1962,7,2,9
1962,6,5,11
1962,7,6,13
1962,2,1,3
1962,10,1,11
1962,3,2,5
1962,5,3,8
1962,7,3,10
1962,5,4,9
1962,3,0,3
1962,5,1,6
1962,7,15,22
1962,7,10,17
1962,3,2,5
1962,9,1,10
1962,4,2,6
1962,8,0,8
1962,7,5,12
1962,9,6,15
1962,3,1,4
1962,6,4,10
1962,9,6,15
1962,10,1,11
1962,6,3,9
1962,4,3,7
1962,6,3,9
1962,7,4,11
1962,9,2,11
1962,6,3,9
1962,2,1,3
1962,4,2,6
1962,4,1,5
1962,7,3,10
1962,9,3,12
1962,7,6,13
1962,5,2,7
1962,6,2,8
1962,6,4,10
1962,9,4,13
1962,4,3,7
1962,6,0,6
1962,3,1,4
1962,12,1,13
1962,2,12,14
1962,3,2,5
1962,7,1,8
1962,5,1,6
1962,7,0,7
1962,4,2,6
1962,5,3,8
1962,8,5,13
1962,8,5,13
1962,3,2,5
1962,9,8,17
1962,9,2,11
1962,9,6,15
1962,5,1,6
1962,11,0,11
1962,7,6,13
1962,5,4,9
1962,3,2,5
1962,8,7,15
1962,6,5,11
1962,3,2,5
1962,8,7,15
1962,8,5,13
1962,6,4,10
1962,6,4,10
1962,8,5,13
1962,6,5,11
1962,7,2,9
1962,6,15,21
1962,3,10,13
1962,3,2,5
1962,4,3,7
1962,7,1,8
1962,4,14,18
1962,4,3,7
1962,6,5,11
1962,4,2,6
1962,7,10,17
1962,6,5,11
1962,3,2,5
1962,5,4,9
1962,6,3,9
1962,3,1,4
1962,9,8,17
1962,3,1,4
1962,9,10,19
1962,8,4,12
1962,5,2,7
1962,6,5,11
1962,6,5,11
1962,6,0,6
1962,7,2,9
1962,6,4,10
1962,2,1,3
1962,5,4,9
1962,9,6,15
1962,7,2,9
1962,1,0,1
1962,8,4,12
1962,7,4,11
1962,9,2,11
1962,8,3,11
1962,5,2,7
1962,4,3,7
1962,8,11,19
1962,4,1,5
1962,3,2,5
1962,3,2,5
1962,6,5,11
1962,6,11,17
1962,9,3,12
1962,8,1,9
1962,6,5,11
1962,2,1,3
1962,7,5,12
1962,2,10,12
1962,8,4,12
1962,5,3,8
1962,1,0,1
1962,8,3,11
1962,8,3,11
1962,7,6,13
1962,8,6,14
1962,4,3,7
1962,7,6,13
1962,9,6,15
1962,4,3,7
1962,4,2,6
1962,6,4,10
1962,2,11,13
1962,8,2,10
1962,6,5,11
1962,7,4,11
1962,1,0,1
1962,7,5,12
1962,5,10,15
1962,7,3,10
1962,7,10,17
1962,3,2,5
1962,8,1,9
1962,8,4,12
1962,4,1,5
1962,5,3,8
1962,5,1,6
1962,4,1,5
1962,3,2,5
1962,5,1,6
1962,3,2,5
1962,2,1,3
1962,3,1,4
1962,6,2,8
1962,6,5,11
1962,6,1,7
1962,5,4,9
1962,2,0,2
1962,3,1,4
1962,4,2,6
1962,7,13,20
1962,7,10,17
1962,6,3,9
1962,7,2,9
1962,5,4,9
1962,7,5,12
1962,5,0,5
1962,4,2,6
1962,4,3,7
1962,9,4,13
1962,7,4,11
1962,5,2,7
1962,7,4,11
1962,9,5,14
1962,5,4,9
1962,2,1,3
1962,4,3,7
1962,5,4,9
1962,8,17,25
1962,5,4,9
1962,7,10,17
1962,8,11,19
1962,2,1,3
1962,6,12,18
1962,4,1,5
1962,6,11,17
1962,2,0,2
1962,8,7,15
1962,6,3,9
1962,2,1,3
1962,7,6,13
1962,4,3,7
1962,8,6,14
1962,4,2,6
1962,5,4,9
1962,8,6,14
1962,10,0,10
1962,7,2,9
1962,3,2,5
1962,6,3,9
1962,5,2,7
1962,2,1,3
1962,4,1,5
1962,5,1,6
1962,7,1,8
1962,6,5,11
1962,4,3,7
1962,5,3,8
1962,2,1,3
1962,9,6,15
1962,2,0,2
1962,5,1,6
1962,6,4,10
1962,3,0,3
1962,3,1,4
1962,9,11,20
1962,4,12,16
1962,2,1,3
1962,7,6,13
1962,8,5,13
1962,7,6,13
1962,7,0,7
1962,7,0,7
1962,8,6,14
1962,7,3,10
1962,6,3,9
1962,8,0,8
1962,5,2,7
1962,5,10,15
1962,4,0,4
1962,10,1,11
1962,5,4,9
1962,4,3,7
1962,4,3,7
1962,6,13,19
1962,6,5,11
1962,4,3,7
1962,5,2,7
1962,3,1,4
1962,4,3,7
1962,6,10,16
1962,5,13,18
1962,1,0,1
1962,7,4,11
1962,6,3,9
1962,2,1,3
1962,5,4,9
1962,3,2,5
1962,5,2,7
1962,7,1,8
1962,9,2,11
1962,6,2,8
1962,4,3,7
1962,7,0,7
1962,9,6,15
1962,4,11,15
1962,8,5,13
1962,8,4,12
1962,2,10,12
1962,4,11,15
1962,3,2,5
1962,5,3,8
1962,5,2,7
1962,6,1,7
1962,9,2,11
1962,4,1,5
1962,10,1,11
1962,6,4,10
1962,7,0,7
1962,9,2,11
1962,2,0,2
1962,6,3,9
1962,8,6,14
1962,6,3,9
1962,7,5,12
1962,6,4,10
1962,6,1,7
1962,7,5,12
1962,6,10,16
1962,3,10,13
1962,6,3,9
1962,6,5,11
1962,4,11,15
1962,7,1,8
1962,9,5,14
1962,4,3,7
1962,3,2,5
1962,8,3,11
1962,9,10,19
1962,2,1,3
1962,2,1,3
1962,3,2,5
1962,4,3,7
1962,6,3,9
1962,1,0,1
1962,7,0,7
1962,5,0,5
1962,2,0,2
1962,2,1,3
1962,5,3,8
1962,4,3,7
1962,5,12,17
1962,5,4,9
1962,4,3,7
1962,3,2,5
1962,8,4,12
1962,5,2,7
1962,4,0,4
1962,3,2,5
1962,8,2,10
1962,9,15,24
1962,4,3,7
1962,3,2,5
1962,3,10,13
1962,4,3,7
1962,7,1,8
1962,2,1,3
1962,1,0,1
1962,8,4,12
1962,7,6,13
1962,1,0,1
1962,14,10,24
1962,6,11,17
1962,5,1,6
1962,13,1,14
1962,8,1,9
1962,8,5,13
1962,4,3,7
1962,5,3,8
1962,7,3,10
1962,8,4,12
1962,4,2,6
1962,4,3,7
1962,9,3,12
1962,2,1,3
1962,5,4,9
1962,7,5,12
1962,9,2,11
1962,9,3,12
1962,9,7,16
1962,6,14,20
1962,6,5,11
1962,8,4,12
1962,7,11,18
1962,8,12,20
1962,3,2,5
1962,5,1,6
1962,7,2,9
1962,6,5,11
1962,3,13,16
1962,2,1,3
1962,5,4,9
1962,10,0,10
1962,6,1,7
1962,3,1,4
1962,5,3,8
1962,8,5,13
1962,4,3,7
1962,4,3,7
1962,2,1,3
1962,7,5,12
1962,3,2,5
1962,2,1,3
1962,7,5,12
1962,2,15,17
1962,2,1,3
1962,3,2,5
1962,4,0,4
1962,6,4,10
1962,5,0,5
1962,4,3,7
1962,4,2,6
1962,2,1,3
1962,6,1,7
1962,4,2,6
1962,4,1,5
1962,7,4,11
1962,6,3,9
1962,8,0,8
1962,2,10,12
1962,8,11,19
1962,5,4,9
1962,7,1,8
1962,4,3,7
1962,7,6,13
1962,3,0,3
1962,3,0,3
1962,6,1,7
1962,2,0,2
1962,5,1,6
1962,8,13,21
1962,9,8,17
1962,5,2,7
1962,8,3,11
1962,4,3,7
1962,9,10,19
1962,4,2,6
1962,6,2,8
1962,4,1,5
1962,6,3,9
1962,4,3,7
1962,2,1,3
1962,5,0,5
1962,4,3,7
1962,5,3,8
1962,6,5,11
1962,6,1,7
1962,6,3,9
1962,8,5,13
1962,5,0,5
1962,6,10,16
1962,6,2,8
1962,8,7,15
1962,4,3,7
1962,7,2,9
1962,7,3,10
1962,6,3,9
1962,4,3,7
1962,9,4,13
1962,1,0,1
1962,7,1,8
1962,6,5,11
1962,4,2,6
1962,3,1,4
1962,9,4,13
1962,4,2,6
1962,5,0,5
1962,7,4,11
1962,3,2,5
1962,6,5,11
1962,9,5,14
1962,2,1,3
1962,6,4,10
1962,5,1,6
1962,6,3,9
1962,3,0,3
1962,5,4,9
1962,5,1,6
1962,5,4,9
1962,9,4,13
1962,3,2,5
1962,5,4,9
1962,9,5,14
1962,3,0,3
1962,6,2,8
1962,3,1,4
1962,6,3,9
1962,3,1,4
1962,3,0,3
1962,2,1,3
1962,4,3,7
1962,5,1,6
1962,6,2,8
1962,7,5,12
1962,4,3,7
1962,3,2,5
1962,8,3,11
1962,2,0,2
1962,3,16,19
1962,7,3,10
1962,3,11,14
1962,7,5,12
1962,9,11,20
1962,5,3,8
1962,6,1,7
1962,5,3,8
1962,8,4,12
1962,5,4,9
1962,3,14,17
1962,5,0,5
1962,2,13,15
1962,9,1,10
1962,4,3,7
1962,4,2,6
1962,3,2,5
1962,8,5,13
1962,6,1,7
1962,5,2,7
1962,3,1,4
1962,4,2,6
1962,9,7,16
1962,12,10,22
1962,3,2,5
1962,7,6,13
1962,3,1,4
1962,5,1,6
1962,4,3,7
1962,8,4,12
1962,3,1,4
1962,6,4,10
1962,2,0,2
1962,6,4,10
1962,4,3,7
1962,3,13,16
1962,3,1,4
1962,1,0,1
1962,2,0,2
1962,3,15,18
1962,6,0,6
1962,3,1,4
1962,2,1,3
1962,5,0,5
1962,2,0,2
1962,6,4,10
1962,5,2,7
1962,6,5,11
1962,2,1,3
1962,3,1,4
1962,3,0,3
1962,4,0,4
1962,8,0,8
1962,4,0,4
1962,6,2,8
1962,7,3,10
1962,6,5,11
1962,6,3,9
1962,4,1,5
1962,6,0,6
1962,7,19,26
1962,7,2,9
1962,5,4,9
1962,4,2,6
1962,7,2,9
1962,7,10,17
1962,1,0,1
1962,9,3,12
1962,3,2,5
1962,4,0,4
1962,4,10,14
1962,4,0,4
1962,6,3,9
1962,4,3,7
1962,5,0,5
1962,6,3,9
1962,6,3,9
1962,7,4,11
1962,6,12,18
1962,7,0,7
1962,7,3,10
1962,5,0,5
1962,5,3,8
1962,5,3,8
1962,8,3,11
1962,7,17,24
1962,1,0,1
1962,3,2,5
1962,9,5,14
1962,5,4,9
1962,7,6,13
1962,6,1,7
1962,5,1,6
1962,1,0,1
1962,6,3,9
1962,5,12,17
1962,5,4,9
1962,7,2,9
1962,9,0,9
1962,4,3,7
1962,6,5,11
1962,4,3,7
1962,2,0,2
1962,2,1,3
1962,4,2,6
1962,5,1,6
1962,4,0,4
1962,8,4,12
1962,8,5,13
1962,7,3,10
1962,2,1,3
1962,4,3,7
1962,6,1,7
1962,5,4,9
1962,5,2,7
1962,8,7,15
1962,10,1,11
1962,6,5,11
1962,7,5,12
1962,8,4,12
1962,9,5,14
1962,7,3,10
1962,5,2,7
1962,8,6,14
1962,1,0,1
1962,6,2,8
1962,7,0,7
1962,4,3,7
1962,16,1,17
1962,7,3,10
1962,11,1,12
1962,7,3,10
1962,4,11,15
1962,3,10,13
1962,2,0,2
1962,4,2,6
1962,4,1,5
1962,5,4,9
1962,7,6,13
1962,5,0,5
1962,3,11,14
1962,5,3,8
1962,2,0,2
1962,5,3,8
1962,5,4,9
1962,9,12,21
1962,7,12,19
1962,7,5,12
1962,3,10,13
1962,6,2,8
1962,3,12,15
1962,2,1,3
1962,10,1,11
1962,5,3,8
1962,7,6,13
1962,9,8,17
1962,5,4,9
1962,6,3,9
1962,5,4,9
1962,3,2,5
1962,6,4,10
1962,3,10,13
1962,7,5,12
1962,5,3,8
1962,8,12,20
1962,12,11,23
1962,6,3,9
1962,8,4,12
1962,5,1,6
1962,3,2,5
1962,6,5,11
1962,5,4,9
1962,9,8,17
1962,15,1,16
1962,8,4,12
1962,6,5,11
1962,2,0,2
1962,6,1,7
1962,6,4,10
1962,3,2,5
1962,8,4,12
1962,5,4,9
1962,9,4,13
1962,5,4,9
1962,7,4,11
1962,8,6,14
1962,3,0,3
1962,5,3,8
1962,6,4,10
1962,3,10,13
1962,4,1,5
1962,1,0,1
1962,11,10,21
1962,5,2,7
1962,4,0,4
1962,6,0,6
1962,5,4,9
1962,3,2,5
1962,4,0,4
1962,4,3,7
1962,4,2,6
1962,6,3,9
1962,4,2,6
1962,9,8,17
1962,4,3,7
1962,2,0,2
1962,3,17,20
1962,6,5,11
1962,4,2,6
1962,5,3,8
1962,6,4,10
1962,6,5,11
1962,5,4,9
1962,4,1,5
1962,8,6,14
1962,3,11,14
1962,5,1,6
1962,4,10,14
1962,5,3,8
1962,5,0,5
1962,3,2,5
1962,5,3,8
1962,9,8,17
1962,9,1,10
1962,2,1,3
1962,3,2,5
1962,8,7,15
1962,3,1,4
1962,4,1,5
1962,3,0,3
1962,3,2,5
1962,5,2,7
1962,1,0,1
1962,1,0,1
1962,7,3,10
1962,7,5,12
1962,3,0,3
1962,8,2,10
1962,3,2,5
1962,1,0,1
1962,7,2,9
1962,4,3,7
1962,8,6,14
1962,4,12,16
1962,1,0,1
1962,6,5,11
1962,6,2,8
1962,3,2,5
1962,5,0,5
1962,3,14,17
1962,6,0,6
1962,2,1,3
1962,6,10,16
1962,4,3,7
1962,6,2,8
1962,7,3,10
1962,2,1,3
1962,8,0,8
1962,7,3,10
1962,5,1,6
1962,7,6,13
1962,5,4,9
1962,8,4,12
1962,8,2,10
1962,3,1,4
1962,4,3,7
1962,3,10,13
1962,8,5,13
1962,7,5,12
1962,3,2,5
1962,7,5,12
1962,3,2,5
1962,6,3,9
1962,5,0,5
1962,3,1,4
1962,5,3,8
1962,7,0,7
1962,7,3,10
1962,7,5,12
1962,4,0,4
1962,7,6,13
1962,4,3,7
1962,8,1,9
1962,7,6,13
1962,7,3,10
1962,6,13,19
1962,4,11,15
1962,4,3,7
1962,3,1,4
1962,3,11,14
1962,7,3,10
1962,8,6,14
1962,3,2,5
1962,8,3,11
1962,11,10,21
1962,5,2,7
1962,5,4,9
1962,5,3,8
1962,3,0,3
1962,5,1,6
1962,6,5,11
1962,8,1,9
1962,9,2,11
1962,5,3,8
1962,6,4,10
1962,3,1,4
1962,5,4,9
1962,3,2,5
1962,8,5,13
1962,4,3,7
1962,5,4,9
1962,5,3,8
1962,3,2,5
1962,6,0,6
1962,5,2,7
1962,6,13,19
1962,3,2,5
1962,5,4,9
1962,5,0,5
1962,7,6,13
1962,5,11,16
1962,4,2,6
1962,6,4,10
1962,5,2,7
1962,4,3,7
1962,5,3,8
1962,6,1,7
1962,3,13,16
1962,7,1,8
1962,3,2,5
1962,5,1,6
1962,7,5,12
1962,2,1,3
1962,4,3,7
1962,3,1,4
1962,4,3,7
1962,5,3,8
1962,4,1,5
1962,1,0,1
1962,6,5,11
1962,2,11,13
1962,14,1,15
1962,3,0,3
1962,7,1,8
1962,9,3,12
1962,5,2,7
1962,6,1,7
1962,8,6,14
1962,4,3,7
1962,9,2,11
1962,9,8,17
1962,9,1,10
1962,7,3,10
1962,4,2,6
1962,3,1,4
1962,8,6,14
1962,2,1,3
1962,3,2,5
1962,7,5,12
1962,7,6,13
1962,8,12,20
1962,11,1,12
1962,7,4,11
1962,6,2,8
1962,8,1,9
1962,6,5,11
1962,5,1,6
1962,4,2,6
1962,8,7,15
1962,5,3,8
1962,9,5,14
1962,3,1,4
1962,1,0,1
1962,5,1,6
1962,2,1,3
1962,8,4,12
1962,6,5,11
1962,9,1,10
1962,9,1,10
1962,3,0,3
1962,9,11,20
1962,3,2,5
1962,6,4,10
1962,5,2,7
1962,6,3,9
1962,7,4,11
1962,5,1,6
1962,5,4,9
1962,5,4,9
1962,5,3,8
1962,3,0,3
1962,9,4,13
1962,4,3,7
1962,6,3,9
1962,2,1,3
1962,2,10,12
1962,1,0,1
1962,7,4,11
1962,8,3,11
1962,8,6,14
1962,5,2,7
1962,8,3,11
1962,3,1,4
1962,5,3,8
1962,2,1,3
1962,8,3,11
1962,4,3,7
1962,5,3,8
1962,6,2,8
1962,7,3,10
1962,9,1,10
1962,3,2,5
1962,6,5,11
1962,2,0,2
1962,7,2,9
1962,2,0,2
1962,5,4,9
1962,3,2,5
1962,3,2,5
1962,5,2,7
1962,8,3,11
1962,5,2,7
1962,4,3,7
1962,4,2,6
1962,8,1,9
1962,5,2,7
1962,6,3,9
1962,2,1,3
1962,7,4,11
1962,7,4,11
1962,5,2,7
1962,5,4,9
1962,6,5,11
1962,1,0,1
1962,2,1,3
1962,4,1,5
1962,5,4,9
1962,9,2,11
1962,1,0,1
1962,3,1,4
1962,4,0,4
1962,4,2,6
1962,3,0,3
1962,7,5,12
1962,4,1,5
1962,14,1,15
1962,5,0,5
1962,4,2,6
1962,3,10,13
1962,6,0,6
1962,5,1,6
1962,7,5,12
1962,4,0,4
1962,4,3,7
1962,3,1,4
1962,4,12,16
1962,3,2,5
1962,4,3,7
1962,2,0,2
1962,5,2,7
1962,6,5,11
1962,3,10,13
1962,4,0,4
1962,6,0,6
1962,7,3,10
1962,12,10,22
1962,8,3,11
1962,1,0,1
1962,7,1,8
1962,8,5,13
1962,7,6,13
1962,8,4,12
1962,7,6,13
1962,3,1,4
1962,1,0,1
1962,8,0,8
1962,2,11,13
1962,7,4,11
1962,3,0,3
1962,3,0,3
1962,7,3,10
1962,6,10,16
1962,2,1,3
1962,3,1,4
1962,2,11,13
1962,3,0,3
1962,7,2,9
1962,3,2,5
1962,5,4,9
1962,3,11,14
1962,9,2,11
1962,4,1,5
1962,5,4,9
1962,8,4,12
1962,8,5,13
1962,1,0,1
1962,5,3,8
1962,2,0,2
1962,5,1,6
1962,7,3,10
1962,9,7,16
1962,5,3,8
1962,2,10,12
1962,2,11,13
1962,3,2,5
1962,5,1,6
1962,6,4,10
1962,9,2,11
1962,5,4,9
1962,9,0,9
1962,13,10,23
1962,5,4,9
1962,4,3,7
1962,6,5,11
1962,2,1,3
1962,9,5,14
1962,5,2,7
1962,3,1,4
1962,2,1,3
1962,7,5,12
1962,4,3,7
1962,2,10,12
1962,3,2,5
1962,3,1,4
1962,3,1,4
1962,8,4,12
1962,5,4,9
1962,9,3,12
1962,9,3,12
1962,8,7,15
1962,6,3,9
1962,6,0,6
1962,7,1,8
1962,6,11,17
1962,3,1,4
1962,4,2,6
1962,9,8,17
1962,7,3,10
1962,5,2,7
1962,2,0,2
1962,6,2,8
1962,3,2,5
1962,7,2,9
1962,4,3,7
1962,3,2,5
1962,7,3,10
1962,9,4,13
1962,6,4,10
1962,9,1,10
1962,4,3,7
1962,2,0,2
1962,12,1,13
1962,2,1,3
1962,6,5,11
1962,5,4,9
1962,7,11,18
1962,2,0,2
1962,4,12,16
1962,6,4,10
1962,7,4,11
1962,10,0,10
1962,5,2,7
1962,6,5,11
1962,5,11,16
1962,8,3,11
1962,5,1,6
1962,4,3,7
1962,7,21,28
1962,5,2,7
1962,4,2,6
1962,7,4,11
1962,8,13,21
1962,5,10,15
1962,3,2,5
1962,7,3,10
1962,7,3,10
1962,6,4,10
1962,9,4,13
1962,2,0,2
1962,6,3,9
1962,7,1,8
1962,9,1,10
1962,2,0,2
1962,10,1,11
1962,6,11,17
1962,4,11,15
1962,5,2,7
1962,6,5,11
1962,8,6,14
1962,5,4,9
1962,5,3,8
1962,7,4,11
1962,7,6,13
1962,9,5,14
1962,7,3,10
1962,4,2,6
1962,4,3,7
1962,8,8,16
1962,6,4,10
1962,5,4,9
1962,5,1,6
1962,3,0,3
1962,3,14,17
1962,8,5,13
1962,8,2,10
1962,5,4,9
1962,6,4,10
1962,6,0,6
1962,3,2,5
1962,2,1,3
1962,4,2,6
1962,4,0,4
1962,6,2,8
1962,2,14,16
1962,7,2,9
1962,4,2,6
1962,3,0,3
1962,11,1,12
1962,7,1,8
1962,12,1,13
1962,6,3,9
1962,6,0,6
1962,8,6,14
1962,4,3,7
1962,10,1,11
1962,7,6,13
1962,8,6,14
1962,7,5,12
1962,9,2,11
1962,3,1,4
1962,8,2,10
1962,6,1,7
1962,3,2,5
1962,4,0,4
1962,2,1,3
1962,4,1,5
1962,2,1,3
1962,6,4,10
1962,5,10,15
1962,4,0,4
1962,5,3,8
1962,5,2,7
1962,4,0,4
1962,1,0,1
1962,5,16,21
1962,7,4,11
1962,6,5,11
1962,7,6,13
1962,7,4,11
1962,5,0,5
1962,7,0,7
1962,2,0,2
1962,5,10,15
1962,8,1,9
1962,2,1,3
1962,2,0,2
1962,10,1,11
1962,7,6,13
1962,4,3,7
1962,4,2,6
1962,4,0,4
1962,5,3,8
1962,6,0,6
1962,2,1,3
1962,3,2,5
1962,9,5,14
1962,3,2,5
1962,5,2,7
1962,3,10,13
1962,3,2,5
1962,9,3,12
1962,3,2,5
1962,5,4,9
1962,5,4,9
1962,8,7,15
1962,5,3,8
1962,3,2,5
1962,7,5,12
1962,9,6,15
1962,5,2,7
1962,8,3,11
1962,5,1,6
1962,3,2,5
1962,2,10,12
1962,4,2,6
1962,6,3,9
1962,4,2,6
1962,5,4,9
1962,4,3,7
1962,8,2,10
1962,2,1,3
1962,5,3,8
1962,3,1,4
1962,7,6,13
1962,5,10,15
1962,5,10,15
1962,3,2,5
1962,5,2,7
1962,3,1,4
1962,4,1,5
1962,2,1,3
1962,8,10,18
1962,8,0,8
1962,2,1,3
1962,6,4,10
1962,4,3,7
1962,4,2,6
1962,1,0,1
1962,4,1,5
1962,8,5,13
1962,3,1,4
1962,4,3,7
1962,6,5,11
1962,3,2,5
1962,5,3,8
1962,7,3,10
1962,3,0,3
1962,8,2,10
1962,6,5,11
1962,2,0,2
1962,5,4,9
1962,6,2,8
1962,5,2,7
1962,9,3,12
1962,4,3,7
1962,7,2,9
1962,3,2,5
1962,4,1,5
1962,5,4,9
1962,9,6,15
1962,7,6,13
1962,5,1,6
1962,7,1,8
1962,5,2,7
1962,6,0,6
1962,4,12,16
1962,2,1,3
1962,7,5,12
1962,3,10,13
1962,5,3,8
1962,3,0,3
1962,1,0,1
1962,9,7,16
1962,3,0,3
1962,4,3,7
1962,9,6,15
1962,6,5,11
1962,7,1,8
1962,5,4,9
1962,7,2,9
1962,6,5,11
1962,2,1,3
1962,6,4,10
1962,4,2,6
1962,10,1,11
1962,4,3,7
1962,5,4,9
1962,6,5,11
1962,2,1,3
1962,6,3,9
1962,5,4,9
1962,3,2,5
1962,9,2,11
1962,4,3,7
1962,6,5,11
1962,6,1,7
1962,6,4,10
1962,6,1,7
1962,7,2,9
1962,4,3,7
1962,4,3,7
1962,3,2,5
1962,5,3,8
1962,7,12,19
1962,9,10,19
1962,7,7,14
1962,5,3,8
1962,4,2,6
1962,9,3,12
1962,5,4,9
1962,5,4,9
1962,2,1,3
1962,4,3,7
1962,3,1,4
1962,8,1,9
1962,5,0,5
1962,5,2,7
1962,4,1,5
1962,4,3,7
1962,3,0,3
1962,8,7,15
1962,3,1,4
1962,9,0,9
1962,2,0,2
1962,6,2,8
1962,2,1,3
1962,4,1,5
1962,5,2,7
1962,8,6,14
1962,6,2,8
1962,1,0,1
1962,4,1,5
1962,2,1,3
1962,9,0,9
1962,7,1,8
1962,7,2,9
1962,6,14,20
1962,5,4,9
1962,5,1,6
1962,2,1,3
1962,4,1,5
1962,7,13,20
1962,3,2,5
1962,11,1,12
1962,3,1,4
1962,9,10,19
1962,2,1,3
1962,5,1,6
1962,2,0,2
1962,9,6,15
1962,6,4,10
1962,4,3,7
1962,5,4,9
1962,7,3,10
1962,2,12,14
1962,9,8,17
1962,9,6,15
1962,5,4,9
1962,5,1,6
1962,3,1,4
1962,4,3,7
1962,5,0,5
1962,5,12,17
1962,4,2,6
1962,4,3,7
1962,5,4,9
1962,8,2,10
1962,3,1,4
1962,6,4,10
1962,7,4,11
1962,8,4,12
1962,2,1,3
1962,5,2,7
1962,5,10,15
1962,4,3,7
1962,6,1,7
1962,5,2,7
1962,2,1,3
1962,5,10,15
1962,6,2,8
1962,8,6,14
1962,7,4,11
1962,7,1,8
1962,3,2,5
1962,9,10,19
1962,9,4,13
1962,5,12,17
1962,4,0,4
1962,4,3,7
1962,1,0,1
1962,7,4,11
1962,8,5,13
1962,6,4,10
1962,5,2,7
1962,5,1,6
1962,7,2,9
1962,5,4,9
1962,3,1,4
1962,4,1,5
1962,4,3,7
1962,5,4,9
1962,3,2,5
1962,7,6,13
1962,5,11,16
1962,6,1,7
1962,9,6,15
1962,4,1,5
1962,8,6,14
1962,7,3,10
1962,2,11,13
1962,4,1,5
1962,5,3,8
1962,6,2,8
1962,6,5,11
1962,5,2,7
1962,6,4,10
1962,9,2,11
1962,2,1,3
1962,2,0,2
1962,4,1,5
1962,4,3,7
1962,9,2,11
1962,5,1,6
1962,3,10,13
1962,3,1,4
1962,5,11,16
1962,2,1,3
1962,4,2,6
1962,3,10,13
1962,2,12,14
1962,5,2,7
1962,4,0,4
1962,2,1,3
1962,5,1,6
1962,3,2,5
1962,3,2,5
1962,7,3,10
1962,8,3,11
1962,4,2,6
1962,3,0,3
1962,6,2,8
1962,9,3,12
1962,6,5,11
1962,1,0,1
1962,8,5,13
1962,13,1,14
1962,6,3,9
1962,9,5,14
1962,6,3,9
1962,7,0,7
1962,8,6,14
1962,7,4,11
1962,3,2,5
1962,7,3,10
1962,7,3,10
1962,3,2,5
1962,5,11,16
1962,8,2,10
1962,7,3,10
1962,2,1,3
1962,4,1,5
1962,5,1,6
1962,3,2,5
1962,2,0,2
1962,8,4,12
1962,7,3,10
1962,8,6,14
1962,5,11,16
1962,4,2,6
1962,3,1,4
1962,3,1,4
1962,5,1,6
1962,4,0,4
1962,4,3,7
1962,6,1,7
1962,6,1,7
1962,1,0,1
1962,1,0,1
1962,4,3,7
1962,8,4,12
1962,2,1,3
1962,8,0,8
1962,8,7,15
1962,6,4,10
1962,6,2,8
1962,2,0,2
1962,3,2,5
1962,7,3,10
1962,5,3,8
1962,5,2,7
1962,1,0,1
1963,5,2,7
1963,3,1,4
1963,5,1,6
1963,7,5,12
1963,9,2,11
1963,8,2,10
1963,4,1,5
1963,5,4,9
1963,7,0,7
1963,2,1,3
1963,3,2,5
1963,3,2,5
1963,2,1,3
1963,2,1,3
1963,8,7,15
1963,5,3,8
1963,4,1,5
1963,5,3,8
1963,4,0,4
1963,7,10,17
1963,3,2,5
1963,2,0,2
1963,6,1,7
1963,7,1,8
1963,3,1,4
1963,6,1,7
1963,4,1,5
1963,8,0,8
1963,2,1,3
1963,6,0,6
1963,2,1,3
1963,4,12,16
1963,4,1,5
1963,3,1,4
1963,3,2,5
1963,1,0,1
1963,5,2,7
1963,6,1,7
1963,7,0,7
1963,3,0,3
1963,3,1,4
1963,1,0,1
1963,6,0,6
1963,5,4,9
1963,5,4,9
1963,1,0,1
1963,5,1,6
1963,4,3,7
1963,5,4,9
1963,7,6,13
1963,4,3,7
1963,6,1,7
1963,7,4,11
1963,7,4,11
1963,3,0,3
1963,2,1,3
1963,11,10,21
1963,8,0,8
1963,7,2,9
1963,7,0,7
1963,4,3,7
1963,5,4,9
1963,5,0,5
1963,1,0,1
1963,4,0,4
1963,6,5,11
1963,4,2,6
1963,2,1,3
1963,7,3,10
1963,3,0,3
1963,5,1,6
1963,3,0,3
1963,6,5,11
1963,6,3,9
1963,3,2,5
1963,8,5,13
1963,3,1,4
1963,5,1,6
1963,3,1,4
1963,3,2,5
1963,3,2,5
1963,2,0,2
1963,5,4,9
1963,5,1,6
1963,5,1,6
1963,8,4,12
1963,8,1,9
1963,4,3,7
1963,7,10,17
1963,7,4,11
1963,9,6,15
1963,3,1,4
1963,6,2,8
1963,4,2,6
1963,4,0,4
1963,7,1,8
1963,7,0,7
1963,2,0,2
1963,5,2,7
1963,7,0,7
1963,8,0,8
1963,6,2,8
1963,3,11,14
1963,6,5,11
1963,8,5,13
1963,9,2,11
1963,4,3,7
1963,5,10,15
1963,8,3,11
1963,4,1,5
1963,3,2,5
1963,7,6,13
1963,5,2,7
1963,6,5,11
1963,2,10,12
1963,8,6,14
1963,2,0,2
1963,7,4,11
1963,4,1,5
1963,1,0,1
1963,15,0,15
1963,3,1,4
1963,2,1,3
1963,7,2,9
1963,4,2,6
1963,5,4,9
1963,5,0,5
1963,2,0,2
1963,2,0,2
1963,4,3,7
1963,4,3,7
1963,7,0,7
1963,6,4,10
1963,6,4,10
1963,4,3,7
1963,6,4,10
1963,3,2,5
1963,3,2,5
1963,7,5,12
1963,7,5,12
1963,7,1,8
1963,8,4,12
1963,3,0,3
1963,4,3,7
1963,5,2,7
1963,7,5,12
1963,2,0,2
1963,8,7,15
1963,5,2,7
1963,9,2,11
1963,12,10,22
1963,6,0,6
1963,4,2,6
1963,9,5,14
1963,4,2,6
1963,9,3,12
1963,1,0,1
1963,3,0,3
1963,8,1,9
1963,2,1,3
1963,6,5,11
1963,7,3,10
1963,3,2,5
1963,4,3,7
1963,6,2,8
1963,4,1,5
1963,4,0,4
1963,3,2,5
1963,9,5,14
1963,5,0,5
1963,3,2,5
1963,3,1,4
1963,6,5,11
1963,9,3,12
1963,8,13,21
1963,4,2,6
1963,4,3,7
1963,6,3,9
1963,8,1,9
1963,2,1,3
1963,7,0,7
1963,6,4,10
1963,4,3,7
1963,4,1,5
1963,3,11,14
1963,5,3,8
1963,5,14,19
1963,5,1,6
1963,8,13,21
1963,8,7,15
1963,8,0,8
1963,9,4,13
1963,6,15,21
1963,7,0,7
1963,3,10,13
1963,3,2,5
1963,2,1,3
1963,4,3,7
1963,5,2,7
1963,6,0,6
1963,8,5,13
1963,3,1,4
1963,2,1,3
1963,4,3,7
1963,7,10,17
1963,5,3,8
1963,4,3,7
1963,2,13,15
1963,8,1,9
1963,6,0,6
1963,8,4,12
1963,3,14,17
1963,6,0,6
1963,3,2,5
1963,7,5,12
1963,4,17,21
1963,7,0,7
1963,5,0,5
1963,8,0,8
1963,8,7,15
1963,5,4,9
1963,7,4,11
1963,4,12,16
1963,3,2,5
1963,4,3,7
1963,4,1,5
1963,3,2,5
1963,6,3,9
1963,4,2,6
1963,6,5,11
1963,6,2,8
1963,7,3,10
1963,3,10,13
1963,5,1,6
1963,5,4,9
1963,7,4,11
1963,5,1,6
1963,5,4,9
1963,3,2,5
1963,6,2,8
1963,2,1,3
1963,2,0,2
1963,5,2,7
1963,3,1,4
1963,11,1,12
1963,7,3,10
1963,4,10,14
1963,9,5,14
1963,3,2,5
1963,7,6,13
1963,8,3,11
1963,4,3,7
1963,5,12,17
1963,3,2,5
1963,5,11,16
1963,6,3,9
1963,4,1,5
1963,2,0,2
1963,3,1,4
1963,3,13,16
1963,8,2,10
1963,3,2,5
1963,7,10,17
1963,6,0,6
1963,6,3,9
1963,6,3,9
1963,2,0,2
1963,14,0,14
1963,4,1,5
1963,2,1,3
1963,2,0,2
1963,3,2,5
1963,4,1,5
1963,1,0,1
1963,13,1,14
1963,4,2,6
1963,6,5,11
1963,5,3,8
1963,1,0,1
1963,8,0,8
1963,5,1,6
1963,4,2,6
1963,8,5,13
1963,3,2,5
1963,2,0,2
1963,3,2,5
1963,4,1,5
1963,2,14,16
1963,7,6,13
1963,9,3,12
1963,2,1,3
1963,6,5,11
1963,2,1,3
1963,3,0,3
1963,13,12,25
1963,4,3,7
1963,6,5,11
1963,2,1,3
1963,4,3,7
1963,8,5,13
1963,7,3,10
1963,4,2,6
1963,3,0,3
1963,2,1,3
1963,5,2,7
1963,4,3,7
1963,5,1,6
1963,4,3,7
1963,2,1,3
1963,3,1,4
1963,6,1,7
1963,9,3,12
1963,7,6,13
1963,7,4,11
1963,2,10,12
1963,1,0,1
1963,7,4,11
1963,3,2,5
1963,9,3,12
1963,4,3,7
1963,4,3,7
1963,7,1,8
1963,9,1,10
1963,3,0,3
1963,2,0,2
1963,5,4,9
1963,5,2,7
1963,1,0,1
1963,5,2,7
1963,6,5,11
1963,2,0,2
1963,4,11,15
1963,4,1,5
1963,9,3,12
1963,4,3,7
1963,4,3,7
1963,2,11,13
1963,2,1,3
1963,6,10,16
1963,8,1,9
1963,3,2,5
1963,6,4,10
1963,4,0,4
1963,9,7,16
1963,6,3,9
1963,7,5,12
1963,4,3,7
1963,4,3,7
1963,7,3,10
1963,9,7,16
1963,3,2,5
1963,8,2,10
1963,6,4,10
1963,7,6,13
1963,5,0,5
1963,1,0,1
1963,4,2,6
1963,6,2,8
1963,4,10,14
1963,3,0,3
1963,6,5,11
1963,6,10,16
1963,5,1,6
1963,6,0,6
1963,6,5,11
1963,7,5,12
1963,2,0,2
1963,5,4,9
1963,4,2,6
1963,8,2,10
1963,5,4,9
1963,6,5,11
1963,4,2,6
1963,2,0,2
1963,7,4,11
1963,3,2,5
1963,4,3,7
1963,2,1,3
1963,3,1,4
1963,7,6,13
1963,7,6,13
1963,4,3,7
1963,7,3,10
1963,8,7,15
1963,2,10,12
1963,9,3,12
1963,6,0,6
1963,1,0,1
1963,2,0,2
1963,6,5,11
1963,5,1,6
1963,7,4,11
1963,5,2,7
1963,3,1,4
1963,8,6,14
1963,7,2,9
1963,5,3,8
1963,7,1,8
1963,4,10,14
1963,4,1,5
1963,5,2,7
1963,6,4,10
1963,5,2,7
1963,9,2,11
1963,6,0,6
1963,1,0,1
1963,5,1,6
1963,6,2,8
1963,6,3,9
1963,5,1,6
1963,4,10,14
1963,3,0,3
1963,6,10,16
1963,6,1,7
1963,3,12,15
1963,6,5,11
1963,6,4,10
1963,5,2,7
1963,5,2,7
1963,7,1,8
1963,7,6,13
1963,4,3,7
1963,7,4,11
1963,3,2,5
1963,6,11,17
1963,3,2,5
1963,6,10,16
1963,4,2,6
1963,3,1,4
1963,6,3,9
1963,7,0,7
1963,5,2,7
1963,5,1,6
1963,8,7,15
1963,5,4,9
1963,5,4,9
1963,4,2,6
1963,10,1,11
1963,3,3,6
1963,3,2,5
1963,6,5,11
1963,8,4,12
1963,4,2,6
1963,5,4,9
1963,7,2,9
1963,3,0,3
1963,3,2,5
1963,7,4,11
1963,12,0,12
1963,2,1,3
1963,7,1,8
1963,6,5,11
1963,9,5,14
1963,6,0,6
1963,7,4,11
1963,4,0,4
1963,9,3,12
1963,7,4,11
1963,3,1,4
1963,3,2,5
1963,2,0,2
1963,2,1,3
1963,6,5,11
1963,3,1,4
1963,1,0,1
1963,5,2,7
1963,9,1,10
1963,7,1,8
1963,7,1,8
1963,4,1,5
1963,10,1,11
1963,2,0,2
1963,7,4,11
1963,9,11,20
1963,10,0,10
1963,5,2,7
1963,5,0,5
1963,7,2,9
1963,6,4,10
1963,8,2,10
1963,7,6,13
1963,3,1,4
1963,2,1,3
1963,4,3,7
1963,5,2,7
1963,3,2,5
1963,6,4,10
1963,2,1,3
1963,4,1,5
1963,4,0,4
1963,3,1,4
1963,6,1,7
1963,6,4,10
1963,2,1,3
1963,5,0,5
1963,1,0,1
1963,3,2,5
1963,1,0,1
1963,4,3,7
1963,9,5,14
1963,5,4,9
1963,5,4,9
1963,5,1,6
1963,4,0,4
1963,3,0,3
1963,8,2,10
1963,9,11,20
1963,6,0,6
1963,5,4,9
1963,4,3,7
1963,4,2,6
1963,3,2,5
1963,5,4,9
1963,7,5,12
1963,5,10,15
1963,2,1,3
1963,4,1,5
1963,8,4,12
1963,2,1,3
1963,7,1,8
1963,6,1,7
1963,3,2,5
1963,9,5,14
1963,8,1,9
1963,7,1,8
1963,9,5,14
1963,8,4,12
1963,2,1,3
1963,7,6,13
1963,9,3,12
1963,4,0,4
1963,1,0,1
1963,6,4,10
1963,6,1,7
1963,3,2,5
1963,8,11,19
1963,6,2,8
1963,3,0,3
1963,4,3,7
1963,4,2,6
1963,8,7,15
1963,4,10,14
1963,8,7,15
1963,3,1,4
1963,4,0,4
1963,5,3,8
1963,7,3,10
1963,3,2,5
1963,6,1,7
1963,3,2,5
1963,3,13,16
1963,7,3,10
1963,3,2,5
1963,6,2,8
1963,7,0,7
1963,1,0,1
1963,9,5,14
1963,8,6,14
1963,7,3,10
1963,6,2,8
1963,5,2,7
1963,3,0,3
1963,8,3,11
1963,8,7,15
1963,3,1,4
1963,5,3,8
1963,3,1,4
1963,5,0,5
1963,3,0,3
1963,6,12,18
1963,9,1,10
1963,4,12,16
1963,8,1,9
1963,9,0,9
1963,3,2,5
1963,3,1,4
1963,6,2,8
1963,7,5,12
1963,4,2,6
1963,5,3,8
1963,3,0,3
1963,6,3,9
1963,5,4,9
1963,2,1,3
1963,7,3,10
1963,5,1,6
1963,3,2,5
1963,3,10,13
1963,5,2,7
1963,3,2,5
1963,4,1,5
1963,3,2,5
1963,3,0,3
1963,4,2,6
1963,2,1,3
1963,5,2,7
1963,4,3,7
1963,4,1,5
1963,4,0,4
1963,4,1,5
1963,9,6,15
1963,5,3,8
1963,9,2,11
1963,1,0,1
1963,8,1,9
1963,5,12,17
1963,2,1,3
1963,3,2,5
1963,5,11,16
1963,3,10,13
1963,4,2,6
1963,6,4,10
1963,8,3,11
1963,2,0,2
1963,5,3,8
1963,5,4,9
1963,5,3,8
1963,7,4,11
1963,4,0,4
1963,6,3,9
1963,3,0,3
1963,4,3,7
1963,4,3,7
1963,7,11,18
1963,7,2,9
1963,4,2,6
1963,1,0,1
1963,9,3,12
1963,2,0,2
1963,8,1,9
1963,9,0,9
1963,3,1,4
1963,2,1,3
1963,7,3,10
1963,2,1,3
1963,5,3,8
1963,7,5,12
1963,5,10,15
1963,9,3,12
1963,6,2,8
1963,9,2,11
1963,9,1,10
1963,6,5,11
1963,5,4,9
1963,6,2,8
1963,4,2,6
1963,4,3,7
1963,4,12,16
1963,6,2,8
1963,3,2,5
1963,8,3,11
1963,9,4,13
1963,8,3,11
1963,5,0,5
1963,11,1,12
1963,8,11,19
1963,9,4,13
1963,2,1,3
1963,5,4,9
1963,7,4,11
1963,6,5,11
1963,3,0,3
1963,2,0,2
1963,6,4,10
1963,1,0,1
1963,5,2,7
1963,2,10,12
1963,6,3,9
1963,3,1,4
1963,5,3,8
1963,6,5,11
1963,3,2,5
1963,3,0,3
1963,3,0,3
1963,2,1,3
1963,3,2,5
1963,9,4,13
1963,3,1,4
1963,3,0,3
1963,2,0,2
1963,2,1,3
1963,8,0,8
1963,7,6,13
1963,4,0,4
1963,8,1,9
1963,2,1,3
1963,2,0,2
1963,2,11,13
1963,4,0,4
1963,4,1,5
1963,4,10,14
1963,5,0,5
1963,4,1,5
1963,4,3,7
1963,7,5,12
1963,5,2,7
1963,5,4,9
1963,6,3,9
1963,3,2,5
1963,6,4,10
1963,3,0,3
1963,4,3,7
1963,4,1,5
1963,3,2,5
1963,2,1,3
1963,4,1,5
1963,8,4,12
1963,10,0,10
1963,1,0,1
1963,4,0,4
1963,4,1,5
1963,5,4,9
1963,6,5,11
1963,6,5,11
1963,3,2,5
1963,5,2,7
1963,3,1,4
1963,3,2,5
1963,6,1,7
1963,7,2,9
1963,8,6,14
1963,6,2,8
1963,6,5,11
1963,6,4,10
1963,6,0,6
1963,4,2,6
1963,6,10,16
1963,4,13,17
1963,2,1,3
1963,4,3,7
1963,8,3,11
1963,8,3,11
1963,9,2,11
1963,1,0,1
1963,4,3,7
1963,4,3,7
1963,3,1,4
1963,7,3,10
1963,4,11,15
1963,3,10,13
1963,3,2,5
1963,5,2,7
1963,7,4,11
1963,2,1,3
1963,6,5,11
1963,2,0,2
1963,4,3,7
1963,7,3,10
1963,3,1,4
1963,4,3,7
1963,8,4,12
1963,4,0,4
1963,6,5,11
1963,1,0,1
1963,7,0,7
1963,4,2,6
1963,4,11,15
1963,3,2,5
1963,3,0,3
1963,7,3,10
1963,6,2,8
1963,6,4,10
1963,4,3,7
1963,2,1,3
1963,7,5,12
1963,2,1,3
1963,8,1,9
1963,4,3,7
1963,4,3,7
1963,4,1,5
1963,6,1,7
1963,7,4,11
1963,6,4,10
1963,1,0,1
1963,3,0,3
1963,3,2,5
1963,1,0,1
1963,7,2,9
1963,3,1,4
1963,9,2,11
1963,6,2,8
1963,7,5,12
1963,2,1,3
1963,5,0,5
1963,5,4,9
1963,6,5,11
1963,7,4,11
1963,2,1,3
1963,3,0,3
1963,4,3,7
1963,7,5,12
1963,5,3,8
1963,3,1,4
1963,5,2,7
1963,6,2,8
1963,7,10,17
1963,9,1,10
1963,4,2,6
1963,1,0,1
1963,5,1,6
1963,6,3,9
1963,2,1,3
1963,3,2,5
1963,4,3,7
1963,7,5,12
1963,8,3,11
1963,3,2,5
1963,4,1,5
1963,4,3,7
1963,4,2,6
1963,1,0,1
1963,3,1,4
1963,6,5,11
1963,5,1,6
1963,2,1,3
1963,6,2,8
1963,6,0,6
1963,6,11,17
1963,8,4,12
1963,7,1,8
1963,2,0,2
1963,3,1,4
1963,3,11,14
1963,5,3,8
1963,3,2,5
1963,4,3,7
1963,4,1,5
1963,3,2,5
1963,3,11,14
1963,7,4,11
1963,5,1,6
1963,8,7,15
1963,4,0,4
1963,4,0,4
1963,3,1,4
1963,5,11,16
1963,4,3,7
1963,5,0,5
1963,7,3,10
1963,6,4,10
1963,3,1,4
1963,7,4,11
1963,1,0,1
1963,2,10,12
1963,2,0,2
1963,6,3,9
1963,7,0,7
1963,7,3,10
1963,8,6,14
1963,3,2,5
1963,2,0,2
1963,4,3,7
1963,4,3,7
1963,3,0,3
1963,6,3,9
1963,5,3,8
1963,7,4,11
1963,7,6,13
1963,4,1,5
1963,4,3,7
1963,3,2,5
1963,6,0,6
1963,7,5,12
1963,2,1,3
1963,5,3,8
1963,4,3,7
1963,6,5,11
1963,7,4,11
1963,3,1,4
1963,6,4,10
1963,2,11,13
1963,4,3,7
1963,3,0,3
1963,7,5,12
1963,4,3,7
1963,6,3,9
1963,3,2,5
1963,5,3,8
1963,7,6,13
1963,6,11,17
1963,5,0,5
1963,8,10,18
1963,5,0,5
1963,5,3,8
1963,8,2,10
1963,8,3,11
1963,3,2,5
1963,3,10,13
1963,7,3,10
1963,4,0,4
1963,4,3,7
1963,11,10,21
1963,2,1,3
1963,13,1,14
1963,5,14,19
1963,8,0,8
1963,5,4,9
1963,2,1,3
1963,4,1,5
1963,2,0,2
1963,6,11,17
1963,3,1,4
1963,1,0,1
1963,5,4,9
1963,5,2,7
1963,11,0,11
1963,2,1,3
1963,4,3,7
1963,5,2,7
1963,2,10,12
1963,3,2,5
1963,3,2,5
1963,8,2,10
1963,6,4,10
1963,3,1,4
1963,9,1,10
1963,8,1,9
1963,7,2,9
1963,1,0,1
1963,4,0,4
1963,9,7,16
1963,9,10,19
1963,3,2,5
1963,3,2,5
1963,6,3,9
1963,8,6,14
1963,6,10,16
1963,9,3,12
1963,6,5,11
1963,5,1,6
1963,5,10,15
1963,5,2,7
1963,2,1,3
1963,5,10,15
1963,6,5,11
1963,4,2,6
1963,2,1,3
1963,9,4,13
1963,7,2,9
1963,3,0,3
1963,3,2,5
1963,6,3,9
1963,2,11,13
1963,3,11,14
1963,5,4,9
1963,5,4,9
1963,5,1,6
1963,8,1,9
1963,3,2,5
1963,5,10,15
1963,3,2,5
1963,8,2,10
1963,3,2,5
1963,7,2,9
1963,7,13,20
1963,5,2,7
1963,5,4,9
1963,8,0,8
1963,7,2,9
1963,5,1,6
1963,6,5,11
1963,9,4,13
1963,8,4,12
1963,4,0,4
1963,1,0,1
1963,1,0,1
1963,3,2,5
1963,5,1,6
1963,6,4,10
1963,6,5,11
1963,6,0,6
1963,5,1,6
1963,7,0,7
1963,9,1,10
1963,8,5,13
1963,5,2,7
1963,7,6,13
1963,2,1,3
1963,9,0,9
1963,5,0,5
1963,3,1,4
1963,6,3,9
1963,5,1,6
1963,8,1,9
1963,8,4,12
1963,4,3,7
1963,4,2,6
1963,2,0,2
1963,3,2,5
1963,3,2,5
1963,4,3,7
1963,3,0,3
1963,6,2,8
1963,3,1,4
1963,5,0,5
1963,8,6,14
1963,6,0,6
1963,5,4,9
1963,4,1,5
1963,3,2,5
1963,3,1,4
1963,7,3,10
1963,6,5,11
1963,11,1,12
1963,6,5,11
1963,6,4,10
1963,5,3,8
1963,10,1,11
1963,5,2,7
1963,3,2,5
1963,3,2,5
1963,8,4,12
1963,1,0,1
1963,4,1,5
1963,5,4,9
1963,5,1,6
1963,3,1,4
1963,4,1,5
1963,5,0,5
1963,5,4,9
1963,5,1,6
1963,16,11,27
1963,3,0,3
1963,7,12,19
1963,3,2,5
1963,7,4,11
1963,8,2,10
1963,7,4,11
1963,4,3,7
1963,5,2,7
1963,5,1,6
1963,3,2,5
1963,3,1,4
1963,2,1,3
1963,7,5,12
1963,11,0,11
1963,6,2,8
1963,8,2,10
1963,5,0,5
1963,5,4,9
1963,2,1,3
1963,9,0,9
1963,6,3,9
1963,6,4,10
1963,8,1,9
1963,5,1,6
1963,9,2,11
1963,6,2,8
1963,5,0,5
1963,7,5,12
1963,5,1,6
1963,2,1,3
1963,9,5,14
1963,1,0,1
1963,9,5,14
1963,6,3,9
1963,5,3,8
1963,3,2,5
1963,3,2,5
1963,7,3,10
1963,9,2,11
1963,5,2,7
1963,2,10,12
1963,3,2,5
1963,12,11,23
1963,3,0,3
1963,9,10,19
1963,4,1,5
1963,3,10,13
1963,5,1,6
1963,8,0,8
1963,3,1,4
1963,5,3,8
1963,3,2,5
1963,5,0,5
1963,4,3,7
1963,9,5,14
1963,5,4,9
1963,7,5,12
1963,2,0,2
1963,7,2,9
1963,6,5,11
1963,7,10,17
1963,3,2,5
1963,7,0,7
1963,5,4,9
1963,2,1,3
1963,5,2,7
1963,4,1,5
1963,2,0,2
1963,3,2,5
1963,4,0,4
1963,6,2,8
1963,8,1,9
1963,2,1,3
1963,7,2,9
1963,11,10,21
1963,7,3,10
1963,5,2,7
1963,7,5,12
1963,6,5,11
1963,6,4,10
1963,4,1,5
1963,10,1,11
1963,3,1,4
1963,4,3,7
1963,5,1,6
1963,4,3,7
1963,6,4,10
1963,7,1,8
1963,3,0,3
1963,8,5,13
1963,1,0,1
1963,4,1,5
1963,3,1,4
1963,5,4,9
1963,1,0,1
1963,7,3,10
1963,9,4,13
1963,7,3,10
1963,2,1,3
1963,5,4,9
1963,9,1,10
1963,2,0,2
1963,5,4,9
1963,6,5,11
1963,5,3,8
1963,3,0,3
1963,3,2,5
1963,6,3,9
1963,1,0,1
1963,3,1,4
1963,2,1,3
1963,3,1,4
1963,8,4,12
1963,5,1,6
1963,1,0,1
1963,5,3,8
1963,6,3,9
1963,7,3,10
1963,4,0,4
1963,7,6,13
1963,7,6,13
1963,7,1,8
1963,5,1,6
1963,3,10,13
1963,6,3,9
1963,2,1,3
1963,5,3,8
1963,6,5,11
1963,4,0,4
1963,7,6,13
1963,3,2,5
1963,6,5,11
1963,7,2,9
1963,3,2,5
1963,9,4,13
1963,2,1,3
1963,6,4,10
1963,5,2,7
1963,9,1,10
1963,8,1,9
1963,4,11,15
1963,5,1,6
1963,2,1,3
1963,6,2,8
1963,5,4,9
1963,3,1,4
1963,4,2,6
1963,3,0,3
1963,4,0,4
1963,4,2,6
1963,4,3,7
1963,6,1,7
1963,4,3,7
1963,4,2,6
1963,7,14,21
1963,5,4,9
1963,1,0,1
1963,7,6,13
1963,5,2,7
1963,2,0,2
1963,2,1,3
1963,5,3,8
1963,4,2,6
1963,7,2,9
1963,9,3,12
1963,3,2,5
1963,2,10,12
1963,6,3,9
1963,11,1,12
1963,5,4,9
1963,3,13,16
1963,7,5,12
1963,8,2,10
1963,4,3,7
1963,4,2,6
1963,7,4,11
1963,4,2,6
1963,10,1,11
1963,8,2,10
1963,4,3,7
1963,9,6,15
1963,7,5,12
1963,3,2,5
1963,9,7,16
1963,3,0,3
1963,13,0,13
1963,3,10,13
1963,2,0,2
1963,2,1,3
1963,6,1,7
1963,6,1,7
1963,10,0,10
1963,4,1,5
1963,3,2,5
1963,5,3,8
1963,8,7,15
1963,7,4,11
1963,8,2,10
1963,8,4,12
1963,2,1,3
1963,4,0,4
1963,5,4,9
1963,3,2,5
1963,7,3,10
1963,3,2,5
1963,7,0,7
1963,3,2,5
1963,3,1,4
1963,8,3,11
1963,1,0,1
1963,8,7,15
1963,2,10,12
1963,5,3,8
1963,6,0,6
1963,1,0,1
1963,9,0,9
1963,7,5,12
1963,7,5,12
1963,2,1,3
1963,4,0,4
1963,2,1,3
1963,6,1,7
1963,7,4,11
1963,3,2,5
1963,7,1,8
1963,7,6,13
1963,12,1,13
1963,1,0,1
1963,5,1,6
1963,2,1,3
1963,3,1,4
1963,3,1,4
1963,6,2,8
1963,5,1,6
1963,2,11,13
1963,9,3,12
1963,6,2,8
1963,3,2,5
1963,7,4,11
1963,8,6,14
1963,4,14,18
1963,6,2,8
1963,6,5,11
1963,3,2,5
1963,2,17,19
1963,6,2,8
1963,4,1,5
1963,6,1,7
1963,7,2,9
1963,4,2,6
1963,3,11,14
1963,17,0,17
1963,1,0,1
1963,5,0,5
1963,6,2,8
1963,4,3,7
1963,4,0,4
1963,2,1,3
1963,3,0,3
1963,7,0,7
1963,4,3,7
1963,2,10,12
1963,5,3,8
1963,3,1,4
1963,8,3,11
1963,2,1,3
1963,5,11,16
1963,4,3,7
1963,3,1,4
1963,2,1,3
1963,4,0,4
1963,2,1,3
1963,4,2,6
1963,8,7,15
1963,4,1,5
1963,7,11,18
1963,3,1,4
1963,6,3,9
1963,5,2,7
1963,7,3,10
1963,2,1,3
1963,4,3,7
1963,6,1,7
1963,4,1,5
1963,3,2,5
1963,3,2,5
1963,5,0,5
1963,3,0,3
1963,2,1,3
1963,7,2,9
1963,3,1,4
1963,8,7,15
1963,8,3,11
1963,3,1,4
1963,2,1,3
1963,9,1,10
1963,9,5,14
1963,4,1,5
1963,7,2,9
1963,5,3,8
1963,2,1,3
1963,7,2,9
1963,6,1,7
1963,11,1,12
1963,4,3,7
1963,7,4,11
1963,2,14,16
1963,10,1,11
1963,4,1,5
1963,7,0,7
1963,5,1,6
1963,5,4,9
1963,6,2,8
1963,3,1,4
1963,5,3,8
1963,3,1,4
1963,6,11,17
1963,2,1,3
1963,5,3,8
1963,5,4,9
1963,6,5,11
1963,9,8,17
1963,7,0,7
1963,4,3,7
1963,2,0,2
1963,4,3,7
1963,7,5,12
1963,6,0,6
1963,5,4,9
1963,4,3,7
1963,4,3,7
1963,6,3,9
1963,3,1,4
1963,7,6,13
1963,5,3,8
1963,8,3,11
1963,6,4,10
1963,7,3,10
1963,6,4,10
1963,4,3,7
1963,2,0,2
1963,7,5,12
1963,8,7,15
1963,3,15,18
1963,8,7,15
1963,5,4,9
1963,2,1,3
1963,7,3,10
1963,7,1,8
1963,6,2,8
1963,3,1,4
1963,9,4,13
1963,5,3,8
1963,1,0,1
1963,7,5,12
1963,6,0,6
1963,6,1,7
1963,6,2,8
1963,4,3,7
1963,3,2,5
1963,4,3,7
1963,3,2,5
1963,2,0,2
1963,5,0,5
1963,3,16,19
1963,5,10,15
1963,6,1,7
1963,4,2,6
1963,7,3,10
1963,3,2,5
1963,6,5,11
1963,2,1,3
1963,4,2,6
1963,1,0,1
1963,5,4,9
1963,8,3,11
1963,6,5,11
1963,5,2,7
1963,4,1,5
1963,4,0,4
1963,8,5,13
1963,8,0,8
1963,3,2,5
1963,5,2,7
1963,9,0,9
1963,6,4,10
1963,4,2,6
1963,9,8,17
1963,5,4,9
1963,3,0,3
1963,4,3,7
1963,2,1,3
1963,5,0,5
1963,5,1,6
1963,5,0,5
1963,5,2,7
1963,7,2,9
1963,4,1,5
1963,4,2,6
1963,4,2,6
1963,2,1,3
1963,5,2,7
1963,6,11,17
1963,6,4,10
1963,6,5,11
1963,5,3,8
1963,9,2,11
1963,6,3,9
1963,5,2,7
1963,5,4,9
1963,3,2,5
1963,2,1,3
1963,2,1,3
1963,5,3,8
1963,3,2,5
1963,3,2,5
1963,5,4,9
1963,6,2,8
1963,9,4,13
1963,9,2,11
1963,7,4,11
1963,7,6,13
1963,5,2,7
1963,7,4,11
1963,6,3,9
1963,6,0,6
1963,1,0,1
1963,7,10,17
1963,2,1,3
1963,4,3,7
1963,2,0,2
1963,6,5,11
1963,5,4,9
1963,4,2,6
1963,16,0,16
1963,4,2,6
1963,8,0,8
1963,9,8,17
1963,4,1,5
1963,3,2,5
1963,3,14,17
1963,8,2,10
1963,4,1,5
1963,9,3,12
1963,4,2,6
1963,4,2,6
1963,9,4,13
1963,4,0,4
1963,6,5,11
1963,5,2,7
1963,2,0,2
1963,3,2,5
1963,6,0,6
1963,4,1,5
1963,5,3,8
1963,8,3,11
1963,3,2,5
1963,3,2,5
1963,7,3,10
1963,7,6,13
1963,2,0,2
1963,1,0,1
1963,3,2,5
1963,2,1,3
1963,5,4,9
1963,7,0,7
1963,5,2,7
1963,8,4,12
1963,3,2,5
1963,6,4,10
1963,4,3,7
1963,6,2,8
1963,3,1,4
1963,4,0,4
1963,5,1,6
1963,7,3,10
1963,3,2,5
1963,7,5,12
1963,3,1,4
1963,2,1,3
1963,5,3,8
1963,6,3,9
1963,2,1,3
1963,5,4,9
1963,5,0,5
1963,6,1,7
1963,5,13,18
1963,3,2,5
1963,5,0,5
1963,4,3,7
1963,1,0,1
1963,3,1,4
1963,2,1,3
1963,4,3,7
1963,3,2,5
1963,3,1,4
1963,3,11,14
1963,8,6,14
1963,3,1,4
1963,4,3,7
1963,4,0,4
1963,4,3,7
1963,8,3,11
1963,4,3,7
1963,8,4,12
1963,3,1,4
1963,7,5,12
1963,10,0,10
1963,6,4,10
1963,5,1,6
1963,2,1,3
1963,6,5,11
1963,5,4,9
1963,7,2,9
1963,8,6,14
1963,7,6,13
1963,1,0,1
1963,1,0,1
1963,2,0,2
1963,3,2,5
1963,2,0,2
1963,5,4,9
1963,4,3,7
1963,6,3,9
1963,4,13,17
1963,2,11,13
1963,4,0,4
1963,4,2,6
1963,4,3,7
1963,4,3,7
1963,5,3,8
1963,5,3,8
1963,5,4,9
1963,6,3,9
1963,4,2,6
1963,6,1,7
1963,7,3,10
1963,5,2,7
1963,5,3,8
1963,2,1,3
1963,3,2,5
1963,2,1,3
1963,4,0,4
1963,4,3,7
1963,4,13,17
1963,4,1,5
1963,15,0,15
1963,5,1,6
1963,6,3,9
1963,5,1,6
1963,1,0,1
1963,3,2,5
1963,4,1,5
1963,4,2,6
1963,8,1,9
1963,5,4,9
1963,2,10,12
1963,7,6,13
1963,5,2,7
1963,6,2,8
1963,2,1,3
1963,1,0,1
1963,9,5,14
1963,3,1,4
1963,6,4,10
1963,5,4,9
1963,4,1,5
1963,5,4,9
1963,10,0,10
1963,5,2,7
1963,2,11,13
1963,7,1,8
1963,3,10,13
1963,3,1,4
1963,5,3,8
1963,3,2,5
1963,4,3,7
1963,8,3,11
1963,3,0,3
1963,8,6,14
1963,4,3,7
1963,7,2,9
1963,9,1,10
1963,7,0,7
1963,3,12,15
1963,4,1,5
1963,6,3,9
1963,3,2,5
1963,3,1,4
1963,7,3,10
1963,9,2,11
1963,4,13,17
1963,2,1,3
1963,3,1,4
1963,2,0,2
1963,4,2,6
1963,3,2,5
1963,5,2,7
1963,4,1,5
1963,1,0,1
1963,2,1,3
1964,6,3,9
1964,4,0,4
1964,5,3,8
1964,7,6,13
1964,7,3,10
1964,4,0,4
1964,5,3,8
1964,8,4,12
1964,8,4,12
1964,6,2,8
1964,4,1,5
1964,5,4,9
1964,8,10,18
1964,6,4,10
1964,4,3,7
1964,6,5,11
1964,5,2,7
1964,4,3,7
1964,2,0,2
1964,6,2,8
1964,4,3,7
1964,4,1,5
1964,8,10,18
1964,6,4,10
1964,8,3,11
1964,5,2,7
1964,7,3,10
1964,4,3,7
1964,5,4,9
1964,4,3,7
1964,2,1,3
1964,5,10,15
1964,7,0,7
1964,3,2,5
1964,4,2,6
1964,3,0,3
1964,9,5,14
1964,3,2,5
1964,8,6,14
1964,5,3,8
1964,6,0,6
1964,8,1,9
1964,3,12,15
1964,3,1,4
1964,6,1,7
1964,3,2,5
1964,6,0,6
1964,6,13,19
1964,5,1,6
1964,4,0,4
1964,7,1,8
1964,7,1,8
1964,5,2,7
1964,8,5,13
1964,5,10,15
1964,5,3,8
1964,6,4,10
1964,3,0,3
1964,2,0,2
1964,3,2,5
1964,7,6,13
1964,8,6,14
1964,7,6,13
1964,3,1,4
1964,1,0,1
1964,1,0,1
1964,3,2,5
1964,5,4,9
1964,5,1,6
1964,6,5,11
1964,7,5,12
1964,6,1,7
1964,5,15,20
1964,6,1,7
1964,5,2,7
1964,5,0,5
1964,6,3,9
1964,10,0,10
1964,9,4,13
1964,3,2,5
1964,4,2,6
1964,3,1,4
1964,3,1,4
1964,2,1,3
1964,5,2,7
1964,5,1,6
1964,4,1,5
1964,4,1,5
1964,5,4,9
1964,4,2,6
1964,2,1,3
1964,7,4,11
1964,7,0,7
1964,3,2,5
1964,1,0,1
1964,5,4,9
1964,5,1,6
1964,4,3,7
1964,3,2,5
1964,6,4,10
1964,6,0,6
1964,6,3,9
1964,6,4,10
1964,4,2,6
1964,3,1,4
1964,5,1,6
1964,2,1,3
1964,9,8,17
1964,9,5,14
1964,8,0,8
1964,4,2,6
1964,4,0,4
1964,7,2,9
1964,5,4,9
1964,5,1,6
1964,1,0,1
1964,4,3,7
1964,3,1,4
1964,7,3,10
1964,3,10,13
1964,8,4,12
1964,4,3,7
1964,3,11,14
1964,5,10,15
1964,7,1,8
1964,5,3,8
1964,1,0,1
1964,6,2,8
1964,6,4,10
1964,4,0,4
1964,3,1,4
1964,3,0,3
1964,9,0,9
1964,7,3,10
1964,5,4,9
1964,2,11,13
1964,5,4,9
1964,5,4,9
1964,5,2,7
1964,3,0,3
1964,7,11,18
1964,3,2,5
1964,6,2,8
1964,6,5,11
1964,6,3,9
1964,5,3,8
1964,7,4,11
1964,8,7,15
1964,6,3,9
1964,1,0,1
1964,4,0,4
1964,6,5,11
1964,8,12,20
1964,4,11,15
1964,7,5,12
1964,5,10,15
1964,4,2,6
1964,7,4,11
1964,2,1,3
1964,2,1,3
1964,3,2,5
1964,9,2,11
1964,2,1,3
1964,4,0,4
1964,5,4,9
1964,8,1,9
1964,6,0,6
1964,4,3,7
1964,2,1,3
1964,2,1,3
1964,6,4,10
1964,4,11,15
1964,7,5,12
1964,6,3,9
1964,5,2,7
1964,4,3,7
1964,4,12,16
1964,7,6,13
1964,1,0,1
1964,4,2,6
1964,9,2,11
1964,5,4,9
1964,9,4,13
1964,7,3,10
1964,2,1,3
1964,9,1,10
1964,3,2,5
1964,9,6,15
1964,4,2,6
1964,7,6,13
1964,9,6,15
1964,3,10,13
1964,4,3,7
1964,3,1,4
1964,6,5,11
1964,5,4,9
1964,3,11,14
1964,2,1,3
1964,3,0,3
1964,9,3,12
1964,9,1,10
1964,6,2,8
1964,7,6,13
1964,7,4,11
1964,8,10,18
1964,5,1,6
1964,5,4,9
1964,10,0,10
1964,3,2,5
1964,5,4,9
1964,4,3,7
1964,4,1,5
1964,2,12,14
1964,3,2,5
1964,2,1,3
1964,7,1,8
1964,5,3,8
1964,6,3,9
1964,4,1,5
1964,10,1,11
1964,2,0,2
1964,5,11,16
1964,6,5,11
1964,9,1,10
1964,4,13,17
1964,9,4,13
1964,7,11,18
1964,4,1,5
1964,6,5,11
1964,3,2,5
1964,7,6,13
1964,6,4,10
1964,3,2,5
1964,6,5,11
1964,7,2,9
1964,6,0,6
1964,6,2,8
1964,11,1,12
1964,2,0,2
1964,4,2,6
1964,3,2,5
1964,5,0,5
1964,3,0,3
1964,1,1,2
1964,2,1,3
1964,9,0,9
1964,2,0,2
1964,5,1,6
1964,5,2,7
1964,6,4,10
1964,5,0,5
1964,7,3,10
1964,4,3,7
1964,7,15,22
1964,4,12,16
1964,3,2,5
1964,4,1,5
1964,6,1,7
1964,12,0,12
1964,1,0,1
1964,5,10,15
1964,6,10,16
1964,4,0,4
1964,6,0,6
1964,11,0,11
1964,4,2,6
1964,6,10,16
1964,2,0,2
1964,5,1,6
1964,6,5,11
1964,5,2,7
1964,2,1,3
1964,4,3,7
1964,7,4,11
1964,6,10,16
1964,6,4,10
1964,6,5,11
1964,3,1,4
1964,9,4,13
1964,6,2,8
1964,6,5,11
1964,5,4,9
1964,7,1,8
1964,3,1,4
1964,4,1,5
1964,2,0,2
1964,3,2,5
1964,8,3,11
1964,9,11,20
1964,8,0,8
1964,6,0,6
1964,1,0,1
1964,7,3,10
1964,4,2,6
1964,3,2,5
1964,4,0,4
1964,4,2,6
1964,4,2,6
1964,7,6,13
1964,3,2,5
1964,4,3,7
1964,6,5,11
1964,4,2,6
1964,3,1,4
1964,6,4,10
1964,7,2,9
1964,3,0,3
1964,7,4,11
1964,5,2,7
1964,8,3,11
1964,4,3,7
1964,7,3,10
1964,4,3,7
1964,4,1,5
1964,7,4,11
1964,7,2,9
1964,1,0,1
1964,3,10,13
1964,7,6,13
1964,8,7,15
1964,3,1,4
1964,6,1,7
1964,9,4,13
1964,3,10,13
1964,8,2,10
1964,6,5,11
1964,4,3,7
1964,3,1,4
1964,9,1,10
1964,5,3,8
1964,2,1,3
1964,2,0,2
1964,6,1,7
1964,4,3,7
1964,8,3,11
1964,5,1,6
1964,5,4,9
1964,2,14,16
1964,5,3,8
1964,9,11,20
1964,8,4,12
1964,4,0,4
1964,4,2,6
1964,8,4,12
1964,9,5,14
1964,9,2,11
1964,2,0,2
1964,7,6,13
1964,6,2,8
1964,3,1,4
1964,6,4,10
1964,3,0,3
1964,6,5,11
1964,4,12,16
1964,7,5,12
1964,5,0,5
1964,3,0,3
1964,7,4,11
1964,10,0,10
1964,3,0,3
1964,8,5,13
1964,3,0,3
1964,5,3,8
1964,5,3,8
1964,6,5,11
1964,7,4,11
1964,8,1,9
1964,2,1,3
1964,3,2,5
1964,19,1,20
1964,6,2,8
1964,2,1,3
1964,4,2,6
1964,3,2,5
1964,4,13,17
1964,6,3,9
1964,9,8,17
1964,7,1,8
1964,1,0,1
1964,4,1,5
1964,4,3,7
1964,2,0,2
1964,7,2,9
1964,2,0,2
1964,2,1,3
1964,2,0,2
1964,2,2,4
1964,4,1,5
1964,4,2,6
1964,6,5,11
1964,2,1,3
1964,6,5,11
1964,4,1,5
1964,4,1,5
1964,3,2,5
1964,3,2,5
1964,4,2,6
1964,7,6,13
1964,4,1,5
1964,4,3,7
1964,8,4,12
1964,4,2,6
1964,2,0,2
1964,4,10,14
1964,9,1,10
1964,6,0,6
1964,7,3,10
1964,6,2,8
1964,5,1,6
1964,3,10,13
1964,7,1,8
1964,2,10,12
1964,4,3,7
1964,5,3,8
1964,8,3,11
1964,4,2,6
1964,2,1,3
1964,4,3,7
1964,5,3,8
1964,8,6,14
1964,4,1,5
1964,6,4,10
1964,6,0,6
1964,2,1,3
1964,9,6,15
1964,8,3,11
1964,3,0,3
1964,8,4,12
1964,4,3,7
1964,2,1,3
1964,5,2,7
1964,3,2,5
1964,4,0,4
1964,1,0,1
1964,6,2,8
1964,7,5,12
1964,7,4,11
1964,4,3,7
1964,3,1,4
1964,7,5,12
1964,3,0,3
1964,6,2,8
1964,5,1,6
1964,2,0,2
1964,9,8,17
1964,3,0,3
1964,3,2,5
1964,1,0,1
1964,3,0,3
1964,2,1,3
1964,5,1,6
1964,9,7,16
1964,6,3,9
1964,7,3,10
1964,3,0,3
1964,4,2,6
1964,4,3,7
1964,5,4,9
1964,5,3,8
1964,7,14,21
1964,3,2,5
1964,5,11,16
1964,5,2,7
1964,8,0,8
1964,5,3,8
1964,4,3,7
1964,4,3,7
1964,3,0,3
1964,6,4,10
1964,8,6,14
1964,2,0,2
1964,2,1,3
1964,6,5,11
1964,9,2,11
1964,4,2,6
1964,8,3,11
1964,2,1,3
1964,6,11,17
1964,3,2,5
1964,6,3,9
1964,9,5,14
1964,8,6,14
1964,9,3,12
1964,5,2,7
1964,5,2,7
1964,6,1,7
1964,1,1,2
1964,4,3,7
1964,6,3,9
1964,6,1,7
1964,6,3,9
1964,5,10,15
1964,5,3,8
1964,2,1,3
1964,5,4,9
1964,5,2,7
1964,9,5,14
1964,5,1,6
1964,16,1,17
1964,6,5,11
1964,4,1,5
1964,2,1,3
1964,6,5,11
1964,5,2,7
1964,4,3,7
1964,4,0,4
1964,1,0,1
1964,8,4,12
1964,5,1,6
1964,7,6,13
1964,6,10,16
1964,2,1,3
1964,7,4,11
1964,5,3,8
1964,5,4,9
1964,5,4,9
1964,8,3,11
1964,4,1,5
1964,3,0,3
1964,2,1,3
1964,3,1,4
1964,8,4,12
1964,3,1,4
1964,5,4,9
1964,4,2,6
1964,5,3,8
1964,5,0,5
1964,6,3,9
1964,6,5,11
1964,7,3,10
1964,7,1,8
1964,3,0,3
1964,3,0,3
1964,3,0,3
1964,6,1,7
1964,3,0,3
1964,3,11,14
1964,4,3,7
1964,5,3,8
1964,6,2,8
1964,7,10,17
1964,5,4,9
1964,8,5,13
1964,6,1,7
1964,3,2,5
1964,6,3,9
1964,8,2,10
1964,6,4,10
1964,4,2,6
1964,10,1,11
1964,8,1,9
1964,5,2,7
1964,6,5,11
1964,3,2,5
1964,6,5,11
1964,6,4,10
1964,4,1,5
1964,5,1,6
1964,5,1,6
1964,8,3,11
1964,4,3,7
1964,9,5,14
1964,4,2,6
1964,8,2,10
1964,6,5,11
1964,9,2,11
1964,9,1,10
1964,9,3,12
1964,6,5,11
1964,3,2,5
1964,5,0,5
1964,3,1,4
1964,4,2,6
1964,5,3,8
1964,7,4,11
1964,6,0,6
1964,7,1,8
1964,5,1,6
1964,6,5,11
1964,7,5,12
1964,2,1,3
1964,9,4,13
1964,7,5,12
1964,6,1,7
1964,9,5,14
1964,3,2,5
1964,5,0,5
1964,3,2,5
1964,2,1,3
1964,5,0,5
1964,4,3,7
1964,3,2,5
1964,3,2,5
1964,5,3,8
1964,2,0,2
1964,6,3,9
1964,3,2,5
1964,6,3,9
1964,10,0,10
1964,7,6,13
1964,2,1,3
1964,6,5,11
1964,11,1,12
1964,5,4,9
1964,2,1,3
1964,7,6,13
1964,9,7,16
1964,2,1,3
1964,7,2,9
1964,3,1,4
1964,5,11,16
1964,1,0,1
1964,6,4,10
1964,8,2,10
1964,3,1,4
1964,8,7,15
1964,3,2,5
1964,7,3,10
1964,2,0,2
1964,3,14,17
1964,9,6,15
1964,2,0,2
1964,2,1,3
1964,4,2,6
1964,2,1,3
1964,2,13,15
1964,5,2,7
1964,4,1,5
1964,4,2,6
1964,5,2,7
1964,5,4,9
1964,6,0,6
1964,8,2,10
1964,2,1,3
1964,7,2,9
1964,7,3,10
1964,6,5,11
1964,6,2,8
1964,5,2,7
1964,8,8,16
1964,9,10,19
1964,9,8,17
1964,2,0,2
1964,4,0,4
1964,5,4,9
1964,2,1,3
1964,9,3,12
1964,2,0,2
1964,6,2,8
1964,5,2,7
1964,5,1,6
1964,2,0,2
1964,9,0,9
1964,5,4,9
1964,7,4,11
1964,8,1,9
1964,2,1,3
1964,9,5,14
1964,9,5,14
1964,3,12,15
1964,3,2,5
1964,4,15,19
1964,3,1,4
1964,9,8,17
1964,7,5,12
1964,3,1,4
1964,4,3,7
1964,8,1,9
1964,8,1,9
1964,2,1,3
1964,4,2,6
1964,3,2,5
1964,7,6,13
1964,1,0,1
1964,6,0,6
1964,2,0,2
1964,9,4,13
1964,8,4,12
1964,1,0,1
1964,8,3,11
1964,4,3,7
1964,6,5,11
1964,9,4,13
1964,4,2,6
1964,2,1,3
1964,2,1,3
1964,5,3,8
1964,9,6,15
1964,5,4,9
1964,4,2,6
1964,9,1,10
1964,9,4,13
1964,3,1,4
1964,8,5,13
1964,4,3,7
1964,2,10,12
1964,4,1,5
1964,4,0,4
1964,9,3,12
1964,7,6,13
1964,9,0,9
1964,8,6,14
1964,6,5,11
1964,6,2,8
1964,6,5,11
1964,1,0,1
1964,5,0,5
1964,8,2,10
1964,6,4,10
1964,6,3,9
1964,4,3,7
1964,6,1,7
1964,5,1,6
1964,6,1,7
1964,7,6,13
1964,4,3,7
1964,7,4,11
1964,5,3,8
1964,3,1,4
1964,2,1,3
1964,1,0,1
1964,3,12,15
1964,8,1,9
1964,4,0,4
1964,3,2,5
1964,5,0,5
1964,5,4,9
1964,6,5,11
1964,4,2,6
1964,3,14,17
1964,8,7,15
1964,2,1,3
1964,6,5,11
1964,3,1,4
1964,8,6,14
1964,3,2,5
1964,6,1,7
1964,5,4,9
1964,2,1,3
1964,6,10,16
1964,9,15,24
1964,7,0,7
1964,9,1,10
1964,7,1,8
1964,3,2,5
1964,4,3,7
1964,4,3,7
1964,6,5,11
1964,4,0,4
1964,5,3,8
1964,2,1,3
1964,4,1,5
1964,3,1,4
1964,2,1,3
1964,2,1,3
1964,6,2,8
1964,8,2,10
1964,1,0,1
1964,5,1,6
1964,6,6,12
1964,5,13,18
1964,4,0,4
1964,3,2,5
1964,5,3,8
1964,3,1,4
1964,3,2,5
1964,4,3,7
1964,7,5,12
1964,2,1,3
1964,5,2,7
1964,3,1,4
1964,9,6,15
1964,2,0,2
1964,5,0,5
1964,3,1,4
1964,7,6,13
1964,3,0,3
1964,7,1,8
1964,5,0,5
1964,7,1,8
1964,9,2,11
1964,2,1,3
1964,2,0,2
1964,7,2,9
1964,9,1,10
1964,9,4,13
1964,4,3,7
1964,2,1,3
1964,4,3,7
1964,6,5,11
1964,2,1,3
1964,3,0,3
1964,4,3,7
1964,4,3,7
1964,6,11,17
1964,6,5,11
1964,3,10,13
1964,8,0,8
1964,7,6,13
1964,8,3,11
1964,4,3,7
1964,9,3,12
1964,7,4,11
1964,6,1,7
1964,3,1,4
1964,5,1,6
1964,5,1,6
1964,4,1,5
1964,7,0,7
1964,7,4,11
1964,8,1,9
1964,9,11,20
1964,5,4,9
1964,1,0,1
1964,4,11,15
1964,3,1,4
1964,9,8,17
1964,3,2,5
1964,6,3,9
1964,6,2,8
1964,2,2,4
1964,4,2,6
1964,4,3,7
1964,5,4,9
1964,3,1,4
1964,4,11,15
1964,2,1,3
1964,3,2,5
1964,1,0,1
1964,5,1,6
1964,4,3,7
1964,6,2,8
1964,5,3,8
1964,3,10,13
1964,4,10,14
1964,4,10,14
1964,4,3,7
1964,5,3,8
1964,8,6,14
1964,8,7,15
1964,3,2,5
1964,5,4,9
1964,5,12,17
1964,7,0,7
1964,4,2,6
1964,4,2,6
1964,6,5,11
1964,3,10,13
1964,9,7,16
1964,4,3,7
1964,4,3,7
1964,8,7,15
1964,4,3,7
1964,4,3,7
1964,8,7,15
1964,2,11,13
1964,3,2,5
1964,2,1,3
1964,5,3,8
1964,3,2,5
1964,5,4,9
1964,1,0,1
1964,6,0,6
1964,6,2,8
1964,2,0,2
1964,3,0,3
1964,3,13,16
1964,9,3,12
1964,11,1,12
1964,3,2,5
1964,9,12,21
1964,7,2,9
1964,6,0,6
1964,6,1,7
1964,7,5,12
1964,2,10,12
1964,5,0,5
1964,5,0,5
1964,6,1,7
1964,5,4,9
1964,3,2,5
1964,1,0,1
1964,8,4,12
1964,5,2,7
1964,9,8,17
1964,6,1,7
1964,3,0,3
1964,6,12,18
1964,4,14,18
1964,3,1,4
1964,3,2,5
1964,8,2,10
1964,6,4,10
1964,2,1,3
1964,7,15,22
1964,5,4,9
1964,11,10,21
1964,5,4,9
1964,3,2,5
1964,4,3,7
1964,7,4,11
1964,4,3,7
1964,8,2,10
1964,9,1,10
1964,8,6,14
1964,4,0,4
1964,6,2,8
1964,5,4,9
1964,6,2,8
1964,3,0,3
1964,4,2,6
1964,1,0,1
1964,3,2,5
1964,7,6,13
1964,7,5,12
1964,9,0,9
1964,6,2,8
1964,4,1,5
1964,6,4,10
1964,4,2,6
1964,8,5,13
1964,7,5,12
1964,2,0,2
1964,3,2,5
1964,4,2,6
1964,1,0,1
1964,5,4,9
1964,6,3,9
1964,7,1,8
1964,2,1,3
1964,8,4,12
1964,7,4,11
1964,8,6,14
1964,3,2,5
1964,4,3,7
1964,1,0,1
1964,6,4,10
1964,4,1,5
1964,6,3,9
1964,7,3,10
1964,2,13,15
1964,7,1,8
1964,4,3,7
1964,2,1,3
1964,5,4,9
1964,5,4,9
1964,4,3,7
1964,13,10,23
1964,2,1,3
1964,4,13,17
1964,8,5,13
1964,2,1,3
1964,7,2,9
1964,6,3,9
1964,2,0,2
1964,6,1,7
1964,5,10,15
1964,6,3,9
1964,1,0,1
1964,1,0,1
1964,3,11,14
1964,8,5,13
1964,9,1,10
1964,5,4,9
1964,6,5,11
1964,6,3,9
1964,4,3,7
1964,2,14,16
1964,5,3,8
1964,2,18,20
1964,7,4,11
1964,10,0,10
1964,9,10,19
1964,4,1,5
1964,5,4,9
1964,3,0,3
1964,7,2,9
1964,5,1,6
1964,6,1,7
1964,3,1,4
1964,6,11,17
1964,5,4,9
1964,3,0,3
1964,3,0,3
1964,4,3,7
1964,5,2,7
1964,7,11,18
1964,15,10,25
1964,6,1,7
1964,4,1,5
1964,3,0,3
1964,2,11,13
1964,7,12,19
1964,6,3,9
1964,2,1,3
1964,3,1,4
1964,7,4,11
1964,3,2,5
1964,9,0,9
1964,4,0,4
1964,4,3,7
1964,9,1,10
1964,3,2,5
1964,3,2,5
1964,5,0,5
1964,4,3,7
1964,6,2,8
1964,6,3,9
1964,5,2,7
1964,4,1,5
1964,5,2,7
1964,2,0,2
1964,7,4,11
1964,5,3,8
1964,4,3,7
1964,1,0,1
1964,8,3,11
1964,8,7,15
1964,3,13,16
1964,3,12,15
1964,4,2,6
1964,6,1,7
1964,7,6,13
1964,4,3,7
1964,4,3,7
1964,3,0,3
1964,6,2,8
1964,6,1,7
1964,8,6,14
1964,7,6,13
1964,6,0,6
1964,8,4,12
1964,2,1,3
1964,5,2,7
1964,4,1,5
1964,6,4,10
1964,3,2,5
1964,6,10,16
1964,6,1,7
1964,6,5,11
1964,9,8,17
1964,5,1,6
1964,6,1,7
1964,2,1,3
1964,8,7,15
1964,2,1,3
1964,2,0,2
1964,9,7,16
1964,4,2,6
1964,6,1,7
1964,2,1,3
1964,5,4,9
1964,2,1,3
1964,3,1,4
1964,4,2,6
1964,7,0,7
1964,3,2,5
1964,4,3,7
1964,5,2,7
1964,4,2,6
1964,4,2,6
1964,5,1,6
1964,5,0,5
1964,4,12,16
1964,4,3,7
1964,5,1,6
1964,7,10,17
1964,4,0,4
1964,3,1,4
1964,6,3,9
1964,9,0,9
1964,10,1,11
1964,1,0,1
1964,6,1,7
1964,4,1,5
1964,4,1,5
1964,2,1,3
1964,4,3,7
1964,4,2,6
1964,5,2,7
1964,9,3,12
1964,5,3,8
1964,6,5,11
1964,2,1,3
1964,4,1,5
1964,5,3,8
1964,2,0,2
1964,5,3,8
1964,4,10,14
1964,8,2,10
1964,5,2,7
1964,4,3,7
1964,5,1,6
1964,2,0,2
1964,9,4,13
1964,7,3,10
1964,4,3,7
1964,4,0,4
1964,9,2,11
1964,1,0,1
1964,8,16,24
1964,4,3,7
1964,3,0,3
1964,5,4,9
1964,6,5,11
1964,5,12,17
1964,5,2,7
1964,4,3,7
1964,6,3,9
1964,4,1,5
1964,7,5,12
1964,7,0,7
1964,3,1,4
1964,4,2,6
1964,5,2,7
1964,6,5,11
1964,6,2,8
1964,2,1,3
1964,4,2,6
1964,6,0,6
1964,2,0,2
1964,8,2,10
1964,7,2,9
1964,2,1,3
1964,8,7,15
1964,5,13,18
1964,4,2,6
1964,5,2,7
1964,3,0,3
1964,5,3,8
1964,9,6,15
1964,6,4,10
1964,8,2,10
1964,3,2,5
1964,6,3,9
1964,7,0,7
1964,6,5,11
1964,4,1,5
1964,4,3,7
1964,4,2,6
1964,6,2,8
1964,5,1,6
1964,7,3,10
1964,5,4,9
1964,6,4,10
1964,7,1,8
1964,3,1,4
1964,6,3,9
1964,5,2,7
1964,5,4,9
1964,11,1,12
1964,3,2,5
1964,4,2,6
1964,3,2,5
1964,5,4,9
1964,4,3,7
1964,7,6,13
1964,6,1,7
1964,6,4,10
1964,3,0,3
1964,7,3,10
1964,7,0,7
1964,8,1,9
1964,5,2,7
1964,5,4,9
1964,7,4,11
1964,5,1,6
1964,4,3,7
1964,9,3,12
1964,8,1,9
1964,8,7,15
1964,6,2,8
1964,3,1,4
1964,2,1,3
1964,5,4,9
1964,7,4,11
1964,8,3,11
1964,5,11,16
1964,3,0,3
1964,4,0,4
1964,2,13,15
1964,4,12,16
1964,5,4,9
1964,2,10,12
1964,4,1,5
1964,2,1,3
1964,3,1,4
1964,5,0,5
1964,8,1,9
1964,5,2,7
1964,4,3,7
1964,9,13,22
1964,5,1,6
1964,1,0,1
1964,1,0,1
1964,5,2,7
1964,3,1,4
1964,7,3,10
1964,4,3,7
1964,1,0,1
1964,6,1,7
1964,4,3,7
1964,4,2,6
1964,6,4,10
1964,5,2,7
1964,8,7,15
1964,7,6,13
1964,4,2,6
1964,9,5,14
1964,7,1,8
1964,3,1,4
1964,4,3,7
1964,5,0,5
1964,7,4,11
1964,4,3,7
1964,8,2,10
1964,2,0,2
1964,3,2,5
1964,7,10,17
1964,7,0,7
1964,4,2,6
1964,4,1,5
1964,3,2,5
1964,3,2,5
1964,7,0,7
1964,2,0,2
1964,6,5,11
1964,3,2,5
1964,5,3,8
1964,8,0,8
1964,4,2,6
1964,1,0,1
1964,5,1,6
1964,5,4,9
1964,2,1,3
1964,3,2,5
1964,9,4,13
1964,4,2,6
1964,6,2,8
1964,4,3,7
1964,7,3,10
1964,3,1,4
1964,6,4,10
1964,3,2,5
1964,6,5,11
1964,5,2,7
1964,7,1,8
1964,1,0,1
1964,2,1,3
1964,5,4,9
1964,9,3,12
1964,3,2,5
1964,3,1,4
1964,8,5,13
1964,4,3,7
1964,2,0,2
1964,4,2,6
1964,9,12,21
1964,5,1,6
1964,5,3,8
1964,6,11,17
1964,1,0,1
1964,7,2,9
1964,5,4,9
1964,5,3,8
1964,3,1,4
1964,7,5,12
1964,4,1,5
1964,7,6,13
1964,3,2,5
1964,4,1,5
1964,2,1,3
1964,3,1,4
1964,3,1,4
1964,5,2,7
1964,2,1,3
1964,6,1,7
1964,2,0,2
1964,4,2,6
1964,5,4,9
1964,5,2,7
1964,7,1,8
1964,13,0,13
1964,2,1,3
1964,8,3,11
1964,12,10,22
1964,4,1,5
1964,12,1,13
1964,8,7,15
1964,3,1,4
1964,3,2,5
1964,5,3,8
1964,4,2,6
1964,5,3,8
1964,5,0,5
1964,4,3,7
1964,2,1,3
1964,8,7,15
1964,4,3,7
1964,3,2,5
1964,5,4,9
1964,7,2,9
1964,2,10,12
1964,6,1,7
1964,8,10,18
1964,4,1,5
1964,3,0,3
1964,7,3,10
1964,8,5,13
1964,7,6,13
1964,9,3,12
1964,6,5,11
1964,5,4,9
1964,5,4,9
1964,13,10,23
1964,7,4,11
1964,9,3,12
1964,2,10,12
1964,5,1,6
1964,2,1,3
1964,3,12,15
1964,8,0,8
1964,2,1,3
1964,3,2,5
1964,4,1,5
1964,2,1,3
1964,4,1,5
1964,4,3,7
1964,5,2,7
1964,5,4,9
1964,3,0,3
1964,7,0,7
1964,1,0,1
1964,9,5,14
1964,4,0,4
1964,2,0,2
1964,4,0,4
1964,2,1,3
1964,8,5,13
1964,6,2,8
1964,9,0,9
1964,3,0,3
1964,7,5,12
1964,4,2,6
1964,4,1,5
1964,3,1,4
1964,6,0,6
1964,7,0,7
1964,6,5,11
1964,2,0,2
1964,9,7,16
1964,7,1,8
1964,3,14,17
1964,3,0,3
1964,6,5,11
1964,5,3,8
1964,2,10,12
1964,8,5,13
1964,1,0,1
1964,8,2,10
1964,5,1,6
1964,9,7,16
1964,1,0,1
1964,4,10,14
1964,6,2,8
1964,9,3,12
1964,4,1,5
1964,8,5,13
1964,4,0,4
1964,2,0,2
1964,3,2,5
1964,6,3,9
1964,3,2,5
1964,2,0,2
1964,2,1,3
1964,4,3,7
1964,4,3,7
1964,1,0,1
1964,5,4,9
1964,9,3,12
1964,9,10,19
1964,8,7,15
1964,7,2,9
1964,6,1,7
1964,6,1,7
1964,4,1,5
1964,4,3,7
1964,5,4,9
1964,7,5,12
1964,6,4,10
1964,5,1,6
1964,3,1,4
1964,6,4,10
1964,9,6,15
1964,3,2,5
1964,3,2,5
1964,3,0,3
1964,6,2,8
1964,2,1,3
1964,3,2,5
1964,6,3,9
1964,6,5,11
1964,4,0,4
1964,5,2,7
1964,7,4,11
1964,5,10,15
1964,4,1,5
1964,8,1,9
1964,6,3,9
1964,4,3,7
1964,4,3,7
1964,5,4,9
1964,5,2,7
1964,2,1,3
1964,7,6,13
1964,5,1,6
1964,3,0,3
1964,5,1,6
1964,5,12,17
1964,5,2,7
1964,8,0,8
1964,3,0,3
1964,5,0,5
1964,7,3,10
1964,5,4,9
1964,3,0,3
1964,4,2,6
1964,1,0,1
1964,5,3,8
1964,1,0,1
1964,1,0,1
1964,3,2,5
1964,3,2,5
1964,11,10,21
1964,6,5,11
1964,2,1,3
1964,8,0,8
1964,8,2,10
1964,4,3,7
1964,9,1,10
1964,7,5,12
1964,4,3,7
1964,2,15,17
1964,5,4,9
1964,5,1,6
1964,3,0,3
1964,5,4,9
1964,9,2,11
1964,5,2,7
1964,4,1,5
1964,4,3,7
1964,7,6,13
1964,4,1,5
1964,7,2,9
1964,2,1,3
1964,8,0,8
1964,6,1,7
1964,3,2,5
1964,1,0,1
1964,5,3,8
1964,6,11,17
1964,3,1,4
1964,7,0,7
1964,3,1,4
1964,2,1,3
1964,10,1,11
1964,5,3,8
1964,3,1,4
1964,3,2,5
1964,4,1,5
1964,6,5,11
1964,7,5,12
1964,3,2,5
1964,9,4,13
1964,4,0,4
1964,7,5,12
1964,4,3,7
1964,6,2,8
1964,8,10,18
1964,7,6,13
1964,5,4,9
1964,3,1,4
1964,3,2,5
1964,4,3,7
1964,6,0,6
1964,4,3,7
1964,7,2,9
1964,1,0,1
1964,7,5,12
1964,2,0,2
1964,2,1,3
1964,4,3,7
1964,5,3,8
1964,8,5,13
1964,8,3,11
1964,4,13,17
1964,8,5,13
1964,8,2,10
1964,4,12,16
1964,4,3,7
1964,9,6,15
1964,6,5,11
1964,7,2,9
1964,1,0,1
1964,3,2,5
1964,5,2,7
1964,4,0,4
1964,4,3,7
1964,3,1,4
1964,1,0,1
1964,1,0,1
1964,5,3,8
1964,8,1,9
1964,2,1,3
1964,7,1,8
1964,9,10,19
1964,1,0,1
1964,2,1,3
1964,9,2,11
1964,2,0,2
1964,3,0,3
1964,9,6,15
1964,4,3,7
1964,6,4,10
1964,3,10,13
1964,4,1,5
1964,2,1,3
1964,2,1,3
1964,2,1,3
1964,6,4,10
1964,7,4,11
1964,1,0,1
1964,4,3,7
1964,5,3,8
1964,4,2,6
1964,4,0,4
1964,3,1,4
1964,6,10,16
1964,3,2,5
1964,7,2,9
1964,3,11,14
1964,1,0,1
1964,3,0,3
1964,4,1,5
1964,7,5,12
1964,5,3,8
1964,6,5,11
1964,5,3,8
1964,8,6,14
1964,5,2,7
1964,2,0,2
1964,6,1,7
1964,6,4,10
1964,6,3,9
1964,7,0,7
1964,4,1,5
1964,4,2,6
1964,4,0,4
1964,3,0,3
1964,1,0,1
1964,5,3,8
1964,3,1,4
1964,4,1,5
1964,3,1,4
1964,8,14,22
1964,5,0,5
1964,3,2,5
1964,2,1,3
1964,5,1,6
1964,2,1,3
1964,2,0,2
1964,4,3,7
1964,7,6,13
1964,7,6,13
1964,5,4,9
1964,4,2,6
1964,8,4,12
1964,6,3,9
1964,5,0,5
1964,3,0,3
1964,1,0,1
1964,2,0,2
1964,6,1,7
1964,6,5,11
1964,7,6,13
1964,8,11,19
1964,2,1,3
1964,8,5,13
1964,2,0,2
1964,4,2,6
1964,5,4,9
1964,4,3,7
1964,5,4,9
1964,7,3,10
1964,4,2,6
1964,5,2,7
1964,6,3,9
1964,4,10,14
1964,3,2,5
1964,5,4,9
1964,4,3,7
1964,6,1,7
1964,5,4,9
1964,3,2,5
1964,5,4,9
1964,5,2,7
1964,9,0,9
1964,1,0,1
1964,7,6,13
1964,7,0,7
1964,7,0,7
1964,7,0,7
1964,5,3,8
1964,5,11,16
1964,8,3,11
1964,7,10,17
1964,5,15,20
1964,8,14,22
1964,6,0,6
1964,10,0,10
1964,11,1,12
1964,3,0,3
1964,6,0,6
1964,2,1,3
1964,9,2,11
1964,5,11,16
1964,9,5,14
1964,8,3,11
1964,2,1,3
1964,4,3,7
1964,5,2,7
1964,8,3,11
1964,7,5,12
1965,10,10,20
1965,4,2,6
1965,2,0,2
1965,6,2,8
1965,5,4,9
1965,6,1,7
1965,1,0,1
1965,7,2,9
1965,5,3,8
1965,7,1,8
1965,3,1,4
1965,8,3,11
1965,4,11,15
1965,5,2,7
1965,6,0,6
1965,4,3,7
1965,7,3,10
1965,7,6,13
1965,5,2,7
1965,3,1,4
1965,6,4,10
1965,4,0,4
1965,3,1,4
1965,7,3,10
1965,6,4,10
1965,5,1,6
1965,5,4,9
1965,4,10,14
1965,9,12,21
1965,3,1,4
1965,2,1,3
1965,5,2,7
1965,3,0,3
1965,9,4,13
1965,4,0,4
1965,3,2,5
1965,3,2,5
1965,8,0,8
1965,4,11,15
1965,4,1,5
1965,5,1,6
1965,4,1,5
1965,4,10,14
1965,6,3,9
1965,9,6,15
1965,4,1,5
1965,7,1,8
1965,6,2,8
1965,3,1,4
1965,5,4,9
1965,8,2,10
1965,4,2,6
1965,7,2,9
1965,8,2,10
1965,2,0,2
1965,8,0,8
1965,7,3,10
1965,5,2,7
1965,3,2,5
1965,2,1,3
1965,3,1,4
1965,3,1,4
1965,9,2,11
1965,6,5,11
1965,1,0,1
1965,5,1,6
1965,7,2,9
1965,4,11,15
1965,3,2,5
1965,6,3,9
1965,3,2,5
1965,3,2,5
1965,2,1,3
1965,8,2,10
1965,4,18,22
1965,4,2,6
1965,6,3,9
1965,6,2,8
1965,8,6,14
1965,4,3,7
1965,4,0,4
1965,9,8,17
1965,5,3,8
1965,7,5,12
1965,3,1,4
1965,6,3,9
1965,4,1,5
1965,7,4,11
1965,5,0,5
1965,9,3,12
1965,6,3,9
1965,7,6,13
1965,6,2,8
1965,5,4,9
1965,6,4,10
1965,3,2,5
1965,1,0,1
1965,5,0,5
1965,4,3,7
1965,2,0,2
1965,4,3,7
1965,5,2,7
1965,10,1,11
1965,5,3,8
1965,11,1,12
1965,4,3,7
1965,3,2,5
1965,5,4,9
1965,9,5,14
1965,14,13,27
1965,3,2,5
1965,9,3,12
1965,5,4,9
1965,9,12,21
1965,2,0,2
1965,5,0,5
1965,5,1,6
1965,9,3,12
1965,6,3,9
1965,5,4,9
1965,6,3,9
1965,2,1,3
1965,4,1,5
1965,7,0,7
1965,6,1,7
1965,5,2,7
1965,4,1,5
1965,4,3,7
1965,4,0,4
1965,6,3,9
1965,7,1,8
1965,4,10,14
1965,3,2,5
1965,2,1,3
1965,9,2,11
1965,7,2,9
1965,9,8,17
1965,6,4,10
1965,6,1,7
1965,3,1,4
1965,4,2,6
1965,6,1,7
1965,9,4,13
1965,3,2,5
1965,3,2,5
1965,5,4,9
1965,9,4,13
1965,8,10,18
1965,3,2,5
1965,4,2,6
1965,2,1,3
1965,3,10,13
1965,6,3,9
1965,8,10,18
1965,9,5,14
1965,4,2,6
1965,6,0,6
1965,7,10,17
1965,4,2,6
1965,5,0,5
1965,9,5,14
1965,5,4,9
1965,1,0,1
1965,5,3,8
1965,3,1,4
1965,7,1,8
1965,6,3,9
1965,8,6,14
1965,5,3,8
1965,6,10,16
1965,4,2,6
1965,7,3,10
1965,9,3,12
1965,2,1,3
1965,9,2,11
1965,6,4,10
1965,3,1,4
1965,4,2,6
1965,4,0,4
1965,4,0,4
1965,4,1,5
1965,9,2,11
1965,2,1,3
1965,1,0,1
1965,5,10,15
1965,5,4,9
1965,5,3,8
1965,4,3,7
1965,5,1,6
1965,5,1,6
1965,5,4,9
1965,6,3,9
1965,5,4,9
1965,5,13,18
1965,2,0,2
1965,5,4,9
1965,4,3,7
1965,4,3,7
1965,7,3,10
1965,4,3,7
1965,8,15,23
1965,3,2,5
1965,6,11,17
1965,4,1,5
1965,4,2,6
1965,9,8,17
1965,10,1,11
1965,9,0,9
1965,7,3,10
1965,7,1,8
1965,5,4,9
1965,9,4,13
1965,7,10,17
1965,5,3,8
1965,5,11,16
1965,7,1,8
1965,6,1,7
1965,8,2,10
1965,5,4,9
1965,4,2,6
1965,5,3,8
1965,6,3,9
1965,5,4,9
1965,5,4,9
1965,3,2,5
1965,3,2,5
1965,4,3,7
1965,4,2,6
1965,3,2,5
1965,5,3,8
1965,2,1,3
1965,3,2,5
1965,4,3,7
1965,9,1,10
1965,4,3,7
1965,3,0,3
1965,7,6,13
1965,4,2,6
1965,2,0,2
1965,7,4,11
1965,6,4,10
1965,4,2,6
1965,4,3,7
1965,2,1,3
1965,4,3,7
1965,5,4,9
1965,7,3,10
1965,5,2,7
1965,3,2,5
1965,4,1,5
1965,6,3,9
1965,3,0,3
1965,4,3,7
1965,7,6,13
1965,5,4,9
1965,6,3,9
1965,3,13,16
1965,9,3,12
1965,8,12,20
1965,2,1,3
1965,5,3,8
1965,2,1,3
1965,5,3,8
1965,5,2,7
1965,8,7,15
1965,2,1,3
1965,2,1,3
1965,3,2,5
1965,6,2,8
1965,8,3,11
1965,2,0,2
1965,3,1,4
1965,7,12,19
1965,6,4,10
1965,5,1,6
1965,8,2,10
1965,9,7,16
1965,7,5,12
1965,5,0,5
1965,4,3,7
1965,6,2,8
1965,5,4,9
1965,7,4,11
1965,4,2,6
1965,5,3,8
1965,3,2,5
1965,6,2,8
1965,8,5,13
1965,8,6,14
1965,6,3,9
1965,5,1,6
1965,5,10,15
1965,4,3,7
1965,8,7,15
1965,7,3,10
1965,9,2,11
1965,5,4,9
1965,5,3,8
1965,2,13,15
1965,2,1,3
1965,3,1,4
1965,7,6,13
1965,1,0,1
1965,9,15,24
1965,4,1,5
1965,5,4,9
1965,4,3,7
1965,4,3,7
1965,8,2,10
1965,3,1,4
1965,3,1,4
1965,2,1,3
1965,3,1,4
1965,2,0,2
1965,4,0,4
1965,4,2,6
1965,7,3,10
1965,7,5,12
1965,3,0,3
1965,7,6,13
1965,2,0,2
1965,3,11,14
1965,5,2,7
1965,9,8,17
1965,7,1,8
1965,6,3,9
1965,2,12,14
1965,1,0,1
1965,4,3,7
1965,6,5,11
1965,6,11,17
1965,5,2,7
1965,8,1,9
1965,6,4,10
1965,6,1,7
1965,5,4,9
1965,5,4,9
1965,6,3,9
1965,3,1,4
1965,9,4,13
1965,8,4,12
1965,8,4,12
1965,10,1,11
1965,3,2,5
1965,6,2,8
1965,9,4,13
1965,6,0,6
1965,5,1,6
1965,8,3,11
1965,3,2,5
1965,4,3,7
1965,6,2,8
1965,8,3,11
1965,7,3,10
1965,8,3,11
1965,5,2,7
1965,10,1,11
1965,7,3,10
1965,3,2,5
1965,8,7,15
1965,8,3,11
1965,5,2,7
1965,6,4,10
1965,5,15,20
1965,6,2,8
1965,4,1,5
1965,6,4,10
1965,4,3,7
1965,2,1,3
1965,6,3,9
1965,5,17,22
1965,7,5,12
1965,7,4,11
1965,2,0,2
1965,5,1,6
1965,3,10,13
1965,7,6,13
1965,14,1,15
1965,7,3,10
1965,6,5,11
1965,6,3,9
1965,9,7,16
1965,3,1,4
1965,8,3,11
1965,2,1,3
1965,8,6,14
1965,5,3,8
1965,4,10,14
1965,2,1,3
1965,2,0,2
1965,4,1,5
1965,6,1,7
1965,3,2,5
1965,8,5,13
1965,9,2,11
1965,9,6,15
1965,3,1,4
1965,3,0,3
1965,9,3,12
1965,2,0,2
1965,1,0,1
1965,3,2,5
1965,5,4,9
1965,6,1,7
1965,3,1,4
1965,7,12,19
1965,4,1,5
1965,3,1,4
1965,6,3,9
1965,1,0,1
1965,4,3,7
1965,5,3,8
1965,7,4,11
1965,4,2,6
1965,6,4,10
1965,8,11,19
1965,4,3,7
1965,3,2,5
1965,3,2,5
1965,2,10,12
1965,6,5,11
1965,5,12,17
1965,9,1,10
1965,12,0,12
1965,4,1,5
1965,3,2,5
1965,6,0,6
1965,6,0,6
1965,5,4,9
1965,5,3,8
1965,3,0,3
1965,5,2,7
1965,3,3,6
1965,4,3,7
1965,4,3,7
1965,7,2,9
1965,4,3,7
1965,6,1,7
1965,3,1,4
1965,5,1,6
1965,5,2,7
1965,4,1,5
1965,5,2,7
1965,5,1,6
1965,4,1,5
1965,5,10,15
1965,2,1,3
1965,4,0,4
1965,2,1,3
1965,13,0,13
1965,7,1,8
1965,5,2,7
1965,6,4,10
1965,6,3,9
1965,4,1,5
1965,8,3,11
1965,4,3,7
1965,3,10,13
1965,8,6,14
1965,11,10,21
1965,4,3,7
1965,6,0,6
1965,4,2,6
1965,7,6,13
1965,9,5,14
1965,5,2,7
1965,2,0,2
1965,2,1,3
1965,5,2,7
1965,7,0,7
1965,9,8,17
1965,1,0,1
1965,2,1,3
1965,5,3,8
1965,9,1,10
1965,4,3,7
1965,9,0,9
1965,4,3,7
1965,3,0,3
1965,2,1,3
1965,9,10,19
1965,6,0,6
1965,10,1,11
1965,9,4,13
1965,4,3,7
1965,2,11,13
1965,4,0,4
1965,6,4,10
1965,6,1,7
1965,12,0,12
1965,5,3,8
1965,3,0,3
1965,10,1,11
1965,7,3,10
1965,6,5,11
1965,4,2,6
1965,2,1,3
1965,3,14,17
1965,7,2,9
1965,3,1,4
1965,8,2,10
1965,3,2,5
1965,6,2,8
1965,2,1,3
1965,2,1,3
1965,7,6,13
1965,5,4,9
1965,2,0,2
1965,3,2,5
1965,4,2,6
1965,4,2,6
1965,4,2,6
1965,5,1,6
1965,2,1,3
1965,4,2,6
1965,7,3,10
1965,3,11,14
1965,6,4,10
1965,4,2,6
1965,6,4,10
1965,4,1,5
1965,3,0,3
1965,4,0,4
1965,4,2,6
1965,8,7,15
1965,5,1,6
1965,5,4,9
1965,6,4,10
1965,4,3,7
1965,5,4,9
1965,5,4,9
1965,5,2,7
1965,2,1,3
1965,6,5,11
1965,5,3,8
1965,8,2,10
1965,5,2,7
1965,5,4,9
1965,5,4,9
1965,3,13,16
1965,3,2,5
1965,8,5,13
1965,7,0,7
1965,5,0,5
1965,5,4,9
1965,4,0,4
1965,4,1,5
1965,7,1,8
1965,1,0,1
1965,3,0,3
1965,9,7,16
1965,7,0,7
1965,5,4,9
1965,8,4,12
1965,5,2,7
1965,5,2,7
1965,4,3,7
1965,5,0,5
1965,2,1,3
1965,4,2,6
1965,2,12,14
1965,2,1,3
1965,1,0,1
1965,5,4,9
1965,2,0,2
1965,5,2,7
1965,4,0,4
1965,5,1,6
1965,8,3,11
1965,6,5,11
1965,5,0,5
1965,5,0,5
1965,2,1,3
1965,7,12,19
1965,2,1,3
1965,6,10,16
1965,3,1,4
1965,8,4,12
1965,5,0,5
1965,9,4,13
1965,3,2,5
1965,7,1,8
1965,5,4,9
1965,2,1,3
1965,6,2,8
1965,5,1,6
1965,9,10,19
1965,3,1,4
1965,5,0,5
1965,6,5,11
1965,6,5,11
1965,3,0,3
1965,4,2,6
1965,2,1,3
1965,4,1,5
1965,2,0,2
1965,4,3,7
1965,3,1,4
1965,3,2,5
1965,3,1,4
1965,5,1,6
1965,4,2,6
1965,5,4,9
1965,2,10,12
1965,3,0,3
1965,3,1,4
1965,2,1,3
1965,9,4,13
1965,1,0,1
1965,8,2,10
1965,5,3,8
1965,4,0,4
1965,6,5,11
1965,5,3,8
1965,2,1,3
1965,2,13,15
1965,4,3,7
1965,8,5,13
1965,9,8,17
1965,5,0,5
1965,3,1,4
1965,8,12,20
1965,2,1,3
1965,3,2,5
1965,7,1,8
1965,2,1,3
1965,3,2,5
1965,6,4,10
1965,6,4,10
1965,7,4,11
1965,4,3,7
1965,7,3,10
1965,6,2,8
1965,1,0,1
1965,4,1,5
1965,4,2,6
1965,5,4,9
1965,4,2,6
1965,5,4,9
1965,3,0,3
1965,7,2,9
1965,4,2,6
1965,6,1,7
1965,6,2,8
1965,4,2,6
1965,6,0,6
1965,6,4,10
1965,5,1,6
1965,5,0,5
1965,6,2,8
1965,6,3,9
1965,2,0,2
1965,6,2,8
1965,8,3,11
1965,6,1,7
1965,4,1,5
1965,4,11,15
1965,3,1,4
1965,3,2,5
1965,4,2,6
1965,3,13,16
1965,3,1,4
1965,6,2,8
1965,3,1,4
1965,8,6,14
1965,6,0,6
1965,2,0,2
1965,6,2,8
1965,4,1,5
1965,4,3,7
1965,3,1,4
1965,5,1,6
1965,4,1,5
1965,4,12,16
1965,7,12,19
1965,2,0,2
1965,4,2,6
1965,2,0,2
1965,6,1,7
1965,5,2,7
1965,2,1,3
1965,3,10,13
1965,6,5,11
1965,8,1,9
1965,4,1,5
1965,5,4,9
1965,6,2,8
1965,4,0,4
1965,7,10,17
1965,7,11,18
1965,4,2,6
1965,2,10,12
1965,6,4,10
1965,6,5,11
1965,9,10,19
1965,2,10,12
1965,7,2,9
1965,6,0,6
1965,8,0,8
1965,6,3,9
1965,4,3,7
1965,9,2,11
1965,7,2,9
1965,4,17,21
1965,5,2,7
1965,6,3,9
1965,3,0,3
1965,5,4,9
1965,5,0,5
1965,3,0,3
1965,4,3,7
1965,3,2,5
1965,8,5,13
1965,7,6,13
1965,8,6,14
1965,7,1,8
1965,2,1,3
1965,7,5,12
1965,9,3,12
1965,2,1,3
1965,5,4,9
1965,5,0,5
1965,4,1,5
1965,4,3,7
1965,6,4,10
1965,2,1,3
1965,4,3,7
1965,6,3,9
1965,3,2,5
1965,7,1,8
1965,2,1,3
1965,4,3,7
1965,2,1,3
1965,6,3,9
1965,5,1,6
1965,2,1,3
1965,7,6,13
1965,7,2,9
1965,8,0,8
1965,2,16,18
1965,5,4,9
1965,4,0,4
1965,4,3,7
1965,3,1,4
1965,6,3,9
1965,4,3,7
1965,8,3,11
1965,6,0,6
1965,8,4,12
1965,6,2,8
1965,5,1,6
1965,4,1,5
1965,3,1,4
1965,3,2,5
1965,2,0,2
1965,8,10,18
1965,9,5,14
1965,1,0,1
1965,5,3,8
1965,1,0,1
1965,7,4,11
1965,4,2,6
1965,3,1,4
1965,5,2,7
1965,6,2,8
1965,4,1,5
1965,5,2,7
1965,6,3,9
1965,5,2,7
1965,4,3,7
1965,3,1,4
1965,7,4,11
1965,7,2,9
1965,5,4,9
1965,7,4,11
1965,6,2,8
1965,2,0,2
1965,5,4,9
1965,3,2,5
1965,3,0,3
1965,3,1,4
1965,6,2,8
1965,3,2,5
1965,6,2,8
1965,7,11,18
1965,8,0,8
1965,4,1,5
1965,9,0,9
1965,8,4,12
1965,3,2,5
1965,3,1,4
1965,4,2,6
1965,4,2,6
1965,7,6,13
1965,4,3,7
1965,1,0,1
1965,5,2,7
1965,5,2,7
1965,8,3,11
1965,1,0,1
1965,4,2,6
1965,3,2,5
1965,6,1,7
1965,6,10,16
1965,9,8,17
1965,2,10,12
1965,4,2,6
1965,9,4,13
1965,1,0,1
1965,4,3,7
1965,2,0,2
1965,7,3,10
1965,6,2,8
1965,7,5,12
1965,8,3,11
1965,6,2,8
1965,2,10,12
1965,4,1,5
1965,2,1,3
1965,10,1,11
1965,6,4,10
1965,5,3,8
1965,1,0,1
1965,5,3,8
1965,9,8,17
1965,4,3,7
1965,4,1,5
1965,8,6,14
1965,10,1,11
1965,7,0,7
1965,8,4,12
1965,5,3,8
1965,2,0,2
1965,6,0,6
1965,6,0,6
1965,2,1,3
1965,4,2,6
1965,6,5,11
1965,4,2,6
1965,4,3,7
1965,5,2,7
1965,6,3,9
1965,12,10,22
1965,5,2,7
1965,8,1,9
1965,6,3,9
1965,5,4,9
1965,5,0,5
1965,3,11,14
1965,3,2,5
1965,9,6,15
1965,2,1,3
1965,6,5,11
1965,4,3,7
1965,5,1,6
1965,4,3,7
1965,2,1,3
1965,3,0,3
1965,2,10,12
1965,2,12,14
1965,9,5,14
1965,2,1,3
1965,8,5,13
1965,5,2,7
1965,7,14,21
1965,8,5,13
1965,7,2,9
1965,5,4,9
1965,6,5,11
1965,5,4,9
1965,7,0,7
1965,4,1,5
1965,3,2,5
1965,7,5,12
1965,6,5,11
1965,8,4,12
1965,4,1,5
1965,4,1,5
1965,4,3,7
1965,5,3,8
1965,5,4,9
1965,5,1,6
1965,5,4,9
1965,3,0,3
1965,5,2,7
1965,3,1,4
1965,6,3,9
1965,3,1,4
1965,5,0,5
1965,8,0,8
1965,8,3,11
1965,5,2,7
1965,6,0,6
1965,3,1,4
1965,6,2,8
1965,5,2,7
1965,8,6,14
1965,6,1,7
1965,2,0,2
1965,3,2,5
1965,9,1,10
1965,7,1,8
1965,6,3,9
1965,2,0,2
1965,4,3,7
1965,1,0,1
1965,9,2,11
1965,8,6,14
1965,8,11,19
1965,8,7,15
1965,5,10,15
1965,2,1,3
1965,2,0,2
1965,6,4,10
1965,7,6,13
1965,1,0,1
1965,5,4,9
1965,2,0,2
1965,9,2,11
1965,5,11,16
1965,6,10,16
1965,3,2,5
1965,5,2,7
1965,3,1,4
1965,5,4,9
1965,5,1,6
1965,3,2,5
1965,7,3,10
1965,6,0,6
1965,5,2,7
1965,6,5,11
1965,9,1,10
1965,4,3,7
1965,3,2,5
1965,5,1,6
1965,5,3,8
1965,3,1,4
1965,8,5,13
1965,8,5,13
1965,3,0,3
1965,7,4,11
1965,4,2,6
1965,2,0,2
1965,3,2,5
1965,5,1,6
1965,4,2,6
1965,9,2,11
1965,8,5,13
1965,5,4,9
1965,3,2,5
1965,5,0,5
1965,3,0,3
1965,7,4,11
1965,6,10,16
1965,2,13,15
1965,3,1,4
1965,5,1,6
1965,8,1,9
1965,3,1,4
1965,2,1,3
1965,4,3,7
1965,5,3,8
1965,8,2,10
1965,6,2,8
1965,6,0,6
1965,5,4,9
1965,7,4,11
1965,3,2,5
1965,7,3,10
1965,8,10,18
1965,6,3,9
1965,7,3,10
1965,7,1,8
1965,9,7,16
1965,4,3,7
1965,3,0,3
1965,3,1,4
1965,3,2,5
1965,3,0,3
1965,7,10,17
1965,9,5,14
1965,5,1,6
1965,6,0,6
1965,7,2,9
1965,9,0,9
1965,4,2,6
1965,6,4,10
1965,4,1,5
1965,4,3,7
1965,1,0,1
1965,8,5,13
1965,8,1,9
1965,6,4,10
1965,14,0,14
1965,2,1,3
1965,9,4,13
1965,7,3,10
1965,5,0,5
1965,9,2,11
1965,3,1,4
1965,7,1,8
1965,3,1,4
1965,3,2,5
1965,9,2,11
1965,5,0,5
1965,5,3,8
1965,3,1,4
1965,4,2,6
1965,4,3,7
1965,4,3,7
1965,4,11,15
1965,5,4,9
1965,2,1,3
1965,3,1,4
1965,7,6,13
1965,4,3,7
1965,7,6,13
1965,4,3,7
1965,5,4,9
1965,1,0,1
1965,2,1,3
1965,6,4,10
1965,7,6,13
1965,3,2,5
1965,3,2,5
1965,7,6,13
1965,4,2,6
1965,6,3,9
1965,6,10,16
1965,4,1,5
1965,3,2,5
1965,8,2,10
1965,3,1,4
1965,3,2,5
1965,2,0,2
1965,6,5,11
1965,4,2,6
1965,6,5,11
1965,5,2,7
1965,3,2,5
1965,6,3,9
1965,7,12,19
1965,5,10,15
1965,4,3,7
1965,4,2,6
1965,7,0,7
1965,2,0,2
1965,7,10,17
1965,7,0,7
1965,6,5,11
1965,8,0,8
1965,4,3,7
1965,4,3,7
1965,4,1,5
1965,5,1,6
1965,4,3,7
1965,4,3,7
1965,3,2,5
1965,3,0,3
1965,7,2,9
1965,9,4,13
1965,3,0,3
1965,7,18,25
1965,5,2,7
1965,5,1,6
1965,8,5,13
1965,6,3,9
1965,3,11,14
1965,4,3,7
1965,3,1,4
1965,6,1,7
1965,5,11,16
1965,5,4,9
1965,5,4,9
1965,9,4,13
1965,9,3,12
1965,8,4,12
1965,4,3,7
1965,4,0,4
1965,3,2,5
1965,2,1,3
1965,4,3,7
1965,5,3,8
1965,6,5,11
1965,7,4,11
1965,9,4,13
1965,4,0,4
1965,7,1,8
1965,4,3,7
1965,4,10,14
1965,6,4,10
1965,6,4,10
1965,18,0,18
1965,6,5,11
1965,9,5,14
1965,4,3,7
1965,8,0,8
1965,8,5,13
1965,8,3,11
1965,7,6,13
1965,14,10,24
1965,7,1,8
1965,5,2,7
1965,6,4,10
1965,9,0,9
1965,8,0,8
1965,5,15,20
1965,4,12,16
1965,6,0,6
1965,6,2,8
1965,5,2,7
1965,3,0,3
1965,2,0,2
1965,4,3,7
1965,5,3,8
1965,7,3,10
1965,4,3,7
1965,8,3,11
1965,5,2,7
1965,7,0,7
1965,7,2,9
1965,6,0,6
1965,6,2,8
1965,5,4,9
1965,5,1,6
1965,1,0,1
1965,5,2,7
1965,5,4,9
1965,5,3,8
1965,5,1,6
1965,11,1,12
1965,7,3,10
1965,5,4,9
1965,8,2,10
1965,4,3,7
1965,5,2,7
1965,4,2,6
1965,3,2,5
1965,8,3,11
1965,3,1,4
1965,2,1,3
1965,3,2,5
1965,3,1,4
1965,3,1,4
1965,3,2,5
1965,7,2,9
1965,8,5,13
1965,5,3,8
1965,8,2,10
1965,3,1,4
1965,5,2,7
1965,1,0,1
1965,1,0,1
1965,3,2,5
1965,4,2,6
1965,4,2,6
1965,4,2,6
1965,7,4,11
1965,4,3,7
1965,4,3,7
1965,6,4,10
1965,9,2,11
1965,9,5,14
1965,3,0,3
1965,4,2,6
1965,4,1,5
1965,7,3,10
1965,9,15,24
1965,7,12,19
1965,5,4,9
1965,3,0,3
1965,6,1,7
1965,3,2,5
1965,8,10,18
1965,3,1,4
1965,6,4,10
1965,3,2,5
1965,7,4,11
1965,8,6,14
1965,4,2,6
1965,6,1,7
1965,3,2,5
1965,4,1,5
1965,7,2,9
1965,5,1,6
1965,3,2,5
1965,4,2,6
1965,4,1,5
1965,8,7,15
1965,6,3,9
1965,7,3,10
1965,5,0,5
1965,5,3,8
1965,8,2,10
1965,3,11,14
1965,1,0,1
1965,5,4,9
1965,8,3,11
1965,2,1,3
1965,3,1,4
1965,8,5,13
1965,5,4,9
1965,1,0,1
1965,2,0,2
1965,3,2,5
1965,3,1,4
1965,3,1,4
1965,7,4,11
1965,2,0,2
1965,3,1,4
1965,8,1,9
1965,3,2,5
1965,4,3,7
1965,5,1,6
1965,3,2,5
1965,13,10,23
1965,4,2,6
1965,9,2,11
1965,7,6,13
1965,6,2,8
1965,2,1,3
1965,3,0,3
1965,6,4,10
1965,4,2,6
1965,2,1,3
1965,4,1,5
1965,3,1,4
1965,8,3,11
1965,2,1,3
1965,7,5,12
1965,4,2,6
1965,6,5,11
1965,5,4,9
1965,4,3,7
1965,8,5,13
1965,8,2,10
1965,2,1,3
1965,4,3,7
1965,4,3,7
1965,7,6,13
1965,8,4,12
1965,6,2,8
1965,2,10,12
1965,9,4,13
1965,8,5,13
1965,7,1,8
1965,6,5,11
1965,8,2,10
1965,2,1,3
1965,3,2,5
1965,4,3,7
1965,4,3,7
1965,5,2,7
1965,7,6,13
1965,8,3,11
1965,6,3,9
1965,8,2,10
1965,2,1,3
1965,5,0,5
1965,5,4,9
1965,7,4,11
1965,7,5,12
1965,7,6,13
1965,3,3,6
1965,6,3,9
1965,4,2,6
1965,8,1,9
1965,5,3,8
1965,9,2,11
1965,3,1,4
1965,5,2,7
1965,6,4,10
1965,8,0,8
1965,6,5,11
1965,7,4,11
1965,3,2,5
1965,3,2,5
1965,6,1,7
1965,6,5,11
1965,1,0,1
1965,7,0,7
1965,5,3,8
1965,9,2,11
1965,9,8,17
1965,9,10,19
1965,2,1,3
1965,4,3,7
1965,5,3,8
1965,8,2,10
1965,4,0,4
1965,6,5,11
1965,3,1,4
1965,3,0,3
1965,8,4,12
1965,9,6,15
1965,5,4,9
1965,2,1,3
1965,3,2,5
1965,3,2,5
1965,4,10,14
1965,4,3,7
1965,3,1,4
1965,2,10,12
1965,8,3,11
1965,3,13,16
1965,4,2,6
1965,5,4,9
1965,4,2,6
1965,3,2,5
1965,4,0,4
1965,7,2,9
1965,1,0,1
1965,3,0,3
1965,5,3,8
1965,8,1,9
1965,3,2,5
1965,7,6,13
1965,4,3,7
1965,3,2,5
1965,2,1,3
1965,2,0,2
1965,4,0,4
1965,8,5,13
1965,7,6,13
1965,9,0,9
1965,7,6,13
1965,2,0,2
1965,4,3,7
1965,5,2,7
1965,4,1,5
1965,8,5,13
1965,3,2,5
1965,2,1,3
1965,8,7,15
1965,5,3,8
1965,9,3,12
1965,8,1,9
1965,5,3,8
1965,4,3,7
1965,6,10,16
1965,5,4,9
1965,4,3,7
1965,4,3,7
1965,5,2,7
1965,7,1,8
1965,5,4,9
1965,5,3,8
1965,4,1,5
1965,1,0,1
1965,5,4,9
1965,7,16,23
1965,2,10,12
1965,3,0,3
1965,6,4,10
1965,4,3,7
1965,9,0,9
1965,6,3,9
1965,1,0,1
1965,4,1,5
1965,7,3,10
1965,5,4,9
1965,1,0,1
1965,5,0,5
1965,5,4,9
1965,8,3,11
1965,1,0,1
1965,7,2,9
1965,9,5,14
1965,4,3,7
1965,4,2,6
1965,9,10,19
1965,2,1,3
1965,2,11,13
1965,4,2,6
1965,2,0,2
1965,2,1,3
1965,4,3,7
1965,3,0,3
1965,3,1,4
1965,2,1,3
1965,4,3,7
1965,3,1,4
1965,4,2,6
1965,5,3,8
1965,4,3,7
1965,4,1,5
1965,2,1,3
1965,8,6,14
1965,4,3,7
1965,7,6,13
1965,4,2,6
1965,3,1,4
1965,2,1,3
1965,6,2,8
1965,3,10,13
1965,5,10,15
1965,9,5,14
1965,5,0,5
1965,5,3,8
1965,3,1,4
1965,4,2,6
1965,9,5,14
1965,3,2,5
1965,2,11,13
1965,5,3,8
1965,2,0,2
1965,5,0,5
1965,5,3,8
1965,6,5,11
1965,6,5,11
1965,3,12,15
1965,2,1,3
1965,4,10,14
1965,3,2,5
1965,7,2,9
1965,1,0,1
1965,4,0,4
1965,5,2,7
1965,5,10,15
1965,8,5,13
1965,3,1,4
1965,2,0,2
1965,5,2,7
1965,3,1,4
1965,5,4,9
1965,7,0,7
1965,5,2,7
1965,4,1,5
1965,3,2,5
1965,8,4,12
1965,3,1,4
1965,5,3,8
1965,8,3,11
1965,9,0,9
1965,3,1,4
1965,3,2,5
1965,6,4,10
1965,6,5,11
1965,2,0,2
1965,4,1,5
1965,3,2,5
1965,1,0,1
1965,4,3,7
1965,9,2,11
1965,7,1,8
1965,5,1,6
1965,4,3,7
1965,8,4,12
1965,5,3,8
1965,7,1,8
1965,5,4,9
1965,7,1,8
1965,2,1,3
1965,7,5,12
1965,4,3,7
1965,6,13,19
1965,2,0,2
1965,3,2,5
1965,3,1,4
1965,3,2,5
1965,8,4,12
1965,8,1,9
1965,2,1,3
1965,8,6,14
1965,3,2,5
1965,7,5,12
1965,2,1,3
1965,4,2,6
1965,7,3,10
1965,5,3,8
1965,2,0,2
1965,2,0,2
1965,5,1,6
1965,7,3,10
1965,8,6,14
1965,2,1,3
1965,8,7,15
1965,2,1,3
1965,4,2,6
1965,5,4,9
1965,2,1,3
1965,9,1,10
1965,4,3,7
1965,4,0,4
1965,3,2,5
1965,5,3,8
1965,4,3,7
1965,8,5,13
1965,4,2,6
1965,2,0,2
1965,4,3,7
1965,4,3,7
1965,1,0,1
1965,3,2,5
1965,8,6,14
1965,8,6,14
1965,4,3,7
1965,7,5,12
1965,8,1,9
1965,4,2,6
1965,3,0,3
1965,1,0,1
1965,5,0,5
1965,4,2,6
1965,4,0,4
1965,5,4,9
1965,8,2,10
1965,4,1,5
1965,10,0,10
1965,4,0,4
1965,7,5,12
1965,7,4,11
1965,6,2,8
1965,4,3,7
1965,6,4,10
1965,3,1,4
1965,9,4,13
1965,6,5,11
1965,3,0,3
1965,10,1,11
1965,2,0,2
1965,7,1,8
1965,2,1,3
1965,8,2,10
1965,5,2,7
1965,7,6,13
1965,4,3,7
1965,6,2,8
1965,4,1,5
1965,5,11,16
1965,7,4,11
1965,8,7,15
1965,2,1,3
1965,6,10,16
1965,3,2,5
1965,8,0,8
1965,4,3,7
1965,8,2,10
1965,2,1,3
1965,2,0,2
1965,6,3,9
1965,4,1,5
1965,1,0,1
1965,5,2,7
1965,2,0,2
1965,3,1,4
1965,2,0,2
1965,4,1,5
1965,4,1,5
1965,7,5,12
1965,5,0,5
1965,5,3,8
1965,2,1,3
1965,5,3,8
1965,2,0,2
1965,7,1,8
1965,4,2,6
1965,2,1,3
1965,1,0,1
1965,5,3,8
1965,5,4,9
1965,3,2,5
1965,2,1,3
1965,6,4,10
1965,4,3,7
1965,6,1,7
1965,1,0,1
1965,8,4,12
1965,4,2,6
1965,4,3,7
1965,4,3,7
1965,4,3,7
1965,6,3,9
1965,7,1,8
1965,2,1,3
1965,1,0,1
1965,2,1,3
1965,9,1,10
1965,6,1,7
1965,8,6,14
1965,3,2,5
1965,2,1,3
1965,5,3,8
1965,5,1,6
1965,5,0,5
1965,4,2,6
1965,7,6,13
1965,8,6,14
1965,9,0,9
1965,7,6,13
1965,8,19,27
1965,4,0,4
1965,5,3,8
1965,6,1,7
1965,2,0,2
1965,3,2,5
1965,4,2,6
1965,2,0,2
1965,2,1,3
1965,2,17,19
1965,6,4,10
1965,12,0,12
1965,2,1,3
1965,6,3,9
1965,3,1,4
1965,5,4,9
1965,6,0,6
1965,3,0,3
1965,3,2,5
1965,9,1,10
1965,6,2,8
1965,5,11,16
1965,3,2,5
1965,2,1,3
1965,5,2,7
1965,3,0,3
1965,3,2,5
1965,3,1,4
1965,3,1,4
1965,6,3,9
1965,6,3,9
1965,3,2,5
1965,8,2,10
1965,5,1,6
1965,4,0,4
1965,7,2,9
1965,7,0,7
1965,5,1,6
1965,2,0,2
1966,5,2,7
1966,3,2,5
1966,5,4,9
1966,3,2,5
1966,3,2,5
1966,2,1,3
1966,2,1,3
1966,9,1,10
1966,6,0,6
1966,8,1,9
1966,7,6,13
1966,5,3,8
1966,4,0,4
1966,3,2,5
1966,2,1,3
1966,4,2,6
1966,4,2,6
1966,3,2,5
1966,5,2,7
1966,9,4,13
1966,5,4,9
1966,3,2,5
1966,8,7,15
1966,8,3,11
1966,4,2,6
1966,9,4,13
1966,3,2,5
1966,4,3,7
1966,9,2,11
1966,6,2,8
1966,7,2,9
1966,2,1,3
1966,3,2,5
1966,7,5,12
1966,4,2,6
1966,3,2,5
1966,3,1,4
1966,4,0,4
1966,5,3,8
1966,7,1,8
1966,5,4,9
1966,5,0,5
1966,6,0,6
1966,4,10,14
1966,5,0,5
1966,5,4,9
1966,3,1,4
1966,6,5,11
1966,3,1,4
1966,6,3,9
1966,4,3,7
1966,8,14,22
1966,7,0,7
1966,6,4,10
1966,3,1,4
1966,11,10,21
1966,3,1,4
1966,8,5,13
1966,3,2,5
1966,5,2,7
1966,3,1,4
1966,7,3,10
1966,6,3,9
1966,5,3,8
1966,4,3,7
1966,4,2,6
1966,3,2,5
1966,8,1,9
1966,3,2,5
1966,8,6,14
1966,5,2,7
1966,5,4,9
1966,5,4,9
1966,2,1,3
1966,8,4,12
1966,2,1,3
1966,2,1,3
1966,9,7,16
1966,2,0,2
1966,7,5,12
1966,5,4,9
1966,5,4,9
1966,4,3,7
1966,2,0,2
1966,4,0,4
1966,2,1,3
1966,2,1,3
1966,4,3,7
1966,5,4,9
1966,5,3,8
1966,5,2,7
1966,4,3,7
1966,5,3,8
1966,2,0,2
1966,3,2,5
1966,4,2,6
1966,4,3,7
1966,2,1,3
1966,5,2,7
1966,4,0,4
1966,4,1,5
1966,2,0,2
1966,3,0,3
1966,2,1,3
1966,2,0,2
1966,8,5,13
1966,5,0,5
1966,5,0,5
1966,3,2,5
1966,7,3,10
1966,14,11,25
1966,4,0,4
1966,4,2,6
1966,7,6,13
1966,3,11,14
1966,4,1,5
1966,8,6,14
1966,3,1,4
1966,4,1,5
1966,2,0,2
1966,8,6,14
1966,9,6,15
1966,2,1,3
1966,5,13,18
1966,4,2,6
1966,8,2,10
1966,3,0,3
1966,4,3,7
1966,5,1,6
1966,4,1,5
1966,8,1,9
1966,3,2,5
1966,5,2,7
1966,5,1,6
1966,5,4,9
1966,9,16,25
1966,12,0,12
1966,3,2,5
1966,3,1,4
1966,6,0,6
1966,6,1,7
1966,7,1,8
1966,6,1,7
1966,9,1,10
1966,6,1,7
1966,1,0,1
1966,4,1,5
1966,3,0,3
1966,1,0,1
1966,4,10,14
1966,8,0,8
1966,2,0,2
1966,5,3,8
1966,3,1,4
1966,9,8,17
1966,6,2,8
1966,4,2,6
1966,5,4,9
1966,8,0,8
1966,2,10,12
1966,1,0,1
1966,8,1,9
1966,5,2,7
1966,3,0,3
1966,2,1,3
1966,2,13,15
1966,6,1,7
1966,4,3,7
1966,7,0,7
1966,4,0,4
1966,2,1,3
1966,6,1,7
1966,8,0,8
1966,3,2,5
1966,4,3,7
1966,1,0,1
1966,6,10,16
1966,4,3,7
1966,4,0,4
1966,9,8,17
1966,3,2,5
1966,7,4,11
1966,1,0,1
1966,7,1,8
1966,6,0,6
1966,2,1,3
1966,5,4,9
1966,2,1,3
1966,8,7,15
1966,4,2,6
1966,6,3,9
1966,3,1,4
1966,1,0,1
1966,2,14,16
1966,3,0,3
1966,5,2,7
1966,6,4,10
1966,3,2,5
1966,7,3,10
1966,2,15,17
1966,8,2,10
1966,8,3,11
1966,5,2,7
1966,3,1,4
1966,2,1,3
1966,5,4,9
1966,3,2,5
1966,8,1,9
1966,4,1,5
1966,3,1,4
1966,5,1,6
1966,3,2,5
1966,5,10,15
1966,7,4,11
1966,7,10,17
1966,6,1,7
1966,3,2,5
1966,8,2,10
1966,8,0,8
1966,3,2,5
1966,4,1,5
1966,8,0,8
1966,3,2,5
1966,3,2,5
1966,7,4,11
1966,6,1,7
1966,2,1,3
1966,8,1,9
1966,3,2,5
1966,7,6,13
1966,6,5,11
1966,6,4,10
1966,5,0,5
1966,6,1,7
1966,5,3,8
1966,4,2,6
1966,4,3,7
1966,5,1,6
1966,3,0,3
1966,4,3,7
1966,4,1,5
1966,4,3,7
1966,5,4,9
1966,4,2,6
1966,9,5,14
1966,5,4,9
1966,1,0,1
1966,4,3,7
1966,8,0,8
1966,6,4,10
1966,2,1,3
1966,2,1,3
1966,3,13,16
1966,4,2,6
1966,5,4,9
1966,4,11,15
1966,6,5,11
1966,4,1,5
1966,3,0,3
1966,5,4,9
1966,6,3,9
1966,9,2,11
1966,1,0,1
1966,2,1,3
1966,8,6,14
1966,5,2,7
1966,3,1,4
1966,6,2,8
1966,6,1,7
1966,5,2,7
1966,3,1,4
1966,5,3,8
1966,2,1,3
1966,8,6,14
1966,3,2,5
1966,7,2,9
1966,2,1,3
1966,8,3,11
1966,4,0,4
1966,5,3,8
1966,5,2,7
1966,2,1,3
1966,5,1,6
1966,4,2,6
1966,4,3,7
1966,7,2,9
1966,7,1,8
1966,7,4,11
1966,6,4,10
1966,7,1,8
1966,4,2,6
1966,4,3,7
1966,4,2,6
1966,3,1,4
1966,7,1,8
1966,7,2,9
1966,4,0,4
1966,4,3,7
1966,2,0,2
1966,2,12,14
1966,8,4,12
1966,9,5,14
1966,3,0,3
1966,3,2,5
1966,5,3,8
1966,6,5,11
1966,7,3,10
1966,2,1,3
1966,7,5,12
1966,6,5,11
1966,7,6,13
1966,7,5,12
1966,6,5,11
1966,7,2,9
1966,4,1,5
1966,4,3,7
1966,5,4,9
1966,4,2,6
1966,4,3,7
1966,5,3,8
1966,5,2,7
1966,4,3,7
1966,3,2,5
1966,5,1,6
1966,3,2,5
1966,4,1,5
1966,4,3,7
1966,6,1,7
1966,4,0,4
1966,5,3,8
1966,2,1,3
1966,5,0,5
1966,7,2,9
1966,6,2,8
1966,2,1,3
1966,6,4,10
1966,9,0,9
1966,3,2,5
1966,5,3,8
1966,2,11,13
1966,6,4,10
1966,8,2,10
1966,7,6,13
1966,2,0,2
1966,5,3,8
1966,3,2,5
1966,4,2,6
1966,5,2,7
1966,2,0,2
1966,2,1,3
1966,7,5,12
1966,3,2,5
1966,6,2,8
1966,2,13,15
1966,7,1,8
1966,2,1,3
1966,6,11,17
1966,3,2,5
1966,9,1,10
1966,3,1,4
1966,7,2,9
1966,7,1,8
1966,8,4,12
1966,3,2,5
1966,1,0,1
1966,3,2,5
1966,5,3,8
1966,5,4,9
1966,3,2,5
1966,6,0,6
1966,4,2,6
1966,4,0,4
1966,4,1,5
1966,9,2,11
1966,6,5,11
1966,5,4,9
1966,8,5,13
1966,2,1,3
1966,5,4,9
1966,2,1,3
1966,5,2,7
1966,9,2,11
1966,7,1,8
1966,2,2,4
1966,2,0,2
1966,3,1,4
1966,6,5,11
1966,3,2,5
1966,5,1,6
1966,1,0,1
1966,2,1,3
1966,3,2,5
1966,6,3,9
1966,7,6,13
1966,2,0,2
1966,6,5,11
1966,3,2,5
1966,3,2,5
1966,6,10,16
1966,4,3,7
1966,5,1,6
1966,1,0,1
1966,11,0,11
1966,8,4,12
1966,5,2,7
1966,5,1,6
1966,7,4,11
1966,7,2,9
1966,3,1,4
1966,3,2,5
1966,5,3,8
1966,3,1,4
1966,4,2,6
1966,2,1,3
1966,6,2,8
1966,7,5,12
1966,1,0,1
1966,5,3,8
1966,7,1,8
1966,5,14,19
1966,6,4,10
1966,2,1,3
1966,3,0,3
1966,5,1,6
1966,4,3,7
1966,6,3,9
1966,5,0,5
1966,9,7,16
1966,6,2,8
1966,2,0,2
1966,8,3,11
1966,9,4,13
1966,3,1,4
1966,4,3,7
1966,7,4,11
1966,1,0,1
1966,5,0,5
1966,2,12,14
1966,9,6,15
1966,5,3,8
1966,4,11,15
1966,4,11,15
1966,7,6,13
1966,5,0,5
1966,5,4,9
1966,2,0,2
1966,3,2,5
1966,3,2,5
1966,5,15,20
1966,1,0,1
1966,8,0,8
1966,8,6,14
1966,6,5,11
1966,6,2,8
1966,6,1,7
1966,7,2,9
1966,2,1,3
1966,4,1,5
1966,9,0,9
1966,6,5,11
1966,6,3,9
1966,4,1,5
1966,6,0,6
1966,5,3,8
1966,7,4,11
1966,6,3,9
1966,6,1,7
1966,9,6,15
1966,4,14,18
1966,9,4,13
1966,5,3,8
1966,8,4,12
1966,4,1,5
1966,4,1,5
1966,12,0,12
1966,8,3,11
1966,9,5,14
1966,9,4,13
1966,3,16,19
1966,3,2,5
1966,7,6,13
1966,5,10,15
1966,5,1,6
1966,6,2,8
1966,5,3,8
1966,6,5,11
1966,3,2,5
1966,8,6,14
1966,7,2,9
1966,2,1,3
1966,9,10,19
1966,6,1,7
1966,6,11,17
1966,5,1,6
1966,9,1,10
1966,6,5,11
1966,8,7,15
1966,1,0,1
1966,8,1,9
1966,2,1,3
1966,5,4,9
1966,6,1,7
1966,5,4,9
1966,7,6,13
1966,6,10,16
1966,5,11,16
1966,4,2,6
1966,9,1,10
1966,3,1,4
1966,9,4,13
1966,8,4,12
1966,1,0,1
1966,4,2,6
1966,9,2,11
1966,3,2,5
1966,6,2,8
1966,2,0,2
1966,6,2,8
1966,1,0,1
1966,5,0,5
1966,5,4,9
1966,8,2,10
1966,6,1,7
1966,8,2,10
1966,4,3,7
1966,4,3,7
1966,6,4,10
1966,6,3,9
1966,8,2,10
1966,4,0,4
1966,5,2,7
1966,2,0,2
1966,5,3,8
1966,4,2,6
1966,8,1,9
1966,4,1,5
1966,2,1,3
1966,6,3,9
1966,7,5,12
1966,12,10,22
1966,8,4,12
1966,3,2,5
1966,5,3,8
1966,8,11,19
1966,3,2,5
1966,8,0,8
1966,5,1,6
1966,2,1,3
1966,4,3,7
1966,5,2,7
1966,6,1,7
1966,9,6,15
1966,5,2,7
1966,4,1,5
1966,6,2,8
1966,6,4,10
1966,5,4,9
1966,8,0,8
1966,2,1,3
1966,4,10,14
1966,8,7,15
1966,7,11,18
1966,3,2,5
1966,6,3,9
1966,3,0,3
1966,9,2,11
1966,6,11,17
1966,3,0,3
1966,7,11,18
1966,5,4,9
1966,7,11,18
1966,5,4,9
1966,7,6,13
1966,9,6,15
1966,6,5,11
1966,8,1,9
1966,6,3,9
1966,8,5,13
1966,4,0,4
1966,1,0,1
1966,6,4,10
1966,17,1,18
1966,4,16,20
1966,6,4,10
1966,5,2,7
1966,5,12,17
1966,5,3,8
1966,7,2,9
1966,7,6,13
1966,2,1,3
1966,2,1,3
1966,2,1,3
1966,4,2,6
1966,5,3,8
1966,6,5,11
1966,2,1,3
1966,4,2,6
1966,4,1,5
1966,3,1,4
1966,5,2,7
1966,6,5,11
1966,5,4,9
1966,9,6,15
1966,6,16,22
1966,5,13,18
1966,5,4,9
1966,7,3,10
1966,3,2,5
1966,9,8,17
1966,4,3,7
1966,3,2,5
1966,7,2,9
1966,2,1,3
1966,5,3,8
1966,5,2,7
1966,9,8,17
1966,8,2,10
1966,5,0,5
1966,4,2,6
1966,1,0,1
1966,3,2,5
1966,2,1,3
1966,6,4,10
1966,2,1,3
1966,1,0,1
1966,5,1,6
1966,2,1,3
1966,7,5,12
1966,5,3,8
1966,4,2,6
1966,3,1,4
1966,4,2,6
1966,4,2,6
1966,4,1,5
1966,2,1,3
1966,7,10,17
1966,9,7,16
1966,8,11,19
1966,7,4,11
1966,9,8,17
1966,7,5,12
1966,8,3,11
1966,2,1,3
1966,5,2,7
1966,7,3,10
1966,3,2,5
1966,6,5,11
1966,4,1,5
1966,3,2,5
1966,9,5,14
1966,4,3,7
1966,5,2,7
1966,7,4,11
1966,3,1,4
1966,3,0,3
1966,2,0,2
1966,2,12,14
1966,8,6,14
1966,6,4,10
1966,5,3,8
1966,2,1,3
1966,5,2,7
1966,6,1,7
1966,4,0,4
1966,5,1,6
1966,5,4,9
1966,4,2,6
1966,12,1,13
1966,7,5,12
1966,2,1,3
1966,9,2,11
1966,4,1,5
1966,5,2,7
1966,3,1,4
1966,5,4,9
1966,4,3,7
1966,4,3,7
1966,1,0,1
1966,9,3,12
1966,3,2,5
1966,7,1,8
1966,1,0,1
1966,3,2,5
1966,2,1,3
1966,8,7,15
1966,2,1,3
1966,7,13,20
1966,9,3,12
1966,7,12,19
1966,7,0,7
1966,8,2,10
1966,10,0,10
1966,4,2,6
1966,3,14,17
1966,7,5,12
1966,7,1,8
1966,6,3,9
1966,7,2,9
1966,2,0,2
1966,2,0,2
1966,5,1,6
1966,4,1,5
1966,3,1,4
1966,6,2,8
1966,8,5,13
1966,2,1,3
1966,4,2,6
1966,5,3,8
1966,3,15,18
1966,4,1,5
1966,3,1,4
1966,4,3,7
1966,4,0,4
1966,1,0,1
1966,4,3,7
1966,7,1,8
1966,9,5,14
1966,6,5,11
1966,6,2,8
1966,5,0,5
1966,9,5,14
1966,5,2,7
1966,4,1,5
1966,5,2,7
1966,6,5,11
1966,2,1,3
1966,3,2,5
1966,3,11,14
1966,4,0,4
1966,1,0,1
1966,9,0,9
1966,3,1,4
1966,4,1,5
1966,2,0,2
1966,2,1,3
1966,5,0,5
1966,8,5,13
1966,6,4,10
1966,2,1,3
1966,2,0,2
1966,12,0,12
1966,7,0,7
1966,9,5,14
1966,8,6,14
1966,6,5,11
1966,3,2,5
1966,6,0,6
1966,5,2,7
1966,7,3,10
1966,8,5,13
1966,6,3,9
1966,7,2,9
1966,4,3,7
1966,9,12,21
1966,3,1,4
1966,4,10,14
1966,4,2,6
1966,5,2,7
1966,3,2,5
1966,2,10,12
1966,4,3,7
1966,3,0,3
1966,4,10,14
1966,3,1,4
1966,2,0,2
1966,8,7,15
1966,9,8,17
1966,6,2,8
1966,3,17,20
1966,6,5,11
1966,9,6,15
1966,6,4,10
1966,1,0,1
1966,7,5,12
1966,6,4,10
1966,5,4,9
1966,6,11,17
1966,3,2,5
1966,2,1,3
1966,5,0,5
1966,5,2,7
1966,9,6,15
1966,8,1,9
1966,6,2,8
1966,3,2,5
1966,6,0,6
1966,4,3,7
1966,4,3,7
1966,9,4,13
1966,1,0,1
1966,7,1,8
1966,3,1,4
1966,3,1,4
1966,11,0,11
1966,9,8,17
1966,5,10,15
1966,4,3,7
1966,1,0,1
1966,8,1,9
1966,1,0,1
1966,5,3,8
1966,5,4,9
1966,7,5,12
1966,3,2,5
1966,4,3,7
1966,3,2,5
1966,5,4,9
1966,3,2,5
1966,4,3,7
1966,5,2,7
1966,9,6,15
1966,7,5,12
1966,8,5,13
1966,2,1,3
1966,3,1,4
1966,5,1,6
1966,5,4,9
1966,2,1,3
1966,7,6,13
1966,6,1,7
1966,7,6,13
1966,7,5,12
1966,2,10,12
1966,9,2,11
1966,7,2,9
1966,6,1,7
1966,2,10,12
1966,2,1,3
1966,4,2,6
1966,6,11,17
1966,6,3,9
1966,5,2,7
1966,8,1,9
1966,3,0,3
1966,6,3,9
1966,8,7,15
1966,7,1,8
1966,4,0,4
1966,8,4,12
1966,6,10,16
1966,2,10,12
1966,4,1,5
1966,5,3,8
1966,2,0,2
1966,4,2,6
1966,3,2,5
1966,9,2,11
1966,9,4,13
1966,2,1,3
1966,6,5,11
1966,7,6,13
1966,3,2,5
1966,2,1,3
1966,9,2,11
1966,9,7,16
1966,4,3,7
1966,5,4,9
1966,3,1,4
1966,4,2,6
1966,5,0,5
1966,4,10,14
1966,4,2,6
1966,4,2,6
1966,9,2,11
1966,8,5,13
1966,5,4,9
1966,5,4,9
1966,4,3,7
1966,8,1,9
1966,5,4,9
1966,1,1,2
1966,7,1,8
1966,7,2,9
1966,5,3,8
1966,8,2,10
1966,9,5,14
1966,6,2,8
1966,7,1,8
1966,6,5,11
1966,4,1,5
1966,9,6,15
1966,5,0,5
1966,3,1,4
1966,5,1,6
1966,3,2,5
1966,7,3,10
1966,2,15,17
1966,3,2,5
1966,3,2,5
1966,4,2,6
1966,9,6,15
1966,4,2,6
1966,7,5,12
1966,3,0,3
1966,3,1,4
1966,7,4,11
1966,7,1,8
1966,4,3,7
1966,7,2,9
1966,9,8,17
1966,5,3,8
1966,6,1,7
1966,6,4,10
1966,4,1,5
1966,6,3,9
1966,4,0,4
1966,3,2,5
1966,7,6,13
1966,3,13,16
1966,3,2,5
1966,5,4,9
1966,8,2,10
1966,9,10,19
1966,5,4,9
1966,4,0,4
1966,7,10,17
1966,6,1,7
1966,1,0,1
1966,5,4,9
1966,5,1,6
1966,6,3,9
1966,9,13,22
1966,8,5,13
1966,4,0,4
1966,3,2,5
1966,6,3,9
1966,3,1,4
1966,6,4,10
1966,7,3,10
1966,6,1,7
1966,7,2,9
1966,3,2,5
1966,4,3,7
1966,4,3,7
1966,3,14,17
1966,7,4,11
1966,1,0,1
1966,3,1,4
1966,6,5,11
1966,9,4,13
1966,8,2,10
1966,5,10,15
1966,5,2,7
1966,3,0,3
1966,6,4,10
1966,4,1,5
1966,7,2,9
1966,5,4,9
1966,4,10,14
1966,4,0,4
1966,6,5,11
1966,4,3,7
1966,6,2,8
1966,7,6,13
1966,8,0,8
1966,8,1,9
1966,4,0,4
1966,4,2,6
1966,7,10,17
1966,7,4,11
1966,4,3,7
1966,5,4,9
1966,3,0,3
1966,2,1,3
1966,6,11,17
1966,5,0,5
1966,6,0,6
1966,9,1,10
1966,4,1,5
1966,4,1,5
1966,6,2,8
1966,7,4,11
1966,6,4,10
1966,6,3,9
1966,2,1,3
1966,6,3,9
1966,4,3,7
1966,7,4,11
1966,8,5,13
1966,3,1,4
1966,9,6,15
1966,5,4,9
1966,3,2,5
1966,6,3,9
1966,8,3,11
1966,6,2,8
1966,9,7,16
1966,7,1,8
1966,2,14,16
1966,5,0,5
1966,2,11,13
1966,3,2,5
1966,2,1,3
1966,6,3,9
1966,5,3,8
1966,7,5,12
1966,7,5,12
1966,2,1,3
1966,7,5,12
1966,7,6,13
1966,2,1,3
1966,2,1,3
1966,4,3,7
1966,4,1,5
1966,3,0,3
1966,7,4,11
1966,5,3,8
1966,4,0,4
1966,4,13,17
1966,6,5,11
1966,6,5,11
1966,2,15,17
1966,2,1,3
1966,6,0,6
1966,5,1,6
1966,2,1,3
1966,7,0,7
1966,6,3,9
1966,4,1,5
1966,3,1,4
1966,8,2,10
1966,4,3,7
1966,3,2,5
1966,4,1,5
1966,5,0,5
1966,7,0,7
1966,6,10,16
1966,5,4,9
1966,7,1,8
1966,4,0,4
1966,2,1,3
1966,8,1,9
1966,6,5,11
1966,6,4,10
1966,5,2,7
1966,4,3,7
1966,6,4,10
1966,6,2,8
1966,4,2,6
1966,6,5,11
1966,5,1,6
1966,3,2,5
1966,6,5,11
1966,6,5,11
1966,8,6,14
1966,5,0,5
1966,4,3,7
1966,7,3,10
1966,5,4,9
1966,4,3,7
1966,6,5,11
1966,6,3,9
1966,9,0,9
1966,2,0,2
1966,9,6,15
1966,3,1,4
1966,6,3,9
1966,4,3,7
1966,7,2,9
1966,11,1,12
1966,7,6,13
1966,3,1,4
1966,3,1,4
1966,7,11,18
1966,5,2,7
1966,3,1,4
1966,4,3,7
1966,2,1,3
1966,8,6,14
1966,2,12,14
1966,8,1,9
1966,7,1,8
1966,4,2,6
1966,3,1,4
1966,4,3,7
1966,5,4,9
1966,3,0,3
1966,2,0,2
1966,12,1,13
1966,4,2,6
1966,7,1,8
1966,9,2,11
1966,4,3,7
1966,4,0,4
1966,7,1,8
1966,5,2,7
1966,5,4,9
1966,8,2,10
1966,4,3,7
1966,5,0,5
1966,8,10,18
1966,6,5,11
1966,9,3,12
1966,9,8,17
1966,9,6,15
1966,6,4,10
1966,5,3,8
1966,9,2,11
1966,7,6,13
1966,3,14,17
1966,2,1,3
1966,4,2,6
1966,4,1,5
1966,4,1,5
1966,3,0,3
1966,9,7,16
1966,6,2,8
1966,9,10,19
1966,3,1,4
1966,6,10,16
1966,7,5,12
1966,6,1,7
1966,5,3,8
1966,2,1,3
1966,5,0,5
1966,2,0,2
1966,8,5,13
1966,3,2,5
1966,2,1,3
1966,4,1,5
1966,2,1,3
1966,3,2,5
1966,8,3,11
1966,3,1,4
1966,2,0,2
1966,2,0,2
1966,9,2,11
1966,9,4,13
1966,4,10,14
1966,5,1,6
1966,6,3,9
1966,3,13,16
1966,4,3,7
1966,9,8,17
1966,9,8,17
1966,9,10,19
1966,6,5,11
1966,7,5,12
1966,5,1,6
1966,9,13,22
1966,1,0,1
1966,14,11,25
1966,2,1,3
1966,6,2,8
1966,3,2,5
1966,1,0,1
1966,6,2,8
1966,2,1,3
1966,4,1,5
1966,4,2,6
1966,7,4,11
1966,5,2,7
1966,13,1,14
1966,7,3,10
1966,11,0,11
1966,6,1,7
1966,2,1,3
1966,3,0,3
1966,9,6,15
1966,7,1,8
1966,8,5,13
1966,5,3,8
1966,4,0,4
1966,4,0,4
1966,4,2,6
1966,4,3,7
1966,12,10,22
1966,5,0,5
1966,4,3,7
1966,7,3,10
1966,6,4,10
1966,5,2,7
1966,5,3,8
1966,5,4,9
1966,4,3,7
1966,6,0,6
1966,4,2,6
1966,4,3,7
1966,4,3,7
1966,6,5,11
1966,4,2,6
1966,4,3,7
1966,5,3,8
1966,5,11,16
1966,6,4,10
1966,4,2,6
1966,6,5,11
1966,6,3,9
1966,4,2,6
1966,2,0,2
1966,8,1,9
1966,3,0,3
1966,5,3,8
1966,3,1,4
1966,8,4,12
1966,4,2,6
1966,5,1,6
1966,5,3,8
1966,4,2,6
1966,6,1,7
1966,5,1,6
1966,5,3,8
1966,8,7,15
1966,5,3,8
1966,4,3,7
1966,2,0,2
1966,5,4,9
1966,3,1,4
1966,6,2,8
1966,9,5,14
1966,2,1,3
1966,4,3,7
1966,3,2,5
1966,4,10,14
1966,4,3,7
1966,4,0,4
1966,7,5,12
1966,1,0,1
1966,5,4,9
1966,8,5,13
1966,5,3,8
1966,4,2,6
1966,3,2,5
1966,4,1,5
1966,8,3,11
1966,5,2,7
1966,3,2,5
1966,8,5,13
1966,5,4,9
1966,6,1,7
1966,5,4,9
1966,6,4,10
1966,8,1,9
1966,3,2,5
1966,9,4,13
1966,11,0,11
1966,4,1,5
1966,7,3,10
1966,6,5,11
1966,5,1,6
1966,9,4,13
1966,7,4,11
1966,8,4,12
1966,3,0,3
1966,4,3,7
1966,6,5,11
1966,5,2,7
1966,2,1,3
1966,4,1,5
1966,2,1,3
1966,3,0,3
1966,8,7,15
1966,1,0,1
1966,5,4,9
1966,7,3,10
1966,7,0,7
1966,4,3,7
1966,4,10,14
1966,4,2,6
1966,8,3,11
1966,6,5,11
1966,6,2,8
1966,7,2,9
1966,2,1,3
1966,2,1,3
1966,6,4,10
1966,9,4,13
1966,6,5,11
1966,4,3,7
1966,8,6,14
1966,4,1,5
1966,3,2,5
1966,8,0,8
1966,5,1,6
1966,4,1,5
1966,6,3,9
1966,3,2,5
1966,5,4,9
1966,7,4,11
1966,2,0,2
1966,7,4,11
1966,6,5,11
1966,4,0,4
1966,7,4,11
1966,1,0,1
1966,3,0,3
1966,3,2,5
1966,6,5,11
1966,1,0,1
1966,7,14,21
1966,8,7,15
1966,5,4,9
1966,11,1,12
1966,4,2,6
1966,5,1,6
1966,3,1,4
1966,8,4,12
1966,3,2,5
1966,2,1,3
1966,4,3,7
1966,7,6,13
1966,5,2,7
1966,4,3,7
1966,8,1,9
1966,5,2,7
1966,3,2,5
1966,5,1,6
1966,3,2,5
1966,4,2,6
1966,6,3,9
1966,4,3,7
1966,2,0,2
1966,2,0,2
1966,7,2,9
1966,6,1,7
1966,5,3,8
1966,5,1,6
1966,2,0,2
1966,5,3,8
1966,5,4,9
1966,7,6,13
1966,6,2,8
1966,6,4,10
1966,4,1,5
1966,3,1,4
1966,4,10,14
1966,7,1,8
1966,8,2,10
1966,5,2,7
1966,7,6,13
1966,3,1,4
1966,7,5,12
1966,5,1,6
1966,3,0,3
1966,4,0,4
1966,2,11,13
1966,2,1,3
1966,5,10,15
1966,4,3,7
1966,8,5,13
1966,5,2,7
1966,7,5,12
1966,3,11,14
1966,4,1,5
1966,2,1,3
1966,3,1,4
1966,4,3,7
1966,7,4,11
1966,6,5,11
1966,2,1,3
1966,6,5,11
1966,9,8,17
1966,6,1,7
1966,4,2,6
1966,7,5,12
1966,5,1,6
1966,8,5,13
1966,6,0,6
1966,7,3,10
1966,6,5,11
1966,2,12,14
1966,6,4,10
1966,7,6,13
1966,4,1,5
1966,7,3,10
1966,8,1,9
1966,7,0,7
1966,6,1,7
1966,7,4,11
1966,8,4,12
1966,9,1,10
1966,3,2,5
1966,2,0,2
1966,5,3,8
1966,8,5,13
1966,8,6,14
1966,4,3,7
1966,3,0,3
1966,7,2,9
1966,9,2,11
1966,5,0,5
1966,8,5,13
1966,9,2,11
1966,5,4,9
1966,7,4,11
1966,5,4,9
1966,7,2,9
1966,5,1,6
1966,3,1,4
1966,6,4,10
1966,7,4,11
1966,4,1,5
1966,4,1,5
1966,7,4,11
1966,8,2,10
1966,8,5,13
1966,5,13,18
1966,7,5,12
1966,4,1,5
1966,6,0,6
1966,4,1,5
1966,7,2,9
1966,6,2,8
1966,8,2,10
1966,4,3,7
1966,6,0,6
1966,4,3,7
1966,3,2,5
1966,4,1,5
1966,4,3,7
1966,3,2,5
1966,5,4,9
1966,4,0,4
1966,6,3,9
1966,3,2,5
1966,6,4,10
1966,8,3,11
1966,6,5,11
1966,2,1,3
1966,1,0,1
1966,8,7,15
1966,2,1,3
1966,7,0,7
1966,6,1,7
1966,8,3,11
1966,7,6,13
1966,3,2,5
1966,6,0,6
1966,5,1,6
1966,1,0,1
1966,9,2,11
1966,5,0,5
1966,1,0,1
1966,7,2,9
1966,3,2,5
1966,2,1,3
1966,6,5,11
1966,3,12,15
1966,4,2,6
1966,4,1,5
1966,8,2,10
1966,5,1,6
1966,4,0,4
1966,1,0,1
1966,6,11,17
1966,8,3,11
1966,9,3,12
1966,4,3,7
1966,4,3,7
1966,2,0,2
1966,6,5,11
1966,3,2,5
1966,10,1,11
1966,2,10,12
1966,3,1,4
1966,6,5,11
1966,9,3,12
1966,8,3,11
1966,3,2,5
1966,7,2,9
1966,3,2,5
1966,2,1,3
1966,3,1,4
1966,3,0,3
1966,3,2,5
1966,2,0,2
1966,6,2,8
1966,2,0,2
1966,4,3,7
1966,5,4,9
1966,8,2,10
1966,1,0,1
1966,8,5,13
1966,5,3,8
1966,5,4,9
1966,5,10,15
1966,4,10,14
1966,7,0,7
1966,4,0,4
1966,5,4,9
1966,3,1,4
1966,4,0,4
1966,3,1,4
1966,6,4,10
1966,5,1,6
1966,2,1,3
1966,5,4,9
1966,3,0,3
1966,3,1,4
1966,3,1,4
1966,3,1,4
1966,6,5,11
1966,6,2,8
1966,2,11,13
1966,9,5,14
1966,4,2,6
1966,6,4,10
1966,9,4,13
1966,4,3,7
1966,5,3,8
1966,3,2,5
1966,6,5,11
1966,9,2,11
1966,6,5,11
1966,4,0,4
1966,5,3,8
1966,3,1,4
1966,1,0,1
1966,9,11,20
1966,1,0,1
1966,6,1,7
1966,6,1,7
1966,5,1,6
1966,6,3,9
1966,4,1,5
1966,3,0,3
1966,4,0,4
1966,11,1,12
1966,6,0,6
1966,4,0,4
1966,9,3,12
1966,6,2,8
1966,2,1,3
1966,8,10,18
1966,3,2,5
1966,6,5,11
1966,14,1,15
1966,7,2,9
1966,5,3,8
1966,7,0,7
1966,6,1,7
1966,4,1,5
1966,3,0,3
1966,2,0,2
1966,4,0,4
1966,4,2,6
1966,7,0,7
1966,2,0,2
1966,4,12,16
1966,2,1,3
1966,5,4,9
1966,5,4,9
1966,8,6,14
1966,6,3,9
1966,4,0,4
1966,4,3,7
1966,9,5,14
1966,3,1,4
1966,8,1,9
1966,1,0,1
1966,5,4,9
1966,6,2,8
1966,6,2,8
1966,6,1,7
1966,2,1,3
1966,8,4,12
1966,5,4,9
1966,4,2,6
1966,1,0,1
1966,3,1,4
1966,4,3,7
1966,6,4,10
1966,2,1,3
1966,8,2,10
1966,2,1,3
1966,5,4,9
1966,6,3,9
1966,5,0,5
1966,3,2,5
1966,6,3,9
1966,6,2,8
1966,1,0,1
1966,2,1,3
1966,5,1,6
1966,2,0,2
1966,5,2,7
1966,5,4,9
1966,7,1,8
1966,4,3,7
1966,4,0,4
1966,4,1,5
1966,1,0,1
1966,2,1,3
1966,4,2,6
1966,2,0,2
1966,3,2,5
1966,2,1,3
1966,7,10,17
1966,8,2,10
1966,2,0,2
1966,6,5,11
1966,8,5,13
1966,1,0,1
1966,5,3,8
1966,2,0,2
1966,2,0,2
1966,5,3,8
1966,5,11,16
1966,6,3,9
1966,5,2,7
1966,5,4,9
1966,2,0,2
1966,4,3,7
1966,6,2,8
1966,1,0,1
1966,2,0,2
1966,2,0,2
1966,4,2,6
1966,7,5,12
1966,6,1,7
1966,8,2,10
1966,4,3,7
1966,6,3,9
1966,7,3,10
1966,2,0,2
1966,5,2,7
1966,6,0,6
1966,1,0,1
1966,1,0,1
1967,6,1,7
1967,8,0,8
1967,6,3,9
1967,4,2,6
1967,4,2,6
1967,6,1,7
1967,4,3,7
1967,6,3,9
1967,6,0,6
1967,5,4,9
1967,6,3,9
1967,5,4,9
1967,4,2,6
1967,4,10,14
1967,2,0,2
1967,7,1,8
1967,8,5,13
1967,5,4,9
1967,3,2,5
1967,6,5,11
1967,10,1,11
1967,8,2,10
1967,7,1,8
1967,5,3,8
1967,3,0,3
1967,5,1,6
1967,8,5,13
1967,8,4,12
1967,4,3,7
1967,4,1,5
1967,3,1,4
1967,7,3,10
1967,3,11,14
1967,4,3,7
1967,1,0,1
1967,6,2,8
1967,7,3,10
1967,4,13,17
1967,4,1,5
1967,5,4,9
1967,3,0,3
1967,7,3,10
1967,4,3,7
1967,4,1,5
1967,6,0,6
1967,6,3,9
1967,7,11,18
1967,4,3,7
1967,7,6,13
1967,2,0,2
1967,6,5,11
1967,8,11,19
1967,9,6,15
1967,3,2,5
1967,5,2,7
1967,4,1,5
1967,7,2,9
1967,8,4,12
1967,2,1,3
1967,4,1,5
1967,3,0,3
1967,4,1,5
1967,3,2,5
1967,3,2,5
1967,7,5,12
1967,2,0,2
1967,4,3,7
1967,3,1,4
1967,6,1,7
1967,7,5,12
1967,8,4,12
1967,3,1,4
1967,6,1,7
1967,6,1,7
1967,6,5,11
1967,4,12,16
1967,3,1,4
1967,6,3,9
1967,4,3,7
1967,2,12,14
1967,5,4,9
1967,4,11,15
1967,4,3,7
1967,7,2,9
1967,3,1,4
1967,4,3,7
1967,6,5,11
1967,1,0,1
1967,5,2,7
1967,8,7,15
1967,7,5,12
1967,7,3,10
1967,9,6,15
1967,2,1,3
1967,4,2,6
1967,5,3,8
1967,9,3,12
1967,6,10,16
1967,3,1,4
1967,5,1,6
1967,3,1,4
1967,6,5,11
1967,7,4,11
1967,2,1,3
1967,2,1,3
1967,1,0,1
1967,5,0,5
1967,4,0,4
1967,7,1,8
1967,2,11,13
1967,7,3,10
1967,6,1,7
1967,9,3,12
1967,7,2,9
1967,2,1,3
1967,5,1,6
1967,4,2,6
1967,3,0,3
1967,5,4,9
1967,6,4,10
1967,6,0,6
1967,5,4,9
1967,3,2,5
1967,9,8,17
1967,5,3,8
1967,3,0,3
1967,3,2,5
1967,7,1,8
1967,5,4,9
1967,5,4,9
1967,5,4,9
1967,6,2,8
1967,7,3,10
1967,3,2,5
1967,4,2,6
1967,11,10,21
1967,7,0,7
1967,4,1,5
1967,5,0,5
1967,5,2,7
1967,9,6,15
1967,6,4,10
1967,6,3,9
1967,2,1,3
1967,6,4,10
1967,1,0,1
1967,2,1,3
1967,4,2,6
1967,2,0,2
1967,3,2,5
1967,4,1,5
1967,5,1,6
1967,4,1,5
1967,4,2,6
1967,2,0,2
1967,7,3,10
1967,3,0,3
1967,4,0,4
1967,8,7,15
1967,8,5,13
1967,3,1,4
1967,3,2,5
1967,1,0,1
1967,1,0,1
1967,4,13,17
1967,3,2,5
1967,3,10,13
1967,5,3,8
1967,5,0,5
1967,4,0,4
1967,2,1,3
1967,2,1,3
1967,5,1,6
1967,6,1,7
1967,4,3,7
1967,8,0,8
1967,1,0,1
1967,6,5,11
1967,2,0,2
1967,3,1,4
1967,4,1,5
1967,9,3,12
1967,7,14,21
1967,4,1,5
1967,5,3,8
1967,3,2,5
1967,4,0,4
1967,5,2,7
1967,3,2,5
1967,3,1,4
1967,7,2,9
1967,4,3,7
1967,2,0,2
1967,5,3,8
1967,2,0,2
1967,4,1,5
1967,4,2,6
1967,6,5,11
1967,5,3,8
1967,5,0,5
1967,5,4,9
1967,4,0,4
1967,4,1,5
1967,8,3,11
1967,9,6,15
1967,3,2,5
1967,9,2,11
1967,4,2,6
1967,7,4,11
1967,6,5,11
1967,5,4,9
1967,2,1,3
1967,2,10,12
1967,4,3,7
1967,5,2,7
1967,4,3,7
1967,5,2,7
1967,11,1,12
1967,3,2,5
1967,3,2,5
1967,6,3,9
1967,13,1,14
1967,3,2,5
1967,5,4,9
1967,4,2,6
1967,5,1,6
1967,7,4,11
1967,7,4,11
1967,4,3,7
1967,7,2,9
1967,4,1,5
1967,8,0,8
1967,9,2,11
1967,2,1,3
1967,5,4,9
1967,1,0,1
1967,4,2,6
1967,2,1,3
1967,2,1,3
1967,14,0,14
1967,5,2,7
1967,6,1,7
1967,7,5,12
1967,5,12,17
1967,8,10,18
1967,1,0,1
1967,3,2,5
1967,6,3,9
1967,5,2,7
1967,5,3,8
1967,6,5,11
1967,4,3,7
1967,3,1,4
1967,8,5,13
1967,9,13,22
1967,4,2,6
1967,3,1,4
1967,2,1,3
1967,1,0,1
1967,2,1,3
1967,6,3,9
1967,4,2,6
1967,6,5,11
1967,5,2,7
1967,6,11,17
1967,4,3,7
1967,3,1,4
1967,2,1,3
1967,8,7,15
1967,5,2,7
1967,5,3,8
1967,9,3,12
1967,6,3,9
1967,8,5,13
1967,1,0,1
1967,6,3,9
1967,4,0,4
1967,6,1,7
1967,4,3,7
1967,3,1,4
1967,4,3,7
1967,5,4,9
1967,4,3,7
1967,8,12,20
1967,5,4,9
1967,3,1,4
1967,7,3,10
1967,7,0,7
1967,8,7,15
1967,4,2,6
1967,3,2,5
1967,8,1,9
1967,5,3,8
1967,6,2,8
1967,7,1,8
1967,2,0,2
1967,3,2,5
1967,3,2,5
1967,5,2,7
1967,8,0,8
1967,4,2,6
1967,6,2,8
1967,9,1,10
1967,6,3,9
1967,6,1,7
1967,5,11,16
1967,6,2,8
1967,5,3,8
1967,7,2,9
1967,3,20,23
1967,3,1,4
1967,3,2,5
1967,9,4,13
1967,9,11,20
1967,5,2,7
1967,4,3,7
1967,7,2,9
1967,4,3,7
1967,6,2,8
1967,3,12,15
1967,6,1,7
1967,8,2,10
1967,9,4,13
1967,6,5,11
1967,2,0,2
1967,5,4,9
1967,3,2,5
1967,2,1,3
1967,7,0,7
1967,6,3,9
1967,5,0,5
1967,3,1,4
1967,8,7,15
1967,5,2,7
1967,3,1,4
1967,9,6,15
1967,1,0,1
1967,5,1,6
1967,4,1,5
1967,5,2,7
1967,8,3,11
1967,5,4,9
1967,7,0,7
1967,5,4,9
1967,2,0,2
1967,2,0,2
1967,4,3,7
1967,4,3,7
1967,9,1,10
1967,1,0,1
1967,7,4,11
1967,14,1,15
1967,8,2,10
1967,5,0,5
1967,5,4,9
1967,2,1,3
1967,9,3,12
1967,3,2,5
1967,4,3,7
1967,7,2,9
1967,2,1,3
1967,4,17,21
1967,4,3,7
1967,5,10,15
1967,5,0,5
1967,1,0,1
1967,7,4,11
1967,6,5,11
1967,4,1,5
1967,10,0,10
1967,3,1,4
1967,2,1,3
1967,5,3,8
1967,8,1,9
1967,4,1,5
1967,4,3,7
1967,4,11,15
1967,6,1,7
1967,5,10,15
1967,4,3,7
1967,5,0,5
1967,5,0,5
1967,3,1,4
1967,4,3,7
1967,7,2,9
1967,6,3,9
1967,7,3,10
1967,8,3,11
1967,3,2,5
1967,4,1,5
1967,2,1,3
1967,7,6,13
1967,7,2,9
1967,9,12,21
1967,5,4,9
1967,3,2,5
1967,5,4,9
1967,6,1,7
1967,5,12,17
1967,4,1,5
1967,2,1,3
1967,4,2,6
1967,4,3,7
1967,7,2,9
1967,4,3,7
1967,3,0,3
1967,3,2,5
1967,4,3,7
1967,5,4,9
1967,6,2,8
1967,4,3,7
1967,3,2,5
1967,3,2,5
1967,6,5,11
1967,9,0,9
1967,6,1,7
1967,6,0,6
1967,3,0,3
1967,4,15,19
1967,6,3,9
1967,4,0,4
1967,7,6,13
1967,8,2,10
1967,4,1,5
1967,6,1,7
1967,7,1,8
1967,5,4,9
1967,1,0,1
1967,12,0,12
1967,6,4,10
1967,5,4,9
1967,2,1,3
1967,5,3,8
1967,5,3,8
1967,2,0,2
1967,9,5,14
1967,2,1,3
1967,3,2,5
1967,3,1,4
1967,8,7,15
1967,6,2,8
1967,4,2,6
1967,5,1,6
1967,8,6,14
1967,3,1,4
1967,2,11,13
1967,2,1,3
1967,7,5,12
1967,7,5,12
1967,2,0,2
1967,5,4,9
1967,5,4,9
1967,3,0,3
1967,6,1,7
1967,4,1,5
1967,8,7,15
1967,5,0,5
1967,7,11,18
1967,7,0,7
1967,5,0,5
1967,4,3,7
1967,4,2,6
1967,3,2,5
1967,3,2,5
1967,5,4,9
1967,4,2,6
1967,3,13,16
1967,5,2,7
1967,3,2,5
1967,4,16,20
1967,11,1,12
1967,5,3,8
1967,3,2,5
1967,11,1,12
1967,7,1,8
1967,6,4,10
1967,7,1,8
1967,7,1,8
1967,8,6,14
1967,9,8,17
1967,1,0,1
1967,3,2,5
1967,3,2,5
1967,5,13,18
1967,2,0,2
1967,4,3,7
1967,4,2,6
1967,7,1,8
1967,2,1,3
1967,3,1,4
1967,3,0,3
1967,17,1,18
1967,5,4,9
1967,6,5,11
1967,5,2,7
1967,7,3,10
1967,8,5,13
1967,7,5,12
1967,6,0,6
1967,6,2,8
1967,5,3,8
1967,8,7,15
1967,4,0,4
1967,6,5,11
1967,7,10,17
1967,2,0,2
1967,6,0,6
1967,2,11,13
1967,2,1,3
1967,16,1,17
1967,3,2,5
1967,7,4,11
1967,7,3,10
1967,2,0,2
1967,9,4,13
1967,10,1,11
1967,8,1,9
1967,9,0,9
1967,4,3,7
1967,5,2,7
1967,4,3,7
1967,4,3,7
1967,8,7,15
1967,6,4,10
1967,5,3,8
1967,18,10,28
1967,7,4,11
1967,8,4,12
1967,12,1,13
1967,3,2,5
1967,5,2,7
1967,7,10,17
1967,2,1,3
1967,3,2,5
1967,14,1,15
1967,8,7,15
1967,7,5,12
1967,3,1,4
1967,7,5,12
1967,5,2,7
1967,2,10,12
1967,5,11,16
1967,7,4,11
1967,7,5,12
1967,6,5,11
1967,5,3,8
1967,8,3,11
1967,5,3,8
1967,3,2,5
1967,6,2,8
1967,1,0,1
1967,15,10,25
1967,6,0,6
1967,7,3,10
1967,1,0,1
1967,7,4,11
1967,6,0,6
1967,8,7,15
1967,6,1,7
1967,3,2,5
1967,4,3,7
1967,7,4,11
1967,9,2,11
1967,7,0,7
1967,4,0,4
1967,7,16,23
1967,7,4,11
1967,7,1,8
1967,3,2,5
1967,2,1,3
1967,5,0,5
1967,6,2,8
1967,6,5,11
1967,6,4,10
1967,4,1,5
1967,5,2,7
1967,2,0,2
1967,2,1,3
1967,5,3,8
1967,2,1,3
1967,9,8,17
1967,3,2,5
1967,4,3,7
1967,5,3,8
1967,5,3,8
1967,1,0,1
1967,4,3,7
1967,7,5,12
1967,1,0,1
1967,7,3,10
1967,7,6,13
1967,6,5,11
1967,3,1,4
1967,4,3,7
1967,6,1,7
1967,9,1,10
1967,6,5,11
1967,3,2,5
1967,5,1,6
1967,5,3,8
1967,7,3,10
1967,4,0,4
1967,4,2,6
1967,8,4,12
1967,2,0,2
1967,5,3,8
1967,4,3,7
1967,4,3,7
1967,5,3,8
1967,4,1,5
1967,3,2,5
1967,4,0,4
1967,9,5,14
1967,4,2,6
1967,2,1,3
1967,2,0,2
1967,5,1,6
1967,5,4,9
1967,3,2,5
1967,4,3,7
1967,6,3,9
1967,4,2,6
1967,5,3,8
1967,2,1,3
1967,6,2,8
1967,3,2,5
1967,7,1,8
1967,4,0,4
1967,5,3,8
1967,5,1,6
1967,5,4,9
1967,5,2,7
1967,2,1,3
1967,5,5,10
1967,3,2,5
1967,2,0,2
1967,8,1,9
1967,2,0,2
1967,6,3,9
1967,9,2,11
1967,7,0,7
1967,5,2,7
1967,7,2,9
1967,2,1,3
1967,6,4,10
1967,4,12,16
1967,8,4,12
1967,9,8,17
1967,4,2,6
1967,2,0,2
1967,7,1,8
1967,1,0,1
1967,3,1,4
1967,3,2,5
1967,3,2,5
1967,9,1,10
1967,5,3,8
1967,8,3,11
1967,3,2,5
1967,3,2,5
1967,6,4,10
1967,2,1,3
1967,2,0,2
1967,5,2,7
1967,4,3,7
1967,2,1,3
1967,4,2,6
1967,8,3,11
1967,4,1,5
1967,8,0,8
1967,5,4,9
1967,4,3,7
1967,2,1,3
1967,3,1,4
1967,3,2,5
1967,6,4,10
1967,4,10,14
1967,8,3,11
1967,5,4,9
1967,4,3,7
1967,4,2,6
1967,3,0,3
1967,5,2,7
1967,2,1,3
1967,3,2,5
1967,3,1,4
1967,5,13,18
1967,5,0,5
1967,9,4,13
1967,4,2,6
1967,9,0,9
1967,8,1,9
1967,2,10,12
1967,2,1,3
1967,3,2,5
1967,5,2,7
1967,6,0,6
1967,4,2,6
1967,3,2,5
1967,4,2,6
1967,4,2,6
1967,3,1,4
1967,7,5,12
1967,7,4,11
1967,2,0,2
1967,3,2,5
1967,6,5,11
1967,9,1,10
1967,4,1,5
1967,4,3,7
1967,14,0,14
1967,5,3,8
1967,1,0,1
1967,4,12,16
1967,6,5,11
1967,8,1,9
1967,6,2,8
1967,7,5,12
1967,4,1,5
1967,5,4,9
1967,5,3,8
1967,4,1,5
1967,3,10,13
1967,3,12,15
1967,3,1,4
1967,6,0,6
1967,6,3,9
1967,6,3,9
1967,6,5,11
1967,4,2,6
1967,2,10,12
1967,4,0,4
1967,6,4,10
1967,3,2,5
1967,4,2,6
1967,1,0,1
1967,6,4,10
1967,4,1,5
1967,3,0,3
1967,5,4,9
1967,2,1,3
1967,4,1,5
1967,6,1,7
1967,5,4,9
1967,3,1,4
1967,8,7,15
1967,6,12,18
1967,9,3,12
1967,1,0,1
1967,2,1,3
1967,3,0,3
1967,5,3,8
1967,5,2,7
1967,7,3,10
1967,8,3,11
1967,4,2,6
1967,4,3,7
1967,4,0,4
1967,6,1,7
1967,4,3,7
1967,4,0,4
1967,8,3,11
1967,7,6,13
1967,8,7,15
1967,9,0,9
1967,4,3,7
1967,9,7,16
1967,1,0,1
1967,4,2,6
1967,4,3,7
1967,3,2,5
1967,3,2,5
1967,5,3,8
1967,4,10,14
1967,2,1,3
1967,3,2,5
1967,5,3,8
1967,2,1,3
1967,3,1,4
1967,4,3,7
1967,6,5,11
1967,3,0,3
1967,7,2,9
1967,8,2,10
1967,2,1,3
1967,6,3,9
1967,5,4,9
1967,5,11,16
1967,3,2,5
1967,5,1,6
1967,6,2,8
1967,2,1,3
1967,5,12,17
1967,3,1,4
1967,5,3,8
1967,1,0,1
1967,4,3,7
1967,2,0,2
1967,3,1,4
1967,3,2,5
1967,6,4,10
1967,6,1,7
1967,8,4,12
1967,2,1,3
1967,4,2,6
1967,7,4,11
1967,5,1,6
1967,8,5,13
1967,4,2,6
1967,4,10,14
1967,3,0,3
1967,6,0,6
1967,5,4,9
1967,4,3,7
1967,2,1,3
1967,1,0,1
1967,5,3,8
1967,4,3,7
1967,4,2,6
1967,10,0,10
1967,1,0,1
1967,7,3,10
1967,6,3,9
1967,2,1,3
1967,3,2,5
1967,4,3,7
1967,5,4,9
1967,8,5,13
1967,8,3,11
1967,6,1,7
1967,4,2,6
1967,5,11,16
1967,3,2,5
1967,8,0,8
1967,1,0,1
1967,5,2,7
1967,3,2,5
1967,2,1,3
1967,2,0,2
1967,8,6,14
1967,2,1,3
1967,3,1,4
1967,5,2,7
1967,5,1,6
1967,4,1,5
1967,6,1,7
1967,5,1,6
1967,3,2,5
1967,4,1,5
1967,3,1,4
1967,6,4,10
1967,3,2,5
1967,2,1,3
1967,9,5,14
1967,5,1,6
1967,7,0,7
1967,8,0,8
1967,4,1,5
1967,8,2,10
1967,5,1,6
1967,7,6,13
1967,2,1,3
1967,9,0,9
1967,3,2,5
1967,2,1,3
1967,8,5,13
1967,4,1,5
1967,6,2,8
1967,7,1,8
1967,8,5,13
1967,2,0,2
1967,6,1,7
1967,4,3,7
1967,6,4,10
1967,4,2,6
1967,6,2,8
1967,6,3,9
1967,9,3,12
1967,7,4,11
1967,5,2,7
1967,5,2,7
1967,4,2,6
1967,5,0,5
1967,2,1,3
1967,8,6,14
1967,3,2,5
1967,6,4,10
1967,5,2,7
1967,7,2,9
1967,3,2,5
1967,5,2,7
1967,4,2,6
1967,9,6,15
1967,8,4,12
1967,7,2,9
1967,3,1,4
1967,2,1,3
1967,2,1,3
1967,7,3,10
1967,4,0,4
1967,8,4,12
1967,7,0,7
1967,4,10,14
1967,6,1,7
1967,4,3,7
1967,3,1,4
1967,2,1,3
1967,5,4,9
1967,6,2,8
1967,4,2,6
1967,5,4,9
1967,3,0,3
1967,5,3,8
1967,9,1,10
1967,4,1,5
1967,7,5,12
1967,2,1,3
1967,6,5,11
1967,4,0,4
1967,4,11,15
1967,9,3,12
1967,4,3,7
1967,7,2,9
1967,2,15,17
1967,5,4,9
1967,2,1,3
1967,5,2,7
1967,6,3,9
1967,8,5,13
1967,5,1,6
1967,4,2,6
1967,7,3,10
1967,8,4,12
1967,1,0,1
1967,4,1,5
1967,2,1,3
1967,8,5,13
1967,2,15,17
1967,3,1,4
1967,8,3,11
1967,7,3,10
1967,2,1,3
1967,4,3,7
1967,3,1,4
1967,1,0,1
1967,6,4,10
1967,3,1,4
1967,6,5,11
1967,7,12,19
1967,3,1,4
1967,1,1,2
1967,5,4,9
1967,4,3,7
1967,5,1,6
1967,6,5,11
1967,7,1,8
1967,9,6,15
1967,3,2,5
1967,4,2,6
1967,6,1,7
1967,3,2,5
1967,5,11,16
1967,4,2,6
1967,6,3,9
1967,4,1,5
1967,4,0,4
1967,6,5,11
1967,5,4,9
1967,7,6,13
1967,6,2,8
1967,8,3,11
1967,6,4,10
1967,9,1,10
1967,9,2,11
1967,7,4,11
1967,6,2,8
1967,1,0,1
1967,9,3,12
1967,2,0,2
1967,7,2,9
1967,8,2,10
1967,6,0,6
1967,6,3,9
1967,3,10,13
1967,4,3,7
1967,4,2,6
1967,5,3,8
1967,6,5,11
1967,2,1,3
1967,6,2,8
1967,6,1,7
1967,3,2,5
1967,7,5,12
1967,7,5,12
1967,4,1,5
1967,7,1,8
1967,8,4,12
1967,3,2,5
1967,8,3,11
1967,4,2,6
1967,6,5,11
1967,9,1,10
1967,1,0,1
1967,7,2,9
1967,5,2,7
1967,4,3,7
1967,11,1,12
1967,2,10,12
1967,4,0,4
1967,9,2,11
1967,5,2,7
1967,4,2,6
1967,3,2,5
1967,4,2,6
1967,8,6,14
1967,8,4,12
1967,4,2,6
1967,4,3,7
1967,8,3,11
1967,3,2,5
1967,2,0,2
1967,5,11,16
1967,5,1,6
1967,2,1,3
1967,6,1,7
1967,3,1,4
1967,5,4,9
1967,4,2,6
1967,2,1,3
1967,8,6,14
1967,4,2,6
1967,7,1,8
1967,7,3,10
1967,5,1,6
1967,5,2,7
1967,3,2,5
1967,5,4,9
1967,7,2,9
1967,5,4,9
1967,5,0,5
1967,5,3,8
1967,3,10,13
1967,5,4,9
1967,6,3,9
1967,5,11,16
1967,2,1,3
1967,3,0,3
1967,3,0,3
1967,7,1,8
1967,3,2,5
1967,5,0,5
1967,9,1,10
1967,2,1,3
1967,5,3,8
1967,3,2,5
1967,2,1,3
1967,3,10,13
1967,2,1,3
1967,4,3,7
1967,5,2,7
1967,4,0,4
1967,7,2,9
1967,6,4,10
1967,7,3,10
1967,6,3,9
1967,9,6,15
1967,2,0,2
1967,9,7,16
1967,4,1,5
1967,8,4,12
1967,5,4,9
1967,3,2,5
1967,4,0,4
1967,8,4,12
1967,6,3,9
1967,3,3,6
1967,5,0,5
1967,8,0,8
1967,6,4,10
1967,5,3,8
1967,1,0,1
1967,8,4,12
1967,5,0,5
1967,2,1,3
1967,6,4,10
1967,5,3,8
1967,7,5,12
1967,3,2,5
1967,3,2,5
1967,5,4,9
1967,6,2,8
1967,4,3,7
1967,7,0,7
1967,6,0,6
1967,6,10,16
1967,7,3,10
1967,4,2,6
1967,5,1,6
1967,9,7,16
1967,5,1,6
1967,3,2,5
1967,2,10,12
1967,3,2,5
1967,5,4,9
1967,2,1,3
1967,2,1,3
1967,5,0,5
1967,3,0,3
1967,5,2,7
1967,6,5,11
1967,1,0,1
1967,2,1,3
1967,5,0,5
1967,5,3,8
1967,4,1,5
1967,5,1,6
1967,5,2,7
1967,3,2,5
1967,3,2,5
1967,3,2,5
1967,2,1,3
1967,7,3,10
1967,2,0,2
1967,2,1,3
1967,9,0,9
1967,4,0,4
1967,6,2,8
1967,5,4,9
1967,6,5,11
1967,6,2,8
1967,6,1,7
1967,3,2,5
1967,8,4,12
1967,3,2,5
1967,6,2,8
1967,1,0,1
1967,3,0,3
1967,15,11,26
1967,3,2,5
1967,2,0,2
1967,3,2,5
1967,3,0,3
1967,9,11,20
1967,2,1,3
1967,6,2,8
1967,2,1,3
1967,5,4,9
1967,8,3,11
1967,4,3,7
1967,6,5,11
1967,4,1,5
1967,4,0,4
1967,4,0,4
1967,4,2,6
1967,4,2,6
1967,2,1,3
1967,11,10,21
1967,3,2,5
1967,7,5,12
1967,2,1,3
1967,6,4,10
1967,3,0,3
1967,6,3,9
1967,8,3,11
1967,5,1,6
1967,14,1,15
1967,7,1,8
1967,5,4,9
1967,5,3,8
1967,4,0,4
1967,4,3,7
1967,1,0,1
1967,7,4,11
1967,4,0,4
1967,4,1,5
1967,5,2,7
1967,6,5,11
1967,6,5,11
1967,8,3,11
1967,3,2,5
1967,3,1,4
1967,8,2,10
1967,4,0,4
1967,5,3,8
1967,5,1,6
1967,1,0,1
1967,4,3,7
1967,3,1,4
1967,7,2,9
1967,3,1,4
1967,7,6,13
1967,12,11,23
1967,5,0,5
1967,7,4,11
1967,7,3,10
1967,1,0,1
1967,6,1,7
1967,6,5,11
1967,3,1,4
1967,5,1,6
1967,2,12,14
1967,9,8,17
1967,4,2,6
1967,2,1,3
1967,4,2,6
1967,4,0,4
1967,2,1,3
1967,6,1,7
1967,7,3,10
1967,6,1,7
1967,4,2,6
1967,3,2,5
1967,5,2,7
1967,6,5,11
1967,4,3,7
1967,6,4,10
1967,4,11,15
1967,2,0,2
1967,5,1,6
1967,2,0,2
1967,2,1,3
1967,6,1,7
1967,2,1,3
1967,5,3,8
1967,3,2,5
1967,2,1,3
1967,3,2,5
1967,7,3,10
1967,2,1,3
1967,4,1,5
1967,4,1,5
1967,2,0,2
1967,4,11,15
1967,8,1,9
1967,9,0,9
1967,1,0,1
1967,3,2,5
1967,5,2,7
1967,5,16,21
1967,10,0,10
1967,4,3,7
1967,9,3,12
1967,8,0,8
1967,3,2,5
1967,2,1,3
1967,6,0,6
1967,7,5,12
1967,5,0,5
1967,2,1,3
1967,4,2,6
1967,5,4,9
1967,4,3,7
1967,2,0,2
1967,7,1,8
1967,2,1,3
1967,6,5,11
1967,2,1,3
1967,2,1,3
1967,3,0,3
1967,2,1,3
1967,4,1,5
1967,2,0,2
1967,6,2,8
1967,5,1,6
1967,7,5,12
1967,2,1,3
1967,5,4,9
1967,6,2,8
1967,5,2,7
1967,6,1,7
1967,8,6,14
1967,5,2,7
1967,2,1,3
1967,1,0,1
1967,3,1,4
1967,3,2,5
1967,4,3,7
1967,4,3,7
1967,1,0,1
1967,6,3,9
1967,8,11,19
1967,2,1,3
1967,6,2,8
1967,3,1,4
1967,2,0,2
1967,2,0,2
1967,4,1,5
1967,8,2,10
1967,4,3,7
1967,10,0,10
1967,6,5,11
1967,3,2,5
1967,8,7,15
1967,3,2,5
1967,3,0,3
1967,7,0,7
1967,4,2,6
1967,6,0,6
1967,2,1,3
1967,7,3,10
1967,4,2,6
1967,2,1,3
1967,5,3,8
1967,1,0,1
1967,9,8,17
1967,4,3,7
1967,2,1,3
1967,4,3,7
1967,11,1,12
1967,2,0,2
1967,3,0,3
1967,9,11,20
1967,3,2,5
1967,4,1,5
1967,2,1,3
1967,6,5,11
1967,4,2,6
1967,2,1,3
1967,9,3,12
1967,2,0,2
1967,5,1,6
1967,5,4,9
1967,4,2,6
1967,2,1,3
1967,3,1,4
1967,9,10,19
1967,6,0,6
1967,6,4,10
1967,5,1,6
1967,6,4,10
1967,2,10,12
1967,4,3,7
1967,8,2,10
1967,3,0,3
1967,1,0,1
1967,2,1,3
1967,5,4,9
1967,2,1,3
1967,3,0,3
1967,5,0,5
1967,8,2,10
1967,4,1,5
1967,1,0,1
1967,5,0,5
1967,5,4,9
1967,4,3,7
1967,8,6,14
1967,5,0,5
1967,2,1,3
1967,9,1,10
1967,8,2,10
1967,7,1,8
1967,4,0,4
1967,6,2,8
1967,4,0,4
1967,6,3,9
1967,4,0,4
1967,6,0,6
1967,5,0,5
1967,6,3,9
1967,7,2,9
1967,13,1,14
1967,8,2,10
1967,8,1,9
1967,4,2,6
1967,5,4,9
1967,2,1,3
1967,8,6,14
1967,2,1,3
1967,8,4,12
1967,4,2,6
1967,4,3,7
1967,4,1,5
1967,2,1,3
1967,3,2,5
1967,3,2,5
1967,8,10,18
1967,9,3,12
1967,5,2,7
1967,6,4,10
1967,4,3,7
1967,7,2,9
1967,4,11,15
1967,4,0,4
1967,9,2,11
1967,5,3,8
1967,8,2,10
1967,3,2,5
1967,8,5,13
1967,6,3,9
1967,6,3,9
1967,3,2,5
1967,3,1,4
1967,9,0,9
1967,4,1,5
1967,4,1,5
1967,2,0,2
1967,4,2,6
1967,3,1,4
1967,3,2,5
1967,9,2,11
1967,3,1,4
1967,4,2,6
1967,3,2,5
1967,7,2,9
1967,5,3,8
1967,5,2,7
1967,4,1,5
1967,6,3,9
1967,4,2,6
1967,3,0,3
1967,5,4,9
1967,4,1,5
1967,4,3,7
1967,4,3,7
1967,4,0,4
1967,3,2,5
1967,7,1,8
1967,7,3,10
1967,6,1,7
1967,5,3,8
1967,2,0,2
1967,4,3,7
1967,6,0,6
1967,8,2,10
1967,4,0,4
1967,4,2,6
1967,9,1,10
1967,6,0,6
1967,4,0,4
1967,1,0,1
1967,5,2,7
1967,4,1,5
1967,1,0,1
1967,5,2,7
1967,5,10,15
1967,8,7,15
1967,2,1,3
1967,3,2,5
1967,6,1,7
1967,4,3,7
1967,11,10,21
1967,4,0,4
1967,5,1,6
1967,5,13,18
1967,4,3,7
1967,3,1,4
1967,4,3,7
1967,7,1,8
1967,7,15,22
1967,6,4,10
1967,5,4,9
1967,4,2,6
1967,2,1,3
1967,2,1,3
1967,6,0,6
1967,5,4,9
1967,2,1,3
1967,4,2,6
1967,1,0,1
1967,3,11,14
1967,6,1,7
1967,6,3,9
1967,6,4,10
1967,3,0,3
1967,3,2,5
1967,5,4,9
1967,4,0,4
1967,7,1,8
1967,6,2,8
1967,2,1,3
1967,7,3,10
1967,4,0,4
1967,5,4,9
1967,5,1,6
1967,1,0,1
1967,1,0,1
1967,6,3,9
1967,3,2,5
1967,4,1,5
1967,2,1,3
1967,5,4,9
1967,4,1,5
1967,5,4,9
1967,6,1,7
1967,6,1,7
1967,8,4,12
1967,5,4,9
1967,5,3,8
1967,5,2,7
1967,3,2,5
1967,4,0,4
1967,3,2,5
1967,5,0,5
1967,4,3,7
1967,4,2,6
1967,6,1,7
1967,5,4,9
1967,4,0,4
1967,2,0,2
1967,3,2,5
1967,6,5,11
1967,4,14,18
1967,2,0,2
1967,7,2,9
1967,5,1,6
1967,3,1,4
1967,3,0,3
1967,3,0,3
1967,6,2,8
1967,2,0,2
1967,4,2,6
1967,7,11,18
1967,8,2,10
1967,6,3,9
1967,1,0,1
1967,9,4,13
1967,6,4,10
1967,5,1,6
1967,5,4,9
1967,10,1,11
1967,5,4,9
1967,6,2,8
1967,4,3,7
1967,3,1,4
1967,4,3,7
1967,6,3,9
1967,6,5,11
1967,4,0,4
1967,4,2,6
1967,4,3,7
1967,10,0,10
1967,3,10,13
1967,3,2,5
1967,2,1,3
1967,3,1,4
1967,7,1,8
1967,8,2,10
1967,8,0,8
1967,8,5,13
1967,1,0,1
1967,5,4,9
1967,8,3,11
1967,4,0,4
1967,7,5,12
1967,6,3,9
1967,8,0,8
1967,3,2,5
1967,4,0,4
1967,6,2,8
1967,1,0,1
1967,8,4,12
1967,2,1,3
1967,7,11,18
1967,3,2,5
1967,3,1,4
1967,2,1,3
1967,3,1,4
1967,9,4,13
1967,4,2,6
1967,2,1,3
1967,5,4,9
1967,5,4,9
1967,3,2,5
1967,4,3,7
1967,2,1,3
1967,9,2,11
1967,2,0,2
1967,2,1,3
1967,4,1,5
1967,6,3,9
1967,8,7,15
1967,4,3,7
1967,3,2,5
1967,3,1,4
1967,7,3,10
1967,1,0,1
1967,8,3,11
1967,6,0,6
1967,1,0,1
1967,5,2,7
1967,4,0,4
1967,1,0,1
1967,5,1,6
1967,7,2,9
1967,8,0,8
1967,9,1,10
1967,3,0,3
1967,2,1,3
1967,3,1,4
1967,1,0,1
1967,4,1,5
1967,5,1,6
1967,4,3,7
1967,1,0,1
1967,4,1,5
1967,9,1,10
1967,3,1,4
1967,6,4,10
1967,4,0,4
1967,9,4,13
1967,5,2,7
1967,5,0,5
1967,8,6,14
1967,5,0,5
1967,5,4,9
1967,4,3,7
1967,3,2,5
1967,1,0,1
1967,5,2,7
1967,5,3,8
1967,4,3,7
1967,3,10,13
1967,4,0,4
1967,6,4,10
1967,8,5,13
1967,2,1,3
1967,4,3,7
1967,3,10,13
1967,2,1,3
1967,2,1,3
1967,5,0,5
1967,5,2,7
1967,6,0,6
1967,3,1,4
1967,8,4,12
1967,7,2,9
1968,3,1,4
1968,9,0,9
1968,9,4,13
1968,7,3,10
1968,5,4,9
1968,2,0,2
1968,1,0,1
1968,5,4,9
1968,2,1,3
1968,2,0,2
1968,3,10,13
1968,7,5,12
1968,4,3,7
1968,7,3,10
1968,4,0,4
1968,3,1,4
1968,3,10,13
1968,5,4,9
1968,4,3,7
1968,5,2,7
1968,2,1,3
1968,3,0,3
1968,8,5,13
1968,3,1,4
1968,5,2,7
1968,4,3,7
1968,1,0,1
1968,6,0,6
1968,2,1,3
1968,9,6,15
1968,6,2,8
1968,7,6,13
1968,7,4,11
1968,5,4,9
1968,4,0,4
1968,3,0,3
1968,4,3,7
1968,2,13,15
1968,3,1,4
1968,8,1,9
1968,4,3,7
1968,6,3,9
1968,1,0,1
1968,3,2,5
1968,6,3,9
1968,7,0,7
1968,6,2,8
1968,9,2,11
1968,9,8,17
1968,3,1,4
1968,5,3,8
1968,4,3,7
1968,2,0,2
1968,2,0,2
1968,3,2,5
1968,4,3,7
1968,4,3,7
1968,13,1,14
1968,3,0,3
1968,4,1,5
1968,3,2,5
1968,4,13,17
1968,5,3,8
1968,3,0,3
1968,6,1,7
1968,4,3,7
1968,5,0,5
1968,7,6,13
1968,5,3,8
1968,4,3,7
1968,9,2,11
1968,2,1,3
1968,3,0,3
1968,3,2,5
1968,3,0,3
1968,2,1,3
1968,5,2,7
1968,9,2,11
1968,3,2,5
1968,10,1,11
1968,4,1,5
1968,2,1,3
1968,4,2,6
1968,3,2,5
1968,4,1,5
1968,7,1,8
1968,1,0,1
1968,5,1,6
1968,7,0,7
1968,4,11,15
1968,4,1,5
1968,4,2,6
1968,5,2,7
1968,5,2,7
1968,7,6,13
1968,3,2,5
1968,2,0,2
1968,8,0,8
1968,10,0,10
1968,9,2,11
1968,4,2,6
1968,2,1,3
1968,2,1,3
1968,2,1,3
1968,5,3,8
1968,3,1,4
1968,4,10,14
1968,3,1,4
1968,6,3,9
1968,7,1,8
1968,4,2,6
1968,6,1,7
1968,2,0,2
1968,7,3,10
1968,4,3,7
1968,4,3,7
1968,7,0,7
1968,5,2,7
1968,3,2,5
1968,3,1,4
1968,6,3,9
1968,8,4,12
1968,3,2,5
1968,3,1,4
1968,3,2,5
1968,5,0,5
1968,4,1,5
1968,2,1,3
1968,5,4,9
1968,4,1,5
1968,6,0,6
1968,6,3,9
1968,8,1,9
1968,5,3,8
1968,4,1,5
1968,7,0,7
1968,3,0,3
1968,7,5,12
1968,2,1,3
1968,4,3,7
1968,3,0,3
1968,6,1,7
1968,4,3,7
1968,8,4,12
1968,5,2,7
1968,6,5,11
1968,3,2,5
1968,2,1,3
1968,3,2,5
1968,6,1,7
1968,4,2,6
1968,1,0,1
1968,2,0,2
1968,2,11,13
1968,3,2,5
1968,2,1,3
1968,2,17,19
1968,3,2,5
1968,7,4,11
1968,7,2,9
1968,6,5,11
1968,7,6,13
1968,5,4,9
1968,5,3,8
1968,3,1,4
1968,3,0,3
1968,2,1,3
1968,1,0,1
1968,4,3,7
1968,7,0,7
1968,6,1,7
1968,5,3,8
1968,4,1,5
1968,3,1,4
1968,3,2,5
1968,3,1,4
1968,7,3,10
1968,7,2,9
1968,4,0,4
1968,6,5,11
1968,7,3,10
1968,4,1,5
1968,3,2,5
1968,4,0,4
1968,2,1,3
1968,3,0,3
1968,1,0,1
1968,6,2,8
1968,7,2,9
1968,3,2,5
1968,4,0,4
1968,6,5,11
1968,5,3,8
1968,4,3,7
1968,3,2,5
1968,5,4,9
1968,6,1,7
1968,4,2,6
1968,4,1,5
1968,2,0,2
1968,7,2,9
1968,5,2,7
1968,2,0,2
1968,7,3,10
1968,3,2,5
1968,6,11,17
1968,5,3,8
1968,3,2,5
1968,5,1,6
1968,4,1,5
1968,2,1,3
1968,5,2,7
1968,2,0,2
1968,3,2,5
1968,3,2,5
1968,1,0,1
1968,5,2,7
1968,8,4,12
1968,8,0,8
1968,2,1,3
1968,4,0,4
1968,5,1,6
1968,10,1,11
1968,2,10,12
1968,3,2,5
1968,2,1,3
1968,2,1,3
1968,2,1,3
1968,2,1,3
1968,6,4,10
1968,2,1,3
1968,5,2,7
1968,7,1,8
1968,8,0,8
1968,2,1,3
1968,4,1,5
1968,3,2,5
1968,4,3,7
1968,3,1,4
1968,3,2,5
1968,7,6,13
1968,6,2,8
1968,3,1,4
1968,2,1,3
1968,4,0,4
1968,2,0,2
1968,3,1,4
1968,4,2,6
1968,4,3,7
1968,6,0,6
1968,7,3,10
1968,5,3,8
1968,4,2,6
1968,3,1,4
1968,2,1,3
1968,12,0,12
1968,3,0,3
1968,6,5,11
1968,5,1,6
1968,6,4,10
1968,2,1,3
1968,2,1,3
1968,2,1,3
1968,12,1,13
1968,5,1,6
1968,4,3,7
1968,5,1,6
1968,3,1,4
1968,5,4,9
1968,1,0,1
1968,1,0,1
1968,4,3,7
1968,2,12,14
1968,1,0,1
1968,2,0,2
1968,4,1,5
1968,4,2,6
1968,4,3,7
1968,10,0,10
1968,3,1,4
1968,8,1,9
1968,4,2,6
1968,6,2,8
1968,2,1,3
1968,3,2,5
1968,6,3,9
1968,5,1,6
1968,4,2,6
1968,1,0,1
1968,5,4,9
1968,7,6,13
1968,4,2,6
1968,4,0,4
1968,1,0,1
1968,8,13,21
1968,3,2,5
1968,3,1,4
1968,2,1,3
1968,6,4,10
1968,4,2,6
1968,2,2,4
1968,8,10,18
1968,5,3,8
1968,3,0,3
1968,1,0,1
1968,7,3,10
1968,11,10,21
1968,4,1,5
1968,1,0,1
1968,4,3,7
1968,2,1,3
1968,3,0,3
1968,3,1,4
1968,6,4,10
1968,1,0,1
1968,6,2,8
1968,7,3,10
1968,6,0,6
1968,3,1,4
1968,1,0,1
1968,3,2,5
1968,2,0,2
1968,4,0,4
1968,4,2,6
1968,1,0,1
1968,8,4,12
1968,1,0,1
1968,5,2,7
1968,3,2,5
1968,8,3,11
1968,7,10,17
1968,3,11,14
1968,6,2,8
1968,7,3,10
1968,6,11,17
1968,2,0,2
1968,5,4,9
1968,7,0,7
1968,2,1,3
1968,3,1,4
1968,2,1,3
1968,3,2,5
1968,3,2,5
1968,2,0,2
1968,4,3,7
1968,9,3,12
1968,1,0,1
1968,6,3,9
1968,6,5,11
1968,2,1,3
1968,5,4,9
1968,3,2,5
1968,4,3,7
1968,2,1,3
1968,2,1,3
1968,6,1,7
1968,6,4,10
1968,2,1,3
1968,5,1,6
1968,6,5,11
1968,8,2,10
1968,3,1,4
1968,4,3,7
1968,1,0,1
1968,2,0,2
1968,9,2,11
1968,2,1,3
1968,2,1,3
1968,4,0,4
1968,6,13,19
1968,1,0,1
1968,4,3,7
1968,4,3,7
1968,2,0,2
1968,8,0,8
1968,2,0,2
1968,2,0,2
1968,5,4,9
1968,9,2,11
1968,3,2,5
1968,4,2,6
1968,5,3,8
1968,3,2,5
1968,2,1,3
1968,4,2,6
1968,8,5,13
1968,9,7,16
1968,9,7,16
1968,1,0,1
1968,2,2,4
1968,5,1,6
1968,9,1,10
1968,5,2,7
1968,5,1,6
1968,3,0,3
1968,5,4,9
1968,3,2,5
1968,1,0,1
1968,1,0,1
1968,2,1,3
1968,1,0,1
1968,2,1,3
1968,8,7,15
1968,5,2,7
1968,4,2,6
1968,8,8,16
1968,5,0,5
1968,5,4,9
1968,5,1,6
1968,7,6,13
1968,7,6,13
1968,9,3,12
1968,7,6,13
1968,10,1,11
1968,3,1,4
1968,3,2,5
1968,3,1,4
1968,4,1,5
1968,3,2,5
1968,7,0,7
1968,3,1,4
1968,3,1,4
1968,3,1,4
1968,3,0,3
1968,3,1,4
1968,6,5,11
1968,1,0,1
1968,7,4,11
1968,9,2,11
1968,8,3,11
1968,2,1,3
1968,11,0,11
1968,7,3,10
1968,5,0,5
1968,5,3,8
1968,3,1,4
1968,4,13,17
1968,6,2,8
1968,6,2,8
1968,6,3,9
1968,5,4,9
1968,6,0,6
1968,3,0,3
1968,2,1,3
1968,8,3,11
1968,1,0,1
1968,3,1,4
1968,3,0,3
1968,2,0,2
1968,3,0,3
1968,5,4,9
1968,5,2,7
1968,5,1,6
1968,1,0,1
1968,6,2,8
1968,5,4,9
1968,3,1,4
1968,4,3,7
1968,6,5,11
1968,4,0,4
1968,12,0,12
1968,4,3,7
1968,3,2,5
1968,4,3,7
1968,5,10,15
1968,3,11,14
1968,4,3,7
1968,8,1,9
1968,3,2,5
1968,5,1,6
1968,6,3,9
1968,3,2,5
1968,5,2,7
1968,5,3,8
1968,8,4,12
1968,5,10,15
1968,2,0,2
1968,4,3,7
1968,3,2,5
1968,3,2,5
1968,7,2,9
1968,2,0,2
1968,4,3,7
1968,1,0,1
1968,5,3,8
1968,2,0,2
1968,2,0,2
1968,5,0,5
1968,3,1,4
1968,2,1,3
1968,3,2,5
1968,5,0,5
1968,3,0,3
1968,5,1,6
1968,4,2,6
1968,7,1,8
1968,5,4,9
1968,4,2,6
1968,10,0,10
1968,1,0,1
1968,3,1,4
1968,2,1,3
1968,7,2,9
1968,2,1,3
1968,3,1,4
1968,8,6,14
1968,5,3,8
1968,5,3,8
1968,2,1,3
1968,4,0,4
1968,4,2,6
1968,2,0,2
1968,7,2,9
1968,4,3,7
1968,6,1,7
1968,6,0,6
1968,3,2,5
1968,7,6,13
1968,4,2,6
1968,5,4,9
1968,5,0,5
1968,2,0,2
1968,4,1,5
1968,8,4,12
1968,4,0,4
1968,5,3,8
1968,3,2,5
1968,8,1,9
1968,4,0,4
1968,7,2,9
1968,3,1,4
1968,3,2,5
1968,5,3,8
1968,4,0,4
1968,6,5,11
1968,8,10,18
1968,7,6,13
1968,2,0,2
1968,3,1,4
1968,4,3,7
1968,8,1,9
1968,3,2,5
1968,5,4,9
1968,4,1,5
1968,7,4,11
1968,4,3,7
1968,4,3,7
1968,7,2,9
1968,1,0,1
1968,5,2,7
1968,8,0,8
1968,4,1,5
1968,6,0,6
1968,9,7,16
1968,2,0,2
1968,3,1,4
1968,3,2,5
1968,3,0,3
1968,9,5,14
1968,5,1,6
1968,7,4,11
1968,8,4,12
1968,7,1,8
1968,4,1,5
1968,7,0,7
1968,2,1,3
1968,2,1,3
1968,4,2,6
1968,3,1,4
1968,4,2,6
1968,5,1,6
1968,8,4,12
1968,1,0,1
1968,3,1,4
1968,3,2,5
1968,8,7,15
1968,2,1,3
1968,2,0,2
1968,6,5,11
1968,7,2,9
1968,2,1,3
1968,7,3,10
1968,5,4,9
1968,6,0,6
1968,2,1,3
1968,3,0,3
1968,7,0,7
1968,3,2,5
1968,5,4,9
1968,7,4,11
1968,9,3,12
1968,3,1,4
1968,9,5,14
1968,3,2,5
1968,6,5,11
1968,2,13,15
1968,2,0,2
1968,1,0,1
1968,4,3,7
1968,3,2,5
1968,6,1,7
1968,5,3,8
1968,4,2,6
1968,4,1,5
1968,3,1,4
1968,4,2,6
1968,6,4,10
1968,2,1,3
1968,3,1,4
1968,2,11,13
1968,4,2,6
1968,3,2,5
1968,2,1,3
1968,2,1,3
1968,4,1,5
1968,3,2,5
1968,4,3,7
1968,7,5,12
1968,3,1,4
1968,4,1,5
1968,2,1,3
1968,9,8,17
1968,3,2,5
1968,6,5,11
1968,3,2,5
1968,2,10,12
1968,9,1,10
1968,3,2,5
1968,1,0,1
1968,3,1,4
1968,3,2,5
1968,3,1,4
1968,8,5,13
1968,4,0,4
1968,8,2,10
1968,5,3,8
1968,5,1,6
1968,2,1,3
1968,4,0,4
1968,3,1,4
1968,8,4,12
1968,5,1,6
1968,5,3,8
1968,2,1,3
1968,7,3,10
1968,3,2,5
1968,1,0,1
1968,4,2,6
1968,6,3,9
1968,4,10,14
1968,3,2,5
1968,4,3,7
1968,2,1,3
1968,6,11,17
1968,5,1,6
1968,7,3,10
1968,3,0,3
1968,4,3,7
1968,5,2,7
1968,7,2,9
1968,7,1,8
1968,2,0,2
1968,7,6,13
1968,5,2,7
1968,5,1,6
1968,4,1,5
1968,3,10,13
1968,6,1,7
1968,3,2,5
1968,6,2,8
1968,10,1,11
1968,9,8,17
1968,4,3,7
1968,3,0,3
1968,4,1,5
1968,7,4,11
1968,6,3,9
1968,5,4,9
1968,9,0,9
1968,2,1,3
1968,5,1,6
1968,3,1,4
1968,3,2,5
1968,1,0,1
1968,6,5,11
1968,3,14,17
1968,3,1,4
1968,6,1,7
1968,6,0,6
1968,7,6,13
1968,4,0,4
1968,4,2,6
1968,8,5,13
1968,9,0,9
1968,3,2,5
1968,6,1,7
1968,3,2,5
1968,6,2,8
1968,3,0,3
1968,7,6,13
1968,2,1,3
1968,2,1,3
1968,3,0,3
1968,3,1,4
1968,8,2,10
1968,4,3,7
1968,2,0,2
1968,9,3,12
1968,3,1,4
1968,6,5,11
1968,5,2,7
1968,9,5,14
1968,5,4,9
1968,7,2,9
1968,3,0,3
1968,3,2,5
1968,10,1,11
1968,4,3,7
1968,4,3,7
1968,1,0,1
1968,5,1,6
1968,8,1,9
1968,4,1,5
1968,8,10,18
1968,5,2,7
1968,2,0,2
1968,7,2,9
1968,5,2,7
1968,5,4,9
1968,1,0,1
1968,5,0,5
1968,8,2,10
1968,6,4,10
1968,7,5,12
1968,6,2,8
1968,12,0,12
1968,1,0,1
1968,3,2,5
1968,4,2,6
1968,5,2,7
1968,5,3,8
1968,8,4,12
1968,6,3,9
1968,3,0,3
1968,6,4,10
1968,4,1,5
1968,5,1,6
1968,3,2,5
1968,5,1,6
1968,5,1,6
1968,3,1,4
1968,4,3,7
1968,5,3,8
1968,6,0,6
1968,3,1,4
1968,2,0,2
1968,5,3,8
1968,2,1,3
1968,5,0,5
1968,3,1,4
1968,1,0,1
1968,4,3,7
1968,3,2,5
1968,1,0,1
1968,5,2,7
1968,9,7,16
1968,2,1,3
1968,8,1,9
1968,2,0,2
1968,4,1,5
1968,4,3,7
1968,7,2,9
1968,6,2,8
1968,7,4,11
1968,6,3,9
1968,13,10,23
1968,7,4,11
1968,3,2,5
1968,3,2,5
1968,4,3,7
1968,6,4,10
1968,4,2,6
1968,9,13,22
1968,4,2,6
1968,4,0,4
1968,5,1,6
1968,8,5,13
1968,2,0,2
1968,2,1,3
1968,3,1,4
1968,4,3,7
1968,4,2,6
1968,5,0,5
1968,2,1,3
1968,4,2,6
1968,6,1,7
1968,2,10,12
1968,2,0,2
1968,4,1,5
1968,3,2,5
1968,5,1,6
1968,6,11,17
1968,3,0,3
1968,8,4,12
1968,5,4,9
1968,4,3,7
1968,6,3,9
1968,5,4,9
1968,4,3,7
1968,8,3,11
1968,9,7,16
1968,5,4,9
1968,7,6,13
1968,6,5,11
1968,3,1,4
1968,3,2,5
1968,4,3,7
1968,4,2,6
1968,2,0,2
1968,4,3,7
1968,1,0,1
1968,2,0,2
1968,3,2,5
1968,5,4,9
1968,7,1,8
1968,5,4,9
1968,1,0,1
1968,2,0,2
1968,4,3,7
1968,5,0,5
1968,4,1,5
1968,5,4,9
1968,8,7,15
1968,7,0,7
1968,3,2,5
1968,3,2,5
1968,2,1,3
1968,4,11,15
1968,5,1,6
1968,4,0,4
1968,6,3,9
1968,3,2,5
1968,8,1,9
1968,5,1,6
1968,3,1,4
1968,7,6,13
1968,4,2,6
1968,8,1,9
1968,7,6,13
1968,2,1,3
1968,4,3,7
1968,3,2,5
1968,5,4,9
1968,4,2,6
1968,6,4,10
1968,7,3,10
1968,7,2,9
1968,6,5,11
1968,5,4,9
1968,6,1,7
1968,6,3,9
1968,5,3,8
1968,9,2,11
1968,5,3,8
1968,6,2,8
1968,5,1,6
1968,4,2,6
1968,8,2,10
1968,4,0,4
1968,3,2,5
1968,4,2,6
1968,5,3,8
1968,5,12,17
1968,2,1,3
1968,4,2,6
1968,2,1,3
1968,4,2,6
1968,9,2,11
1968,6,2,8
1968,3,12,15
1968,4,0,4
1968,4,3,7
1968,4,0,4
1968,4,3,7
1968,3,2,5
1968,6,1,7
1968,4,2,6
1968,1,0,1
1968,7,4,11
1968,5,2,7
1968,6,5,11
1968,2,1,3
1968,3,2,5
1968,8,4,12
1968,8,0,8
1968,8,2,10
1968,5,4,9
1968,2,1,3
1968,7,1,8
1968,7,2,9
1968,4,1,5
1968,3,1,4
1968,3,0,3
1968,3,0,3
1968,2,0,2
1968,7,3,10
1968,2,0,2
1968,9,2,11
1968,5,4,9
1968,6,2,8
1968,4,2,6
1968,3,1,4
1968,4,2,6
1968,2,1,3
1968,7,2,9
1968,7,6,13
1968,9,3,12
1968,5,3,8
1968,5,2,7
1968,2,1,3
1968,3,0,3
1968,1,0,1
1968,2,0,2
1968,6,0,6
1968,4,3,7
1968,4,3,7
1968,5,1,6
1968,7,0,7
1968,6,12,18
1968,5,2,7
1968,4,1,5
1968,7,2,9
1968,7,5,12
1968,10,0,10
1968,4,1,5
1968,8,4,12
1968,2,1,3
1968,6,1,7
1968,2,0,2
1968,1,0,1
1968,5,2,7
1968,7,3,10
1968,4,0,4
1968,4,0,4
1968,6,5,11
1968,7,6,13
1968,7,2,9
1968,5,4,9
1968,2,1,3
1968,8,6,14
1968,3,1,4
1968,3,1,4
1968,3,1,4
1968,4,1,5
1968,7,6,13
1968,4,3,7
1968,5,11,16
1968,6,4,10
1968,3,2,5
1968,1,0,1
1968,1,0,1
1968,2,1,3
1968,1,0,1
1968,12,1,13
1968,2,0,2
1968,3,1,4
1968,6,3,9
1968,4,2,6
1968,2,0,2
1968,5,0,5
1968,4,1,5
1968,4,1,5
1968,3,1,4
1968,3,2,5
1968,5,0,5
1968,4,1,5
1968,2,0,2
1968,4,10,14
1968,5,4,9
1968,3,2,5
1968,9,1,10
1968,5,4,9
1968,2,1,3
1968,9,0,9
1968,1,0,1
1968,2,1,3
1968,6,3,9
1968,4,3,7
1968,5,2,7
1968,8,7,15
1968,1,0,1
1968,4,0,4
1968,5,4,9
1968,5,1,6
1968,2,1,3
1968,8,3,11
1968,1,0,1
1968,3,2,5
1968,4,1,5
1968,4,2,6
1968,5,3,8
1968,4,3,7
1968,3,0,3
1968,7,1,8
1968,8,10,18
1968,3,2,5
1968,8,3,11
1968,2,1,3
1968,4,1,5
1968,4,2,6
1968,7,2,9
1968,2,0,2
1968,5,1,6
1968,7,2,9
1968,7,6,13
1968,6,1,7
1968,3,2,5
1968,8,3,11
1968,4,10,14
1968,10,1,11
1968,5,0,5
1968,3,2,5
1968,7,1,8
1968,3,1,4
1968,5,2,7
1968,8,5,13
1968,5,4,9
1968,7,3,10
1968,6,1,7
1968,8,2,10
1968,10,1,11
1968,4,2,6
1968,4,0,4
1968,6,3,9
1968,8,12,20
1968,3,2,5
1968,4,1,5
1968,4,3,7
1968,3,2,5
1968,1,0,1
1968,4,1,5
1968,6,1,7
1968,5,1,6
1968,9,3,12
1968,2,0,2
1968,4,1,5
1968,4,2,6
1968,2,1,3
1968,3,2,5
1968,6,1,7
1968,6,11,17
1968,5,1,6
1968,4,3,7
1968,3,2,5
1968,6,5,11
1968,4,1,5
1968,3,1,4
1968,3,0,3
1968,1,0,1
1968,5,3,8
1968,8,3,11
1968,5,3,8
1968,3,1,4
1968,6,2,8
1968,4,1,5
1968,2,1,3
1968,8,0,8
1968,4,0,4
1968,3,1,4
1968,7,0,7
1968,3,2,5
1968,6,4,10
1968,6,12,18
1968,7,2,9
1968,5,0,5
1968,7,4,11
1968,3,2,5
1968,8,4,12
1968,2,0,2
1968,2,1,3
1968,5,3,8
1968,2,0,2
1968,6,5,11
1968,6,1,7
1968,2,1,3
1968,6,5,11
1968,1,0,1
1968,5,3,8
1968,6,4,10
1968,3,2,5
1968,4,3,7
1968,5,4,9
1968,8,2,10
1968,2,1,3
1968,5,2,7
1968,4,1,5
1968,4,1,5
1968,4,1,5
1968,5,0,5
1968,3,10,13
1968,1,0,1
1968,2,10,12
1968,3,0,3
1968,9,6,15
1968,3,2,5
1968,6,1,7
1968,4,3,7
1968,6,2,8
1968,3,0,3
1968,4,3,7
1968,4,3,7
1968,3,1,4
1968,4,2,6
1968,4,0,4
1968,3,10,13
1968,1,0,1
1968,13,1,14
1968,4,3,7
1968,1,0,1
1968,6,4,10
1968,1,0,1
1968,7,2,9
1968,1,0,1
1968,3,0,3
1968,1,0,1
1968,7,3,10
1968,5,3,8
1968,2,1,3
1968,3,2,5
1968,4,3,7
1968,5,4,9
1968,4,2,6
1968,3,2,5
1968,7,1,8
1968,1,0,1
1968,3,2,5
1968,8,5,13
1968,4,3,7
1968,3,16,19
1968,7,4,11
1968,3,2,5
1968,3,2,5
1968,3,1,4
1968,1,0,1
1968,4,1,5
1968,5,3,8
1968,11,1,12
1968,6,1,7
1968,2,1,3
1968,8,5,13
1968,5,4,9
1968,6,5,11
1968,5,1,6
1968,1,0,1
1968,2,11,13
1968,2,1,3
1968,5,0,5
1968,8,3,11
1968,2,1,3
1968,5,2,7
1968,7,3,10
1968,9,2,11
1968,6,3,9
1968,2,0,2
1968,3,1,4
1968,4,3,7
1968,3,2,5
1968,3,10,13
1968,9,8,17
1968,1,0,1
1968,8,4,12
1968,2,0,2
1968,6,5,11
1968,5,0,5
1968,4,2,6
1968,3,0,3
1968,5,3,8
1968,7,5,12
1968,5,2,7
1968,3,1,4
1968,7,4,11
1968,3,0,3
1968,4,2,6
1968,4,1,5
1968,4,1,5
1968,4,3,7
1968,2,1,3
1968,3,0,3
1968,3,1,4
1968,8,0,8
1968,4,3,7
1968,2,1,3
1968,4,3,7
1968,3,2,5
1968,2,0,2
1968,4,0,4
1968,4,2,6
1968,7,11,18
1968,4,3,7
1968,5,2,7
1968,3,1,4
1968,2,1,3
1968,7,5,12
1968,8,4,12
1968,5,1,6
1968,9,10,19
1968,5,3,8
1968,4,0,4
1968,6,5,11
1968,8,2,10
1968,1,0,1
1968,3,1,4
1968,6,4,10
1968,3,0,3
1968,3,2,5
1968,4,1,5
1968,6,4,10
1968,2,1,3
1968,6,3,9
1968,4,2,6
1968,8,1,9
1968,7,1,8
1968,8,1,9
1968,5,2,7
1968,7,5,12
1968,5,3,8
1968,5,1,6
1968,10,1,11
1968,1,0,1
1968,5,1,6
1968,8,3,11
1968,3,0,3
1968,8,5,13
1968,1,0,1
1968,1,0,1
1968,4,1,5
1968,2,0,2
1968,7,2,9
1968,6,5,11
1968,8,3,11
1968,2,1,3
1968,7,0,7
1968,2,10,12
1968,8,5,13
1968,5,0,5
1968,8,0,8
1968,7,5,12
1968,4,3,7
1968,8,2,10
1968,4,3,7
1968,5,4,9
1968,5,13,18
1968,19,1,20
1968,8,2,10
1968,3,2,5
1968,6,1,7
1968,2,1,3
1968,3,13,16
1968,8,3,11
1968,7,5,12
1968,3,1,4
1968,4,2,6
1968,3,1,4
1968,3,1,4
1968,2,1,3
1968,7,3,10
1968,6,0,6
1968,4,3,7
1968,4,2,6
1968,4,2,6
1968,3,2,5
1968,8,3,11
1968,2,1,3
1968,3,3,6
1968,9,4,13
1968,3,2,5
1968,6,2,8
1968,4,3,7
1968,6,3,9
1968,4,2,6
1968,9,1,10
1968,7,10,17
1968,5,1,6
1968,9,7,16
1968,2,1,3
1968,9,5,14
1968,6,4,10
1968,2,1,3
1968,4,1,5
1968,3,2,5
1968,2,10,12
1968,7,1,8
1968,2,0,2
1968,5,4,9
1968,6,5,11
1968,5,4,9
1968,5,1,6
1968,4,2,6
1968,9,10,19
1968,4,0,4
1968,8,2,10
1968,2,0,2
1968,3,0,3
1968,3,0,3
1968,6,5,11
1968,4,3,7
1968,6,1,7
1968,2,10,12
1968,3,0,3
1968,1,0,1
1968,4,2,6
1968,1,0,1
1968,4,3,7
1968,5,3,8
1968,7,2,9
1968,7,1,8
1968,2,1,3
1968,10,0,10
1968,4,2,6
1968,2,0,2
1968,2,0,2
1968,8,4,12
1968,4,0,4
1968,2,0,2
1968,7,1,8
1968,3,2,5
1968,5,3,8
1968,3,0,3
1968,3,2,5
1968,6,1,7
1968,7,4,11
1968,8,4,12
1968,8,3,11
1968,5,2,7
1968,9,2,11
1968,2,1,3
1968,8,0,8
1968,4,3,7
1968,5,4,9
1968,2,11,13
1968,1,0,1
1968,3,2,5
1968,2,0,2
1968,2,0,2
1968,6,0,6
1968,5,0,5
1968,6,1,7
1968,5,1,6
1968,5,3,8
1968,5,3,8
1968,1,0,1
1968,3,2,5
1968,9,1,10
1968,5,4,9
1968,8,2,10
1968,7,4,11
1968,2,0,2
1968,5,4,9
1968,6,4,10
1968,2,0,2
1968,6,2,8
1968,3,1,4
1968,5,1,6
1968,4,3,7
1968,2,0,2
1968,3,2,5
1968,8,0,8
1968,5,1,6
1968,7,4,11
1968,5,2,7
1968,2,0,2
1968,5,1,6
1968,7,3,10
1968,5,4,9
1968,3,2,5
1968,4,3,7
1968,8,7,15
1968,3,2,5
1968,4,2,6
1968,4,3,7
1968,4,2,6
1968,8,4,12
1968,1,1,2
1968,1,0,1
1968,5,1,6
1968,3,1,4
1968,2,2,4
1968,4,0,4
1968,4,3,7
1968,5,4,9
1968,7,5,12
1968,6,1,7
1968,4,3,7
1968,1,0,1
1968,3,11,14
1968,6,1,7
1968,7,2,9
1968,8,3,11
1968,5,3,8
1968,4,1,5
1968,4,3,7
1968,7,6,13
1968,6,3,9
1968,9,10,19
1968,3,2,5
1968,2,1,3
1968,6,3,9
1968,9,5,14
1968,7,6,13
1968,5,4,9
1968,8,3,11
1968,2,10,12
1968,4,2,6
1968,3,0,3
1968,3,0,3
1968,2,1,3
1968,7,1,8
1968,3,2,5
1968,4,0,4
1968,5,2,7
1968,6,4,10
1968,8,6,14
1968,8,3,11
1968,7,0,7
1968,2,1,3
1968,3,2,5
1968,8,7,15
1968,6,3,9
1968,4,0,4
1968,2,1,3
1968,4,2,6
1968,4,2,6
1968,2,1,3
1968,2,16,18
1968,10,0,10
1968,2,0,2
1968,4,3,7
1968,5,1,6
1968,4,1,5
1968,3,2,5
1968,3,2,5
1968,3,10,13
1968,3,2,5
1968,3,1,4
1968,7,2,9
1968,2,10,12
1968,3,0,3
1968,3,2,5
1968,2,1,3
1968,6,0,6
1968,6,1,7
1968,6,4,10
1968,8,7,15
1968,10,1,11
1968,6,2,8
1968,4,2,6
1968,7,2,9
1968,8,1,9
1968,3,2,5
1968,4,3,7
1968,6,2,8
1968,2,1,3
1968,5,0,5
1968,5,3,8
1968,3,0,3
1968,3,1,4
1968,8,2,10
1968,1,0,1
1968,5,1,6
1968,6,11,17
1968,1,0,1
1968,7,2,9
1968,3,2,5
1968,8,6,14
1968,6,4,10
1968,5,4,9
1968,6,1,7
1968,4,1,5
1968,4,1,5
1968,3,0,3
1968,2,1,3
1968,2,10,12
1968,3,0,3
1968,4,2,6
1968,2,0,2
1968,2,0,2
1968,3,1,4
1968,9,1,10
1968,6,3,9
1968,4,2,6
1968,2,1,3
1968,7,3,10
1968,5,4,9
1968,5,3,8
1968,5,4,9
1968,8,0,8
1968,3,0,3
1968,6,0,6
1968,4,1,5
1968,9,1,10
1968,4,1,5
1968,3,2,5
1968,4,1,5
1968,2,0,2
1968,13,0,13
1968,7,4,11
1968,5,2,7
1968,3,0,3
1968,4,0,4
1968,4,0,4
1968,3,2,5
1968,8,1,9
1968,9,1,10
1968,6,0,6
1968,4,3,7
1968,6,1,7
1968,8,4,12
1968,2,0,2
1968,2,1,3
1968,8,1,9
1968,4,2,6
1968,2,1,3
1968,5,1,6
1968,7,5,12
1968,3,2,5
1968,4,2,6
1968,1,0,1
1968,4,0,4
1968,2,0,2
1968,2,0,2
1968,4,3,7
1968,4,3,7
1968,7,2,9
1968,2,1,3
1968,2,0,2
1968,6,2,8
1968,4,1,5
1968,3,1,4
1968,5,11,16
1968,2,1,3
1968,7,6,13
1968,5,4,9
1968,7,1,8
1968,4,3,7
1968,3,2,5
1968,5,4,9
1968,5,0,5
1968,8,1,9
1968,6,3,9
1968,8,5,13
1968,3,2,5
1968,5,0,5
1968,3,0,3
1968,2,1,3
1968,2,0,2
1968,4,3,7
1968,5,1,6
1968,2,1,3
1968,4,3,7
1968,3,0,3
1968,2,1,3
1968,6,1,7
1968,3,2,5
1968,2,1,3
1968,5,1,6
1968,5,2,7
1968,5,1,6
1968,2,10,12
1968,6,0,6
1968,2,1,3
1968,3,0,3
1968,5,1,6
1968,9,6,15
1968,2,1,3
1968,6,5,11
1968,7,4,11
1968,5,3,8
1968,5,3,8
1968,3,2,5
1968,5,4,9
1968,5,1,6
1968,5,2,7
1968,5,1,6
1968,2,0,2
1968,2,1,3
1968,2,10,12
1968,3,0,3
1968,4,3,7
1968,5,2,7
1968,4,1,5
1968,3,2,5
1968,3,0,3
1968,5,4,9
1968,3,0,3
1968,5,4,9
1968,1,0,1
1968,7,1,8
1968,5,2,7
1968,2,0,2
1968,2,12,14
1968,5,1,6
1968,4,1,5
1968,3,2,5
1968,3,1,4
1968,3,2,5
1968,8,4,12
1968,1,0,1
1968,4,2,6
1968,4,3,7
1968,1,0,1
1968,4,3,7
1968,4,10,14
1968,2,1,3
1968,3,1,4
1968,7,1,8
1968,3,2,5
1968,2,1,3
1968,4,3,7
1968,7,6,13
1968,5,4,9
1968,3,0,3
1968,3,2,5
1968,3,10,13
1968,4,3,7
1968,11,1,12
1968,4,0,4
1968,8,1,9
1968,7,3,10
1968,10,1,11
1968,5,3,8
1968,13,1,14
1968,4,1,5
1969,5,4,9
1969,3,2,5
1969,8,4,12
1969,2,10,12
1969,5,4,9
1969,4,3,7
1969,7,6,13
1969,6,2,8
1969,4,3,7
1969,11,10,21
1969,5,2,7
1969,2,1,3
1969,6,2,8
1969,4,1,5
1969,7,3,10
1969,3,11,14
1969,3,1,4
1969,4,3,7
1969,9,5,14
1969,3,0,3
1969,2,0,2
1969,6,1,7
1969,6,4,10
1969,2,1,3
1969,6,2,8
1969,3,12,15
1969,4,2,6
1969,2,0,2
1969,3,2,5
1969,9,6,15
1969,6,4,10
1969,4,0,4
1969,5,3,8
1969,1,0,1
1969,2,1,3
1969,9,4,13
1969,9,3,12
1969,6,5,11
1969,5,0,5
1969,7,1,8
1969,8,0,8
1969,7,0,7
1969,3,12,15
1969,9,0,9
1969,4,3,7
1969,7,3,10
1969,5,3,8
1969,4,0,4
1969,5,1,6
1969,1,0,1
1969,9,3,12
1969,8,1,9
1969,5,1,6
1969,5,1,6
1969,1,0,1
1969,5,4,9
1969,2,0,2
1969,9,0,9
1969,5,4,9
1969,7,6,13
1969,3,1,4
1969,6,2,8
1969,5,2,7
1969,3,1,4
1969,4,1,5
1969,3,0,3
1969,6,5,11
1969,5,1,6
1969,7,12,19
1969,5,3,8
1969,4,3,7
1969,4,0,4
1969,5,11,16
1969,8,7,15
1969,5,1,6
1969,2,1,3
1969,5,10,15
1969,7,4,11
1969,11,10,21
1969,3,2,5
1969,4,2,6
1969,14,0,14
1969,4,3,7
1969,8,2,10
1969,5,4,9
1969,6,3,9
1969,8,11,19
1969,5,2,7
1969,8,2,10
1969,6,4,10
1969,9,1,10
1969,6,1,7
1969,3,11,14
1969,6,4,10
1969,1,0,1
1969,9,5,14
1969,7,6,13
1969,9,3,12
1969,7,3,10
1969,5,2,7
1969,7,0,7
1969,4,0,4
1969,5,4,9
1969,3,0,3
1969,7,10,17
1969,5,4,9
1969,6,0,6
1969,3,1,4
1969,6,0,6
1969,5,1,6
1969,4,0,4
1969,2,1,3
1969,5,4,9
1969,6,5,11
1969,6,5,11
1969,8,6,14
1969,5,3,8
1969,2,1,3
1969,7,5,12
1969,9,4,13
1969,3,2,5
1969,3,13,16
1969,7,1,8
1969,5,1,6
1969,7,5,12
1969,2,1,3
1969,12,1,13
1969,6,3,9
1969,4,2,6
1969,5,2,7
1969,2,0,2
1969,7,1,8
1969,3,2,5
1969,3,11,14
1969,2,1,3
1969,5,2,7
1969,11,0,11
1969,6,4,10
1969,5,11,16
1969,4,1,5
1969,7,5,12
1969,8,4,12
1969,2,1,3
1969,5,2,7
1969,5,4,9
1969,2,0,2
1969,3,2,5
1969,8,3,11
1969,8,0,8
1969,14,0,14
1969,2,1,3
1969,6,0,6
1969,7,0,7
1969,7,5,12
1969,6,5,11
1969,8,4,12
1969,2,0,2
1969,4,2,6
1969,3,2,5
1969,9,3,12
1969,7,1,8
1969,4,0,4
1969,4,3,7
1969,6,3,9
1969,7,6,13
1969,2,0,2
1969,5,2,7
1969,3,2,5
1969,3,11,14
1969,4,1,5
1969,8,7,15
1969,6,4,10
1969,7,1,8
1969,5,1,6
1969,7,2,9
1969,6,5,11
1969,3,10,13
1969,5,4,9
1969,6,3,9
1969,3,1,4
1969,3,1,4
1969,5,1,6
1969,8,2,10
1969,4,1,5
1969,2,14,16
1969,8,12,20
1969,6,5,11
1969,12,1,13
1969,8,1,9
1969,7,4,11
1969,6,4,10
1969,9,3,12
1969,4,10,14
1969,4,3,7
1969,5,2,7
1969,6,3,9
1969,2,1,3
1969,6,0,6
1969,5,10,15
1969,4,3,7
1969,6,5,11
1969,7,3,10
1969,6,2,8
1969,10,0,10
1969,8,6,14
1969,3,0,3
1969,1,0,1
1969,4,2,6
1969,5,2,7
1969,9,10,19
1969,5,13,18
1969,8,5,13
1969,4,3,7
1969,12,1,13
1969,6,1,7
1969,4,0,4
1969,1,0,1
1969,2,1,3
1969,6,2,8
1969,4,3,7
1969,4,3,7
1969,2,1,3
1969,5,4,9
1969,9,1,10
1969,2,0,2
1969,2,1,3
1969,10,0,10
1969,2,1,3
1969,1,0,1
1969,4,3,7
1969,6,3,9
1969,9,4,13
1969,10,0,10
1969,3,2,5
1969,3,2,5
1969,6,4,10
1969,2,1,3
1969,3,0,3
1969,3,1,4
1969,2,1,3
1969,8,1,9
1969,3,0,3
1969,1,0,1
1969,4,3,7
1969,3,2,5
1969,4,0,4
1969,2,0,2
1969,5,4,9
1969,4,1,5
1969,3,2,5
1969,6,2,8
1969,9,3,12
1969,5,0,5
1969,7,6,13
1969,7,4,11
1969,3,2,5
1969,9,4,13
1969,3,2,5
1969,6,4,10
1969,8,5,13
1969,3,1,4
1969,7,3,10
1969,5,1,6
1969,8,7,15
1969,7,2,9
1969,5,0,5
1969,6,5,11
1969,7,5,12
1969,3,2,5
1969,3,2,5
1969,5,13,18
1969,4,3,7
1969,3,1,4
1969,4,2,6
1969,5,4,9
1969,3,2,5
1969,4,1,5
1969,6,1,7
1969,4,1,5
1969,4,2,6
1969,15,1,16
1969,3,2,5
1969,3,2,5
1969,3,2,5
1969,12,0,12
1969,3,1,4
1969,4,3,7
1969,6,4,10
1969,5,3,8
1969,2,14,16
1969,6,4,10
1969,7,11,18
1969,5,0,5
1969,4,3,7
1969,4,3,7
1969,1,0,1
1969,2,1,3
1969,7,1,8
1969,1,0,1
1969,7,6,13
1969,8,1,9
1969,4,1,5
1969,5,4,9
1969,4,2,6
1969,2,12,14
1969,3,0,3
1969,5,3,8
1969,6,4,10
1969,4,2,6
1969,4,2,6
1969,3,10,13
1969,6,2,8
1969,3,0,3
1969,5,4,9
1969,6,1,7
1969,2,0,2
1969,5,4,9
1969,5,3,8
1969,9,7,16
1969,4,2,6
1969,7,2,9
1969,11,1,12
1969,6,2,8
1969,8,5,13
1969,3,2,5
1969,3,13,16
1969,2,0,2
1969,7,6,13
1969,6,5,11
1969,6,3,9
1969,4,0,4
1969,7,6,13
1969,3,1,4
1969,4,3,7
1969,6,3,9
1969,4,1,5
1969,16,13,29
1969,5,3,8
1969,5,0,5
1969,7,3,10
1969,8,0,8
1969,7,5,12
1969,3,2,5
1969,4,1,5
1969,7,11,18
1969,2,0,2
1969,4,3,7
1969,6,5,11
1969,4,2,6
1969,3,2,5
1969,2,0,2
1969,4,3,7
1969,8,4,12
1969,6,2,8
1969,2,1,3
1969,19,0,19
1969,3,1,4
1969,8,6,14
1969,4,2,6
1969,3,10,13
1969,4,3,7
1969,5,4,9
1969,6,4,10
1969,8,11,19
1969,5,3,8
1969,1,0,1
1969,3,2,5
1969,6,0,6
1969,3,2,5
1969,9,8,17
1969,3,1,4
1969,9,3,12
1969,2,1,3
1969,4,2,6
1969,3,0,3
1969,5,4,9
1969,2,1,3
1969,2,1,3
1969,5,2,7
1969,5,0,5
1969,6,5,11
1969,7,0,7
1969,9,10,19
1969,7,6,13
1969,9,10,19
1969,3,0,3
1969,11,0,11
1969,5,3,8
1969,4,3,7
1969,7,5,12
1969,2,1,3
1969,3,1,4
1969,2,1,3
1969,6,1,7
1969,6,0,6
1969,3,11,14
1969,5,4,9
1969,5,4,9
1969,4,2,6
1969,6,0,6
1969,6,0,6
1969,6,0,6
1969,5,0,5
1969,5,1,6
1969,9,6,15
1969,3,2,5
1969,3,2,5
1969,6,5,11
1969,5,0,5
1969,6,5,11
1969,8,2,10
1969,8,3,11
1969,3,1,4
1969,1,0,1
1969,9,8,17
1969,6,5,11
1969,3,2,5
1969,7,6,13
1969,4,0,4
1969,4,1,5
1969,5,0,5
1969,7,0,7
1969,2,1,3
1969,6,3,9
1969,3,0,3
1969,6,5,11
1969,5,0,5
1969,4,3,7
1969,5,2,7
1969,8,3,11
1969,6,5,11
1969,4,0,4
1969,3,2,5
1969,3,1,4
1969,6,5,11
1969,11,1,12
1969,4,3,7
1969,6,2,8
1969,3,15,18
1969,6,2,8
1969,4,3,7
1969,7,3,10
1969,4,1,5
1969,7,4,11
1969,3,0,3
1969,7,1,8
1969,8,3,11
1969,7,6,13
1969,6,2,8
1969,4,3,7
1969,4,2,6
1969,4,3,7
1969,7,1,8
1969,6,3,9
1969,7,0,7
1969,1,0,1
1969,3,1,4
1969,6,0,6
1969,3,0,3
1969,4,3,7
1969,8,3,11
1969,2,1,3
1969,9,3,12
1969,2,11,13
1969,8,2,10
1969,4,2,6
1969,5,1,6
1969,5,0,5
1969,2,1,3
1969,7,5,12
1969,5,2,7
1969,5,4,9
1969,4,1,5
1969,5,3,8
1969,1,0,1
1969,7,2,9
1969,3,2,5
1969,10,0,10
1969,6,3,9
1969,4,0,4
1969,2,1,3
1969,3,2,5
1969,2,10,12
1969,1,0,1
1969,2,1,3
1969,6,2,8
1969,3,2,5
1969,3,0,3
1969,7,1,8
1969,5,3,8
1969,2,1,3
1969,5,3,8
1969,6,2,8
1969,5,4,9
1969,5,3,8
1969,3,2,5
1969,4,3,7
1969,8,1,9
1969,5,4,9
1969,5,1,6
1969,6,2,8
1969,5,4,9
1969,7,6,13
1969,7,6,13
1969,7,6,13
1969,4,3,7
1969,6,0,6
1969,1,0,1
1969,3,2,5
1969,9,5,14
1969,9,8,17
1969,4,3,7
1969,4,10,14
1969,8,6,14
1969,5,3,8
1969,8,4,12
1969,3,2,5
1969,3,1,4
1969,2,0,2
1969,6,2,8
1969,5,4,9
1969,3,2,5
1969,4,3,7
1969,9,2,11
1969,5,1,6
1969,6,13,19
1969,9,3,12
1969,9,6,15
1969,8,5,13
1969,4,3,7
1969,5,4,9
1969,8,5,13
1969,4,10,14
1969,4,3,7
1969,3,2,5
1969,2,2,4
1969,6,2,8
1969,4,2,6
1969,5,2,7
1969,7,6,13
1969,3,1,4
1969,3,2,5
1969,3,1,4
1969,7,5,12
1969,5,2,7
1969,4,3,7
1969,4,13,17
1969,8,5,13
1969,5,2,7
1969,5,4,9
1969,11,1,12
1969,4,12,16
1969,7,14,21
1969,8,7,15
1969,3,11,14
1969,9,2,11
1969,6,4,10
1969,3,1,4
1969,7,6,13
1969,3,2,5
1969,2,1,3
1969,6,4,10
1969,8,2,10
1969,6,3,9
1969,8,2,10
1969,4,2,6
1969,4,2,6
1969,5,3,8
1969,4,0,4
1969,9,3,12
1969,5,2,7
1969,3,1,4
1969,6,5,11
1969,7,3,10
1969,3,1,4
1969,5,2,7
1969,7,2,9
1969,5,4,9
1969,5,4,9
1969,3,1,4
1969,4,2,6
1969,8,3,11
1969,1,0,1
1969,6,1,7
1969,3,0,3
1969,5,3,8
1969,4,10,14
1969,4,3,7
1969,6,11,17
1969,3,1,4
1969,5,1,6
1969,4,2,6
1969,8,14,22
1969,8,3,11
1969,5,3,8
1969,6,3,9
1969,4,2,6
1969,1,0,1
1969,3,2,5
1969,5,3,8
1969,4,0,4
1969,2,10,12
1969,10,0,10
1969,4,0,4
1969,5,5,10
1969,7,0,7
1969,2,0,2
1969,4,2,6
1969,9,5,14
1969,10,1,11
1969,6,2,8
1969,4,1,5
1969,3,1,4
1969,11,10,21
1969,4,3,7
1969,7,5,12
1969,8,2,10
1969,3,0,3
1969,3,2,5
1969,2,1,3
1969,4,3,7
1969,7,5,12
1969,3,1,4
1969,2,11,13
1969,3,2,5
1969,9,8,17
1969,5,1,6
1969,4,1,5
1969,3,2,5
1969,5,3,8
1969,7,1,8
1969,3,1,4
1969,4,11,15
1969,9,5,14
1969,5,4,9
1969,5,0,5
1969,7,4,11
1969,2,1,3
1969,6,2,8
1969,7,6,13
1969,7,4,11
1969,9,4,13
1969,6,4,10
1969,5,1,6
1969,7,5,12
1969,4,3,7
1969,5,10,15
1969,4,3,7
1969,8,13,21
1969,3,0,3
1969,5,13,18
1969,5,4,9
1969,6,5,11
1969,7,2,9
1969,6,4,10
1969,6,12,18
1969,4,3,7
1969,4,3,7
1969,1,0,1
1969,4,1,5
1969,4,1,5
1969,4,1,5
1969,5,2,7
1969,8,14,22
1969,6,0,6
1969,1,0,1
1969,6,4,10
1969,2,1,3
1969,2,1,3
1969,6,1,7
1969,4,2,6
1969,4,2,6
1969,6,2,8
1969,7,21,28
1969,3,12,15
1969,9,8,17
1969,3,1,4
1969,12,0,12
1969,5,4,9
1969,4,2,6
1969,7,5,12
1969,8,0,8
1969,3,2,5
1969,5,13,18
1969,9,0,9
1969,2,13,15
1969,7,6,13
1969,5,4,9
1969,7,0,7
1969,3,2,5
1969,3,2,5
1969,4,0,4
1969,6,4,10
1969,5,4,9
1969,7,4,11
1969,6,1,7
1969,5,3,8
1969,6,2,8
1969,8,4,12
1969,8,3,11
1969,8,5,13
1969,7,5,12
1969,3,2,5
1969,3,2,5
1969,8,2,10
1969,3,2,5
1969,9,8,17
1969,8,6,14
1969,3,0,3
1969,6,5,11
1969,4,2,6
1969,7,3,10
1969,11,0,11
1969,13,1,14
1969,8,0,8
1969,6,3,9
1969,1,0,1
1969,7,3,10
1969,1,0,1
1969,4,3,7
1969,4,0,4
1969,2,0,2
1969,5,1,6
1969,3,1,4
1969,7,3,10
1969,6,5,11
1969,2,1,3
1969,4,16,20
1969,9,2,11
1969,10,1,11
1969,3,1,4
1969,4,2,6
1969,2,0,2
1969,3,2,5
1969,2,11,13
1969,5,1,6
1969,3,1,4
1969,13,10,23
1969,3,0,3
1969,4,2,6
1969,8,1,9
1969,5,3,8
1969,6,5,11
1969,8,7,15
1969,5,3,8
1969,2,0,2
1969,4,3,7
1969,2,1,3
1969,9,1,10
1969,2,0,2
1969,4,2,6
1969,7,2,9
1969,5,1,6
1969,7,2,9
1969,6,1,7
1969,3,1,4
1969,4,3,7
1969,3,2,5
1969,8,7,15
1969,5,3,8
1969,6,2,8
1969,7,1,8
1969,6,5,11
1969,6,3,9
1969,4,1,5
1969,3,2,5
1969,9,0,9
1969,3,1,4
1969,9,5,14
1969,4,0,4
1969,5,3,8
1969,4,14,18
1969,8,2,10
1969,1,0,1
1969,5,1,6
1969,7,5,12
1969,5,3,8
1969,1,0,1
1969,7,6,13
1969,5,4,9
1969,5,0,5
1969,3,2,5
1969,6,0,6
1969,9,4,13
1969,9,5,14
1969,2,0,2
1969,5,1,6
1969,1,0,1
1969,7,3,10
1969,4,3,7
1969,6,0,6
1969,3,2,5
1969,5,1,6
1969,5,2,7
1969,5,3,8
1969,5,2,7
1969,5,4,9
1969,5,0,5
1969,6,5,11
1969,9,3,12
1969,9,5,14
1969,6,3,9
1969,6,3,9
1969,6,1,7
1969,5,3,8
1969,3,2,5
1969,4,3,7
1969,2,1,3
1969,4,1,5
1969,4,1,5
1969,2,1,3
1969,5,0,5
1969,6,5,11
1969,6,4,10
1969,7,6,13
1969,5,3,8
1969,8,11,19
1969,3,1,4
1969,7,3,10
1969,3,2,5
1969,5,2,7
1969,4,0,4
1969,6,1,7
1969,3,2,5
1969,8,1,9
1969,8,3,11
1969,6,5,11
1969,3,1,4
1969,3,1,4
1969,3,0,3
1969,4,3,7
1969,7,4,11
1969,7,5,12
1969,4,2,6
1969,6,0,6
1969,8,6,14
1969,2,0,2
1969,3,2,5
1969,3,2,5
1969,4,1,5
1969,5,3,8
1969,5,2,7
1969,3,1,4
1969,4,3,7
1969,9,1,10
1969,5,1,6
1969,5,4,9
1969,9,8,17
1969,8,7,15
1969,3,1,4
1969,1,0,1
1969,5,0,5
1969,4,2,6
1969,6,4,10
1969,3,0,3
1969,3,1,4
1969,5,12,17
1969,7,3,10
1969,5,1,6
1969,7,4,11
1969,8,13,21
1969,7,4,11
1969,6,2,8
1969,19,0,19
1969,4,3,7
1969,3,2,5
1969,4,3,7
1969,8,2,10
1969,3,1,4
1969,12,1,13
1969,7,6,13
1969,5,1,6
1969,6,3,9
1969,4,3,7
1969,7,2,9
1969,2,12,14
1969,2,0,2
1969,5,1,6
1969,7,3,10
1969,3,2,5
1969,6,5,11
1969,3,1,4
1969,5,4,9
1969,4,11,15
1969,9,4,13
1969,7,3,10
1969,2,1,3
1969,7,1,8
1969,5,2,7
1969,4,2,6
1969,6,1,7
1969,2,10,12
1969,5,4,9
1969,5,10,15
1969,4,1,5
1969,7,5,12
1969,4,12,16
1969,9,3,12
1969,4,1,5
1969,4,11,15
1969,9,10,19
1969,7,1,8
1969,7,4,11
1969,5,4,9
1969,4,1,5
1969,8,5,13
1969,9,4,13
1969,4,2,6
1969,5,1,6
1969,7,0,7
1969,1,0,1
1969,8,2,10
1969,4,2,6
1969,3,2,5
1969,5,0,5
1969,4,14,18
1969,6,3,9
1969,6,4,10
1969,5,4,9
1969,7,2,9
1969,4,3,7
1969,4,3,7
1969,4,3,7
1969,8,4,12
1969,6,4,10
1969,5,4,9
1969,8,1,9
1969,5,1,6
1969,7,4,11
1969,7,3,10
1969,3,1,4
1969,4,1,5
1969,2,13,15
1969,3,2,5
1969,4,1,5
1969,4,10,14
1969,5,4,9
1969,4,1,5
1969,8,5,13
1969,7,3,10
1969,6,11,17
1969,9,2,11
1969,4,0,4
1969,7,6,13
1969,7,3,10
1969,3,1,4
1969,6,2,8
1969,4,11,15
1969,4,3,7
1969,9,3,12
1969,6,4,10
1969,6,5,11
1969,13,1,14
1969,4,2,6
1969,6,4,10
1969,9,8,17
1969,7,1,8
1969,5,1,6
1969,5,0,5
1969,2,1,3
1969,5,4,9
1969,9,3,12
1969,8,1,9
1969,7,6,13
1969,4,2,6
1969,2,13,15
1969,5,0,5
1969,8,7,15
1969,3,2,5
1969,1,0,1
1969,3,1,4
1969,5,0,5
1969,4,2,6
1969,6,3,9
1969,7,2,9
1969,2,0,2
1969,5,2,7
1969,6,5,11
1969,5,3,8
1969,5,1,6
1969,8,2,10
1969,7,2,9
1969,3,10,13
1969,4,1,5
1969,4,1,5
1969,2,1,3
1969,5,2,7
1969,5,3,8
1969,4,3,7
1969,4,3,7
1969,4,3,7
1969,6,3,9
1969,8,1,9
1969,8,2,10
1969,3,1,4
1969,7,4,11
1969,6,5,11
1969,6,5,11
1969,6,5,11
1969,5,3,8
1969,3,1,4
1969,4,3,7
1969,4,0,4
1969,7,1,8
1969,5,3,8
1969,4,3,7
1969,3,2,5
1969,4,3,7
1969,8,0,8
1969,5,0,5
1969,3,10,13
1969,3,0,3
1969,5,4,9
1969,2,12,14
1969,7,5,12
1969,5,4,9
1969,3,0,3
1969,6,5,11
1969,6,2,8
1969,9,3,12
1969,2,1,3
1969,3,1,4
1969,7,4,11
1969,3,12,15
1969,7,5,12
1969,8,1,9
1969,2,13,15
1969,8,5,13
1969,6,4,10
1969,9,3,12
1969,4,11,15
1969,3,0,3
1969,6,3,9
1969,6,1,7
1969,4,3,7
1969,4,0,4
1969,7,4,11
1969,3,15,18
1969,4,10,14
1969,7,0,7
1969,3,2,5
1969,11,1,12
1969,4,2,6
1969,7,5,12
1969,6,3,9
1969,3,1,4
1969,6,3,9
1969,6,0,6
1969,6,4,10
1969,6,1,7
1969,9,4,13
1969,9,6,15
1969,8,4,12
1969,4,1,5
1969,3,2,5
1969,5,2,7
1969,5,4,9
1969,4,3,7
1969,9,7,16
1969,8,5,13
1969,7,2,9
1969,1,0,1
1969,3,0,3
1969,4,2,6
1969,5,4,9
1969,10,1,11
1969,2,0,2
1969,1,0,1
1969,4,1,5
1969,4,3,7
1969,2,0,2
1969,3,0,3
1969,5,1,6
1969,5,2,7
1969,5,4,9
1969,9,8,17
1969,4,10,14
1969,7,10,17
1969,9,3,12
1969,7,6,13
1969,4,1,5
1969,6,2,8
1969,3,10,13
1969,8,2,10
1969,7,3,10
1969,6,4,10
1969,6,5,11
1969,4,2,6
1969,9,5,14
1969,7,10,17
1969,3,2,5
1969,9,8,17
1969,6,3,9
1969,8,7,15
1969,6,2,8
1969,6,1,7
1969,4,3,7
1969,5,0,5
1969,3,0,3
1969,3,2,5
1969,2,12,14
1969,8,5,13
1969,5,4,9
1969,8,2,10
1969,14,13,27
1969,3,11,14
1969,4,3,7
1969,6,2,8
1969,6,3,9
1969,6,1,7
1969,6,3,9
1969,6,1,7
1969,7,4,11
1969,4,0,4
1969,5,2,7
1969,5,0,5
1969,9,5,14
1969,4,1,5
1969,2,1,3
1969,3,2,5
1969,3,2,5
1969,6,1,7
1969,5,3,8
1969,3,2,5
1969,5,4,9
1969,9,10,19
1969,4,10,14
1969,5,4,9
1969,9,0,9
1969,4,0,4
1969,5,3,8
1969,3,2,5
1969,7,11,18
1969,5,4,9
1969,10,0,10
1969,6,5,11
1969,7,3,10
1969,9,6,15
1969,8,6,14
1969,3,2,5
1969,3,2,5
1969,5,4,9
1969,3,2,5
1969,4,3,7
1969,3,2,5
1969,1,0,1
1969,6,1,7
1969,4,0,4
1969,7,3,10
1969,9,6,15
1969,5,2,7
1969,3,1,4
1969,5,3,8
1969,6,5,11
1969,3,1,4
1969,7,3,10
1969,4,3,7
1969,2,1,3
1969,4,3,7
1969,8,6,14
1969,2,1,3
1969,8,7,15
1969,4,2,6
1969,6,0,6
1969,4,2,6
1969,4,2,6
1969,3,0,3
1969,7,3,10
1969,4,3,7
1969,4,3,7
1969,3,2,5
1969,7,6,13
1969,2,1,3
1969,7,4,11
1969,2,1,3
1969,3,1,4
1969,3,2,5
1969,6,3,9
1969,2,12,14
1969,4,2,6
1969,3,2,5
1969,3,1,4
1969,4,3,7
1969,8,5,13
1969,7,6,13
1969,8,2,10
1969,17,0,17
1969,5,4,9
1969,6,2,8
1969,8,7,15
1969,7,2,9
1969,3,2,5
1969,6,3,9
1969,7,2,9
1969,4,1,5
1969,5,3,8
1969,8,2,10
1969,4,3,7
1969,2,1,3
1969,4,3,7
1969,4,2,6
1969,4,2,6
1969,4,3,7
1969,9,5,14
1969,4,1,5
1969,5,2,7
1969,5,11,16
1969,6,5,11
1969,4,2,6
1969,6,5,11
1969,4,2,6
1969,4,10,14
1969,4,1,5
1969,6,3,9
1969,5,3,8
1969,6,11,17
1969,4,2,6
1969,3,1,4
1969,3,16,19
1969,5,11,16
1969,3,2,5
1969,6,3,9
1969,4,3,7
1969,4,2,6
1969,4,3,7
1969,5,2,7
1969,9,1,10
1969,2,12,14
1969,6,1,7
1969,3,2,5
1969,3,1,4
1969,5,3,8
1969,2,0,2
1969,3,2,5
1969,4,2,6
1969,9,0,9
1969,2,1,3
1969,7,6,13
1969,5,3,8
1969,5,2,7
1969,8,0,8
1969,6,0,6
1969,4,3,7
1969,5,3,8
1969,5,4,9
1969,4,3,7
1969,7,6,13
1969,5,1,6
1969,4,2,6
1969,7,2,9
1969,8,7,15
1969,4,1,5
1969,5,0,5
1969,6,4,10
1969,6,5,11
1969,5,3,8
1969,1,0,1
1969,5,4,9
1969,5,3,8
1969,7,3,10
1969,5,4,9
1969,7,6,13
1969,3,2,5
1969,4,3,7
1969,6,2,8
1969,3,2,5
1969,5,2,7
1969,7,3,10
1969,1,0,1
1969,6,5,11
1969,7,10,17
1969,3,2,5
1969,19,17,36
1969,3,2,5
1969,5,3,8
1969,5,0,5
1969,1,0,1
1969,2,0,2
1969,7,1,8
1969,9,3,12
1969,7,1,8
1969,2,1,3
1969,7,5,12
1969,9,2,11
1969,4,11,15
1969,8,5,13
1969,10,1,11
1969,8,3,11
1969,4,10,14
1969,4,3,7
1969,5,2,7
1969,3,11,14
1969,1,0,1
1969,4,3,7
1969,3,2,5
1969,6,2,8
1969,5,3,8
1969,2,1,3
1969,2,1,3
1969,6,5,11
1969,4,3,7
1969,3,2,5
1969,6,4,10
1969,3,1,4
1969,5,4,9
1969,7,5,12
1969,6,3,9
1969,3,1,4
1969,5,4,9
1969,3,2,5
1969,2,10,12
1969,5,4,9
1969,3,0,3
1969,6,4,10
1969,6,0,6
1969,2,1,3
1969,4,1,5
1969,1,0,1
1969,6,5,11
1969,7,6,13
1969,7,3,10
1969,9,7,16
1969,5,12,17
1969,7,4,11
1969,5,2,7
1969,5,0,5
1969,5,3,8
1969,5,0,5
1969,7,1,8
1969,4,3,7
1969,3,10,13
1969,5,3,8
1969,5,1,6
1969,9,4,13
1969,8,4,12
1969,4,2,6
1969,10,0,10
1969,5,3,8
1969,4,0,4
1969,2,1,3
1969,5,3,8
1969,8,6,14
1969,3,0,3
1969,2,0,2
1969,9,1,10
1969,8,2,10
1969,10,0,10
1969,8,1,9
1969,3,1,4
1969,4,2,6
1969,5,1,6
1969,7,5,12
1969,8,6,14
1969,7,4,11
1969,7,5,12
1969,7,4,11
1969,5,2,7
1969,4,3,7
1969,8,2,10
1969,3,1,4
1969,3,0,3
1969,4,2,6
1969,2,1,3
1969,4,3,7
1969,5,10,15
1969,6,5,11
1969,7,1,8
1969,8,7,15
1969,5,2,7
1969,8,3,11
1969,5,2,7
1969,3,10,13
1969,4,0,4
1969,6,3,9
1969,6,3,9
1969,4,2,6
1969,7,0,7
1969,8,0,8
1969,5,3,8
1969,5,3,8
1969,3,0,3
1969,8,2,10
1969,5,0,5
1969,8,3,11
1969,5,2,7
1969,4,2,6
1969,5,10,15
1969,7,3,10
1969,6,0,6
1969,3,2,5
1969,6,3,9
1969,8,2,10
1969,2,1,3
1969,2,1,3
1969,5,1,6
1969,9,2,11
1969,4,0,4
1969,1,0,1
1969,2,1,3
1969,3,0,3
1969,2,0,2
1969,8,1,9
1969,4,0,4
1969,5,4,9
1969,5,2,7
1969,10,1,11
1969,8,7,15
1969,9,3,12
1969,2,0,2
1969,2,1,3
1969,4,3,7
1969,7,0,7
1969,3,15,18
1969,3,0,3
1969,6,5,11
1969,5,3,8
1969,7,6,13
1969,5,2,7
1969,8,5,13
1969,1,0,1
1969,9,3,12
1969,3,2,5
1969,3,2,5
1969,9,4,13
1969,3,2,5
1969,4,1,5
1969,5,3,8
1969,3,1,4
1969,4,3,7
1969,7,6,13
1969,3,1,4
1969,5,12,17
1969,6,1,7
1969,3,12,15
1969,8,6,14
1969,10,0,10
1969,3,0,3
1969,5,1,6
1969,5,4,9
1969,1,0,1
1969,3,0,3
1969,2,0,2
1969,5,1,6
1969,5,3,8
1969,8,4,12
1969,3,1,4
1969,7,6,13
1969,3,2,5
1969,6,2,8
1969,5,0,5
1969,11,10,21
1969,6,0,6
1969,2,1,3
1969,8,5,13
1969,1,0,1
1969,4,3,7
1969,2,1,3
1969,4,1,5
1969,2,0,2
1969,3,1,4
1969,1,0,1
1969,7,6,13
1969,2,1,3
1969,7,6,13
1969,5,3,8
1969,4,1,5
1969,3,1,4
1969,8,2,10
1969,3,2,5
1969,6,0,6
1969,7,5,12
1969,2,10,12
1969,5,3,8
1969,4,3,7
1969,10,0,10
1969,8,2,10
1969,5,3,8
1969,9,8,17
1969,4,2,6
1969,2,0,2
1969,5,2,7
1969,5,11,16
1969,4,2,6
1969,8,3,11
1969,6,0,6
1969,3,2,5
1969,4,2,6
1969,7,6,13
1969,3,1,4
1969,7,3,10
1969,3,1,4
1969,3,1,4
1969,5,2,7
1969,9,10,19
1969,3,2,5
1969,3,10,13
1969,1,0,1
1969,6,4,10
1969,7,4,11
1969,9,0,9
1969,9,8,17
1969,6,4,10
1969,9,4,13
1969,6,5,11
1969,4,1,5
1969,9,8,17
1969,7,3,10
1969,2,1,3
1969,4,1,5
1969,8,7,15
1969,8,4,12
1969,8,6,14
1969,9,6,15
1969,6,0,6
1969,6,4,10
1969,3,2,5
1969,6,4,10
1969,8,4,12
1969,3,0,3
1969,4,13,17
1969,1,0,1
1969,4,2,6
1969,7,2,9
1969,4,3,7
1969,6,3,9
1969,4,1,5
1969,2,0,2
1969,7,3,10
1969,4,2,6
1969,6,3,9
1969,1,0,1
1969,4,1,5
1969,8,7,15
1969,5,1,6
1969,4,3,7
1969,9,8,17
1969,3,1,4
1969,5,3,8
1969,9,5,14
1969,8,2,10
1969,4,3,7
1969,2,1,3
1969,2,1,3
1969,6,2,8
1969,2,1,3
1969,4,2,6
1969,8,1,9
1969,6,1,7
1969,4,2,6
1969,6,5,11
1969,4,10,14
1969,6,1,7
1969,3,0,3
1969,5,0,5
1969,5,0,5
1969,5,4,9
1969,6,3,9
1969,6,5,11
1969,4,3,7
1969,4,3,7
1969,2,1,3
1969,2,0,2
1969,7,5,12
1969,2,0,2
1969,3,2,5
1969,3,11,14
1969,8,4,12
1969,5,4,9
1969,7,6,13
1969,7,5,12
1969,7,2,9
1969,6,4,10
1969,4,1,5
1969,6,2,8
1969,5,3,8
1969,5,2,7
1969,6,1,7
1969,8,0,8
1969,3,2,5
1969,8,3,11
1969,7,1,8
1969,6,2,8
1969,8,0,8
1969,6,2,8
1969,5,4,9
1969,3,2,5
1969,6,10,16
1969,7,5,12
1969,6,1,7
1969,5,1,6
1969,5,2,7
1969,2,12,14
1969,4,0,4
1969,8,7,15
1969,3,10,13
1969,8,2,10
1969,7,6,13
1969,6,2,8
1969,5,4,9
1969,5,2,7
1969,5,4,9
1969,2,0,2
1969,2,0,2
1969,3,2,5
1969,8,1,9
1969,7,4,11
1969,5,1,6
1969,2,0,2
1969,4,2,6
1969,5,4,9
1969,7,1,8
1969,9,1,10
1969,2,1,3
1969,1,0,1
1969,5,4,9
1969,5,10,15
1969,3,0,3
1969,5,3,8
1969,9,8,17
1969,3,1,4
1969,9,2,11
1969,2,11,13
1969,2,1,3
1969,2,0,2
1969,8,4,12
1969,2,0,2
1969,5,1,6
1969,4,2,6
1969,5,4,9
1969,4,1,5
1969,5,4,9
1969,1,0,1
1969,9,5,14
1969,2,1,3
1969,4,13,17
1969,2,1,3
1969,1,0,1
1969,5,4,9
1969,7,6,13
1969,3,0,3
1969,8,6,14
1969,3,1,4
1969,6,2,8
1969,3,2,5
1969,3,2,5
1969,4,1,5
1969,7,5,12
1969,7,3,10
1969,7,3,10
1969,6,5,11
1969,7,6,13
1969,9,3,12
1969,4,16,20
1969,4,2,6
1969,7,6,13
1969,3,0,3
1969,2,0,2
1969,6,4,10
1969,5,4,9
1969,5,4,9
1969,5,4,9
1969,3,2,5
1969,9,2,11
1969,6,2,8
1969,3,2,5
1969,7,3,10
1969,4,3,7
1969,2,1,3
1969,5,1,6
1969,2,1,3
1969,6,1,7
1969,3,2,5
1969,7,11,18
1969,7,4,11
1969,3,1,4
1969,2,0,2
1969,9,2,11
1969,4,2,6
1969,7,1,8
1969,2,1,3
1969,6,2,8
1969,8,4,12
1969,8,7,15
1969,4,11,15
1969,3,2,5
1969,2,1,3
1969,4,1,5
1969,8,1,9
1969,3,2,5
1969,7,1,8
1969,9,4,13
1969,6,2,8
1969,2,11,13
1969,2,1,3
1969,6,1,7
1969,5,3,8
1969,4,2,6
1969,3,0,3
1969,4,0,4
1969,6,4,10
1969,5,2,7
1969,1,0,1
1969,4,0,4
1969,6,3,9
1969,4,3,7
1969,3,2,5
1969,7,3,10
1969,4,3,7
1969,2,1,3
1969,4,12,16
1969,5,3,8
1969,3,0,3
1969,5,3,8
1969,4,3,7
1969,4,0,4
1969,1,0,1
1969,1,0,1
1969,4,1,5
1969,1,1,2
1969,1,0,1
1969,5,1,6
1969,4,3,7
1969,3,2,5
1969,5,10,15
1969,4,0,4
1969,7,2,9
1969,1,0,1
1969,5,2,7
1969,7,5,12
1969,5,2,7
1969,6,4,10
1969,4,2,6
1969,6,4,10
1969,7,4,11
1969,6,11,17
1969,3,2,5
1969,7,3,10
1969,8,12,20
1969,9,8,17
1969,3,1,4
1969,4,3,7
1969,3,2,5
1969,7,2,9
1969,5,3,8
1969,4,2,6
1969,5,3,8
1969,2,1,3
1969,7,4,11
1969,4,1,5
1969,4,0,4
1969,3,2,5
1969,4,1,5
1969,6,3,9
1969,8,2,10
1969,2,0,2
1969,2,1,3
1969,4,3,7
1969,5,3,8
1969,4,1,5
1969,4,3,7
1969,3,2,5
1969,5,2,7
1969,7,4,11
1969,3,2,5
1969,2,1,3
1969,2,1,3
1969,3,2,5
1969,3,11,14
1969,5,4,9
1969,7,6,13
1969,9,5,14
1969,8,1,9
1969,2,0,2
1969,1,0,1
1969,6,4,10
1969,2,1,3
1969,9,7,16
1969,5,0,5
1969,3,2,5
1969,6,5,11
1969,6,4,10
1969,5,0,5
1969,2,1,3
1969,5,10,15
1969,2,1,3
1969,4,2,6
1969,6,4,10
1969,5,0,5
1969,5,3,8
1969,6,4,10
1969,6,1,7
1969,5,2,7
1969,5,2,7
1969,2,0,2
1969,4,3,7
1969,7,1,8
1969,9,3,12
1969,8,7,15
1969,4,2,6
1969,7,6,13
1969,2,1,3
1969,7,2,9
1969,3,1,4
1969,3,2,5
1969,7,0,7
1969,2,1,3
1969,6,10,16
1969,3,1,4
1969,8,2,10
1969,8,0,8
1969,3,12,15
1969,5,1,6
1969,8,7,15
1969,7,3,10
1969,4,1,5
1969,5,3,8
1969,6,3,9
1969,6,0,6
1969,9,8,17
1969,3,2,5
1969,6,4,10
1969,4,0,4
1969,3,2,5
1969,5,4,9
1969,2,12,14
1969,4,3,7
1969,4,3,7
1969,9,0,9
1969,4,1,5
1969,2,10,12
1969,4,3,7
1969,7,6,13
1969,5,3,8
1969,6,1,7
1969,8,2,10
1969,4,3,7
1969,4,3,7
1969,5,4,9
1969,2,1,3
1969,5,3,8
1969,4,3,7
1969,3,1,4
1969,4,2,6
1969,8,3,11
1969,5,4,9
1969,7,3,10
1969,6,3,9
1969,5,2,7
1969,3,1,4
1969,2,10,12
1969,6,2,8
1969,3,2,5
1969,4,3,7
1969,5,3,8
1969,4,3,7
1969,5,4,9
1969,1,0,1
1969,3,1,4
1969,6,3,9
1969,7,2,9
1969,4,3,7
1969,8,4,12
1969,7,4,11
1969,2,1,3
1969,2,1,3
1969,6,0,6
1969,2,1,3
1969,3,2,5
1969,4,3,7
1969,2,1,3
1969,4,3,7
1969,4,1,5
1969,7,2,9
1969,7,6,13
1969,5,3,8
1969,9,7,16
1969,5,1,6
1969,4,10,14
1969,6,5,11
1969,5,3,8
1969,3,0,3
1969,4,3,7
1969,2,1,3
1969,12,1,13
1969,4,2,6
1969,3,1,4
1969,5,0,5
1969,2,0,2
1969,4,3,7
1969,4,1,5
1969,4,2,6
1969,2,1,3
1969,6,1,7
1969,4,3,7
1969,2,1,3
1969,2,1,3
1969,1,0,1
1969,6,0,6
1969,1,0,1
1969,4,1,5
1969,3,2,5
1969,4,2,6
1969,3,10,13
1969,3,10,13
1969,4,1,5
1969,8,1,9
1969,2,0,2
1969,3,2,5
1969,6,5,11
1969,2,0,2
1969,3,1,4
1969,5,2,7
1969,4,1,5
1969,7,6,13
1969,4,1,5
1969,8,5,13
1969,3,2,5
1969,4,3,7
1969,8,5,13
1969,6,3,9
1969,4,3,7
1969,8,2,10
1969,8,4,12
1969,6,1,7
1969,4,3,7
1969,7,2,9
1969,2,1,3
1969,6,5,11
1969,6,0,6
1969,5,2,7
1969,4,3,7
1969,4,3,7
1969,5,4,9
1969,4,3,7
1969,9,4,13
1969,6,5,11
1969,3,2,5
1969,8,3,11
1969,5,3,8
1969,6,2,8
1969,5,4,9
1969,6,5,11
1969,8,2,10
1969,3,1,4
1969,3,2,5
1969,3,2,5
1969,9,5,14
1969,4,3,7
1969,6,11,17
1969,1,0,1
1969,2,11,13
1969,7,4,11
1969,4,1,5
1969,2,1,3
1969,5,0,5
1969,2,1,3
1969,5,3,8
1970,5,1,6
1970,5,0,5
1970,12,0,12
1970,8,2,10
1970,6,4,10
1970,4,0,4
1970,12,0,12
1970,4,3,7
1970,2,0,2
1970,5,3,8
1970,8,3,11
1970,8,5,13
1970,4,14,18
1970,3,2,5
1970,2,0,2
1970,5,2,7
1970,6,1,7
1970,7,2,9
1970,6,1,7
1970,5,4,9
1970,3,0,3
1970,6,4,10
1970,13,1,14
1970,3,1,4
1970,3,0,3
1970,7,3,10
1970,4,3,7
1970,5,3,8
1970,2,1,3
1970,6,1,7
1970,7,4,11
1970,3,2,5
1970,5,4,9
1970,5,0,5
1970,7,11,18
1970,7,2,9
1970,2,1,3
1970,2,0,2
1970,4,3,7
1970,7,3,10
1970,4,1,5
1970,5,3,8
1970,8,4,12
1970,8,7,15
1970,6,3,9
1970,4,0,4
1970,8,2,10
1970,3,0,3
1970,4,0,4
1970,2,1,3
1970,4,1,5
1970,4,3,7
1970,7,2,9
1970,5,2,7
1970,2,16,18
1970,8,3,11
1970,7,5,12
1970,6,0,6
1970,2,0,2
1970,2,1,3
1970,5,4,9
1970,3,1,4
1970,6,5,11
1970,5,2,7
1970,6,4,10
1970,6,5,11
1970,9,3,12
1970,3,1,4
1970,2,0,2
1970,2,1,3
1970,15,11,26
1970,8,3,11
1970,3,1,4
1970,5,4,9
1970,6,1,7
1970,4,12,16
1970,3,2,5
1970,6,4,10
1970,9,1,10
1970,6,5,11
1970,7,5,12
1970,6,2,8
1970,8,2,10
1970,5,1,6
1970,3,2,5
1970,7,6,13
1970,7,0,7
1970,10,0,10
1970,5,4,9
1970,4,2,6
1970,8,5,13
1970,3,2,5
1970,6,5,11
1970,2,12,14
1970,4,2,6
1970,9,11,20
1970,8,6,14
1970,7,4,11
1970,3,1,4
1970,4,1,5
1970,7,5,12
1970,8,7,15
1970,8,5,13
1970,3,2,5
1970,4,1,5
1970,6,0,6
1970,5,2,7
1970,5,2,7
1970,5,4,9
1970,5,4,9
1970,7,1,8
1970,8,1,9
1970,9,16,25
1970,9,4,13
1970,5,1,6
1970,4,3,7
1970,8,5,13
1970,7,0,7
1970,5,11,16
1970,6,1,7
1970,10,1,11
1970,4,3,7
1970,8,5,13
1970,4,1,5
1970,6,0,6
1970,5,1,6
1970,3,2,5
1970,2,10,12
1970,6,3,9
1970,6,2,8
1970,3,2,5
1970,5,4,9
1970,4,2,6
1970,3,1,4
1970,2,11,13
1970,8,13,21
1970,3,1,4
1970,7,4,11
1970,5,3,8
1970,4,3,7
1970,5,3,8
1970,4,3,7
1970,9,8,17
1970,7,5,12
1970,5,2,7
1970,3,1,4
1970,7,5,12
1970,5,0,5
1970,3,1,4
1970,9,2,11
1970,2,1,3
1970,2,1,3
1970,6,1,7
1970,6,1,7
1970,2,1,3
1970,7,5,12
1970,8,6,14
1970,6,11,17
1970,6,3,9
1970,4,1,5
1970,7,5,12
1970,1,0,1
1970,8,6,14
1970,9,0,9
1970,5,4,9
1970,3,12,15
1970,3,1,4
1970,5,3,8
1970,4,10,14
1970,3,0,3
1970,5,11,16
1970,6,5,11
1970,9,3,12
1970,1,0,1
1970,4,3,7
1970,3,0,3
1970,8,7,15
1970,1,0,1
1970,7,3,10
1970,3,2,5
1970,5,3,8
1970,5,3,8
1970,6,3,9
1970,2,0,2
1970,9,10,19
1970,3,1,4
1970,6,0,6
1970,8,3,11
1970,2,0,2
1970,3,2,5
1970,11,1,12
1970,3,2,5
1970,4,1,5
1970,3,2,5
1970,4,3,7
1970,4,3,7
1970,5,1,6
1970,1,0,1
1970,6,5,11
1970,2,1,3
1970,4,2,6
1970,4,2,6
1970,8,3,11
1970,3,2,5
1970,3,1,4
1970,7,5,12
1970,6,1,7
1970,4,2,6
1970,7,3,10
1970,5,2,7
1970,3,2,5
1970,9,6,15
1970,5,3,8
1970,2,18,20
1970,5,3,8
1970,8,2,10
1970,6,1,7
1970,1,0,1
1970,3,2,5
1970,5,10,15
1970,10,0,10
1970,8,6,14
1970,6,10,16
1970,4,0,4
1970,9,2,11
1970,8,7,15
1970,6,3,9
1970,3,2,5
1970,2,1,3
1970,4,1,5
1970,1,0,1
1970,4,1,5
1970,2,12,14
1970,3,2,5
1970,9,3,12
1970,8,3,11
1970,6,13,19
1970,6,4,10
1970,7,5,12
1970,3,1,4
1970,6,3,9
1970,2,1,3
1970,3,1,4
1970,9,3,12
1970,5,12,17
1970,4,2,6
1970,4,2,6
1970,8,4,12
1970,3,2,5
1970,7,2,9
1970,4,3,7
1970,7,3,10
1970,7,6,13
1970,5,4,9
1970,7,1,8
1970,5,3,8
1970,6,3,9
1970,4,3,7
1970,6,5,11
1970,7,11,18
1970,6,3,9
1970,15,1,16
1970,8,7,15
1970,4,2,6
1970,4,3,7
1970,3,2,5
1970,8,6,14
1970,6,13,19
1970,7,4,11
1970,8,1,9
1970,3,1,4
1970,6,4,10
1970,5,3,8
1970,7,3,10
1970,7,2,9
1970,6,12,18
1970,7,3,10
1970,6,1,7
1970,2,1,3
1970,5,1,6
1970,8,5,13
1970,3,1,4
1970,6,0,6
1970,4,1,5
1970,4,0,4
1970,3,11,14
1970,8,11,19
1970,3,0,3
1970,3,1,4
1970,4,2,6
1970,2,1,3
1970,5,2,7
1970,4,3,7
1970,5,4,9
1970,7,6,13
1970,4,3,7
1970,7,6,13
1970,8,0,8
1970,5,2,7
1970,9,6,15
1970,9,5,14
1970,5,1,6
1970,8,15,23
1970,7,4,11
1970,7,3,10
1970,8,2,10
1970,8,7,15
1970,6,1,7
1970,4,3,7
1970,7,10,17
1970,7,6,13
1970,9,3,12
1970,7,5,12
1970,11,1,12
1970,7,6,13
1970,7,1,8
1970,7,1,8
1970,8,4,12
1970,5,3,8
1970,4,3,7
1970,3,11,14
1970,8,1,9
1970,5,3,8
1970,7,4,11
1970,6,3,9
1970,3,2,5
1970,6,0,6
1970,5,14,19
1970,5,3,8
1970,9,4,13
1970,6,5,11
1970,7,2,9
1970,4,2,6
1970,4,3,7
1970,7,6,13
1970,5,4,9
1970,9,7,16
1970,9,2,11
1970,6,5,11
1970,7,6,13
1970,5,4,9
1970,7,11,18
1970,7,4,11
1970,7,0,7
1970,2,1,3
1970,7,6,13
1970,9,5,14
1970,5,5,10
1970,3,0,3
1970,4,1,5
1970,6,5,11
1970,3,0,3
1970,6,5,11
1970,4,3,7
1970,7,2,9
1970,8,3,11
1970,9,5,14
1970,5,4,9
1970,8,4,12
1970,5,3,8
1970,5,3,8
1970,6,5,11
1970,9,5,14
1970,5,3,8
1970,4,0,4
1970,1,0,1
1970,6,5,11
1970,3,1,4
1970,5,4,9
1970,8,1,9
1970,7,6,13
1970,5,1,6
1970,5,1,6
1970,6,3,9
1970,5,2,7
1970,3,1,4
1970,7,11,18
1970,3,0,3
1970,9,3,12
1970,3,1,4
1970,5,11,16
1970,4,1,5
1970,5,4,9
1970,4,0,4
1970,2,1,3
1970,8,10,18
1970,1,0,1
1970,4,3,7
1970,6,2,8
1970,6,1,7
1970,2,0,2
1970,5,4,9
1970,7,11,18
1970,7,4,11
1970,3,11,14
1970,6,0,6
1970,4,3,7
1970,9,7,16
1970,3,2,5
1970,4,3,7
1970,3,2,5
1970,8,4,12
1970,5,1,6
1970,7,6,13
1970,8,0,8
1970,6,1,7
1970,7,1,8
1970,6,5,11
1970,8,7,15
1970,5,3,8
1970,4,3,7
1970,6,1,7
1970,5,12,17
1970,6,0,6
1970,7,5,12
1970,8,4,12
1970,4,10,14
1970,2,1,3
1970,4,3,7
1970,7,3,10
1970,5,4,9
1970,3,0,3
1970,3,1,4
1970,3,12,15
1970,5,4,9
1970,6,3,9
1970,7,4,11
1970,5,1,6
1970,2,0,2
1970,8,3,11
1970,4,2,6
1970,3,1,4
1970,3,2,5
1970,7,2,9
1970,4,0,4
1970,3,2,5
1970,5,10,15
1970,8,7,15
1970,2,0,2
1970,2,0,2
1970,3,2,5
1970,4,10,14
1970,6,1,7
1970,7,10,17
1970,6,4,10
1970,3,1,4
1970,3,0,3
1970,6,3,9
1970,7,6,13
1970,2,0,2
1970,4,3,7
1970,7,4,11
1970,9,8,17
1970,7,4,11
1970,3,2,5
1970,5,2,7
1970,6,3,9
1970,1,0,1
1970,3,2,5
1970,6,3,9
1970,6,4,10
1970,6,3,9
1970,9,4,13
1970,3,0,3
1970,2,12,14
1970,4,3,7
1970,6,5,11
1970,3,14,17
1970,3,1,4
1970,5,1,6
1970,5,4,9
1970,8,4,12
1970,8,14,22
1970,3,1,4
1970,17,16,33
1970,2,1,3
1970,4,3,7
1970,5,1,6
1970,5,2,7
1970,6,5,11
1970,8,7,15
1970,6,4,10
1970,7,10,17
1970,6,5,11
1970,8,1,9
1970,6,5,11
1970,3,0,3
1970,3,1,4
1970,3,1,4
1970,6,5,11
1970,6,1,7
1970,7,6,13
1970,6,2,8
1970,5,3,8
1970,4,3,7
1970,7,1,8
1970,6,5,11
1970,2,1,3
1970,5,3,8
1970,7,0,7
1970,7,5,12
1970,4,2,6
1970,6,3,9
1970,3,0,3
1970,3,1,4
1970,6,2,8
1970,3,2,5
1970,5,1,6
1970,8,1,9
1970,4,1,5
1970,3,19,22
1970,8,1,9
1970,5,4,9
1970,7,5,12
1970,4,3,7
1970,4,0,4
1970,4,2,6
1970,4,3,7
1970,3,0,3
1970,3,0,3
1970,6,4,10
1970,3,11,14
1970,2,0,2
1970,8,7,15
1970,2,11,13
1970,5,3,8
1970,9,2,11
1970,4,3,7
1970,5,2,7
1970,4,3,7
1970,2,0,2
1970,6,4,10
1970,5,4,9
1970,4,2,6
1970,5,0,5
1970,2,1,3
1970,6,3,9
1970,8,6,14
1970,5,4,9
1970,7,5,12
1970,7,5,12
1970,3,2,5
1970,4,11,15
1970,8,7,15
1970,5,4,9
1970,9,7,16
1970,6,10,16
1970,4,3,7
1970,5,4,9
1970,13,11,24
1970,7,6,13
1970,3,2,5
1970,9,1,10
1970,22,13,35
1970,6,1,7
1970,7,4,11
1970,6,4,10
1970,7,6,13
1970,7,6,13
1970,4,14,18
1970,4,3,7
1970,3,2,5
1970,7,3,10
1970,8,6,14
1970,6,5,11
1970,5,4,9
1970,5,1,6
1970,4,1,5
1970,5,1,6
1970,3,2,5
1970,7,2,9
1970,6,4,10
1970,4,1,5
1970,9,5,14
1970,3,2,5
1970,5,1,6
1970,8,14,22
1970,12,1,13
1970,4,3,7
1970,5,4,9
1970,6,5,11
1970,4,11,15
1970,5,0,5
1970,7,6,13
1970,5,3,8
1970,4,1,5
1970,6,5,11
1970,5,4,9
1970,3,1,4
1970,5,1,6
1970,4,2,6
1970,8,0,8
1970,8,4,12
1970,2,1,3
1970,4,2,6
1970,5,0,5
1970,7,3,10
1970,3,2,5
1970,4,2,6
1970,2,1,3
1970,8,12,20
1970,5,4,9
1970,8,7,15
1970,3,2,5
1970,10,1,11
1970,4,2,6
1970,3,0,3
1970,3,2,5
1970,2,1,3
1970,4,12,16
1970,2,1,3
1970,5,3,8
1970,5,1,6
1970,7,3,10
1970,6,4,10
1970,3,1,4
1970,6,4,10
1970,7,6,13
1970,5,4,9
1970,4,2,6
1970,10,1,11
1970,7,4,11
1970,5,2,7
1970,6,4,10
1970,8,4,12
1970,2,10,12
1970,3,10,13
1970,7,6,13
1970,4,3,7
1970,5,2,7
1970,3,1,4
1970,7,10,17
1970,9,10,19
1970,2,0,2
1970,5,2,7
1970,7,5,12
1970,4,2,6
1970,5,2,7
1970,8,3,11
1970,2,1,3
1970,8,1,9
1970,4,0,4
1970,6,4,10
1970,5,2,7
1970,2,1,3
1970,7,3,10
1970,5,1,6
1970,2,1,3
1970,7,6,13
1970,6,4,10
1970,7,5,12
1970,5,3,8
1970,8,1,9
1970,4,2,6
1970,7,0,7
1970,2,1,3
1970,5,1,6
1970,8,11,19
1970,4,2,6
1970,9,1,10
1970,6,5,11
1970,6,2,8
1970,2,1,3
1970,8,4,12
1970,6,4,10
1970,7,1,8
1970,4,2,6
1970,6,0,6
1970,4,1,5
1970,5,2,7
1970,5,0,5
1970,2,1,3
1970,5,2,7
1970,7,6,13
1970,8,1,9
1970,3,1,4
1970,2,0,2
1970,5,2,7
1970,4,1,5
1970,7,10,17
1970,7,12,19
1970,6,10,16
1970,6,5,11
1970,9,4,13
1970,7,1,8
1970,6,4,10
1970,5,2,7
1970,4,1,5
1970,6,3,9
1970,7,2,9
1970,6,5,11
1970,4,2,6
1970,8,4,12
1970,5,3,8
1970,9,2,11
1970,8,4,12
1970,3,2,5
1970,5,4,9
1970,2,10,12
1970,2,1,3
1970,7,5,12
1970,10,1,11
1970,2,1,3
1970,7,4,11
1970,9,6,15
1970,3,2,5
1970,7,12,19
1970,7,6,13
1970,5,2,7
1970,5,3,8
1970,5,4,9
1970,6,2,8
1970,9,2,11
1970,5,1,6
1970,7,5,12
1970,1,0,1
1970,7,3,10
1970,7,5,12
1970,8,1,9
1970,2,1,3
1970,4,0,4
1970,3,2,5
1970,5,1,6
1970,6,3,9
1970,9,7,16
1970,3,1,4
1970,4,0,4
1970,3,1,4
1970,6,5,11
1970,7,4,11
1970,4,2,6
1970,8,0,8
1970,6,1,7
1970,3,2,5
1970,6,3,9
1970,7,10,17
1970,6,0,6
1970,7,6,13
1970,4,2,6
1970,12,10,22
1970,3,2,5
1970,7,4,11
1970,5,2,7
1970,5,3,8
1970,6,1,7
1970,4,2,6
1970,5,1,6
1970,3,13,16
1970,4,2,6
1970,8,4,12
1970,6,3,9
1970,9,6,15
1970,5,4,9
1970,8,3,11
1970,4,0,4
1970,8,3,11
1970,5,4,9
1970,2,1,3
1970,5,3,8
1970,2,1,3
1970,8,5,13
1970,4,2,6
1970,7,1,8
1970,6,4,10
1970,4,2,6
1970,14,10,24
1970,6,5,11
1970,3,0,3
1970,3,2,5
1970,9,3,12
1970,9,3,12
1970,7,2,9
1970,9,8,17
1970,2,11,13
1970,6,3,9
1970,5,4,9
1970,3,2,5
1970,7,2,9
1970,4,2,6
1970,9,8,17
1970,9,5,14
1970,6,13,19
1970,4,1,5
1970,4,3,7
1970,2,1,3
1970,6,0,6
1970,3,2,5
1970,6,1,7
1970,1,0,1
1970,7,0,7
1970,5,1,6
1970,7,3,10
1970,12,10,22
1970,5,3,8
1970,2,1,3
1970,4,3,7
1970,7,5,12
1970,2,1,3
1970,7,2,9
1970,6,2,8
1970,7,0,7
1970,6,5,11
1970,3,1,4
1970,2,1,3
1970,9,5,14
1970,6,1,7
1970,5,4,9
1970,5,4,9
1970,3,2,5
1970,7,2,9
1970,5,4,9
1970,5,1,6
1970,8,0,8
1970,4,3,7
1970,3,2,5
1970,8,13,21
1970,7,3,10
1970,8,3,11
1970,4,1,5
1970,3,1,4
1970,3,2,5
1970,3,2,5
1970,2,1,3
1970,4,2,6
1970,7,1,8
1970,3,2,5
1970,5,4,9
1970,4,1,5
1970,3,2,5
1970,6,5,11
1970,4,1,5
1970,7,0,7
1970,2,12,14
1970,9,1,10
1970,3,0,3
1970,5,2,7
1970,2,0,2
1970,7,5,12
1970,3,1,4
1970,8,3,11
1970,4,0,4
1970,2,1,3
1970,3,0,3
1970,9,8,17
1970,5,3,8
1970,9,1,10
1970,11,10,21
1970,8,2,10
1970,5,1,6
1970,3,2,5
1970,2,1,3
1970,13,1,14
1970,2,0,2
1970,4,1,5
1970,4,1,5
1970,3,2,5
1970,5,3,8
1970,8,2,10
1970,3,2,5
1970,4,1,5
1970,6,4,10
1970,4,3,7
1970,5,4,9
1970,8,3,11
1970,4,3,7
1970,5,10,15
1970,3,10,13
1970,5,4,9
1970,3,2,5
1970,8,6,14
1970,5,3,8
1970,4,2,6
1970,3,1,4
1970,4,3,7
1970,8,2,10
1970,5,3,8
1970,6,2,8
1970,5,4,9
1970,8,5,13
1970,8,1,9
1970,7,6,13
1970,3,2,5
1970,5,4,9
1970,3,0,3
1970,6,5,11
1970,3,0,3
1970,9,2,11
1970,6,5,11
1970,6,3,9
1970,4,3,7
1970,2,1,3
1970,11,1,12
1970,4,1,5
1970,4,3,7
1970,7,12,19
1970,5,0,5
1970,9,10,19
1970,5,0,5
1970,6,10,16
1970,2,1,3
1970,5,0,5
1970,7,10,17
1970,5,2,7
1970,13,10,23
1970,6,1,7
1970,3,2,5
1970,8,1,9
1970,9,4,13
1970,4,0,4
1970,2,1,3
1970,5,4,9
1970,4,0,4
1970,16,14,30
1970,3,0,3
1970,4,10,14
1970,5,3,8
1970,4,3,7
1970,8,2,10
1970,9,7,16
1970,4,3,7
1970,4,3,7
1970,8,6,14
1970,2,1,3
1970,6,5,11
1970,5,1,6
1970,7,4,11
1970,6,10,16
1970,7,2,9
1970,3,0,3
1970,8,6,14
1970,5,3,8
1970,8,0,8
1970,4,2,6
1970,7,2,9
1970,7,2,9
1970,6,5,11
1970,2,0,2
1970,8,4,12
1970,5,1,6
1970,5,2,7
1970,3,1,4
1970,2,1,3
1970,3,12,15
1970,6,3,9
1970,7,3,10
1970,7,3,10
1970,5,4,9
1970,4,0,4
1970,4,12,16
1970,6,2,8
1970,3,2,5
1970,2,14,16
1970,5,0,5
1970,6,4,10
1970,6,3,9
1970,8,10,18
1970,3,1,4
1970,3,10,13
1970,2,1,3
1970,7,5,12
1970,8,5,13
1970,6,2,8
1970,4,3,7
1970,7,10,17
1970,3,0,3
1970,7,3,10
1970,7,5,12
1970,8,4,12
1970,4,3,7
1970,7,2,9
1970,4,3,7
1970,1,0,1
1970,4,3,7
1970,4,2,6
1970,4,2,6
1970,13,0,13
1970,9,8,17
1970,3,2,5
1970,5,1,6
1970,5,4,9
1970,3,1,4
1970,6,5,11
1970,3,2,5
1970,6,5,11
1970,2,1,3
1970,7,5,12
1970,8,6,14
1970,2,0,2
1970,7,6,13
1970,7,5,12
1970,4,2,6
1970,9,10,19
1970,9,3,12
1970,7,3,10
1970,9,5,14
1970,6,5,11
1970,7,1,8
1970,6,0,6
1970,9,11,20
1970,3,1,4
1970,2,1,3
1970,2,0,2
1970,7,1,8
1970,4,2,6
1970,8,5,13
1970,8,6,14
1970,2,0,2
1970,9,7,16
1970,2,1,3
1970,9,7,16
1970,6,2,8
1970,2,1,3
1970,7,6,13
1970,5,2,7
1970,4,10,14
1970,3,1,4
1970,6,5,11
1970,5,4,9
1970,4,0,4
1970,6,2,8
1970,11,1,12
1970,4,3,7
1970,8,7,15
1970,3,1,4
1970,6,5,11
1970,6,2,8
1970,2,10,12
1970,6,2,8
1970,8,2,10
1970,7,3,10
1970,3,13,16
1970,8,7,15
1970,5,10,15
1970,5,3,8
1970,4,3,7
1970,2,1,3
1970,4,1,5
1970,7,6,13
1970,7,3,10
1970,5,1,6
1970,6,5,11
1970,6,11,17
1970,2,1,3
1970,6,0,6
1970,3,1,4
1970,8,2,10
1970,4,1,5
1970,3,2,5
1970,7,10,17
1970,7,3,10
1970,3,2,5
1970,6,5,11
1970,8,2,10
1970,4,3,7
1970,5,2,7
1970,6,0,6
1970,1,0,1
1970,7,1,8
1970,4,3,7
1970,8,3,11
1970,7,3,10
1970,6,11,17
1970,10,0,10
1970,6,3,9
1970,5,10,15
1970,5,4,9
1970,7,3,10
1970,4,1,5
1970,4,3,7
1970,7,2,9
1970,3,1,4
1970,7,4,11
1970,10,1,11
1970,8,7,15
1970,4,0,4
1970,9,4,13
1970,8,2,10
1970,7,3,10
1970,7,1,8
1970,2,0,2
1970,6,4,10
1970,9,4,13
1970,4,2,6
1970,3,1,4
1970,5,2,7
1970,3,1,4
1970,7,3,10
1970,6,5,11
1970,6,5,11
1970,5,3,8
1970,7,6,13
1970,3,1,4
1970,4,3,7
1970,3,1,4
1970,5,0,5
1970,3,2,5
1970,5,14,19
1970,5,4,9
1970,3,0,3
1970,5,0,5
1970,4,2,6
1970,6,1,7
1970,3,1,4
1970,7,4,11
1970,4,3,7
1970,4,0,4
1970,2,0,2
1970,8,2,10
1970,6,10,16
1970,5,3,8
1970,3,1,4
1970,2,1,3
1970,5,2,7
1970,5,2,7
1970,4,2,6
1970,3,0,3
1970,9,6,15
1970,6,5,11
1970,4,0,4
1970,7,4,11
1970,8,3,11
1970,2,10,12
1970,6,2,8
1970,4,3,7
1970,12,10,22
1970,2,1,3
1970,4,1,5
1970,5,3,8
1970,5,4,9
1970,5,2,7
1970,9,13,22
1970,4,3,7
1970,4,1,5
1970,1,0,1
1970,5,2,7
1970,5,4,9
1970,2,1,3
1970,6,5,11
1970,3,2,5
1970,9,8,17
1970,11,1,12
1970,4,0,4
1970,5,2,7
1970,9,6,15
1970,5,2,7
1970,5,4,9
1970,8,4,12
1970,8,0,8
1970,8,7,15
1970,7,5,12
1970,2,1,3
1970,11,0,11
1970,4,3,7
1970,11,0,11
1970,5,0,5
1970,9,0,9
1970,5,3,8
1970,8,4,12
1970,9,4,13
1970,6,2,8
1970,6,5,11
1970,5,10,15
1970,6,4,10
1970,1,0,1
1970,9,2,11
1970,8,4,12
1970,11,10,21
1970,8,3,11
1970,7,6,13
1970,5,12,17
1970,6,5,11
1970,3,0,3
1970,4,0,4
1970,5,12,17
1970,11,1,12
1970,6,2,8
1970,5,3,8
1970,4,3,7
1970,2,16,18
1970,6,4,10
1970,5,2,7
1970,9,16,25
1970,5,2,7
1970,5,3,8
1970,3,10,13
1970,6,4,10
1970,4,2,6
1970,6,5,11
1970,4,10,14
1970,4,3,7
1970,5,2,7
1970,7,6,13
1970,5,1,6
1970,5,4,9
1970,2,12,14
1970,6,4,10
1970,6,2,8
1970,9,7,16
1970,2,1,3
1970,8,3,11
1970,9,2,11
1970,4,3,7
1970,9,8,17
1970,3,10,13
1970,4,2,6
1970,4,3,7
1970,4,2,6
1970,4,1,5
1970,4,2,6
1970,6,3,9
1970,8,4,12
1970,3,2,5
1970,3,2,5
1970,6,2,8
1970,7,3,10
1970,2,1,3
1970,4,3,7
1970,3,1,4
1970,2,0,2
1970,5,4,9
1970,7,1,8
1970,7,11,18
1970,9,10,19
1970,5,1,6
1970,7,3,10
1970,5,3,8
1970,8,5,13
1970,6,5,11
1970,5,4,9
1970,8,3,11
1970,7,2,9
1970,20,10,30
1970,9,1,10
1970,8,0,8
1970,3,2,5
1970,6,4,10
1970,4,12,16
1970,7,14,21
1970,4,1,5
1970,6,11,17
1970,6,5,11
1970,4,2,6
1970,5,0,5
1970,6,5,11
1970,6,1,7
1970,7,10,17
1970,8,10,18
1970,8,3,11
1970,4,2,6
1970,8,7,15
1970,4,3,7
1970,4,3,7
1970,3,2,5
1970,9,5,14
1970,6,3,9
1970,3,0,3
1970,4,2,6
1970,6,2,8
1970,1,0,1
1970,7,6,13
1970,7,2,9
1970,4,0,4
1970,7,5,12
1970,3,1,4
1970,5,2,7
1970,2,1,3
1970,4,2,6
1970,8,0,8
1970,6,1,7
1970,5,0,5
1970,4,1,5
1970,3,10,13
1970,5,2,7
1970,2,1,3
1970,6,1,7
1970,4,1,5
1970,6,1,7
1970,4,11,15
1970,5,2,7
1970,4,2,6
1970,4,0,4
1970,4,3,7
1970,3,2,5
1970,12,1,13
1970,3,0,3
1970,9,3,12
1970,7,3,10
1970,3,1,4
1970,4,1,5
1970,2,12,14
1970,7,5,12
1970,6,2,8
1970,3,11,14
1970,4,0,4
1970,4,3,7
1970,5,3,8
1970,5,3,8
1970,7,3,10
1970,4,0,4
1970,7,1,8
1970,5,3,8
1970,4,1,5
1970,2,1,3
1970,4,2,6
1970,2,1,3
1970,7,5,12
1970,4,0,4
1970,8,3,11
1970,8,6,14
1970,9,3,12
1970,3,0,3
1970,5,2,7
1970,6,4,10
1970,4,10,14
1970,4,0,4
1970,2,10,12
1970,4,2,6
1970,2,1,3
1970,5,1,6
1970,4,1,5
1970,6,1,7
1970,8,2,10
1970,6,1,7
1970,2,11,13
1970,2,1,3
1970,3,1,4
1970,6,5,11
1970,8,1,9
1970,5,3,8
1970,5,10,15
1970,3,1,4
1970,4,2,6
1970,6,3,9
1970,9,12,21
1970,6,5,11
1970,11,10,21
1970,4,2,6
1970,7,4,11
1970,5,0,5
1970,6,3,9
1970,4,2,6
1970,7,3,10
1970,3,13,16
1970,3,0,3
1970,6,3,9
1970,6,4,10
1970,9,12,21
1970,4,1,5
1970,6,1,7
1970,8,3,11
1970,4,2,6
1970,7,5,12
1970,6,1,7
1970,7,6,13
1970,4,0,4
1970,7,3,10
1970,6,3,9
1970,11,10,21
1970,7,3,10
1970,2,10,12
1970,1,0,1
1970,7,0,7
1970,4,1,5
1970,8,1,9
1970,6,5,11
1970,2,1,3
1970,7,1,8
1970,6,5,11
1970,5,4,9
1970,11,10,21
1970,3,2,5
1970,8,7,15
1970,7,4,11
1970,4,3,7
1970,5,4,9
1970,6,3,9
1970,2,1,3
1970,4,0,4
1970,6,5,11
1970,5,1,6
1970,4,11,15
1970,4,11,15
1970,5,4,9
1970,5,3,8
1970,4,1,5
1970,3,11,14
1970,3,2,5
1970,6,3,9
1970,6,1,7
1970,4,3,7
1970,3,2,5
1970,4,3,7
1970,4,3,7
1970,9,7,16
1970,1,0,1
1970,2,10,12
1970,4,2,6
1970,8,1,9
1970,7,3,10
1970,9,13,22
1970,5,4,9
1970,2,10,12
1970,4,3,7
1970,3,2,5
1970,4,0,4
1970,2,1,3
1970,10,1,11
1970,2,1,3
1970,5,4,9
1970,6,5,11
1970,3,2,5
1970,5,3,8
1970,7,11,18
1970,5,1,6
1970,9,7,16
1970,2,13,15
1970,5,4,9
1970,7,3,10
1970,5,4,9
1970,7,1,8
1970,9,3,12
1970,3,2,5
1970,4,2,6
1970,2,1,3
1970,9,6,15
1970,7,1,8
1970,5,2,7
1970,4,2,6
1970,5,3,8
1970,4,3,7
1970,5,1,6
1970,2,1,3
1970,8,6,14
1970,5,2,7
1970,2,1,3
1970,7,2,9
1970,3,0,3
1970,7,0,7
1970,9,3,12
1970,3,2,5
1970,5,3,8
1970,5,4,9
1970,8,11,19
1970,7,0,7
1970,3,2,5
1970,8,4,12
1970,12,1,13
1970,3,11,14
1970,7,4,11
1970,3,0,3
1970,8,7,15
1970,7,1,8
1970,3,1,4
1970,6,2,8
1970,7,2,9
1970,8,12,20
1970,3,2,5
1970,5,13,18
1970,2,0,2
1970,2,12,14
1970,8,6,14
1970,3,2,5
1970,3,0,3
1970,9,4,13
1970,7,0,7
1970,7,4,11
1970,4,2,6
1970,2,1,3
1970,6,2,8
1970,4,3,7
1970,5,0,5
1970,4,2,6
1970,6,3,9
1970,6,4,10
1970,2,1,3
1970,2,1,3
1970,4,3,7
1970,6,4,10
1970,4,1,5
1970,9,3,12
1970,9,1,10
1970,8,14,22
1970,5,1,6
1970,3,2,5
1970,3,2,5
1970,6,5,11
1970,5,2,7
1970,8,1,9
1970,2,1,3
1970,5,4,9
1970,4,1,5
1970,3,2,5
1970,2,1,3
1970,7,0,7
1970,15,0,15
1970,6,5,11
1970,2,0,2
1970,7,5,12
1970,8,6,14
1970,1,0,1
1970,4,3,7
1970,11,0,11
1970,11,1,12
1970,5,4,9
1970,7,5,12
1970,4,0,4
1970,8,7,15
1970,4,3,7
1970,8,7,15
1970,4,2,6
1970,6,0,6
1970,5,1,6
1970,4,3,7
1970,4,2,6
1970,6,4,10
1970,6,10,16
1970,2,1,3
1970,4,1,5
1970,1,0,1
1970,6,3,9
1970,7,6,13
1970,3,2,5
1970,4,3,7
1970,4,2,6
1970,5,1,6
1970,3,1,4
1970,7,2,9
1970,6,3,9
1970,3,0,3
1970,8,5,13
1970,7,0,7
1970,5,4,9
1970,9,7,16
1970,6,5,11
1970,2,1,3
1970,8,7,15
1970,6,4,10
1970,2,14,16
1970,5,2,7
1970,5,4,9
1970,5,1,6
1970,6,3,9
1970,5,1,6
1970,4,1,5
1970,2,1,3
1970,8,4,12
1970,5,4,9
1970,3,2,5
1970,5,1,6
1970,6,2,8
1970,2,1,3
1970,2,1,3
1970,3,1,4
1970,1,0,1
1970,4,3,7
1970,6,0,6
1970,2,1,3
1970,5,2,7
1970,8,4,12
1970,5,1,6
1970,6,1,7
1970,9,13,22
1970,14,1,15
1970,5,2,7
1970,9,8,17
1970,4,11,15
1970,3,2,5
1970,4,3,7
1970,3,1,4
1970,9,10,19
1970,9,10,19
1970,5,2,7
1970,21,11,32
1970,4,1,5
1970,9,10,19
1970,6,5,11
1970,9,5,14
1970,4,3,7
1970,2,1,3
1970,5,1,6
1970,5,2,7
1970,4,2,6
1970,3,0,3
1970,7,3,10
1970,2,1,3
1970,4,2,6
1970,2,10,12
1970,5,11,16
1970,5,4,9
1970,6,3,9
1970,3,2,5
1970,9,10,19
1970,4,0,4
1970,3,2,5
1970,5,3,8
1970,2,1,3
1970,4,0,4
1970,7,1,8
1970,8,4,12
1970,4,2,6
1970,6,5,11
1970,4,3,7
1970,4,3,7
1970,4,3,7
1970,6,4,10
1970,10,1,11
1970,3,1,4
1970,2,17,19
1970,2,0,2
1970,2,1,3
1970,7,10,17
1970,3,2,5
1970,2,1,3
1970,7,3,10
1970,4,1,5
1970,4,11,15
1970,5,2,7
1970,1,0,1
1970,7,2,9
1970,7,3,10
1970,4,0,4
1970,8,3,11
1970,8,4,12
1970,4,3,7
1970,5,3,8
1970,4,2,6
1970,8,6,14
1970,4,0,4
1970,7,4,11
1970,2,15,17
1970,7,3,10
1970,3,2,5
1970,3,2,5
1970,5,0,5
1970,4,3,7
1970,9,7,16
1970,6,3,9
1970,5,2,7
1970,5,3,8
1970,3,2,5
1970,4,3,7
1970,5,3,8
1970,6,2,8
1970,7,2,9
1970,3,1,4
1970,8,3,11
1970,6,4,10
1970,6,0,6
1970,3,2,5
1970,1,0,1
1970,9,8,17
1970,3,1,4
1970,6,5,11
1970,4,3,7
1970,4,1,5
1970,7,1,8
1970,4,3,7
1970,7,2,9
1970,8,7,15
1970,7,4,11
1970,7,5,12
1970,4,3,7
1970,8,2,10
1970,5,2,7
1970,4,1,5
1970,4,3,7
1970,6,1,7
1970,7,6,13
1970,8,3,11
1970,5,4,9
1970,5,1,6
1970,5,1,6
1970,3,2,5
1970,8,3,11
1970,9,2,11
1970,5,10,15
1970,9,4,13
1970,6,3,9
1970,4,3,7
1970,4,3,7
1970,4,3,7
1970,6,3,9
1970,12,0,12
1970,3,2,5
1970,3,2,5
1970,5,10,15
1970,6,3,9
1970,3,10,13
1970,8,7,15
1970,5,2,7
1970,7,3,10
1970,1,0,1
1970,4,11,15
1970,3,1,4
1970,3,2,5
1970,5,4,9
1970,4,1,5
1970,6,0,6
1970,3,1,4
1970,3,2,5
1970,3,1,4
1970,6,4,10
1970,6,3,9
1970,7,4,11
1970,9,5,14
1970,2,1,3
1970,9,3,12
1970,4,13,17
1970,14,0,14
1970,2,0,2
1970,2,10,12
1970,4,13,17
1970,6,1,7
1970,7,2,9
1970,3,2,5
1970,2,0,2
1970,3,2,5
1970,11,0,11
1970,3,2,5
1970,2,1,3
1970,3,2,5
1970,4,2,6
1970,3,2,5
1970,3,0,3
1970,6,0,6
1970,1,0,1
1970,5,2,7
1970,3,2,5
1970,4,3,7
1970,5,1,6
1970,3,2,5
1970,5,4,9
1970,4,3,7
1970,6,4,10
1970,5,3,8
1970,3,2,5
1970,5,3,8
1970,4,3,7
1970,3,0,3
1970,4,2,6
1970,8,3,11
1970,2,13,15
1970,2,1,3
1970,3,2,5
1970,3,1,4
1970,10,0,10
1970,6,10,16
1970,8,7,15
1970,8,7,15
1970,8,7,15
1970,4,2,6
1970,5,4,9
1970,5,4,9
1970,5,3,8
1970,4,12,16
1970,9,5,14
1970,7,5,12
1970,5,3,8
1970,4,3,7
1970,9,2,11
1970,5,4,9
1970,1,0,1
1970,6,5,11
1970,7,5,12
1970,5,3,8
1970,5,4,9
1970,8,6,14
1970,3,2,5
1970,8,3,11
1970,8,0,8
1970,6,2,8
1970,8,1,9
1970,6,3,9
1970,3,2,5
1970,4,0,4
1970,4,1,5
1970,5,1,6
1970,4,2,6
1970,3,1,4
1970,5,3,8
1970,7,10,17
1970,2,0,2
1970,9,2,11
1970,6,2,8
1970,5,10,15
1970,4,3,7
1970,4,3,7
1970,5,4,9
1970,3,2,5
1970,4,3,7
1970,2,0,2
1970,6,11,17
1970,4,3,7
1970,5,4,9
1970,5,0,5
1970,3,2,5
1970,4,3,7
1970,3,2,5
1970,5,4,9
1970,3,2,5
1970,3,2,5
1970,3,2,5
1970,9,7,16
1970,7,4,11
1970,4,2,6
1970,7,3,10
1970,3,11,14
1970,5,3,8
1970,7,6,13
1970,6,5,11
1970,4,1,5
1970,8,4,12
1970,2,1,3
1970,2,1,3
1970,3,0,3
1970,6,10,16
1970,2,11,13
1970,7,0,7
1970,3,1,4
1970,8,1,9
1970,5,1,6
1970,7,6,13
1970,4,3,7
1970,6,4,10
1970,4,1,5
1970,9,5,14
1970,4,2,6
1970,7,4,11
1970,4,3,7
1970,2,1,3
1970,8,4,12
1970,8,2,10
1970,2,0,2
1970,7,0,7
1970,7,6,13
1970,5,2,7
1970,6,0,6
1970,3,2,5
1970,2,10,12
1970,8,2,10
1970,2,1,3
1970,6,2,8
1970,6,5,11
1970,1,0,1
1970,4,2,6
1970,2,1,3
1970,5,3,8
1970,7,6,13
1970,1,0,1
1970,3,1,4
1970,2,0,2
1970,5,2,7
1970,6,0,6
1970,6,2,8
1970,14,10,24
1970,6,4,10
1970,7,4,11
1970,5,4,9
1970,3,2,5
1970,2,1,3
1970,2,1,3
1970,5,0,5
1970,7,4,11
1970,7,3,10
1970,8,0,8
1970,7,1,8
1970,4,3,7
1970,7,4,11
1970,6,0,6
1970,5,1,6
1970,3,2,5
1970,9,3,12
1970,9,7,16
1970,1,0,1
1970,7,5,12
1970,3,1,4
1970,8,3,11
1970,5,3,8
1970,4,3,7
1970,7,4,11
1970,5,1,6
1970,5,2,7
1970,4,3,7
1970,9,5,14
1970,6,3,9
1970,7,4,11
1970,5,0,5
1970,7,2,9
1970,2,1,3
1970,7,1,8
1970,4,3,7
1970,7,6,13
1970,6,3,9
1970,7,10,17
1970,9,4,13
1970,9,3,12
1970,8,5,13
1970,4,3,7
1970,4,3,7
1970,1,0,1
1970,4,2,6
1970,5,3,8
1970,2,1,3
1970,3,2,5
1970,10,1,11
1970,4,3,7
1970,3,0,3
1970,1,0,1
1970,6,3,9
1970,3,2,5
1970,3,2,5
1970,5,4,9
1970,9,2,11
1970,2,1,3
1970,5,2,7
1970,3,1,4
1970,14,13,27
1970,3,1,4
1970,4,3,7
1970,3,10,13
1970,8,2,10
1970,7,2,9
1970,6,2,8
1970,4,3,7
1970,5,1,6
1970,4,3,7
1970,4,3,7
1970,6,4,10
1970,2,0,2
1970,4,1,5
1970,5,4,9
1970,2,1,3
1970,4,3,7
1970,3,2,5
1970,5,4,9
1970,4,1,5
1970,1,0,1
1970,5,4,9
1970,4,0,4
1970,4,1,5
1970,5,4,9
1970,2,1,3
1970,7,4,11
1970,9,5,14
1970,6,10,16
1970,3,0,3
1970,3,11,14
1970,3,1,4
1970,6,1,7
1970,3,2,5
1970,4,3,7
1970,6,5,11
1970,9,3,12
1970,6,5,11
1970,9,3,12
1971,7,4,11
1971,5,2,7
1971,8,0,8
1971,3,1,4
1971,4,1,5
1971,2,1,3
1971,8,2,10
1971,2,0,2
1971,7,2,9
1971,4,2,6
1971,4,2,6
1971,4,0,4
1971,3,2,5
1971,7,3,10
1971,3,14,17
1971,2,1,3
1971,2,1,3
1971,4,0,4
1971,6,5,11
1971,4,12,16
1971,7,3,10
1971,3,2,5
1971,3,2,5
1971,7,3,10
1971,6,2,8
1971,2,0,2
1971,7,6,13
1971,8,2,10
1971,6,5,11
1971,3,2,5
1971,6,0,6
1971,6,3,9
1971,5,0,5
1971,5,4,9
1971,5,4,9
1971,2,1,3
1971,5,3,8
1971,11,10,21
1971,2,1,3
1971,9,2,11
1971,4,3,7
1971,3,2,5
1971,5,4,9
1971,4,1,5
1971,6,4,10
1971,6,0,6
1971,3,1,4
1971,5,4,9
1971,9,3,12
1971,6,0,6
1971,7,2,9
1971,7,4,11
1971,9,7,16
1971,3,0,3
1971,1,0,1
1971,5,10,15
1971,4,11,15
1971,4,2,6
1971,7,2,9
1971,1,0,1
1971,4,3,7
1971,7,3,10
1971,3,2,5
1971,2,0,2
1971,4,3,7
1971,5,0,5
1971,4,3,7
1971,5,0,5
1971,5,4,9
1971,7,10,17
1971,5,4,9
1971,3,1,4
1971,5,3,8
1971,3,2,5
1971,2,0,2
1971,4,1,5
1971,5,2,7
1971,9,3,12
1971,8,4,12
1971,5,3,8
1971,8,3,11
1971,2,0,2
1971,3,0,3
1971,4,1,5
1971,7,1,8
1971,6,1,7
1971,8,4,12
1971,6,5,11
1971,2,1,3
1971,6,5,11
1971,4,1,5
1971,6,4,10
1971,5,2,7
1971,2,1,3
1971,4,3,7
1971,3,2,5
1971,4,3,7
1971,4,3,7
1971,6,1,7
1971,5,4,9
1971,5,3,8
1971,6,5,11
1971,4,1,5
1971,1,0,1
1971,8,7,15
1971,7,1,8
1971,9,0,9
1971,5,3,8
1971,4,0,4
1971,5,3,8
1971,9,10,19
1971,5,3,8
1971,5,3,8
1971,4,3,7
1971,3,2,5
1971,2,0,2
1971,6,2,8
1971,4,0,4
1971,5,3,8
1971,6,11,17
1971,2,11,13
1971,6,1,7
1971,4,0,4
1971,1,0,1
1971,1,0,1
1971,8,6,14
1971,2,1,3
1971,3,2,5
1971,5,4,9
1971,3,2,5
1971,5,3,8
1971,5,2,7
1971,2,1,3
1971,5,4,9
1971,4,2,6
1971,5,1,6
1971,8,1,9
1971,5,4,9
1971,9,8,17
1971,3,2,5
1971,4,2,6
1971,4,1,5
1971,4,0,4
1971,3,1,4
1971,3,2,5
1971,7,6,13
1971,7,1,8
1971,5,4,9
1971,1,0,1
1971,7,2,9
1971,2,0,2
1971,6,2,8
1971,2,1,3
1971,9,7,16
1971,4,2,6
1971,5,2,7
1971,5,1,6
1971,9,6,15
1971,2,10,12
1971,2,10,12
1971,5,3,8
1971,7,3,10
1971,6,1,7
1971,4,2,6
1971,7,4,11
1971,5,2,7
1971,7,1,8
1971,8,2,10
1971,7,6,13
1971,3,0,3
1971,3,2,5
1971,5,2,7
1971,7,3,10
1971,9,2,11
1971,2,0,2
1971,8,6,14
1971,4,0,4
1971,3,2,5
1971,4,2,6
1971,7,4,11
1971,7,5,12
1971,5,4,9
1971,3,2,5
1971,6,0,6
1971,8,11,19
1971,5,4,9
1971,2,0,2
1971,5,0,5
1971,5,4,9
1971,3,2,5
1971,4,3,7
1971,5,4,9
1971,7,1,8
1971,9,3,12
1971,4,2,6
1971,2,0,2
1971,2,1,3
1971,6,4,10
1971,8,0,8
1971,2,10,12
1971,6,2,8
1971,5,4,9
1971,3,2,5
1971,8,0,8
1971,2,1,3
1971,8,3,11
1971,1,0,1
1971,2,12,14
1971,7,2,9
1971,6,5,11
1971,4,2,6
1971,2,1,3
1971,6,1,7
1971,1,0,1
1971,8,1,9
1971,6,5,11
1971,6,2,8
1971,7,5,12
1971,2,1,3
1971,2,0,2
1971,5,3,8
1971,3,10,13
1971,3,2,5
1971,3,2,5
1971,6,5,11
1971,4,3,7
1971,2,1,3
1971,5,4,9
1971,7,5,12
1971,9,1,10
1971,4,3,7
1971,5,2,7
1971,8,4,12
1971,7,6,13
1971,4,2,6
1971,3,2,5
1971,2,1,3
1971,7,0,7
1971,5,4,9
1971,7,2,9
1971,4,3,7
1971,7,4,11
1971,1,0,1
1971,7,5,12
1971,4,3,7
1971,5,4,9
1971,5,1,6
1971,3,1,4
1971,5,3,8
1971,4,2,6
1971,8,1,9
1971,7,5,12
1971,7,3,10
1971,9,1,10
1971,7,4,11
1971,3,2,5
1971,3,1,4
1971,5,2,7
1971,1,0,1
1971,2,1,3
1971,5,4,9
1971,2,2,4
1971,5,3,8
1971,4,1,5
1971,1,0,1
1971,9,8,17
1971,4,3,7
1971,7,1,8
1971,4,3,7
1971,6,5,11
1971,5,3,8
1971,2,1,3
1971,5,4,9
1971,8,5,13
1971,7,3,10
1971,5,1,6
1971,1,0,1
1971,3,1,4
1971,3,2,5
1971,3,2,5
1971,4,1,5
1971,4,3,7
1971,2,0,2
1971,6,5,11
1971,2,0,2
1971,2,0,2
1971,6,5,11
1971,2,1,3
1971,7,3,10
1971,3,2,5
1971,2,10,12
1971,4,2,6
1971,5,0,5
1971,8,4,12
1971,4,3,7
1971,5,3,8
1971,5,1,6
1971,5,4,9
1971,5,1,6
1971,5,1,6
1971,3,1,4
1971,2,1,3
1971,3,1,4
1971,3,1,4
1971,10,1,11
1971,5,2,7
1971,5,3,8
1971,5,2,7
1971,4,3,7
1971,4,2,6
1971,3,1,4
1971,3,2,5
1971,5,4,9
1971,6,5,11
1971,3,1,4
1971,3,1,4
1971,8,1,9
1971,4,3,7
1971,2,1,3
1971,5,2,7
1971,2,1,3
1971,5,3,8
1971,4,2,6
1971,9,2,11
1971,3,0,3
1971,10,0,10
1971,7,4,11
1971,5,2,7
1971,6,2,8
1971,2,1,3
1971,6,1,7
1971,4,1,5
1971,6,2,8
1971,5,11,16
1971,6,1,7
1971,6,5,11
1971,7,3,10
1971,9,5,14
1971,2,1,3
1971,7,2,9
1971,5,2,7
1971,6,5,11
1971,4,1,5
1971,5,2,7
1971,8,5,13
1971,2,1,3
1971,3,0,3
1971,3,2,5
1971,5,4,9
1971,7,5,12
1971,5,0,5
1971,6,1,7
1971,5,4,9
1971,4,10,14
1971,8,1,9
1971,6,2,8
1971,4,10,14
1971,6,1,7
1971,6,0,6
1971,5,0,5
1971,9,5,14
1971,8,1,9
1971,8,1,9
1971,5,0,5
1971,3,0,3
1971,1,0,1
1971,5,4,9
1971,9,4,13
1971,2,1,3
1971,7,2,9
1971,6,3,9
1971,4,3,7
1971,3,2,5
1971,2,0,2
1971,4,1,5
1971,3,2,5
1971,5,2,7
1971,4,2,6
1971,5,3,8
1971,4,3,7
1971,2,1,3
1971,8,2,10
1971,8,4,12
1971,3,2,5
1971,6,2,8
1971,7,4,11
1971,4,1,5
1971,6,4,10
1971,6,1,7
1971,6,5,11
1971,5,4,9
1971,8,2,10
1971,4,2,6
1971,9,5,14
1971,1,0,1
1971,4,3,7
1971,4,3,7
1971,6,2,8
1971,9,8,17
1971,6,4,10
1971,9,3,12
1971,4,12,16
1971,4,2,6
1971,4,10,14
1971,6,2,8
1971,4,2,6
1971,9,6,15
1971,5,4,9
1971,4,3,7
1971,3,2,5
1971,3,2,5
1971,3,2,5
1971,2,0,2
1971,6,3,9
1971,6,5,11
1971,6,3,9
1971,8,6,14
1971,5,3,8
1971,3,1,4
1971,7,3,10
1971,4,3,7
1971,3,2,5
1971,6,2,8
1971,5,2,7
1971,3,2,5
1971,6,5,11
1971,7,3,10
1971,4,10,14
1971,7,2,9
1971,6,12,18
1971,9,5,14
1971,6,1,7
1971,12,1,13
1971,2,1,3
1971,2,0,2
1971,3,0,3
1971,4,1,5
1971,6,5,11
1971,4,1,5
1971,4,3,7
1971,5,2,7
1971,1,0,1
1971,8,7,15
1971,5,4,9
1971,5,3,8
1971,4,2,6
1971,7,3,10
1971,1,0,1
1971,5,0,5
1971,8,4,12
1971,3,0,3
1971,8,1,9
1971,8,7,15
1971,1,0,1
1971,4,1,5
1971,6,2,8
1971,6,2,8
1971,10,1,11
1971,7,3,10
1971,8,15,23
1971,5,2,7
1971,13,0,13
1971,5,2,7
1971,2,1,3
1971,3,1,4
1971,2,1,3
1971,12,0,12
1971,5,2,7
1971,8,7,15
1971,5,1,6
1971,5,3,8
1971,7,4,11
1971,3,12,15
1971,2,1,3
1971,5,10,15
1971,4,3,7
1971,6,3,9
1971,2,1,3
1971,5,0,5
1971,11,0,11
1971,7,4,11
1971,4,0,4
1971,4,2,6
1971,4,0,4
1971,3,1,4
1971,4,3,7
1971,6,1,7
1971,8,6,14
1971,9,4,13
1971,2,1,3
1971,3,12,15
1971,6,5,11
1971,8,3,11
1971,7,4,11
1971,9,1,10
1971,8,5,13
1971,3,2,5
1971,5,4,9
1971,7,5,12
1971,7,4,11
1971,3,2,5
1971,4,2,6
1971,3,2,5
1971,3,2,5
1971,7,2,9
1971,2,1,3
1971,6,4,10
1971,4,1,5
1971,11,1,12
1971,3,2,5
1971,7,5,12
1971,2,0,2
1971,2,1,3
1971,8,0,8
1971,9,4,13
1971,5,10,15
1971,6,2,8
1971,4,3,7
1971,5,1,6
1971,5,3,8
1971,4,1,5
1971,5,2,7
1971,10,0,10
1971,4,3,7
1971,4,0,4
1971,1,0,1
1971,6,2,8
1971,6,3,9
1971,7,6,13
1971,9,6,15
1971,4,2,6
1971,3,1,4
1971,4,0,4
1971,5,0,5
1971,8,12,20
1971,2,1,3
1971,2,1,3
1971,9,3,12
1971,9,2,11
1971,8,11,19
1971,6,1,7
1971,9,4,13
1971,5,1,6
1971,2,1,3
1971,8,3,11
1971,8,7,15
1971,3,2,5
1971,2,1,3
1971,2,1,3
1971,9,5,14
1971,6,5,11
1971,7,4,11
1971,10,0,10
1971,4,2,6
1971,5,4,9
1971,8,7,15
1971,8,3,11
1971,7,3,10
1971,9,4,13
1971,1,0,1
1971,3,11,14
1971,4,1,5
1971,4,0,4
1971,6,5,11
1971,6,2,8
1971,5,3,8
1971,6,3,9
1971,6,0,6
1971,3,1,4
1971,6,3,9
1971,2,1,3
1971,3,2,5
1971,4,0,4
1971,7,6,13
1971,4,2,6
1971,5,2,7
1971,5,3,8
1971,3,1,4
1971,5,2,7
1971,9,0,9
1971,5,4,9
1971,6,5,11
1971,3,1,4
1971,3,2,5
1971,6,3,9
1971,4,1,5
1971,7,1,8
1971,4,2,6
1971,5,4,9
1971,6,1,7
1971,10,1,11
1971,6,0,6
1971,5,2,7
1971,2,1,3
1971,5,2,7
1971,1,0,1
1971,3,2,5
1971,7,1,8
1971,11,0,11
1971,10,1,11
1971,3,2,5
1971,12,0,12
1971,3,1,4
1971,2,0,2
1971,4,2,6
1971,6,2,8
1971,3,2,5
1971,3,1,4
1971,5,3,8
1971,5,3,8
1971,6,4,10
1971,3,2,5
1971,7,3,10
1971,5,3,8
1971,3,0,3
1971,4,12,16
1971,2,10,12
1971,7,11,18
1971,4,1,5
1971,2,1,3
1971,5,3,8
1971,6,1,7
1971,6,3,9
1971,5,2,7
1971,8,2,10
1971,4,2,6
1971,4,3,7
1971,4,3,7
1971,4,3,7
1971,5,2,7
1971,9,8,17
1971,8,0,8
1971,8,4,12
1971,1,0,1
1971,4,3,7
1971,8,1,9
1971,7,6,13
1971,6,11,17
1971,8,7,15
1971,8,2,10
1971,3,0,3
1971,1,0,1
1971,5,3,8
1971,8,3,11
1971,2,0,2
1971,4,2,6
1971,3,10,13
1971,6,4,10
1971,5,1,6
1971,4,2,6
1971,8,3,11
1971,2,1,3
1971,4,3,7
1971,3,1,4
1971,3,1,4
1971,3,0,3
1971,2,1,3
1971,5,4,9
1971,4,0,4
1971,4,2,6
1971,6,1,7
1971,9,4,13
1971,12,0,12
1971,3,2,5
1971,9,0,9
1971,3,2,5
1971,2,1,3
1971,3,1,4
1971,4,2,6
1971,4,2,6
1971,3,1,4
1971,8,5,13
1971,4,2,6
1971,4,3,7
1971,2,1,3
1971,4,1,5
1971,5,4,9
1971,6,3,9
1971,12,1,13
1971,3,2,5
1971,6,4,10
1971,2,1,3
1971,4,11,15
1971,7,3,10
1971,3,2,5
1971,5,2,7
1971,4,2,6
1971,5,4,9
1971,3,2,5
1971,7,0,7
1971,5,3,8
1971,5,1,6
1971,3,13,16
1971,3,0,3
1971,4,3,7
1971,2,1,3
1971,5,2,7
1971,4,3,7
1971,11,0,11
1971,9,5,14
1971,9,0,9
1971,4,3,7
1971,7,1,8
1971,5,4,9
1971,5,1,6
1971,9,8,17
1971,8,4,12
1971,4,3,7
1971,3,2,5
1971,3,1,4
1971,4,3,7
1971,5,4,9
1971,4,1,5
1971,2,1,3
1971,3,2,5
1971,9,4,13
1971,7,2,9
1971,6,5,11
1971,5,4,9
1971,3,1,4
1971,5,3,8
1971,6,1,7
1971,3,0,3
1971,2,1,3
1971,3,1,4
1971,2,0,2
1971,8,2,10
1971,6,0,6
1971,6,1,7
1971,8,3,11
1971,4,1,5
1971,6,5,11
1971,3,2,5
1971,6,5,11
1971,6,4,10
1971,3,2,5
1971,2,0,2
1971,7,2,9
1971,5,1,6
1971,6,3,9
1971,1,0,1
1971,3,1,4
1971,7,6,13
1971,5,1,6
1971,4,3,7
1971,5,0,5
1971,7,6,13
1971,6,4,10
1971,5,15,20
1971,6,1,7
1971,7,0,7
1971,6,1,7
1971,5,4,9
1971,6,2,8
1971,4,3,7
1971,2,0,2
1971,9,8,17
1971,7,3,10
1971,9,10,19
1971,8,5,13
1971,6,4,10
1971,7,1,8
1971,9,3,12
1971,5,3,8
1971,7,4,11
1971,4,0,4
1971,2,0,2
1971,2,1,3
1971,6,5,11
1971,10,1,11
1971,7,4,11
1971,2,0,2
1971,4,10,14
1971,5,4,9
1971,5,4,9
1971,2,0,2
1971,7,6,13
1971,8,7,15
1971,5,1,6
1971,8,4,12
1971,9,7,16
1971,4,11,15
1971,7,4,11
1971,8,18,26
1971,7,6,13
1971,9,7,16
1971,7,1,8
1971,7,3,10
1971,6,2,8
1971,2,0,2
1971,4,3,7
1971,6,4,10
1971,5,3,8
1971,5,1,6
1971,5,3,8
1971,4,0,4
1971,3,2,5
1971,3,2,5
1971,6,0,6
1971,7,2,9
1971,4,0,4
1971,9,3,12
1971,2,0,2
1971,6,11,17
1971,6,1,7
1971,6,5,11
1971,10,1,11
1971,7,4,11
1971,2,1,3
1971,3,2,5
1971,4,2,6
1971,2,0,2
1971,8,6,14
1971,2,0,2
1971,6,3,9
1971,2,1,3
1971,3,12,15
1971,4,0,4
1971,3,1,4
1971,6,0,6
1971,9,5,14
1971,8,3,11
1971,6,5,11
1971,6,2,8
1971,3,2,5
1971,4,3,7
1971,5,2,7
1971,7,5,12
1971,3,1,4
1971,3,0,3
1971,4,11,15
1971,6,0,6
1971,2,1,3
1971,6,1,7
1971,8,6,14
1971,3,10,13
1971,7,3,10
1971,2,0,2
1971,6,1,7
1971,5,4,9
1971,5,4,9
1971,3,1,4
1971,4,1,5
1971,4,2,6
1971,2,12,14
1971,7,0,7
1971,4,14,18
1971,12,0,12
1971,1,0,1
1971,3,2,5
1971,2,10,12
1971,4,3,7
1971,1,0,1
1971,3,1,4
1971,4,2,6
1971,4,3,7
1971,5,0,5
1971,2,1,3
1971,4,0,4
1971,4,2,6
1971,9,11,20
1971,5,1,6
1971,7,5,12
1971,3,1,4
1971,2,1,3
1971,3,12,15
1971,3,1,4
1971,5,2,7
1971,7,2,9
1971,2,1,3
1971,8,5,13
1971,4,12,16
1971,2,1,3
1971,8,0,8
1971,3,0,3
1971,6,3,9
1971,8,4,12
1971,9,10,19
1971,4,1,5
1971,9,4,13
1971,4,10,14
1971,3,0,3
1971,6,4,10
1971,6,5,11
1971,6,4,10
1971,7,4,11
1971,4,3,7
1971,5,4,9
1971,3,0,3
1971,5,2,7
1971,6,4,10
1971,3,1,4
1971,6,2,8
1971,5,11,16
1971,6,15,21
1971,6,2,8
1971,2,1,3
1971,3,2,5
1971,5,4,9
1971,5,2,7
1971,14,0,14
1971,9,2,11
1971,5,3,8
1971,3,0,3
1971,6,4,10
1971,8,3,11
1971,4,3,7
1971,5,10,15
1971,5,4,9
1971,4,3,7
1971,6,4,10
1971,8,5,13
1971,8,3,11
1971,6,5,11
1971,4,0,4
1971,4,10,14
1971,7,4,11
1971,2,1,3
1971,2,1,3
1971,9,4,13
1971,3,2,5
1971,8,7,15
1971,6,4,10
1971,7,3,10
1971,3,0,3
1971,5,1,6
1971,2,1,3
1971,8,7,15
1971,3,1,4
1971,6,0,6
1971,1,0,1
1971,5,1,6
1971,6,3,9
1971,3,1,4
1971,3,2,5
1971,2,1,3
1971,5,0,5
1971,4,2,6
1971,8,4,12
1971,3,2,5
1971,9,2,11
1971,7,2,9
1971,2,1,3
1971,5,3,8
1971,3,1,4
1971,4,3,7
1971,8,1,9
1971,4,3,7
1971,1,0,1
1971,7,1,8
1971,6,3,9
1971,7,1,8
1971,1,0,1
1971,10,1,11
1971,7,4,11
1971,2,1,3
1971,9,7,16
1971,9,4,13
1971,3,2,5
1971,6,1,7
1971,1,0,1
1971,4,0,4
1971,6,10,16
1971,2,0,2
1971,3,2,5
1971,4,14,18
1971,6,5,11
1971,7,12,19
1971,2,1,3
1971,6,2,8
1971,6,15,21
1971,4,3,7
1971,6,1,7
1971,1,0,1
1971,2,1,3
1971,2,1,3
1971,8,0,8
1971,3,2,5
1971,7,3,10
1971,5,2,7
1971,6,2,8
1971,3,2,5
1971,9,4,13
1971,3,2,5
1971,7,12,19
1971,3,1,4
1971,1,0,1
1971,7,5,12
1971,5,1,6
1971,5,2,7
1971,5,2,7
1971,4,2,6
1971,4,0,4
1971,2,1,3
1971,4,0,4
1971,4,3,7
1971,5,3,8
1971,6,5,11
1971,4,3,7
1971,8,2,10
1971,3,1,4
1971,7,12,19
1971,9,3,12
1971,4,1,5
1971,4,18,22
1971,7,3,10
1971,4,2,6
1971,5,3,8
1971,3,1,4
1971,4,2,6
1971,2,1,3
1971,7,4,11
1971,7,5,12
1971,7,1,8
1971,4,2,6
1971,4,1,5
1971,4,1,5
1971,6,4,10
1971,7,4,11
1971,6,3,9
1971,5,2,7
1971,1,0,1
1971,3,0,3
1971,2,11,13
1971,1,0,1
1971,7,2,9
1971,5,2,7
1971,9,5,14
1971,1,0,1
1971,3,11,14
1971,3,2,5
1971,4,3,7
1971,4,2,6
1971,3,1,4
1971,5,3,8
1971,3,0,3
1971,2,0,2
1971,3,2,5
1971,5,4,9
1971,3,1,4
1971,6,5,11
1971,4,2,6
1971,7,1,8
1971,1,0,1
1971,1,0,1
1971,7,2,9
1971,5,3,8
1971,3,11,14
1971,6,5,11
1971,7,1,8
1971,3,2,5
1971,3,2,5
1971,6,3,9
1971,5,11,16
1971,2,0,2
1971,7,5,12
1971,7,3,10
1971,4,3,7
1971,6,0,6
1971,3,0,3
1971,4,3,7
1971,7,6,13
1971,2,1,3
1971,9,4,13
1971,1,0,1
1971,1,0,1
1971,8,7,15
1971,4,3,7
1971,7,3,10
1971,6,4,10
1971,8,3,11
1971,3,1,4
1971,9,4,13
1971,5,4,9
1971,2,11,13
1971,4,3,7
1971,9,4,13
1971,8,4,12
1971,7,4,11
1971,4,0,4
1971,2,1,3
1971,6,0,6
1971,2,0,2
1971,10,0,10
1971,13,11,24
1971,5,3,8
1971,3,10,13
1971,5,2,7
1971,3,2,5
1971,2,1,3
1971,7,2,9
1971,4,2,6
1971,2,1,3
1971,9,2,11
1971,5,3,8
1971,5,3,8
1971,5,4,9
1971,4,2,6
1971,5,4,9
1971,3,1,4
1971,8,4,12
1971,3,0,3
1971,1,0,1
1971,7,10,17
1971,8,2,10
1971,4,3,7
1971,3,2,5
1971,6,1,7
1971,7,3,10
1971,3,2,5
1971,7,1,8
1971,8,5,13
1971,3,2,5
1971,8,11,19
1971,3,1,4
1971,5,3,8
1971,4,3,7
1971,3,2,5
1971,5,2,7
1971,8,3,11
1971,3,1,4
1971,4,2,6
1971,4,10,14
1971,5,2,7
1971,5,2,7
1971,3,1,4
1971,5,4,9
1971,2,0,2
1971,4,2,6
1971,7,1,8
1971,4,3,7
1971,7,1,8
1971,6,5,11
1971,6,3,9
1971,7,11,18
1971,5,1,6
1971,5,1,6
1971,8,7,15
1971,1,0,1
1971,6,1,7
1971,6,3,9
1971,7,6,13
1971,7,11,18
1971,6,2,8
1971,5,3,8
1971,7,2,9
1971,2,1,3
1971,4,3,7
1971,8,4,12
1971,6,1,7
1971,6,1,7
1971,1,0,1
1971,4,2,6
1971,5,1,6
1971,8,4,12
1971,8,2,10
1971,4,0,4
1971,4,13,17
1971,8,7,15
1971,8,0,8
1971,2,0,2
1971,4,3,7
1971,6,4,10
1971,9,7,16
1971,5,3,8
1971,6,2,8
1971,8,6,14
1971,6,2,8
1971,5,1,6
1971,4,3,7
1971,4,0,4
1971,3,2,5
1971,6,5,11
1971,5,3,8
1971,6,1,7
1971,7,2,9
1971,2,1,3
1971,4,3,7
1971,6,3,9
1971,8,7,15
1971,9,3,12
1971,9,3,12
1971,2,1,3
1971,4,3,7
1971,6,1,7
1971,6,2,8
1971,9,6,15
1971,5,1,6
1971,9,6,15
1971,4,3,7
1971,2,1,3
1971,7,4,11
1971,6,1,7
1971,3,1,4
1971,6,2,8
1971,9,11,20
1971,6,2,8
1971,5,4,9
1971,7,6,13
1971,2,1,3
1971,2,1,3
1971,2,0,2
1971,7,3,10
1971,5,2,7
1971,2,1,3
1971,5,2,7
1971,4,0,4
1971,7,4,11
1971,1,0,1
1971,6,4,10
1971,9,6,15
1971,4,3,7
1971,5,4,9
1971,8,5,13
1971,4,3,7
1971,5,1,6
1971,4,2,6
1971,6,1,7
1971,3,2,5
1971,8,3,11
1971,5,1,6
1971,3,11,14
1971,4,3,7
1971,3,2,5
1971,5,4,9
1971,5,1,6
1971,8,7,15
1971,4,0,4
1971,5,0,5
1971,7,1,8
1971,2,10,12
1971,6,3,9
1971,6,3,9
1971,4,2,6
1971,2,1,3
1971,4,0,4
1971,7,2,9
1971,9,10,19
1971,8,5,13
1971,3,0,3
1971,3,1,4
1971,5,1,6
1971,4,2,6
1971,1,0,1
1971,5,1,6
1971,4,1,5
1971,4,3,7
1971,8,2,10
1971,3,2,5
1971,9,11,20
1971,7,4,11
1971,6,5,11
1971,4,0,4
1971,4,3,7
1971,3,1,4
1971,5,2,7
1971,4,0,4
1971,6,0,6
1971,9,1,10
1971,3,2,5
1971,4,1,5
1971,4,3,7
1971,5,4,9
1971,6,4,10
1971,5,2,7
1971,5,4,9
1971,3,2,5
1971,15,11,26
1971,5,1,6
1971,6,1,7
1971,7,3,10
1971,4,2,6
1971,4,3,7
1971,5,4,9
1971,4,3,7
1971,3,2,5
1971,7,10,17
1971,8,1,9
1971,3,2,5
1971,9,6,15
1971,2,0,2
1971,7,11,18
1971,8,3,11
1971,7,4,11
1971,3,1,4
1971,7,5,12
1971,7,0,7
1971,7,11,18
1971,2,1,3
1971,2,1,3
1971,4,2,6
1971,4,0,4
1971,5,4,9
1971,3,1,4
1971,2,0,2
1971,4,3,7
1971,8,1,9
1971,4,2,6
1971,5,0,5
1971,7,5,12
1971,6,10,16
1971,5,2,7
1971,9,4,13
1971,3,2,5
1971,9,1,10
1971,6,1,7
1971,5,4,9
1971,3,10,13
1971,3,0,3
1971,7,3,10
1971,2,1,3
1971,2,0,2
1971,2,1,3
1971,3,0,3
1971,4,3,7
1971,1,0,1
1971,6,5,11
1971,5,3,8
1971,7,2,9
1971,2,1,3
1971,5,4,9
1971,1,0,1
1971,3,0,3
1971,3,0,3
1971,7,4,11
1971,7,2,9
1971,5,0,5
1971,2,1,3
1971,3,2,5
1971,7,1,8
1971,9,1,10
1971,2,0,2
1971,2,0,2
1971,9,1,10
1971,4,3,7
1971,2,1,3
1971,3,12,15
1971,7,0,7
1971,3,2,5
1971,8,12,20
1971,7,3,10
1971,6,20,26
1971,8,12,20
1971,7,1,8
1971,6,5,11
1971,4,3,7
1971,5,3,8
1971,6,5,11
1971,3,1,4
1971,1,0,1
1971,5,3,8
1971,3,2,5
1971,7,0,7
1971,5,0,5
1971,8,2,10
1971,2,1,3
1971,4,2,6
1971,8,0,8
1971,6,3,9
1971,3,2,5
1971,7,2,9
1971,2,1,3
1971,9,7,16
1971,3,1,4
1971,3,2,5
1971,4,0,4
1971,4,2,6
1971,6,2,8
1971,12,11,23
1971,6,5,11
1971,6,5,11
1971,7,5,12
1971,4,1,5
1971,3,2,5
1971,6,1,7
1971,3,12,15
1971,4,3,7
1971,7,6,13
1971,2,1,3
1971,6,4,10
1971,1,0,1
1971,2,1,3
1971,9,2,11
1971,3,1,4
1971,5,3,8
1971,3,2,5
1971,5,1,6
1971,4,1,5
1971,2,1,3
1971,9,6,15
1971,3,2,5
1971,1,0,1
1971,5,0,5
1971,9,3,12
1971,1,0,1
1971,5,10,15
1971,9,2,11
1971,6,2,8
1971,3,1,4
1971,4,3,7
1971,8,2,10
1971,3,0,3
1971,2,1,3
1971,3,2,5
1971,3,0,3
1971,2,0,2
1971,2,1,3
1971,8,2,10
1971,5,1,6
1971,12,1,13
1971,8,2,10
1971,2,0,2
1971,9,1,10
1971,4,3,7
1971,5,2,7
1971,2,0,2
1971,5,2,7
1971,7,3,10
1971,4,0,4
1971,7,0,7
1971,6,1,7
1971,2,0,2
1971,3,1,4
1971,3,0,3
1971,5,3,8
1971,9,4,13
1971,1,0,1
1971,11,0,11
1971,6,5,11
1971,2,0,2
1971,5,4,9
1971,5,1,6
1971,2,1,3
1971,5,1,6
1971,6,3,9
1971,4,2,6
1971,7,5,12
1971,6,4,10
1971,6,4,10
1971,5,4,9
1971,3,2,5
1971,6,1,7
1971,4,3,7
1971,3,0,3
1971,6,5,11
1971,6,5,11
1971,6,0,6
1971,3,2,5
1971,2,11,13
1971,8,3,11
1971,5,4,9
1971,4,3,7
1971,6,5,11
1971,4,1,5
1971,5,3,8
1971,4,0,4
1971,3,2,5
1971,3,2,5
1971,2,0,2
1971,8,5,13
1971,6,5,11
1971,11,0,11
1971,5,1,6
1971,8,1,9
1971,7,2,9
1971,4,3,7
1971,4,2,6
1971,5,0,5
1971,3,2,5
1971,6,4,10
1971,4,2,6
1971,3,1,4
1971,3,2,5
1971,4,3,7
1971,7,0,7
1971,3,10,13
1971,5,1,6
1971,6,5,11
1971,8,5,13
1971,6,0,6
1971,3,2,5
1971,5,4,9
1971,6,0,6
1971,9,1,10
1971,3,2,5
1971,6,3,9
1971,8,2,10
1971,4,1,5
1971,3,2,5
1971,1,0,1
1971,9,5,14
1971,8,5,13
1971,4,1,5
1971,2,1,3
1971,3,0,3
1971,6,3,9
1971,9,4,13
1971,7,2,9
1971,8,5,13
1971,4,3,7
1971,2,1,3
1971,4,1,5
1971,3,0,3
1971,4,13,17
1971,6,3,9
1971,3,0,3
1971,4,3,7
1971,6,3,9
1971,5,3,8
1971,2,1,3
1971,4,1,5
1971,6,3,9
1971,4,2,6
1971,9,3,12
1971,2,1,3
1971,3,2,5
1971,4,3,7
1971,4,15,19
1971,6,3,9
1971,4,2,6
1971,3,2,5
1971,6,12,18
1971,5,4,9
1971,8,2,10
1971,3,1,4
1971,5,15,20
1971,1,0,1
1971,2,1,3
1971,5,4,9
1971,6,5,11
1971,3,1,4
1971,2,1,3
1971,5,4,9
1971,6,4,10
1971,3,2,5
1971,1,0,1
1971,2,0,2
1971,6,13,19
1971,6,3,9
1971,5,4,9
1971,9,4,13
1971,8,10,18
1971,6,2,8
1971,4,1,5
1971,7,5,12
1971,4,1,5
1971,5,1,6
1971,4,2,6
1971,7,0,7
1971,8,7,15
1971,8,3,11
1971,6,10,16
1971,7,0,7
1971,1,0,1
1971,3,0,3
1971,8,4,12
1971,4,2,6
1971,7,3,10
1971,4,0,4
1971,6,2,8
1971,8,7,15
1971,9,4,13
1971,3,0,3
1971,6,2,8
1971,4,3,7
1971,9,8,17
1971,5,4,9
1971,4,0,4
1971,4,3,7
1971,9,2,11
1971,2,1,3
1971,6,10,16
1971,5,2,7
1971,7,3,10
1971,4,0,4
1971,3,2,5
1971,4,1,5
1971,2,1,3
1971,5,4,9
1971,6,5,11
1971,6,2,8
1971,5,2,7
1971,3,10,13
1971,6,1,7
1971,3,13,16
1971,4,3,7
1971,4,3,7
1971,9,0,9
1971,8,3,11
1971,4,3,7
1971,6,2,8
1971,2,1,3
1971,4,3,7
1971,3,2,5
1971,6,4,10
1971,3,2,5
1971,4,3,7
1971,4,1,5
1971,7,6,13
1971,2,11,13
1971,2,1,3
1971,6,1,7
1971,6,3,9
1971,6,1,7
1971,6,4,10
1971,4,3,7
1971,6,5,11
1971,7,5,12
1971,9,0,9
1971,2,1,3
1971,8,2,10
1971,7,0,7
1971,5,2,7
1971,3,1,4
1971,4,3,7
1971,9,2,11
1971,3,2,5
1971,2,0,2
1971,2,0,2
1971,7,10,17
1971,4,0,4
1971,7,1,8
1971,3,0,3
1971,9,5,14
1971,7,0,7
1971,9,3,12
1971,1,0,1
1971,11,1,12
1971,3,1,4
1971,9,2,11
1971,3,1,4
1971,8,6,14
1971,6,5,11
1971,6,2,8
1971,9,4,13
1971,2,1,3
1971,3,1,4
1971,7,1,8
1971,6,4,10
1971,3,2,5
1971,6,16,22
1971,6,1,7
1971,4,2,6
1971,9,11,20
1971,3,1,4
1971,2,1,3
1971,4,1,5
1971,5,4,9
1971,9,1,10
1971,6,5,11
1971,3,0,3
1971,7,6,13
1971,7,11,18
1971,1,0,1
1971,7,5,12
1971,6,2,8
1971,8,1,9
1971,8,0,8
1971,7,5,12
1971,6,4,10
1971,7,3,10
1971,6,5,11
1971,7,3,10
1971,8,2,10
1971,5,2,7
1971,1,0,1
1971,5,3,8
1971,5,12,17
1971,5,3,8
1971,6,4,10
1971,5,10,15
1971,1,0,1
1971,6,3,9
1971,3,10,13
1971,4,3,7
1971,6,4,10
1971,5,2,7
1971,7,0,7
1971,5,3,8
1971,3,0,3
1971,4,2,6
1971,6,3,9
1971,2,1,3
1971,4,1,5
1971,5,10,15
1971,1,0,1
1971,3,0,3
1971,5,1,6
1971,3,1,4
1971,8,7,15
1971,4,3,7
1971,9,3,12
1971,9,3,12
1971,9,3,12
1971,6,1,7
1971,7,5,12
1971,8,7,15
1971,3,2,5
1971,3,1,4
1971,7,6,13
1971,3,0,3
1971,2,10,12
1971,2,1,3
1971,1,0,1
1971,10,1,11
1971,4,1,5
1971,5,3,8
1971,4,2,6
1971,3,2,5
1971,6,12,18
1971,3,2,5
1971,7,5,12
1971,7,1,8
1971,7,3,10
1971,8,7,15
1971,1,0,1
1971,6,1,7
1971,6,1,7
1971,3,2,5
1971,4,3,7
1971,5,4,9
1971,6,2,8
1971,5,4,9
1971,3,0,3
1971,7,0,7
1971,5,2,7
1971,8,10,18
1971,1,0,1
1971,4,2,6
1971,4,1,5
1971,9,2,11
1971,5,3,8
1971,6,1,7
1971,4,3,7
1971,4,0,4
1971,4,2,6
1971,5,2,7
1971,3,2,5
1971,3,0,3
1971,4,0,4
1971,3,2,5
1971,7,5,12
1971,6,3,9
1971,9,1,10
1971,5,10,15
1971,4,0,4
1971,3,2,5
1971,1,0,1
1971,5,1,6
1971,2,1,3
1971,3,2,5
1971,2,1,3
1971,6,3,9
1971,4,2,6
1971,5,4,9
1971,6,5,11
1971,6,1,7
1971,6,3,9
1971,4,3,7
1971,5,2,7
1971,3,1,4
1971,8,6,14
1971,5,2,7
1971,2,0,2
1971,5,4,9
1971,12,1,13
1971,6,3,9
1971,6,5,11
1971,5,4,9
1971,4,2,6
1971,3,2,5
1971,7,3,10
1971,6,5,11
1971,4,2,6
1971,4,2,6
1971,6,2,8
1971,2,1,3
1971,1,0,1
1971,6,2,8
1971,3,2,5
1971,1,0,1
1971,4,1,5
1971,4,2,6
1971,6,2,8
1971,7,10,17
1971,3,1,4
1971,4,3,7
1971,2,1,3
1971,4,1,5
1971,7,3,10
1971,1,0,1
1971,6,2,8
1971,6,1,7
1971,8,1,9
1971,9,4,13
1971,9,4,13
1971,5,3,8
1971,4,1,5
1971,3,2,5
1971,6,5,11
1971,2,1,3
1971,7,2,9
1971,1,0,1
1971,7,1,8
1971,4,3,7
1971,3,0,3
1971,7,5,12
1971,7,10,17
1971,5,1,6
1971,2,1,3
1971,3,2,5
1971,9,6,15
1971,4,2,6
1971,4,2,6
1971,4,2,6
1971,9,0,9
1971,4,3,7
1971,4,0,4
1971,2,1,3
1971,6,1,7
1971,2,0,2
1971,8,1,9
1971,5,4,9
1971,12,0,12
1971,4,0,4
1971,6,2,8
1971,6,3,9
1971,5,2,7
1971,11,0,11
1971,3,2,5
1971,6,3,9
1971,5,2,7
1971,4,1,5
1971,4,3,7
1971,3,0,3
1971,8,4,12
1971,3,1,4
1971,5,2,7
1971,3,2,5
1971,6,2,8
1971,3,0,3
1971,9,3,12
1971,3,1,4
1971,4,2,6
1971,5,4,9
1971,4,3,7
1971,5,0,5
1971,5,1,6
1971,6,2,8
1971,6,4,10
1971,9,1,10
1971,7,3,10
1971,3,2,5
1971,3,10,13
1971,4,1,5
1971,4,1,5
1971,3,1,4
1971,2,0,2
1971,10,1,11
1971,3,0,3
1971,5,1,6
1971,3,2,5
1971,5,0,5
1971,5,4,9
1971,2,1,3
1971,6,4,10
1971,5,4,9
1971,5,0,5
1971,2,0,2
1971,4,0,4
1971,4,3,7
1971,6,1,7
1971,6,5,11
1971,9,2,11
1971,7,0,7
1971,8,5,13
1971,3,2,5
1971,1,0,1
1971,2,1,3
1971,5,4,9
1971,6,10,16
1971,5,4,9
1971,6,3,9
1971,3,2,5
1971,4,2,6
1971,6,5,11
1971,6,4,10
1971,7,10,17
1971,7,2,9
1971,7,0,7
1971,2,1,3
1971,8,6,14
1971,5,1,6
1971,8,6,14
1971,5,2,7
1971,8,1,9
1971,6,5,11
1971,5,1,6
1971,5,12,17
1971,5,0,5
1971,3,2,5
1971,6,2,8
1971,5,3,8
1971,3,1,4
1971,7,0,7
1971,7,1,8
1971,6,1,7
1971,4,0,4
1971,2,10,12
1971,5,4,9
1971,3,2,5
1971,4,2,6
1971,2,1,3
1971,6,2,8
1971,5,4,9
1971,5,2,7
1971,2,1,3
1971,6,3,9
1971,7,1,8
1971,4,2,6
1971,1,0,1
1971,2,1,3
1971,2,1,3
1971,11,0,11
1971,1,0,1
1971,6,5,11
1971,8,7,15
1971,4,1,5
1971,6,3,9
1971,6,2,8
1971,2,1,3
1971,2,1,3
1971,3,2,5
1971,5,3,8
1971,6,1,7
1971,4,3,7
1971,5,1,6
1971,7,5,12
1971,5,4,9
1971,5,3,8
1971,9,4,13
1971,5,1,6
1971,5,3,8
1971,2,1,3
1971,9,5,14
1971,5,3,8
1971,3,11,14
1971,5,1,6
1971,4,3,7
1971,4,0,4
1971,3,2,5
1971,2,1,3
1972,1,0,1
1972,4,2,6
1972,3,1,4
1972,5,1,6
1972,3,2,5
1972,5,0,5
1972,2,1,3
1972,4,0,4
1972,4,3,7
1972,6,5,11
1972,3,2,5
1972,3,1,4
1972,5,1,6
1972,4,0,4
1972,10,1,11
1972,6,10,16
1972,2,1,3
1972,4,3,7
1972,2,0,2
1972,3,2,5
1972,5,1,6
1972,3,0,3
1972,3,2,5
1972,8,3,11
1972,4,0,4
1972,4,0,4
1972,7,2,9
1972,5,4,9
1972,3,1,4
1972,5,3,8
1972,4,2,6
1972,2,0,2
1972,14,0,14
1972,8,4,12
1972,7,2,9
1972,2,0,2
1972,3,2,5
1972,6,3,9
1972,6,4,10
1972,5,1,6
1972,4,0,4
1972,5,2,7
1972,3,1,4
1972,3,12,15
1972,2,1,3
1972,7,5,12
1972,3,2,5
1972,4,0,4
1972,3,1,4
1972,1,0,1
1972,5,2,7
1972,4,3,7
1972,11,1,12
1972,1,0,1
1972,7,5,12
1972,2,1,3
1972,4,3,7
1972,5,4,9
1972,6,0,6
1972,2,12,14
1972,2,1,3
1972,2,0,2
1972,3,2,5
1972,7,3,10
1972,7,6,13
1972,7,11,18
1972,7,11,18
1972,1,0,1
1972,3,2,5
1972,9,2,11
1972,1,0,1
1972,8,2,10
1972,6,5,11
1972,6,0,6
1972,5,0,5
1972,4,3,7
1972,3,2,5
1972,2,1,3
1972,2,1,3
1972,3,0,3
1972,8,4,12
1972,6,1,7
1972,8,2,10
1972,7,6,13
1972,5,4,9
1972,7,13,20
1972,5,2,7
1972,3,2,5
1972,6,4,10
1972,9,3,12
1972,6,0,6
1972,5,4,9
1972,3,0,3
1972,6,1,7
1972,4,1,5
1972,12,0,12
1972,4,3,7
1972,5,2,7
1972,2,1,3
1972,3,0,3
1972,4,1,5
1972,9,4,13
1972,7,5,12
1972,5,4,9
1972,5,3,8
1972,2,0,2
1972,3,1,4
1972,3,1,4
1972,4,2,6
1972,7,6,13
1972,5,1,6
1972,8,6,14
1972,8,1,9
1972,7,5,12
1972,5,4,9
1972,4,3,7
1972,7,6,13
1972,2,12,14
1972,8,10,18
1972,12,0,12
1972,7,2,9
1972,4,0,4
1972,6,1,7
1972,5,1,6
1972,4,1,5
1972,5,13,18
1972,3,0,3
1972,8,6,14
1972,9,6,15
1972,6,1,7
1972,3,2,5
1972,6,1,7
1972,4,2,6
1972,3,1,4
1972,11,1,12
1972,2,1,3
1972,2,0,2
1972,9,5,14
1972,4,0,4
1972,2,1,3
1972,7,6,13
1972,4,3,7
1972,6,4,10
1972,6,3,9
1972,7,6,13
1972,5,3,8
1972,7,0,7
1972,3,1,4
1972,5,4,9
1972,5,4,9
1972,6,1,7
1972,6,1,7
1972,3,1,4
1972,5,2,7
1972,2,13,15
1972,3,0,3
1972,2,1,3
1972,9,8,17
1972,7,4,11
1972,3,0,3
1972,12,1,13
1972,6,3,9
1972,7,6,13
1972,5,0,5
1972,6,1,7
1972,4,2,6
1972,7,6,13
1972,4,2,6
1972,12,1,13
1972,6,1,7
1972,5,1,6
1972,7,0,7
1972,3,2,5
1972,3,2,5
1972,8,5,13
1972,2,1,3
1972,2,1,3
1972,8,0,8
1972,9,5,14
1972,3,2,5
1972,5,2,7
1972,4,0,4
1972,3,0,3
1972,5,4,9
1972,2,1,3
1972,2,1,3
1972,3,1,4
1972,6,0,6
1972,3,1,4
1972,3,2,5
1972,2,1,3
1972,9,1,10
1972,3,2,5
1972,2,0,2
1972,6,4,10
1972,8,1,9
1972,12,0,12
1972,4,1,5
1972,6,2,8
1972,4,1,5
1972,3,1,4
1972,4,2,6
1972,5,4,9
1972,8,4,12
1972,5,2,7
1972,9,6,15
1972,3,0,3
1972,7,4,11
1972,1,0,1
1972,8,6,14
1972,7,5,12
1972,8,3,11
1972,5,4,9
1972,5,3,8
1972,5,2,7
1972,5,2,7
1972,4,3,7
1972,5,2,7
1972,7,1,8
1972,2,1,3
1972,4,2,6
1972,7,1,8
1972,2,10,12
1972,3,0,3
1972,2,1,3
1972,8,4,12
1972,1,0,1
1972,5,1,6
1972,7,0,7
1972,4,2,6
1972,7,2,9
1972,2,0,2
1972,7,3,10
1972,4,3,7
1972,4,0,4
1972,5,3,8
1972,7,10,17
1972,3,1,4
1972,8,1,9
1972,6,2,8
1972,2,1,3
1972,6,4,10
1972,6,5,11
1972,4,3,7
1972,2,0,2
1972,6,3,9
1972,4,3,7
1972,5,4,9
1972,3,1,4
1972,4,2,6
1972,4,3,7
1972,5,3,8
1972,2,1,3
1972,7,6,13
1972,6,1,7
1972,3,0,3
1972,9,3,12
1972,2,11,13
1972,7,3,10
1972,6,1,7
1972,3,1,4
1972,5,4,9
1972,5,0,5
1972,1,0,1
1972,9,6,15
1972,3,1,4
1972,2,1,3
1972,6,2,8
1972,4,1,5
1972,4,3,7
1972,2,0,2
1972,4,3,7
1972,7,6,13
1972,3,2,5
1972,8,4,12
1972,4,2,6
1972,9,3,12
1972,5,4,9
1972,6,5,11
1972,2,1,3
1972,4,3,7
1972,3,2,5
1972,8,2,10
1972,5,4,9
1972,5,3,8
1972,4,0,4
1972,4,1,5
1972,2,1,3
1972,4,2,6
1972,2,1,3
1972,3,1,4
1972,8,3,11
1972,6,5,11
1972,5,0,5
1972,5,1,6
1972,7,3,10
1972,8,1,9
1972,4,3,7
1972,2,0,2
1972,4,3,7
1972,2,0,2
1972,4,0,4
1972,8,1,9
1972,2,1,3
1972,6,1,7
1972,9,0,9
1972,4,3,7
1972,4,1,5
1972,2,12,14
1972,3,2,5
1972,12,0,12
1972,2,0,2
1972,2,1,3
1972,4,3,7
1972,7,2,9
1972,4,3,7
1972,2,1,3
1972,8,5,13
1972,6,4,10
1972,3,1,4
1972,2,1,3
1972,16,1,17
1972,2,1,3
1972,4,2,6
1972,6,0,6
1972,8,3,11
1972,8,0,8
1972,1,0,1
1972,7,6,13
1972,4,3,7
1972,2,1,3
1972,8,0,8
1972,2,1,3
1972,8,5,13
1972,3,0,3
1972,6,0,6
1972,3,1,4
1972,2,1,3
1972,6,0,6
1972,5,3,8
1972,3,2,5
1972,3,2,5
1972,5,1,6
1972,9,8,17
1972,5,0,5
1972,5,2,7
1972,2,1,3
1972,5,0,5
1972,6,3,9
1972,3,2,5
1972,4,3,7
1972,1,0,1
1972,5,3,8
1972,7,2,9
1972,7,0,7
1972,6,4,10
1972,2,1,3
1972,3,2,5
1972,5,2,7
1972,3,1,4
1972,9,8,17
1972,6,3,9
1972,6,3,9
1972,7,0,7
1972,7,6,13
1972,6,5,11
1972,2,1,3
1972,2,1,3
1972,3,0,3
1972,8,5,13
1972,6,2,8
1972,3,0,3
1972,3,2,5
1972,7,0,7
1972,2,1,3
1972,6,2,8
1972,2,1,3
1972,4,1,5
1972,5,1,6
1972,4,2,6
1972,5,3,8
1972,1,0,1
1972,1,0,1
1972,4,1,5
1972,4,2,6
1972,6,5,11
1972,4,2,6
1972,9,4,13
1972,5,1,6
1972,2,1,3
1972,5,2,7
1972,3,2,5
1972,2,0,2
1972,6,5,11
1972,2,0,2
1972,4,2,6
1972,9,4,13
1972,2,0,2
1972,5,4,9
1972,5,10,15
1972,5,3,8
1972,4,0,4
1972,5,3,8
1972,7,0,7
1972,8,2,10
1972,4,2,6
1972,6,4,10
1972,6,2,8
1972,9,11,20
1972,4,2,6
1972,9,3,12
1972,4,2,6
1972,5,3,8
1972,9,4,13
1972,7,3,10
1972,2,16,18
1972,2,1,3
1972,6,3,9
1972,2,1,3
1972,4,1,5
1972,3,2,5
1972,7,6,13
1972,5,1,6
1972,4,1,5
1972,4,2,6
1972,7,5,12
1972,5,2,7
1972,6,5,11
1972,7,2,9
1972,5,4,9
1972,5,4,9
1972,6,5,11
1972,8,3,11
1972,2,1,3
1972,6,1,7
1972,3,11,14
1972,5,4,9
1972,3,2,5
1972,5,2,7
1972,8,3,11
1972,5,1,6
1972,4,2,6
1972,7,3,10
1972,4,2,6
1972,5,2,7
1972,7,6,13
1972,4,1,5
1972,7,1,8
1972,6,0,6
1972,6,0,6
1972,9,5,14
1972,3,1,4
1972,3,2,5
1972,7,0,7
1972,5,3,8
1972,3,2,5
1972,5,4,9
1972,4,3,7
1972,1,0,1
1972,5,4,9
1972,4,12,16
1972,5,4,9
1972,3,2,5
1972,3,2,5
1972,5,4,9
1972,5,1,6
1972,7,1,8
1972,7,3,10
1972,1,0,1
1972,3,10,13
1972,9,8,17
1972,5,3,8
1972,6,1,7
1972,5,2,7
1972,5,1,6
1972,6,1,7
1972,4,3,7
1972,5,4,9
1972,9,1,10
1972,8,3,11
1972,7,5,12
1972,7,1,8
1972,6,1,7
1972,6,3,9
1972,2,1,3
1972,7,4,11
1972,4,2,6
1972,18,10,28
1972,8,4,12
1972,5,3,8
1972,4,10,14
1972,1,0,1
1972,3,1,4
1972,1,0,1
1972,5,2,7
1972,6,5,11
1972,8,3,11
1972,4,3,7
1972,2,0,2
1972,2,0,2
1972,6,1,7
1972,5,4,9
1972,6,4,10
1972,3,0,3
1972,7,5,12
1972,4,0,4
1972,4,0,4
1972,10,0,10
1972,5,0,5
1972,9,3,12
1972,2,0,2
1972,3,1,4
1972,4,3,7
1972,9,1,10
1972,3,2,5
1972,3,2,5
1972,5,4,9
1972,2,0,2
1972,7,2,9
1972,8,6,14
1972,4,0,4
1972,4,2,6
1972,5,0,5
1972,3,2,5
1972,3,2,5
1972,4,3,7
1972,5,3,8
1972,6,3,9
1972,2,11,13
1972,2,1,3
1972,4,10,14
1972,5,1,6
1972,5,4,9
1972,5,1,6
1972,5,2,7
1972,6,3,9
1972,3,1,4
1972,5,12,17
1972,1,0,1
1972,6,0,6
1972,7,5,12
1972,4,3,7
1972,2,1,3
1972,3,2,5
1972,5,3,8
1972,7,2,9
1972,2,11,13
1972,6,4,10
1972,6,2,8
1972,6,5,11
1972,3,2,5
1972,7,1,8
1972,5,10,15
1972,1,0,1
1972,5,1,6
1972,6,3,9
1972,4,2,6
1972,4,3,7
1972,3,2,5
1972,7,2,9
1972,7,3,10
1972,6,1,7
1972,4,1,5
1972,5,2,7
1972,8,4,12
1972,2,1,3
1972,5,3,8
1972,3,15,18
1972,5,2,7
1972,4,2,6
1972,5,2,7
1972,8,4,12
1972,6,4,10
1972,5,4,9
1972,5,3,8
1972,3,2,5
1972,1,0,1
1972,7,5,12
1972,11,1,12
1972,4,2,6
1972,3,1,4
1972,4,3,7
1972,4,0,4
1972,3,1,4
1972,3,1,4
1972,8,7,15
1972,3,1,4
1972,2,1,3
1972,1,0,1
1972,3,2,5
1972,7,1,8
1972,6,5,11
1972,4,2,6
1972,3,2,5
1972,4,3,7
1972,8,4,12
1972,4,2,6
1972,5,1,6
1972,3,1,4
1972,2,0,2
1972,5,1,6
1972,2,1,3
1972,4,0,4
1972,8,3,11
1972,3,11,14
1972,4,3,7
1972,9,12,21
1972,2,1,3
1972,5,4,9
1972,3,2,5
1972,3,0,3
1972,2,1,3
1972,3,1,4
1972,7,1,8
1972,9,13,22
1972,1,0,1
1972,10,1,11
1972,8,1,9
1972,4,1,5
1972,9,7,16
1972,7,4,11
1972,2,0,2
1972,3,0,3
1972,4,0,4
1972,2,1,3
1972,1,0,1
1972,3,2,5
1972,3,0,3
1972,5,0,5
1972,2,1,3
1972,6,1,7
1972,3,2,5
1972,5,4,9
1972,8,10,18
1972,3,2,5
1972,7,2,9
1972,8,2,10
1972,5,10,15
1972,6,3,9
1972,4,1,5
1972,2,0,2
1972,3,2,5
1972,3,2,5
1972,4,0,4
1972,4,3,7
1972,2,1,3
1972,8,4,12
1972,2,0,2
1972,5,4,9
1972,2,1,3
1972,10,0,10
1972,3,0,3
1972,4,3,7
1972,9,0,9
1972,1,0,1
1972,8,2,10
1972,12,0,12
1972,4,3,7
1972,7,6,13
1972,2,0,2
1972,3,0,3
1972,7,4,11
1972,3,13,16
1972,5,2,7
1972,4,1,5
1972,8,15,23
1972,7,2,9
1972,7,4,11
1972,7,1,8
1972,7,3,10
1972,3,1,4
1972,4,2,6
1972,3,2,5
1972,5,4,9
1972,9,7,16
1972,9,10,19
1972,6,3,9
1972,4,0,4
1972,6,4,10
1972,5,4,9
1972,9,3,12
1972,4,2,6
1972,5,2,7
1972,5,3,8
1972,3,14,17
1972,9,5,14
1972,5,2,7
1972,4,2,6
1972,7,1,8
1972,4,1,5
1972,5,0,5
1972,2,1,3
1972,8,1,9
1972,2,1,3
1972,2,1,3
1972,4,1,5
1972,4,3,7
1972,3,1,4
1972,2,1,3
1972,3,1,4
1972,4,1,5
1972,4,1,5
1972,1,0,1
1972,6,4,10
1972,5,2,7
1972,5,4,9
1972,11,0,11
1972,3,1,4
1972,7,4,11
1972,6,1,7
1972,2,1,3
1972,9,2,11
1972,5,4,9
1972,4,3,7
1972,5,1,6
1972,5,3,8
1972,8,3,11
1972,5,0,5
1972,8,1,9
1972,2,0,2
1972,1,0,1
1972,7,1,8
1972,2,1,3
1972,6,1,7
1972,6,0,6
1972,6,5,11
1972,5,10,15
1972,3,0,3
1972,11,1,12
1972,7,3,10
1972,4,3,7
1972,4,1,5
1972,5,0,5
1972,7,4,11
1972,4,2,6
1972,7,14,21
1972,3,0,3
1972,4,3,7
1972,3,0,3
1972,6,4,10
1972,6,3,9
1972,7,4,11
1972,8,2,10
1972,5,2,7
1972,6,4,10
1972,5,4,9
1972,3,1,4
1972,7,4,11
1972,6,0,6
1972,3,2,5
1972,4,3,7
1972,3,11,14
1972,9,3,12
1972,5,3,8
1972,6,4,10
1972,5,0,5
1972,4,2,6
1972,5,2,7
1972,7,6,13
1972,4,0,4
1972,3,2,5
1972,3,1,4
1972,4,2,6
1972,4,2,6
1972,4,2,6
1972,8,4,12
1972,8,4,12
1972,4,0,4
1972,3,1,4
1972,8,6,14
1972,3,1,4
1972,5,3,8
1972,4,12,16
1972,4,3,7
1972,9,4,13
1972,9,0,9
1972,8,6,14
1972,3,2,5
1972,4,2,6
1972,4,12,16
1972,6,5,11
1972,3,2,5
1972,5,2,7
1972,2,0,2
1972,7,3,10
1972,1,0,1
1972,4,1,5
1972,4,3,7
1972,4,3,7
1972,8,4,12
1972,7,3,10
1972,5,4,9
1972,5,3,8
1972,5,1,6
1972,2,0,2
1972,4,2,6
1972,3,2,5
1972,2,0,2
1972,5,1,6
1972,6,4,10
1972,1,0,1
1972,4,3,7
1972,3,2,5
1972,8,5,13
1972,4,15,19
1972,3,2,5
1972,3,1,4
1972,6,4,10
1972,2,1,3
1972,7,2,9
1972,5,4,9
1972,7,5,12
1972,8,3,11
1972,4,3,7
1972,6,1,7
1972,5,2,7
1972,7,3,10
1972,7,4,11
1972,2,12,14
1972,9,3,12
1972,8,2,10
1972,5,0,5
1972,4,2,6
1972,3,15,18
1972,9,13,22
1972,2,1,3
1972,4,2,6
1972,3,2,5
1972,5,1,6
1972,3,3,6
1972,2,0,2
1972,4,2,6
1972,2,1,3
1972,6,1,7
1972,2,0,2
1972,6,0,6
1972,1,0,1
1972,7,3,10
1972,2,0,2
1972,4,2,6
1972,4,2,6
1972,2,1,3
1972,4,1,5
1972,3,2,5
1972,2,0,2
1972,1,0,1
1972,1,0,1
1972,6,4,10
1972,8,2,10
1972,7,3,10
1972,4,1,5
1972,4,3,7
1972,6,5,11
1972,2,1,3
1972,4,3,7
1972,6,5,11
1972,7,3,10
1972,7,0,7
1972,3,11,14
1972,1,0,1
1972,6,2,8
1972,6,4,10
1972,2,10,12
1972,3,2,5
1972,5,4,9
1972,5,3,8
1972,6,4,10
1972,2,1,3
1972,6,3,9
1972,5,2,7
1972,7,2,9
1972,6,1,7
1972,9,4,13
1972,4,2,6
1972,6,1,7
1972,3,1,4
1972,5,3,8
1972,2,1,3
1972,3,1,4
1972,4,3,7
1972,5,2,7
1972,3,2,5
1972,2,1,3
1972,1,0,1
1972,12,1,13
1972,4,1,5
1972,7,0,7
1972,8,5,13
1972,2,1,3
1972,7,4,11
1972,3,2,5
1972,3,0,3
1972,5,4,9
1972,4,2,6
1972,5,0,5
1972,5,10,15
1972,6,4,10
1972,8,5,13
1972,9,6,15
1972,5,1,6
1972,2,0,2
1972,3,1,4
1972,5,4,9
1972,6,12,18
1972,3,2,5
1972,4,3,7
1972,2,1,3
1972,8,3,11
1972,8,1,9
1972,6,3,9
1972,5,4,9
1972,4,2,6
1972,6,4,10
1972,9,1,10
1972,2,1,3
1972,7,3,10
1972,6,5,11
1972,9,5,14
1972,5,0,5
1972,4,3,7
1972,6,5,11
1972,5,4,9
1972,6,5,11
1972,6,1,7
1972,4,0,4
1972,4,1,5
1972,5,4,9
1972,4,11,15
1972,5,0,5
1972,6,10,16
1972,6,3,9
1972,5,4,9
1972,3,1,4
1972,7,1,8
1972,6,5,11
1972,4,0,4
1972,7,6,13
1972,9,5,14
1972,7,0,7
1972,7,2,9
1972,2,0,2
1972,6,4,10
1972,10,0,10
1972,2,0,2
1972,5,0,5
1972,7,4,11
1972,3,0,3
1972,9,8,17
1972,1,0,1
1972,9,1,10
1972,7,3,10
1972,7,6,13
1972,9,3,12
1972,1,0,1
1972,5,2,7
1972,3,2,5
1972,8,1,9
1972,6,3,9
1972,2,0,2
1972,6,3,9
1972,4,2,6
1972,5,3,8
1972,3,2,5
1972,4,3,7
1972,7,1,8
1972,6,2,8
1972,5,1,6
1972,2,1,3
1972,4,11,15
1972,2,12,14
1972,7,0,7
1972,6,1,7
1972,5,3,8
1972,2,0,2
1972,4,2,6
1972,1,0,1
1972,2,1,3
1972,6,1,7
1972,5,2,7
1972,3,2,5
1972,3,2,5
1972,7,3,10
1972,7,10,17
1972,4,1,5
1972,3,2,5
1972,4,1,5
1972,7,2,9
1972,3,1,4
1972,3,2,5
1972,6,5,11
1972,3,1,4
1972,4,1,5
1972,2,1,3
1972,4,3,7
1972,3,11,14
1972,6,5,11
1972,8,11,19
1972,2,1,3
1972,4,0,4
1972,7,4,11
1972,6,0,6
1972,4,2,6
1972,5,1,6
1972,3,0,3
1972,2,1,3
1972,8,2,10
1972,6,1,7
1972,3,2,5
1972,6,0,6
1972,6,1,7
1972,5,0,5
1972,9,6,15
1972,3,13,16
1972,8,3,11
1972,3,2,5
1972,3,2,5
1972,3,2,5
1972,6,3,9
1972,2,1,3
1972,4,3,7
1972,8,5,13
1972,2,1,3
1972,2,1,3
1972,5,1,6
1972,2,1,3
1972,5,4,9
1972,8,2,10
1972,3,11,14
1972,7,6,13
1972,3,0,3
1972,2,0,2
1972,6,0,6
1972,3,0,3
1972,5,11,16
1972,5,4,9
1972,3,1,4
1972,3,1,4
1972,8,7,15
1972,5,3,8
1972,3,0,3
1972,5,3,8
1972,7,2,9
1972,8,5,13
1972,4,3,7
1972,9,5,14
1972,1,0,1
1972,7,1,8
1972,6,3,9
1972,3,1,4
1972,2,1,3
1972,6,2,8
1972,3,2,5
1972,6,3,9
1972,2,1,3
1972,4,3,7
1972,6,5,11
1972,8,4,12
1972,2,0,2
1972,3,0,3
1972,6,5,11
1972,6,3,9
1972,3,2,5
1972,2,1,3
1972,9,1,10
1972,5,2,7
1972,3,1,4
1972,4,3,7
1972,5,0,5
1972,7,3,10
1972,3,0,3
1972,8,2,10
1972,6,3,9
1972,3,2,5
1972,8,5,13
1972,8,2,10
1972,6,2,8
1972,4,3,7
1972,4,0,4
1972,3,2,5
1972,1,0,1
1972,7,5,12
1972,4,3,7
1972,4,1,5
1972,3,2,5
1972,5,0,5
1972,3,1,4
1972,6,5,11
1972,3,2,5
1972,3,1,4
1972,6,5,11
1972,3,1,4
1972,4,3,7
1972,2,0,2
1972,3,1,4
1972,5,2,7
1972,4,3,7
1972,8,1,9
1972,4,3,7
1972,3,2,5
1972,4,3,7
1972,7,2,9
1972,8,3,11
1972,8,1,9
1972,6,3,9
1972,7,2,9
1972,5,2,7
1972,3,2,5
1972,4,14,18
1972,5,4,9
1972,5,0,5
1972,4,3,7
1972,4,0,4
1972,5,4,9
1972,4,0,4
1972,6,1,7
1972,3,2,5
1972,6,1,7
1972,4,3,7
1972,7,2,9
1972,7,10,17
1972,4,3,7
1972,1,0,1
1972,3,1,4
1972,2,1,3
1972,4,2,6
1972,7,1,8
1972,4,3,7
1972,5,2,7
1972,2,1,3
1972,1,0,1
1972,4,0,4
1972,7,2,9
1972,3,2,5
1972,1,0,1
1972,5,2,7
1972,3,2,5
1972,8,1,9
1972,4,2,6
1972,2,0,2
1972,2,0,2
1972,9,0,9
1972,7,11,18
1972,4,10,14
1972,2,0,2
1972,9,0,9
1972,3,1,4
1972,4,3,7
1972,3,2,5
1972,3,2,5
1972,4,1,5
1972,4,0,4
1972,7,4,11
1972,3,0,3
1972,5,0,5
1972,5,1,6
1972,7,4,11
1972,9,10,19
1972,7,0,7
1972,6,3,9
1972,13,1,14
1972,10,1,11
1972,12,11,23
1972,5,4,9
1972,5,3,8
1972,5,0,5
1972,5,10,15
1972,4,1,5
1972,6,5,11
1972,7,2,9
1972,4,2,6
1972,4,3,7
1972,6,3,9
1972,3,0,3
1972,2,1,3
1972,3,0,3
1972,4,1,5
1972,2,1,3
1972,9,1,10
1972,2,0,2
1972,3,2,5
1972,6,5,11
1972,3,2,5
1972,1,0,1
1972,6,5,11
1972,2,0,2
1972,9,4,13
1972,5,4,9
1972,2,1,3
1972,6,1,7
1972,6,1,7
1972,8,3,11
1972,6,3,9
1972,5,11,16
1972,4,2,6
1972,4,3,7
1972,2,1,3
1972,1,0,1
1972,4,0,4
1972,4,0,4
1972,7,4,11
1972,3,2,5
1972,4,3,7
1972,5,0,5
1972,2,11,13
1972,10,1,11
1972,7,1,8
1972,4,3,7
1972,2,1,3
1972,6,5,11
1972,4,3,7
1972,3,2,5
1972,6,0,6
1972,3,0,3
1972,6,4,10
1972,6,3,9
1972,5,1,6
1972,8,0,8
1972,7,2,9
1972,2,12,14
1972,7,3,10
1972,6,2,8
1972,6,0,6
1972,6,2,8
1972,9,1,10
1972,4,2,6
1972,5,2,7
1972,5,0,5
1972,3,2,5
1972,8,4,12
1972,4,1,5
1972,4,3,7
1972,6,5,11
1972,2,1,3
1972,4,3,7
1972,4,2,6
1972,6,5,11
1972,4,2,6
1972,4,2,6
1972,4,15,19
1972,7,3,10
1972,6,5,11
1972,6,0,6
1972,5,2,7
1972,1,0,1
1972,8,2,10
1972,6,3,9
1972,5,2,7
1972,10,0,10
1972,3,2,5
1972,6,0,6
1972,2,1,3
1972,2,0,2
1972,5,2,7
1972,8,3,11
1972,9,6,15
1972,3,1,4
1972,8,0,8
1972,6,2,8
1972,1,0,1
1972,1,0,1
1972,5,3,8
1972,7,5,12
1972,2,1,3
1972,3,1,4
1972,7,2,9
1972,5,1,6
1972,6,3,9
1972,4,2,6
1972,1,0,1
1972,4,1,5
1972,5,10,15
1972,2,1,3
1972,2,0,2
1972,7,2,9
1972,3,2,5
1972,5,3,8
1972,4,1,5
1972,2,1,3
1972,6,1,7
1972,3,1,4
1972,6,10,16
1972,3,1,4
1972,3,2,5
1972,6,5,11
1972,5,2,7
1972,3,0,3
1972,9,4,13
1972,8,2,10
1972,4,3,7
1972,7,4,11
1972,3,2,5
1972,9,2,11
1972,4,3,7
1972,5,3,8
1972,5,4,9
1972,3,0,3
1972,2,1,3
1972,8,3,11
1972,2,0,2
1972,7,5,12
1972,5,3,8
1972,4,13,17
1972,2,12,14
1972,5,2,7
1972,7,5,12
1972,3,0,3
1972,2,1,3
1972,4,3,7
1972,7,6,13
1972,7,6,13
1972,8,6,14
1972,3,2,5
1972,5,0,5
1972,3,0,3
1972,7,1,8
1972,7,5,12
1972,3,0,3
1972,4,3,7
1972,8,6,14
1972,2,1,3
1972,3,2,5
1972,3,2,5
1972,5,0,5
1972,3,1,4
1972,8,2,10
1972,6,4,10
1972,9,14,23
1972,9,8,17
1972,6,1,7
1972,4,2,6
1972,2,12,14
1972,7,6,13
1972,4,2,6
1972,5,17,22
1972,2,1,3
1972,9,4,13
1972,3,2,5
1972,2,1,3
1972,4,3,7
1972,3,1,4
1972,8,1,9
1972,8,0,8
1972,2,0,2
1972,7,2,9
1972,5,0,5
1972,4,3,7
1972,8,2,10
1972,4,3,7
1972,4,2,6
1972,3,1,4
1972,2,11,13
1972,2,1,3
1972,3,0,3
1972,5,4,9
1972,10,1,11
1972,2,1,3
1972,4,2,6
1972,6,0,6
1972,5,0,5
1972,4,0,4
1972,7,4,11
1972,6,2,8
1972,4,1,5
1972,9,7,16
1972,5,4,9
1972,3,1,4
1972,9,11,20
1972,2,1,3
1972,5,3,8
1972,1,0,1
1972,8,1,9
1972,3,1,4
1972,9,3,12
1972,5,2,7
1972,5,3,8
1972,2,0,2
1972,3,1,4
1972,3,10,13
1972,5,1,6
1972,4,0,4
1972,4,1,5
1972,4,2,6
1972,2,1,3
1972,6,5,11
1972,2,0,2
1972,5,4,9
1972,3,2,5
1972,6,3,9
1972,7,10,17
1972,1,0,1
1972,2,1,3
1972,5,3,8
1972,4,2,6
1972,7,11,18
1972,4,3,7
1972,1,0,1
1972,7,1,8
1972,5,2,7
1972,5,1,6
1972,7,5,12
1972,3,0,3
1972,3,0,3
1972,11,0,11
1972,7,4,11
1972,9,6,15
1972,7,5,12
1972,8,0,8
1972,4,1,5
1972,4,3,7
1972,6,0,6
1972,2,1,3
1972,4,0,4
1972,2,1,3
1972,2,11,13
1972,6,1,7
1972,4,3,7
1972,4,1,5
1972,5,1,6
1972,5,3,8
1972,3,2,5
1972,4,3,7
1972,7,4,11
1972,8,7,15
1972,7,6,13
1972,7,6,13
1972,7,1,8
1972,9,10,19
1972,4,3,7
1972,6,5,11
1972,3,1,4
1972,4,0,4
1972,5,3,8
1972,6,3,9
1972,5,1,6
1972,7,3,10
1972,9,3,12
1972,6,13,19
1972,3,10,13
1972,1,0,1
1972,9,3,12
1972,7,2,9
1972,8,2,10
1972,4,3,7
1972,5,3,8
1972,1,0,1
1972,7,6,13
1972,9,8,17
1972,2,1,3
1972,7,4,11
1972,9,2,11
1972,6,4,10
1972,5,2,7
1972,2,0,2
1972,5,4,9
1972,5,3,8
1972,4,2,6
1972,4,3,7
1972,3,0,3
1972,3,1,4
1972,2,1,3
1972,3,0,3
1972,2,1,3
1972,6,4,10
1972,9,4,13
1972,7,6,13
1972,7,4,11
1972,1,0,1
1972,5,3,8
1972,3,0,3
1972,3,2,5
1972,4,2,6
1972,4,1,5
1972,9,8,17
1972,4,2,6
1972,5,3,8
1972,6,2,8
1972,7,1,8
1972,3,1,4
1972,2,0,2
1972,11,0,11
1972,3,2,5
1972,4,0,4
1972,5,3,8
1972,5,1,6
1972,7,3,10
1972,7,0,7
1972,11,1,12
1972,5,11,16
1972,1,0,1
1972,3,2,5
1972,3,14,17
1972,1,0,1
1972,8,0,8
1972,5,4,9
1972,4,0,4
1972,4,1,5
1972,6,10,16
1972,5,1,6
1972,2,1,3
1972,3,0,3
1972,7,10,17
1972,3,0,3
1972,5,3,8
1972,2,0,2
1972,8,0,8
1972,7,2,9
1972,8,11,19
1972,5,3,8
1972,2,1,3
1972,3,1,4
1972,6,3,9
1972,5,1,6
1972,6,2,8
1972,8,0,8
1972,1,0,1
1972,3,0,3
1972,4,3,7
1972,2,1,3
1972,4,1,5
1972,5,0,5
1972,3,1,4
1972,2,1,3
1972,6,3,9
1972,4,1,5
1972,4,3,7
1972,5,2,7
1972,2,1,3
1972,4,0,4
1972,2,1,3
1972,6,5,11
1972,6,5,11
1972,8,4,12
1972,2,0,2
1972,6,2,8
1972,2,0,2
1972,7,2,9
1972,5,10,15
1972,2,1,3
1972,10,0,10
1972,5,1,6
1972,1,0,1
1972,1,0,1
1972,8,7,15
1972,4,3,7
1972,7,6,13
1972,5,2,7
1972,4,2,6
1972,5,3,8
1972,9,4,13
1972,5,3,8
1972,3,0,3
1972,4,3,7
1972,5,3,8
1972,7,2,9
1972,4,3,7
1972,2,0,2
1972,9,1,10
1972,4,3,7
1972,5,2,7
1972,3,1,4
1972,6,3,9
1972,7,3,10
1972,3,2,5
1972,4,0,4
1972,6,0,6
1972,2,0,2
1972,9,0,9
1972,4,10,14
1972,6,0,6
1972,7,1,8
1972,6,0,6
1972,4,2,6
1972,4,0,4
1972,2,1,3
1972,4,2,6
1972,2,0,2
1972,5,1,6
1972,5,1,6
1972,4,0,4
1972,2,1,3
1972,4,2,6
1972,5,1,6
1972,9,4,13
1972,5,0,5
1972,3,2,5
1972,4,3,7
1972,7,1,8
1972,4,2,6
1972,8,2,10
1972,9,4,13
1972,4,3,7
1972,5,3,8
1972,6,3,9
1972,2,1,3
1972,8,0,8
1972,3,2,5
1972,2,1,3
1972,3,1,4
1972,3,2,5
1972,4,0,4
1972,8,3,11
1972,3,1,4
1972,7,4,11
1972,2,1,3
1972,3,2,5
1972,2,0,2
1972,5,1,6
1972,5,1,6
1972,2,0,2
1972,5,0,5
1972,3,1,4
1972,3,2,5
1972,8,2,10
1972,3,2,5
1972,5,3,8
1972,1,0,1
1972,4,1,5
1972,8,7,15
1972,8,2,10
1972,7,2,9
1972,3,2,5
1972,6,5,11
1972,4,2,6
1972,2,1,3
1972,4,3,7
1972,2,1,3
1972,3,2,5
1972,4,0,4
1972,4,2,6
1972,7,5,12
1972,3,0,3
1972,7,0,7
1972,3,2,5
1972,6,0,6
1972,4,3,7
1972,4,2,6
1972,7,4,11
1972,7,2,9
1972,3,2,5
1972,4,3,7
1972,3,2,5
1972,8,6,14
1972,6,5,11
1972,6,4,10
1972,6,5,11
1972,6,5,11
1972,6,4,10
1972,3,1,4
1972,8,0,8
1972,5,4,9
1972,7,2,9
1972,6,11,17
1972,7,1,8
1972,4,0,4
1972,5,2,7
1972,6,10,16
1972,4,3,7
1972,6,2,8
1972,4,3,7
1972,1,0,1
1972,9,3,12
1972,1,0,1
1972,4,2,6
1972,2,1,3
1972,4,3,7
1972,3,1,4
1972,3,12,15
1972,5,3,8
1972,4,10,14
1972,8,5,13
1972,5,2,7
1972,10,0,10
1972,2,0,2
1972,5,18,23
1972,6,3,9
1972,10,0,10
1972,2,1,3
1972,11,1,12
1972,7,3,10
1972,4,0,4
1972,3,1,4
1972,4,0,4
1972,7,4,11
1972,9,2,11
1972,3,1,4
1972,6,4,10
1972,7,10,17
1972,15,11,26
1972,6,2,8
1972,6,10,16
1972,2,1,3
1972,4,1,5
1972,3,2,5
1972,5,4,9
1972,5,2,7
1972,2,0,2
1972,1,0,1
1972,3,2,5
1972,5,3,8
1972,7,2,9
1972,7,2,9
1972,5,4,9
1972,3,2,5
1972,6,4,10
1972,7,2,9
1972,5,3,8
1972,5,1,6
1972,8,7,15
1972,5,2,7
1972,2,1,3
1972,6,13,19
1972,9,1,10
1972,4,0,4
1972,9,2,11
1972,6,2,8
1972,8,6,14
1972,4,1,5
1972,3,1,4
1972,4,1,5
1972,6,3,9
1972,5,3,8
1972,2,1,3
1972,3,10,13
1972,4,2,6
1972,6,4,10
1972,6,2,8
1972,3,1,4
1972,2,0,2
1972,3,2,5
1972,8,4,12
1972,4,1,5
1972,4,3,7
1972,1,0,1
1972,1,0,1
1972,5,4,9
1972,5,3,8
1972,4,3,7
1972,4,1,5
1972,7,1,8
1972,4,3,7
1972,5,2,7
1972,7,1,8
1972,7,4,11
1972,2,1,3
1972,2,1,3
1972,5,3,8
1972,2,1,3
1972,3,0,3
1972,2,0,2
1972,15,1,16
1972,2,1,3
1972,7,2,9
1972,7,4,11
1972,5,4,9
1972,8,3,11
1972,2,10,12
1972,7,0,7
1972,4,3,7
1972,2,1,3
1972,2,1,3
1972,4,2,6
1972,2,1,3
1972,2,1,3
1972,2,1,3
1972,5,3,8
1972,2,1,3
1972,3,2,5
1972,6,4,10
1972,2,1,3
1972,9,10,19
1972,5,2,7
1972,7,3,10
1972,6,0,6
1972,5,1,6
1972,3,1,4
1972,2,1,3
1972,3,0,3
1972,7,5,12
1972,4,2,6
1972,8,5,13
1972,6,5,11
1972,3,0,3
1972,2,0,2
1972,8,0,8
1972,1,0,1
1972,2,1,3
1972,3,1,4
1972,4,0,4
1972,3,1,4
1972,3,1,4
1972,3,2,5
1972,8,7,15
1972,2,1,3
1972,4,2,6
1972,2,1,3
1972,4,1,5
1972,4,1,5
1972,5,12,17
1972,9,2,11
1972,1,0,1
1972,5,2,7
1972,3,14,17
1972,5,1,6
1972,3,1,4
1972,3,2,5
1972,2,1,3
1972,4,2,6
1972,4,13,17
1972,5,10,15
1972,3,0,3
1972,8,4,12
1972,5,0,5
1972,6,5,11
1972,3,1,4
1972,5,3,8
1972,2,1,3
1972,3,2,5
1972,3,0,3
1972,1,0,1
1972,5,1,6
1972,4,2,6
1972,6,10,16
1972,2,1,3
1972,4,3,7
1972,7,3,10
1972,3,1,4
1972,6,2,8
1972,1,0,1
1972,4,3,7
1972,4,1,5
1972,6,4,10
1972,7,0,7
1972,2,1,3
1972,6,1,7
1972,6,5,11
1972,3,2,5
1972,11,1,12
1972,6,1,7
1972,6,5,11
1972,4,3,7
1972,3,1,4
1972,3,0,3
1972,5,4,9
1972,5,2,7
1972,4,3,7
1972,3,2,5
1972,6,2,8
1972,7,4,11
1972,4,1,5
1972,2,1,3
1972,2,1,3
1972,4,2,6
1972,4,1,5
1972,4,0,4
1972,2,14,16
1972,3,1,4
1972,1,0,1
1972,4,3,7
1972,6,4,10
1972,3,2,5
1972,5,1,6
1972,5,0,5
1972,5,3,8
1972,3,2,5
1972,7,1,8
1972,3,0,3
1972,4,3,7
1972,4,3,7
1972,2,1,3
1972,3,2,5
1972,2,1,3
1972,1,0,1
1972,3,2,5
1972,5,4,9
1972,8,1,9
1972,3,2,5
1973,4,1,5
1973,2,1,3
1973,10,0,10
1973,5,15,20
1973,3,2,5
1973,3,2,5
1973,3,0,3
1973,8,3,11
1973,7,5,12
1973,4,2,6
1973,8,7,15
1973,5,10,15
1973,5,12,17
1973,3,2,5
1973,7,5,12
1973,2,1,3
1973,3,2,5
1973,5,3,8
1973,4,3,7
1973,3,1,4
1973,3,10,13
1973,4,3,7
1973,4,3,7
1973,6,5,11
1973,5,2,7
1973,3,1,4
1973,4,0,4
1973,4,2,6
1973,4,3,7
1973,5,3,8
1973,4,0,4
1973,8,7,15
1973,4,1,5
1973,3,1,4
1973,2,1,3
1973,4,2,6
1973,4,3,7
1973,12,1,13
1973,7,5,12
1973,2,11,13
1973,4,1,5
1973,2,12,14
1973,3,1,4
1973,9,6,15
1973,4,1,5
1973,4,0,4
1973,8,1,9
1973,5,4,9
1973,5,4,9
1973,6,3,9
1973,1,0,1
1973,4,0,4
1973,5,2,7
1973,5,0,5
1973,5,3,8
1973,6,0,6
1973,3,2,5
1973,9,3,12
1973,2,1,3
1973,5,12,17
1973,4,3,7
1973,6,3,9
1973,2,0,2
1973,8,4,12
1973,7,1,8
1973,5,4,9
1973,5,4,9
1973,6,3,9
1973,4,2,6
1973,3,0,3
1973,8,2,10
1973,2,1,3
1973,5,1,6
1973,2,1,3
1973,6,4,10
1973,3,1,4
1973,7,3,10
1973,8,5,13
1973,3,0,3
1973,4,1,5
1973,5,12,17
1973,7,0,7
1973,6,2,8
1973,3,2,5
1973,5,4,9
1973,8,3,11
1973,6,2,8
1973,2,1,3
1973,5,1,6
1973,4,0,4
1973,11,0,11
1973,7,3,10
1973,8,6,14
1973,9,7,16
1973,2,1,3
1973,7,6,13
1973,4,2,6
1973,6,3,9
1973,5,10,15
1973,7,3,10
1973,5,4,9
1973,7,2,9
1973,5,10,15
1973,9,6,15
1973,1,0,1
1973,3,0,3
1973,2,15,17
1973,2,0,2
1973,4,3,7
1973,7,4,11
1973,7,1,8
1973,6,5,11
1973,4,0,4
1973,7,6,13
1973,7,2,9
1973,3,2,5
1973,2,1,3
1973,1,0,1
1973,4,2,6
1973,4,3,7
1973,8,2,10
1973,6,1,7
1973,7,11,18
1973,7,10,17
1973,8,16,24
1973,8,6,14
1973,6,5,11
1973,3,1,4
1973,7,0,7
1973,6,5,11
1973,4,2,6
1973,3,2,5
1973,6,2,8
1973,2,16,18
1973,7,3,10
1973,2,0,2
1973,5,1,6
1973,4,3,7
1973,3,1,4
1973,9,10,19
1973,5,4,9
1973,5,11,16
1973,4,0,4
1973,1,0,1
1973,5,4,9
1973,5,0,5
1973,4,2,6
1973,7,4,11
1973,5,3,8
1973,4,10,14
1973,3,11,14
1973,6,3,9
1973,8,7,15
1973,5,2,7
1973,4,3,7
1973,8,4,12
1973,6,1,7
1973,4,2,6
1973,4,3,7
1973,6,4,10
1973,2,1,3
1973,3,13,16
1973,3,2,5
1973,4,2,6
1973,2,1,3
1973,2,0,2
1973,5,2,7
1973,4,0,4
1973,2,11,13
1973,6,4,10
1973,6,5,11
1973,4,2,6
1973,7,2,9
1973,4,2,6
1973,9,1,10
1973,8,4,12
1973,4,0,4
1973,7,5,12
1973,2,0,2
1973,2,1,3
1973,5,2,7
1973,4,3,7
1973,1,0,1
1973,5,0,5
1973,7,4,11
1973,5,2,7
1973,3,2,5
1973,3,0,3
1973,1,0,1
1973,5,3,8
1973,4,1,5
1973,7,3,10
1973,2,1,3
1973,7,3,10
1973,3,2,5
1973,3,2,5
1973,2,0,2
1973,6,2,8
1973,2,10,12
1973,3,1,4
1973,3,0,3
1973,6,5,11
1973,4,3,7
1973,5,0,5
1973,4,2,6
1973,4,2,6
1973,2,1,3
1973,5,0,5
1973,2,0,2
1973,1,0,1
1973,7,4,11
1973,5,3,8
1973,3,11,14
1973,2,1,3
1973,3,2,5
1973,1,0,1
1973,4,3,7
1973,1,0,1
1973,5,0,5
1973,3,2,5
1973,4,10,14
1973,8,0,8
1973,6,1,7
1973,4,3,7
1973,6,3,9
1973,11,1,12
1973,4,3,7
1973,9,8,17
1973,2,1,3
1973,8,3,11
1973,2,1,3
1973,9,6,15
1973,7,6,13
1973,6,5,11
1973,6,2,8
1973,9,5,14
1973,4,3,7
1973,6,1,7
1973,3,0,3
1973,5,10,15
1973,8,7,15
1973,3,2,5
1973,6,2,8
1973,4,0,4
1973,5,3,8
1973,4,1,5
1973,7,3,10
1973,8,4,12
1973,4,3,7
1973,6,1,7
1973,9,4,13
1973,5,4,9
1973,2,1,3
1973,4,1,5
1973,6,5,11
1973,3,1,4
1973,5,14,19
1973,1,0,1
1973,5,0,5
1973,4,11,15
1973,5,1,6
1973,6,5,11
1973,5,3,8
1973,9,6,15
1973,6,3,9
1973,9,5,14
1973,5,4,9
1973,6,12,18
1973,5,4,9
1973,3,1,4
1973,4,0,4
1973,6,5,11
1973,2,0,2
1973,3,11,14
1973,9,7,16
1973,5,1,6
1973,8,6,14
1973,9,2,11
1973,7,0,7
1973,6,5,11
1973,7,4,11
1973,5,0,5
1973,2,11,13
1973,12,0,12
1973,7,3,10
1973,7,2,9
1973,3,0,3
1973,3,2,5
1973,3,10,13
1973,6,1,7
1973,8,14,22
1973,3,1,4
1973,8,0,8
1973,9,11,20
1973,4,3,7
1973,8,2,10
1973,4,1,5
1973,5,4,9
1973,6,0,6
1973,7,2,9
1973,3,2,5
1973,4,1,5
1973,1,0,1
1973,2,0,2
1973,7,2,9
1973,7,4,11
1973,5,3,8
1973,4,14,18
1973,4,3,7
1973,6,10,16
1973,7,1,8
1973,3,2,5
1973,9,7,16
1973,4,3,7
1973,3,10,13
1973,4,1,5
1973,8,5,13
1973,5,1,6
1973,2,0,2
1973,8,1,9
1973,9,7,16
1973,9,2,11
1973,3,1,4
1973,4,3,7
1973,4,3,7
1973,8,2,10
1973,6,3,9
1973,2,17,19
1973,4,2,6
1973,7,4,11
1973,4,3,7
1973,6,5,11
1973,5,1,6
1973,6,2,8
1973,3,0,3
1973,4,3,7
1973,3,2,5
1973,12,0,12
1973,4,3,7
1973,2,14,16
1973,2,10,12
1973,6,5,11
1973,3,1,4
1973,6,2,8
1973,7,1,8
1973,4,2,6
1973,8,0,8
1973,6,0,6
1973,5,4,9
1973,3,1,4
1973,4,2,6
1973,6,4,10
1973,6,2,8
1973,8,3,11
1973,3,0,3
1973,4,2,6
1973,9,3,12
1973,6,5,11
1973,2,0,2
1973,5,0,5
1973,4,0,4
1973,9,6,15
1973,6,4,10
1973,3,15,18
1973,3,2,5
1973,7,2,9
1973,1,0,1
1973,7,1,8
1973,3,2,5
1973,2,1,3
1973,8,0,8
1973,5,1,6
1973,3,2,5
1973,7,1,8
1973,5,10,15
1973,7,6,13
1973,6,4,10
1973,4,3,7
1973,4,1,5
1973,4,1,5
1973,3,0,3
1973,2,1,3
1973,6,5,11
1973,9,8,17
1973,4,2,6
1973,8,4,12
1973,9,5,14
1973,7,2,9
1973,3,1,4
1973,8,6,14
1973,6,5,11
1973,5,2,7
1973,8,6,14
1973,8,3,11
1973,4,11,15
1973,5,2,7
1973,4,1,5
1973,2,1,3
1973,4,0,4
1973,6,4,10
1973,3,1,4
1973,4,1,5
1973,1,0,1
1973,2,1,3
1973,5,4,9
1973,4,2,6
1973,5,2,7
1973,6,1,7
1973,3,2,5
1973,7,1,8
1973,3,0,3
1973,5,4,9
1973,6,2,8
1973,5,4,9
1973,3,1,4
1973,6,5,11
1973,4,3,7
1973,5,4,9
1973,9,2,11
1973,7,7,14
1973,3,1,4
1973,9,1,10
1973,8,3,11
1973,4,10,14
1973,6,4,10
1973,2,1,3
1973,4,2,6
1973,4,1,5
1973,5,2,7
1973,3,0,3
1973,7,6,13
1973,3,2,5
1973,8,3,11
1973,4,2,6
1973,9,3,12
1973,3,0,3
1973,2,1,3
1973,3,2,5
1973,4,2,6
1973,7,3,10
1973,8,7,15
1973,1,0,1
1973,5,3,8
1973,4,1,5
1973,7,3,10
1973,8,2,10
1973,4,1,5
1973,5,10,15
1973,9,4,13
1973,5,0,5
1973,5,4,9
1973,7,3,10
1973,5,3,8
1973,4,2,6
1973,6,2,8
1973,6,4,10
1973,7,2,9
1973,5,1,6
1973,8,7,15
1973,4,3,7
1973,5,3,8
1973,4,1,5
1973,7,4,11
1973,5,3,8
1973,5,3,8
1973,4,3,7
1973,6,5,11
1973,4,3,7
1973,8,6,14
1973,4,2,6
1973,8,6,14
1973,2,1,3
1973,10,1,11
1973,4,1,5
1973,4,0,4
1973,7,3,10
1973,2,0,2
1973,8,3,11
1973,7,2,9
1973,1,0,1
1973,6,4,10
1973,5,3,8
1973,5,4,9
1973,9,7,16
1973,7,2,9
1973,8,1,9
1973,5,2,7
1973,4,1,5
1973,6,3,9
1973,2,0,2
1973,8,5,13
1973,9,5,14
1973,9,0,9
1973,7,2,9
1973,5,10,15
1973,7,2,9
1973,4,0,4
1973,3,10,13
1973,2,0,2
1973,6,0,6
1973,3,13,16
1973,7,2,9
1973,2,1,3
1973,5,2,7
1973,6,2,8
1973,4,3,7
1973,6,4,10
1973,6,3,9
1973,5,4,9
1973,4,0,4
1973,6,5,11
1973,4,3,7
1973,5,4,9
1973,5,1,6
1973,7,4,11
1973,3,10,13
1973,4,2,6
1973,7,6,13
1973,6,5,11
1973,3,2,5
1973,2,1,3
1973,7,1,8
1973,3,2,5
1973,9,3,12
1973,1,0,1
1973,7,1,8
1973,6,1,7
1973,5,2,7
1973,2,0,2
1973,9,7,16
1973,2,1,3
1973,8,3,11
1973,4,1,5
1973,5,4,9
1973,9,4,13
1973,4,0,4
1973,4,3,7
1973,4,2,6
1973,5,3,8
1973,3,2,5
1973,3,2,5
1973,5,2,7
1973,3,2,5
1973,7,6,13
1973,2,10,12
1973,8,16,24
1973,4,1,5
1973,4,2,6
1973,6,0,6
1973,3,1,4
1973,3,2,5
1973,9,5,14
1973,6,2,8
1973,8,7,15
1973,5,4,9
1973,3,2,5
1973,5,3,8
1973,8,3,11
1973,5,2,7
1973,9,6,15
1973,4,0,4
1973,2,1,3
1973,4,2,6
1973,4,3,7
1973,3,1,4
1973,4,3,7
1973,5,1,6
1973,6,3,9
1973,3,2,5
1973,3,2,5
1973,2,0,2
1973,4,3,7
1973,3,0,3
1973,7,11,18
1973,6,2,8
1973,8,3,11
1973,12,1,13
1973,3,0,3
1973,5,4,9
1973,4,1,5
1973,7,1,8
1973,8,2,10
1973,3,2,5
1973,5,1,6
1973,9,2,11
1973,5,4,9
1973,2,1,3
1973,7,1,8
1973,9,3,12
1973,5,0,5
1973,7,0,7
1973,2,0,2
1973,7,2,9
1973,7,4,11
1973,9,2,11
1973,5,2,7
1973,10,1,11
1973,6,5,11
1973,4,0,4
1973,7,6,13
1973,5,4,9
1973,3,2,5
1973,5,3,8
1973,8,6,14
1973,4,14,18
1973,5,4,9
1973,7,4,11
1973,6,4,10
1973,7,3,10
1973,9,13,22
1973,4,3,7
1973,5,3,8
1973,11,1,12
1973,9,7,16
1973,6,3,9
1973,5,2,7
1973,3,2,5
1973,3,0,3
1973,4,0,4
1973,3,2,5
1973,4,3,7
1973,7,5,12
1973,5,3,8
1973,2,0,2
1973,8,2,10
1973,6,5,11
1973,5,2,7
1973,4,3,7
1973,8,1,9
1973,3,17,20
1973,5,3,8
1973,4,1,5
1973,5,1,6
1973,5,2,7
1973,8,2,10
1973,7,4,11
1973,1,0,1
1973,8,4,12
1973,6,3,9
1973,4,1,5
1973,6,4,10
1973,9,6,15
1973,4,2,6
1973,4,0,4
1973,4,1,5
1973,12,1,13
1973,4,3,7
1973,5,2,7
1973,4,11,15
1973,8,6,14
1973,9,7,16
1973,5,3,8
1973,6,5,11
1973,7,1,8
1973,7,4,11
1973,7,6,13
1973,4,0,4
1973,5,0,5
1973,11,0,11
1973,10,1,11
1973,9,7,16
1973,4,12,16
1973,6,10,16
1973,2,1,3
1973,5,3,8
1973,4,2,6
1973,6,4,10
1973,6,5,11
1973,5,11,16
1973,5,4,9
1973,6,5,11
1973,3,0,3
1973,6,3,9
1973,7,4,11
1973,5,4,9
1973,4,2,6
1973,8,6,14
1973,3,18,21
1973,2,0,2
1973,7,5,12
1973,8,0,8
1973,4,2,6
1973,2,10,12
1973,6,1,7
1973,4,3,7
1973,3,2,5
1973,3,1,4
1973,8,3,11
1973,3,16,19
1973,8,3,11
1973,5,3,8
1973,5,4,9
1973,5,3,8
1973,3,0,3
1973,8,3,11
1973,1,0,1
1973,4,3,7
1973,1,0,1
1973,6,0,6
1973,7,2,9
1973,6,13,19
1973,3,2,5
1973,4,3,7
1973,5,2,7
1973,8,3,11
1973,4,3,7
1973,4,3,7
1973,9,1,10
1973,5,2,7
1973,4,1,5
1973,5,0,5
1973,5,2,7
1973,5,0,5
1973,5,3,8
1973,6,3,9
1973,2,10,12
1973,4,3,7
1973,5,4,9
1973,9,3,12
1973,8,5,13
1973,5,4,9
1973,8,0,8
1973,5,1,6
1973,5,15,20
1973,3,1,4
1973,5,1,6
1973,6,3,9
1973,6,2,8
1973,6,0,6
1973,7,3,10
1973,3,2,5
1973,3,1,4
1973,4,2,6
1973,7,11,18
1973,9,2,11
1973,5,1,6
1973,9,5,14
1973,3,13,16
1973,8,3,11
1973,7,4,11
1973,9,6,15
1973,3,1,4
1973,1,0,1
1973,3,1,4
1973,8,7,15
1973,6,11,17
1973,3,0,3
1973,8,4,12
1973,4,1,5
1973,7,3,10
1973,5,4,9
1973,6,1,7
1973,6,3,9
1973,4,3,7
1973,7,3,10
1973,4,0,4
1973,3,1,4
1973,8,3,11
1973,7,6,13
1973,5,4,9
1973,6,5,11
1973,3,2,5
1973,3,0,3
1973,2,1,3
1973,4,3,7
1973,5,3,8
1973,6,2,8
1973,7,5,12
1973,5,1,6
1973,6,3,9
1973,2,0,2
1973,5,0,5
1973,9,1,10
1973,1,0,1
1973,5,1,6
1973,2,1,3
1973,2,12,14
1973,7,1,8
1973,4,3,7
1973,7,1,8
1973,3,0,3
1973,3,2,5
1973,8,2,10
1973,4,3,7
1973,4,2,6
1973,5,4,9
1973,5,4,9
1973,7,3,10
1973,5,1,6
1973,3,0,3
1973,5,1,6
1973,2,1,3
1973,3,14,17
1973,8,7,15
1973,4,1,5
1973,5,1,6
1973,3,12,15
1973,3,1,4
1973,7,2,9
1973,3,2,5
1973,3,2,5
1973,2,0,2
1973,9,3,12
1973,6,3,9
1973,3,2,5
1973,1,0,1
1973,7,0,7
1973,11,1,12
1973,7,4,11
1973,6,10,16
1973,5,2,7
1973,8,3,11
1973,5,1,6
1973,3,0,3
1973,5,4,9
1973,3,2,5
1973,2,1,3
1973,5,2,7
1973,6,1,7
1973,7,6,13
1973,8,3,11
1973,2,0,2
1973,2,1,3
1973,5,2,7
1973,3,2,5
1973,4,2,6
1973,2,13,15
1973,4,3,7
1973,8,6,14
1973,3,1,4
1973,3,2,5
1973,7,6,13
1973,3,2,5
1973,4,2,6
1973,4,1,5
1973,6,5,11
1973,4,0,4
1973,2,10,12
1973,5,1,6
1973,6,0,6
1973,3,10,13
1973,5,1,6
1973,3,10,13
1973,5,4,9
1973,7,0,7
1973,9,2,11
1973,6,2,8
1973,4,0,4
1973,3,1,4
1973,6,1,7
1973,5,4,9
1973,6,3,9
1973,5,4,9
1973,2,10,12
1973,7,6,13
1973,7,1,8
1973,3,2,5
1973,4,15,19
1973,6,5,11
1973,4,3,7
1973,3,2,5
1973,8,3,11
1973,6,3,9
1973,4,2,6
1973,7,16,23
1973,2,0,2
1973,4,2,6
1973,6,1,7
1973,8,6,14
1973,2,1,3
1973,4,11,15
1973,3,2,5
1973,6,0,6
1973,4,0,4
1973,9,12,21
1973,4,0,4
1973,4,3,7
1973,4,0,4
1973,9,2,11
1973,3,14,17
1973,7,2,9
1973,4,3,7
1973,4,0,4
1973,2,1,3
1973,3,0,3
1973,5,2,7
1973,6,3,9
1973,2,1,3
1973,8,7,15
1973,4,1,5
1973,3,0,3
1973,7,3,10
1973,3,2,5
1973,5,1,6
1973,9,8,17
1973,8,3,11
1973,4,2,6
1973,6,14,20
1973,8,7,15
1973,9,5,14
1973,4,2,6
1973,2,1,3
1973,6,5,11
1973,6,5,11
1973,4,3,7
1973,3,2,5
1973,5,3,8
1973,1,0,1
1973,6,4,10
1973,5,2,7
1973,3,11,14
1973,6,4,10
1973,3,0,3
1973,6,2,8
1973,8,4,12
1973,1,0,1
1973,8,3,11
1973,9,5,14
1973,5,3,8
1973,4,2,6
1973,4,3,7
1973,8,5,13
1973,5,2,7
1973,2,1,3
1973,1,0,1
1973,4,2,6
1973,7,4,11
1973,5,4,9
1973,1,0,1
1973,9,7,16
1973,6,4,10
1973,8,2,10
1973,6,3,9
1973,5,4,9
1973,7,6,13
1973,4,1,5
1973,8,19,27
1973,3,1,4
1973,3,0,3
1973,4,0,4
1973,7,6,13
1973,15,1,16
1973,2,1,3
1973,4,11,15
1973,8,12,20
1973,7,10,17
1973,3,2,5
1973,6,2,8
1973,5,2,7
1973,4,2,6
1973,5,4,9
1973,7,5,12
1973,2,1,3
1973,1,0,1
1973,3,1,4
1973,3,11,14
1973,2,0,2
1973,6,2,8
1973,7,4,11
1973,7,4,11
1973,4,3,7
1973,7,5,12
1973,3,0,3
1973,12,10,22
1973,7,3,10
1973,9,4,13
1973,3,2,5
1973,7,2,9
1973,7,5,12
1973,5,3,8
1973,5,2,7
1973,8,7,15
1973,12,1,13
1973,3,2,5
1973,5,2,7
1973,5,2,7
1973,8,12,20
1973,6,14,20
1973,2,0,2
1973,8,2,10
1973,8,5,13
1973,3,2,5
1973,5,4,9
1973,7,3,10
1973,3,1,4
1973,5,2,7
1973,8,6,14
1973,2,17,19
1973,9,1,10
1973,6,2,8
1973,6,1,7
1973,9,8,17
1973,5,4,9
1973,4,3,7
1973,6,1,7
1973,6,5,11
1973,6,1,7
1973,2,11,13
1973,4,10,14
1973,5,3,8
1973,3,0,3
1973,3,2,5
1973,6,4,10
1973,7,3,10
1973,7,0,7
1973,9,7,16
1973,4,2,6
1973,4,0,4
1973,4,2,6
1973,5,4,9
1973,5,3,8
1973,4,3,7
1973,9,7,16
1973,6,13,19
1973,2,0,2
1973,6,11,17
1973,2,1,3
1973,6,3,9
1973,8,10,18
1973,2,1,3
1973,7,5,12
1973,5,4,9
1973,5,4,9
1973,5,3,8
1973,2,1,3
1973,6,2,8
1973,1,0,1
1973,4,2,6
1973,4,3,7
1973,4,2,6
1973,7,1,8
1973,2,1,3
1973,9,3,12
1973,2,14,16
1973,3,1,4
1973,8,1,9
1973,3,0,3
1973,4,3,7
1973,7,1,8
1973,6,5,11
1973,2,10,12
1973,7,3,10
1973,5,2,7
1973,4,3,7
1973,7,6,13
1973,4,0,4
1973,8,4,12
1973,8,4,12
1973,7,4,11
1973,3,10,13
1973,7,6,13
1973,4,0,4
1973,7,11,18
1973,6,15,21
1973,4,1,5
1973,3,2,5
1973,2,1,3
1973,7,5,12
1973,8,2,10
1973,5,0,5
1973,4,13,17
1973,2,11,13
1973,5,0,5
1973,5,3,8
1973,5,3,8
1973,5,2,7
1973,4,1,5
1973,6,5,11
1973,5,4,9
1973,5,2,7
1973,2,1,3
1973,7,3,10
1973,5,1,6
1973,3,0,3
1973,4,2,6
1973,7,0,7
1973,5,3,8
1973,7,2,9
1973,6,1,7
1973,3,1,4
1973,3,2,5
1973,3,1,4
1973,6,0,6
1973,9,3,12
1973,8,5,13
1973,7,6,13
1973,2,0,2
1973,2,0,2
1973,5,4,9
1973,12,0,12
1973,8,6,14
1973,9,8,17
1973,9,8,17
1973,1,0,1
1973,2,10,12
1973,6,5,11
1973,7,5,12
1973,1,0,1
1973,3,2,5
1973,8,7,15
1973,8,4,12
1973,5,0,5
1973,3,1,4
1973,1,0,1
1973,2,1,3
1973,4,3,7
1973,7,2,9
1973,4,3,7
1973,4,1,5
1973,3,1,4
1973,8,4,12
1973,2,1,3
1973,6,3,9
1973,2,12,14
1973,6,1,7
1973,8,10,18
1973,8,5,13
1973,7,3,10
1973,4,14,18
1973,3,2,5
1973,3,0,3
1973,5,2,7
1973,3,2,5
1973,8,3,11
1973,3,0,3
1973,6,2,8
1973,3,1,4
1973,5,12,17
1973,3,2,5
1973,3,2,5
1973,4,1,5
1973,6,4,10
1973,5,0,5
1973,8,3,11
1973,5,4,9
1973,4,0,4
1973,6,2,8
1973,6,1,7
1973,2,12,14
1973,7,0,7
1973,6,5,11
1973,5,4,9
1973,7,0,7
1973,4,3,7
1973,8,6,14
1973,8,4,12
1973,3,2,5
1973,5,3,8
1973,3,1,4
1973,6,4,10
1973,5,3,8
1973,5,4,9
1973,5,2,7
1973,8,1,9
1973,4,3,7
1973,6,5,11
1973,5,1,6
1973,7,10,17
1973,8,2,10
1973,4,1,5
1973,6,0,6
1973,3,2,5
1973,7,5,12
1973,4,2,6
1973,2,0,2
1973,5,2,7
1973,3,1,4
1973,7,13,20
1973,5,4,9
1973,4,3,7
1973,8,4,12
1973,6,4,10
1973,3,2,5
1973,5,3,8
1973,6,4,10
1973,6,5,11
1973,7,4,11
1973,1,0,1
1973,3,1,4
1973,5,1,6
1973,7,5,12
1973,1,0,1
1973,4,0,4
1973,5,1,6
1973,2,10,12
1973,6,5,11
1973,13,1,14
1973,2,1,3
1973,7,1,8
1973,8,0,8
1973,9,0,9
1973,5,2,7
1973,6,10,16
1973,2,12,14
1973,4,2,6
1973,2,1,3
1973,5,2,7
1973,8,2,10
1973,7,6,13
1973,5,4,9
1973,6,2,8
1973,2,1,3
1973,5,2,7
1973,3,2,5
1973,7,2,9
1973,7,4,11
1973,3,1,4
1973,8,19,27
1973,5,0,5
1973,5,4,9
1973,6,5,11
1973,3,11,14
1973,6,4,10
1973,5,0,5
1973,2,1,3
1973,8,3,11
1973,5,3,8
1973,5,4,9
1973,8,2,10
1973,6,2,8
1973,8,5,13
1973,7,0,7
1973,7,6,13
1973,6,2,8
1973,7,2,9
1973,6,3,9
1973,8,6,14
1973,6,4,10
1973,3,0,3
1973,7,4,11
1973,5,2,7
1973,5,2,7
1973,7,1,8
1973,4,2,6
1973,4,3,7
1973,4,3,7
1973,3,1,4
1973,7,3,10
1973,5,2,7
1973,9,1,10
1973,1,0,1
1973,5,2,7
1973,6,0,6
1973,1,0,1
1973,9,5,14
1973,13,11,24
1973,5,4,9
1973,4,2,6
1973,2,1,3
1973,5,1,6
1973,3,2,5
1973,6,5,11
1973,9,4,13
1973,5,10,15
1973,4,1,5
1973,4,3,7
1973,4,3,7
1973,6,5,11
1973,5,1,6
1973,6,14,20
1973,3,2,5
1973,5,1,6
1973,4,2,6
1973,4,2,6
1973,5,0,5
1973,2,1,3
1973,9,3,12
1973,2,0,2
1973,3,0,3
1973,5,2,7
1973,6,2,8
1973,2,0,2
1973,6,5,11
1973,2,17,19
1973,10,0,10
1973,3,2,5
1973,3,1,4
1973,6,0,6
1973,4,2,6
1973,6,3,9
1973,2,0,2
1973,5,1,6
1973,6,3,9
1973,4,1,5
1973,5,4,9
1973,8,5,13
1973,8,2,10
1973,2,1,3
1973,5,3,8
1973,1,0,1
1973,5,11,16
1973,9,4,13
1973,7,2,9
1973,4,2,6
1973,3,0,3
1973,7,3,10
1973,3,1,4
1973,3,0,3
1973,4,3,7
1973,3,14,17
1973,4,1,5
1973,3,2,5
1973,9,3,12
1973,7,6,13
1973,9,4,13
1973,3,2,5
1973,6,4,10
1973,6,1,7
1973,4,3,7
1973,5,11,16
1973,4,11,15
1973,3,2,5
1973,9,0,9
1973,7,4,11
1973,6,2,8
1973,7,3,10
1973,5,4,9
1973,7,1,8
1973,6,5,11
1973,4,1,5
1973,8,6,14
1973,7,1,8
1973,3,2,5
1973,3,2,5
1973,4,1,5
1973,4,1,5
1973,4,3,7
1973,5,3,8
1973,7,3,10
1973,5,4,9
1973,5,4,9
1973,7,3,10
1973,3,10,13
1973,2,0,2
1973,6,5,11
1973,1,0,1
1973,8,4,12
1973,2,0,2
1973,7,6,13
1973,6,5,11
1973,4,2,6
1973,4,10,14
1973,2,1,3
1973,3,1,4
1973,6,5,11
1973,2,0,2
1973,6,1,7
1973,2,1,3
1973,13,1,14
1973,4,3,7
1973,3,2,5
1973,9,4,13
1973,1,0,1
1973,8,2,10
1973,6,1,7
1973,3,2,5
1973,4,3,7
1973,3,0,3
1973,2,1,3
1973,4,1,5
1973,5,4,9
1973,3,2,5
1973,1,0,1
1973,6,5,11
1973,2,1,3
1973,9,10,19
1973,5,3,8
1973,8,6,14
1973,5,3,8
1973,6,4,10
1973,7,3,10
1973,2,1,3
1973,5,3,8
1973,5,1,6
1973,9,10,19
1973,5,4,9
1973,4,3,7
1973,7,1,8
1973,8,4,12
1973,8,1,9
1973,2,1,3
1973,6,4,10
1973,4,2,6
1973,9,4,13
1973,3,1,4
1973,7,6,13
1973,7,3,10
1973,9,3,12
1973,8,7,15
1973,7,5,12
1973,5,2,7
1973,8,14,22
1973,3,2,5
1973,6,2,8
1973,6,10,16
1973,2,1,3
1973,9,10,19
1973,13,12,25
1973,5,2,7
1973,2,0,2
1973,4,3,7
1973,4,1,5
1973,7,2,9
1973,7,6,13
1973,3,1,4
1973,8,5,13
1973,5,2,7
1973,9,3,12
1973,6,0,6
1973,3,2,5
1973,3,2,5
1973,4,0,4
1973,7,4,11
1973,1,0,1
1973,6,2,8
1973,8,5,13
1973,4,3,7
1973,5,4,9
1973,12,1,13
1973,7,2,9
1973,5,4,9
1973,9,0,9
1973,4,3,7
1973,9,5,14
1973,12,10,22
1973,15,1,16
1973,5,1,6
1973,7,2,9
1973,5,4,9
1973,9,7,16
1973,3,1,4
1973,1,0,1
1973,7,0,7
1973,2,11,13
1973,3,0,3
1973,5,1,6
1973,6,3,9
1973,2,10,12
1973,4,10,14
1973,2,1,3
1973,3,2,5
1973,6,4,10
1973,2,10,12
1973,5,1,6
1973,2,14,16
1973,8,3,11
1973,8,7,15
1973,2,1,3
1973,3,2,5
1973,5,3,8
1973,4,2,6
1973,8,1,9
1973,3,0,3
1973,8,5,13
1973,4,1,5
1973,2,1,3
1973,5,0,5
1973,3,2,5
1973,3,1,4
1973,12,1,13
1973,6,3,9
1973,6,5,11
1973,4,3,7
1973,5,3,8
1973,8,2,10
1973,4,3,7
1973,4,3,7
1973,2,1,3
1973,5,3,8
1973,4,3,7
1973,5,3,8
1973,3,1,4
1973,2,1,3
1973,6,4,10
1973,5,0,5
1973,1,0,1
1973,6,2,8
1973,4,3,7
1973,2,10,12
1973,6,2,8
1973,6,4,10
1973,8,3,11
1973,7,2,9
1973,5,4,9
1973,7,11,18
1973,2,1,3
1973,6,2,8
1973,6,4,10
1973,4,0,4
1973,6,3,9
1973,5,4,9
1973,3,1,4
1973,2,1,3
1973,6,4,10
1973,9,8,17
1973,9,15,24
1973,6,4,10
1973,4,3,7
1973,5,4,9
1973,6,5,11
1973,1,0,1
1973,4,0,4
1973,8,7,15
1973,3,2,5
1973,4,3,7
1973,7,3,10
1973,8,3,11
1973,9,8,17
1973,6,3,9
1973,4,3,7
1973,5,4,9
1973,6,3,9
1973,3,2,5
1973,6,0,6
1973,3,2,5
1973,6,5,11
1973,5,4,9
1973,5,11,16
1973,4,2,6
1973,3,0,3
1973,5,3,8
1973,1,0,1
1973,5,1,6
1973,3,0,3
1973,6,5,11
1973,7,1,8
1973,4,0,4
1973,4,2,6
1973,6,4,10
1973,6,5,11
1973,4,3,7
1973,6,10,16
1973,3,13,16
1973,1,0,1
1973,2,0,2
1973,6,4,10
1973,8,6,14
1973,10,1,11
1973,1,0,1
1973,4,1,5
1973,3,1,4
1973,4,1,5
1973,9,0,9
1973,5,3,8
1973,4,2,6
1973,3,2,5
1973,4,2,6
1973,5,4,9
1973,1,0,1
1973,7,3,10
1973,6,1,7
1973,6,1,7
1973,5,3,8
1973,6,3,9
1973,4,0,4
1973,6,5,11
1973,5,2,7
1973,7,4,11
1973,9,6,15
1973,5,3,8
1973,5,2,7
1973,6,4,10
1973,8,3,11
1973,4,3,7
1973,5,0,5
1973,8,3,11
1973,6,1,7
1973,8,6,14
1973,6,1,7
1973,1,0,1
1973,7,4,11
1973,6,1,7
1973,5,0,5
1973,9,0,9
1973,5,3,8
1973,3,2,5
1973,9,5,14
1973,3,2,5
1973,6,5,11
1973,3,0,3
1973,6,4,10
1973,3,1,4
1973,3,0,3
1973,6,5,11
1973,4,1,5
1973,8,7,15
1973,1,0,1
1973,5,2,7
1973,7,2,9
1973,6,3,9
1973,7,10,17
1973,3,2,5
1973,3,2,5
1973,5,4,9
1973,5,2,7
1973,5,2,7
1973,7,0,7
1973,5,2,7
1973,4,10,14
1973,4,10,14
1973,6,4,10
1973,2,11,13
1973,7,5,12
1973,5,4,9
1973,9,10,19
1973,2,0,2
1973,5,0,5
1973,6,10,16
1973,5,11,16
1973,1,0,1
1973,3,2,5
1973,5,4,9
1973,4,1,5
1973,7,10,17
1973,3,13,16
1973,2,1,3
1973,6,5,11
1973,9,0,9
1973,4,10,14
1973,1,0,1
1973,12,0,12
1973,5,3,8
1973,6,1,7
1973,5,4,9
1973,3,11,14
1973,7,4,11
1973,2,0,2
1973,8,13,21
1973,9,8,17
1973,3,1,4
1973,8,7,15
1973,5,2,7
1973,4,3,7
1973,4,3,7
1973,5,11,16
1973,5,13,18
1973,5,10,15
1973,5,2,7
1973,5,0,5
1973,6,3,9
1973,5,4,9
1973,8,3,11
1973,7,3,10
1973,8,11,19
1973,2,1,3
1973,4,3,7
1973,14,0,14
1973,2,1,3
1973,7,12,19
1973,6,0,6
1973,5,4,9
1973,3,2,5
1973,7,1,8
1973,4,2,6
1973,3,0,3
1973,3,1,4
1973,7,5,12
1973,8,11,19
1973,7,3,10
1973,9,3,12
1973,4,0,4
1973,5,3,8
1973,4,3,7
1973,7,0,7
1973,6,4,10
1973,4,10,14
1973,3,2,5
1973,6,0,6
1973,5,3,8
1973,8,6,14
1973,5,0,5
1973,3,11,14
1973,8,2,10
1973,7,3,10
1973,4,3,7
1973,5,2,7
1973,1,0,1
1973,4,2,6
1973,5,0,5
1973,8,10,18
1973,9,6,15
1973,8,10,18
1973,3,2,5
1973,6,1,7
1973,3,1,4
1973,6,1,7
1973,9,6,15
1973,4,3,7
1973,9,6,15
1973,6,2,8
1973,3,1,4
1973,15,1,16
1973,5,3,8
1973,9,7,16
1973,4,3,7
1973,6,14,20
1973,7,0,7
1973,5,4,9
1973,5,4,9
1973,6,4,10
1973,4,13,17
1973,9,5,14
1973,6,3,9
1973,5,3,8
1973,7,10,17
1973,3,0,3
1973,3,10,13
1973,8,7,15
1973,5,4,9
1973,5,3,8
1973,4,10,14
1973,4,3,7
1973,7,1,8
1973,3,11,14
1973,6,5,11
1973,5,4,9
1973,3,2,5
1973,13,0,13
1973,5,3,8
1973,6,5,11
1973,8,3,11
1973,3,1,4
1973,2,0,2
1973,6,3,9
1973,4,2,6
1973,6,3,9
1973,7,3,10
1973,3,1,4
1973,6,4,10
1973,4,2,6
1973,4,1,5
1973,4,10,14
1973,4,1,5
1973,5,3,8
1973,6,5,11
1973,4,2,6
1973,7,3,10
1973,5,2,7
1973,7,1,8
1973,5,0,5
1973,3,2,5
1973,2,1,3
1973,7,6,13
1973,5,4,9
1973,6,1,7
1973,8,6,14
1973,2,1,3
1973,4,2,6
1973,8,6,14
1973,6,4,10
1973,3,2,5
1973,6,0,6
1973,7,6,13
1973,2,1,3
1973,13,1,14
1973,3,2,5
1973,5,1,6
1973,4,3,7
1973,3,1,4
1973,3,0,3
1973,9,8,17
1973,3,1,4
1973,4,11,15
1973,3,2,5
1973,4,3,7
1973,5,1,6
1973,5,4,9
1973,5,1,6
1973,7,0,7
1973,3,1,4
1973,5,2,7
1973,7,4,11
1973,3,0,3
1973,7,5,12
1973,5,1,6
1973,4,0,4
1973,6,1,7
1973,4,3,7
1973,5,3,8
1973,6,2,8
1973,4,2,6
1973,4,3,7
1973,9,4,13
1973,9,4,13
1973,7,3,10
1973,7,0,7
1973,5,4,9
1973,5,2,7
1973,8,3,11
1973,7,2,9
1973,5,4,9
1973,5,3,8
1973,3,2,5
1973,3,10,13
1973,3,10,13
1973,9,4,13
1973,4,2,6
1973,5,2,7
1973,3,2,5
1973,1,0,1
1973,6,5,11
1973,6,2,8
1973,4,3,7
1973,3,1,4
1973,7,4,11
1973,5,4,9
1973,6,5,11
1973,7,2,9
1973,3,1,4
1973,8,6,14
1973,7,4,11
1973,10,1,11
1973,8,5,13
1973,6,3,9
1973,4,3,7
1973,4,1,5
1973,3,0,3
1973,7,3,10
1973,3,2,5
1973,5,1,6
1973,6,2,8
1973,9,4,13
1973,5,4,9
1973,9,0,9
1973,3,10,13
1973,5,3,8
1973,4,3,7
1973,5,4,9
1973,4,3,7
1973,6,5,11
1973,7,5,12
1973,6,4,10
1973,8,3,11
1973,3,1,4
1973,5,1,6
1973,6,5,11
1973,4,1,5
1973,7,4,11
1973,8,3,11
1973,2,10,12
1973,3,12,15
1973,3,1,4
1973,7,2,9
1973,6,1,7
1973,9,3,12
1973,5,1,6
1973,4,3,7
1973,4,2,6
1973,5,3,8
1973,9,11,20
1973,7,1,8
1973,6,3,9
1973,2,0,2
1973,5,2,7
1973,5,2,7
1973,5,10,15
1973,9,1,10
1973,2,1,3
1973,3,0,3
1973,2,10,12
1973,7,4,11
1973,6,4,10
1973,2,1,3
1973,7,15,22
1973,6,3,9
1973,7,4,11
1973,5,2,7
1973,9,7,16
1973,9,11,20
1973,9,10,19
1973,2,1,3
1973,14,0,14
1973,6,10,16
1973,5,4,9
1973,3,0,3
1973,7,6,13
1973,5,1,6
1973,8,3,11
1973,4,1,5
1973,6,2,8
1973,3,2,5
1973,3,2,5
1973,5,1,6
1973,3,2,5
1973,2,1,3
1973,9,4,13
1973,2,1,3
1973,4,3,7
1973,9,8,17
1973,4,0,4
1973,5,4,9
1973,6,2,8
1973,5,1,6
1973,1,0,1
1973,5,0,5
1973,5,2,7
1973,8,5,13
1973,4,1,5
1973,2,13,15
1973,1,0,1
1973,5,2,7
1973,5,4,9
1973,3,2,5
1973,2,0,2
1973,3,2,5
1973,2,0,2
1973,6,4,10
1973,4,18,22
1973,2,11,13
1973,5,3,8
1973,7,1,8
1973,5,3,8
1973,4,1,5
1973,4,1,5
1973,3,2,5
1973,5,2,7
1973,3,0,3
1973,5,4,9
1973,7,0,7
1973,6,2,8
1973,7,3,10
1973,9,4,13
1973,4,3,7
1973,6,13,19
1973,3,0,3
1973,7,5,12
1973,6,4,10
1973,3,2,5
1973,7,1,8
1973,7,1,8
1973,5,3,8
1973,3,2,5
1973,3,0,3
1973,1,0,1
1973,9,2,11
1973,4,3,7
1973,8,5,13
1973,1,0,1
1973,2,10,12
1973,3,1,4
1973,3,0,3
1973,6,4,10
1973,4,3,7
1973,6,0,6
1973,2,1,3
1973,6,3,9
1973,5,0,5
1973,9,2,11
1973,2,1,3
1973,2,1,3
1973,7,2,9
1973,5,4,9
1973,3,0,3
1973,2,1,3
1973,7,10,17
1973,3,2,5
1973,6,1,7
1973,2,0,2
1973,3,1,4
1973,5,2,7
1974,7,6,13
1974,7,2,9
1974,3,2,5
1974,8,2,10
1974,6,4,10
1974,8,0,8
1974,9,8,17
1974,5,1,6
1974,6,5,11
1974,3,2,5
1974,3,2,5
1974,7,5,12
1974,6,23,29
1974,8,0,8
1974,5,4,9
1974,6,1,7
1974,5,4,9
1974,3,2,5
1974,8,0,8
1974,2,0,2
1974,5,1,6
1974,8,4,12
1974,4,4,8
1974,5,3,8
1974,9,2,11
1974,7,1,8
1974,9,2,11
1974,8,4,12
1974,8,4,12
1974,7,4,11
1974,5,3,8
1974,4,3,7
1974,9,2,11
1974,2,10,12
1974,2,0,2
1974,3,0,3
1974,6,4,10
1974,3,1,4
1974,9,5,14
1974,6,3,9
1974,4,0,4
1974,4,3,7
1974,7,6,13
1974,6,4,10
1974,4,1,5
1974,6,5,11
1974,3,2,5
1974,8,12,20
1974,9,1,10
1974,4,3,7
1974,6,4,10
1974,7,6,13
1974,8,11,19
1974,4,3,7
1974,7,6,13
1974,4,1,5
1974,4,4,8
1974,8,7,15
1974,4,3,7
1974,5,1,6
1974,9,1,10
1974,2,14,16
1974,6,3,9
1974,15,1,16
1974,9,1,10
1974,5,3,8
1974,5,3,8
1974,7,6,13
1974,3,2,5
1974,3,10,13
1974,8,1,9
1974,5,4,9
1974,7,4,11
1974,3,13,16
1974,8,5,13
1974,6,3,9
1974,3,2,5
1974,6,5,11
1974,3,10,13
1974,6,4,10
1974,3,2,5
1974,7,5,12
1974,6,3,9
1974,9,5,14
1974,9,6,15
1974,7,2,9
1974,8,0,8
1974,2,1,3
1974,5,3,8
1974,4,2,6
1974,2,10,12
1974,8,4,12
1974,6,5,11
1974,6,5,11
1974,6,0,6
1974,1,0,1
1974,8,1,9
1974,3,1,4
1974,6,1,7
1974,4,3,7
1974,3,2,5
1974,4,2,6
1974,6,0,6
1974,8,5,13
1974,5,3,8
1974,4,0,4
1974,3,2,5
1974,4,1,5
1974,2,1,3
1974,4,3,7
1974,3,10,13
1974,3,2,5
1974,6,1,7
1974,5,3,8
1974,9,18,27
1974,14,1,15
1974,6,1,7
1974,3,2,5
1974,5,4,9
1974,7,4,11
1974,4,3,7
1974,5,3,8
1974,5,12,17
1974,4,2,6
1974,7,2,9
1974,3,2,5
1974,1,0,1
1974,5,2,7
1974,8,5,13
1974,6,1,7
1974,6,2,8
1974,5,3,8
1974,6,3,9
1974,5,4,9
1974,8,4,12
1974,8,2,10
1974,5,4,9
1974,5,1,6
1974,9,2,11
1974,5,4,9
1974,2,10,12
1974,4,3,7
1974,5,4,9
1974,7,3,10
1974,11,0,11
1974,3,1,4
1974,4,3,7
1974,4,2,6
1974,5,2,7
1974,7,6,13
1974,5,4,9
1974,4,10,14
1974,1,0,1
1974,6,5,11
1974,3,0,3
1974,6,5,11
1974,7,11,18
1974,10,1,11
1974,7,2,9
1974,6,5,11
1974,4,3,7
1974,6,4,10
1974,7,0,7
1974,9,5,14
1974,7,3,10
1974,9,5,14
1974,8,2,10
1974,4,1,5
1974,7,0,7
1974,4,3,7
1974,5,2,7
1974,3,2,5
1974,5,3,8
1974,2,1,3
1974,1,0,1
1974,5,3,8
1974,2,10,12
1974,8,4,12
1974,8,2,10
1974,5,3,8
1974,4,3,7
1974,7,2,9
1974,1,0,1
1974,9,2,11
1974,8,4,12
1974,6,1,7
1974,4,3,7
1974,4,3,7
1974,9,4,13
1974,3,1,4
1974,3,2,5
1974,1,0,1
1974,6,1,7
1974,5,2,7
1974,8,2,10
1974,4,0,4
1974,9,3,12
1974,6,5,11
1974,8,2,10
1974,4,3,7
1974,4,2,6
1974,7,1,8
1974,4,3,7
1974,4,3,7
1974,4,3,7
1974,6,2,8
1974,6,0,6
1974,4,3,7
1974,5,2,7
1974,5,11,16
1974,8,3,11
1974,6,0,6
1974,3,10,13
1974,5,2,7
1974,9,0,9
1974,6,1,7
1974,7,10,17
1974,5,2,7
1974,3,11,14
1974,4,3,7
1974,4,3,7
1974,4,3,7
1974,6,4,10
1974,2,10,12
1974,5,4,9
1974,4,0,4
1974,6,5,11
1974,2,11,13
1974,8,5,13
1974,7,3,10
1974,5,4,9
1974,6,0,6
1974,6,4,10
1974,9,2,11
1974,7,2,9
1974,2,18,20
1974,8,7,15
1974,3,2,5
1974,6,16,22
1974,2,1,3
1974,4,2,6
1974,7,2,9
1974,8,7,15
1974,12,10,22
1974,8,3,11
1974,4,3,7
1974,2,1,3
1974,6,5,11
1974,7,2,9
1974,4,2,6
1974,2,0,2
1974,7,11,18
1974,2,1,3
1974,2,1,3
1974,3,11,14
1974,4,3,7
1974,5,3,8
1974,5,1,6
1974,8,13,21
1974,6,5,11
1974,9,7,16
1974,2,0,2
1974,6,5,11
1974,4,1,5
1974,5,4,9
1974,3,10,13
1974,4,3,7
1974,3,1,4
1974,2,1,3
1974,4,2,6
1974,1,0,1
1974,3,1,4
1974,3,2,5
1974,3,2,5
1974,5,1,6
1974,4,2,6
1974,10,0,10
1974,4,2,6
1974,6,3,9
1974,8,2,10
1974,7,3,10
1974,4,3,7
1974,5,3,8
1974,8,10,18
1974,8,7,15
1974,5,2,7
1974,3,1,4
1974,8,2,10
1974,4,3,7
1974,8,3,11
1974,4,0,4
1974,8,1,9
1974,5,4,9
1974,6,4,10
1974,3,0,3
1974,9,3,12
1974,3,2,5
1974,3,2,5
1974,5,3,8
1974,5,4,9
1974,6,3,9
1974,7,6,13
1974,6,4,10
1974,5,3,8
1974,3,2,5
1974,1,0,1
1974,1,0,1
1974,2,1,3
1974,3,0,3
1974,4,3,7
1974,3,0,3
1974,9,3,12
1974,5,3,8
1974,4,3,7
1974,4,0,4
1974,3,2,5
1974,2,0,2
1974,8,6,14
1974,6,3,9
1974,4,2,6
1974,7,3,10
1974,4,0,4
1974,4,2,6
1974,2,0,2
1974,3,1,4
1974,4,1,5
1974,6,0,6
1974,6,1,7
1974,5,4,9
1974,2,1,3
1974,7,2,9
1974,2,1,3
1974,3,1,4
1974,6,5,11
1974,5,4,9
1974,7,2,9
1974,4,2,6
1974,3,2,5
1974,7,5,12
1974,8,7,15
1974,8,7,15
1974,2,10,12
1974,6,3,9
1974,4,2,6
1974,12,1,13
1974,8,5,13
1974,3,1,4
1974,3,2,5
1974,4,1,5
1974,3,1,4
1974,9,6,15
1974,3,2,5
1974,5,1,6
1974,6,2,8
1974,3,2,5
1974,5,2,7
1974,4,3,7
1974,5,0,5
1974,4,2,6
1974,4,3,7
1974,7,3,10
1974,5,1,6
1974,9,2,11
1974,8,7,15
1974,9,15,24
1974,5,4,9
1974,9,4,13
1974,7,5,12
1974,4,1,5
1974,4,1,5
1974,8,4,12
1974,2,11,13
1974,7,5,12
1974,5,3,8
1974,8,4,12
1974,8,3,11
1974,4,0,4
1974,6,2,8
1974,1,0,1
1974,5,2,7
1974,4,2,6
1974,2,1,3
1974,9,2,11
1974,7,1,8
1974,3,2,5
1974,6,5,11
1974,1,0,1
1974,4,3,7
1974,7,4,11
1974,7,11,18
1974,2,10,12
1974,6,5,11
1974,5,4,9
1974,3,2,5
1974,3,0,3
1974,10,1,11
1974,6,1,7
1974,4,3,7
1974,5,3,8
1974,6,3,9
1974,5,2,7
1974,11,1,12
1974,6,4,10
1974,6,0,6
1974,4,10,14
1974,4,3,7
1974,4,2,6
1974,6,4,10
1974,5,3,8
1974,3,2,5
1974,2,1,3
1974,5,0,5
1974,7,3,10
1974,9,8,17
1974,2,10,12
1974,3,2,5
1974,3,2,5
1974,7,6,13
1974,7,3,10
1974,1,0,1
1974,5,2,7
1974,4,10,14
1974,6,0,6
1974,9,2,11
1974,4,2,6
1974,2,11,13
1974,2,11,13
1974,6,4,10
1974,8,3,11
1974,2,1,3
1974,9,4,13
1974,7,1,8
1974,8,3,11
1974,4,2,6
1974,6,2,8
1974,3,1,4
1974,4,2,6
1974,4,2,6
1974,7,4,11
1974,5,0,5
1974,3,2,5
1974,2,1,3
1974,8,2,10
1974,7,10,17
1974,6,5,11
1974,8,6,14
1974,5,3,8
1974,6,4,10
1974,5,4,9
1974,4,2,6
1974,2,1,3
1974,2,1,3
1974,7,1,8
1974,6,14,20
1974,5,4,9
1974,4,2,6
1974,3,2,5
1974,6,5,11
1974,8,1,9
1974,8,4,12
1974,5,10,15
1974,4,1,5
1974,5,4,9
1974,4,2,6
1974,1,0,1
1974,6,3,9
1974,6,2,8
1974,8,2,10
1974,5,1,6
1974,6,1,7
1974,6,3,9
1974,6,4,10
1974,7,4,11
1974,9,6,15
1974,6,2,8
1974,7,1,8
1974,2,0,2
1974,9,6,15
1974,3,1,4
1974,7,3,10
1974,5,4,9
1974,5,4,9
1974,7,6,13
1974,3,0,3
1974,5,3,8
1974,4,3,7
1974,1,0,1
1974,3,1,4
1974,4,2,6
1974,9,0,9
1974,6,3,9
1974,4,2,6
1974,4,1,5
1974,6,3,9
1974,9,7,16
1974,5,1,6
1974,9,2,11
1974,8,2,10
1974,5,4,9
1974,5,4,9
1974,4,3,7
1974,4,3,7
1974,5,1,6
1974,4,3,7
1974,4,2,6
1974,4,3,7
1974,4,12,16
1974,9,5,14
1974,4,1,5
1974,6,5,11
1974,7,1,8
1974,2,1,3
1974,4,1,5
1974,6,1,7
1974,6,5,11
1974,7,5,12
1974,5,1,6
1974,5,3,8
1974,4,1,5
1974,9,5,14
1974,9,1,10
1974,3,2,5
1974,2,0,2
1974,4,12,16
1974,4,2,6
1974,9,1,10
1974,5,3,8
1974,2,12,14
1974,6,0,6
1974,8,7,15
1974,7,2,9
1974,6,0,6
1974,2,1,3
1974,9,5,14
1974,6,2,8
1974,7,2,9
1974,9,5,14
1974,8,4,12
1974,3,2,5
1974,3,1,4
1974,5,11,16
1974,8,0,8
1974,1,0,1
1974,5,4,9
1974,7,5,12
1974,5,4,9
1974,3,2,5
1974,3,10,13
1974,5,3,8
1974,4,1,5
1974,3,13,16
1974,5,2,7
1974,3,0,3
1974,5,3,8
1974,4,3,7
1974,3,2,5
1974,5,3,8
1974,8,3,11
1974,7,5,12
1974,4,2,6
1974,5,2,7
1974,7,1,8
1974,5,2,7
1974,6,2,8
1974,5,0,5
1974,7,6,13
1974,8,0,8
1974,4,1,5
1974,10,0,10
1974,14,1,15
1974,5,2,7
1974,6,5,11
1974,7,6,13
1974,3,1,4
1974,4,1,5
1974,6,2,8
1974,3,0,3
1974,4,2,6
1974,9,7,16
1974,2,0,2
1974,7,6,13
1974,5,1,6
1974,5,2,7
1974,11,1,12
1974,9,0,9
1974,6,4,10
1974,4,3,7
1974,9,6,15
1974,6,5,11
1974,4,3,7
1974,5,4,9
1974,5,2,7
1974,5,2,7
1974,8,0,8
1974,9,2,11
1974,5,5,10
1974,4,0,4
1974,4,1,5
1974,5,0,5
1974,5,0,5
1974,4,3,7
1974,4,3,7
1974,6,3,9
1974,7,3,10
1974,6,5,11
1974,5,3,8
1974,5,4,9
1974,7,6,13
1974,9,3,12
1974,9,1,10
1974,8,3,11
1974,3,2,5
1974,6,5,11
1974,5,3,8
1974,4,2,6
1974,4,3,7
1974,4,1,5
1974,5,1,6
1974,6,2,8
1974,4,0,4
1974,6,0,6
1974,9,7,16
1974,4,3,7
1974,5,1,6
1974,9,5,14
1974,5,0,5
1974,5,3,8
1974,8,6,14
1974,5,4,9
1974,1,0,1
1974,3,1,4
1974,6,5,11
1974,6,4,10
1974,3,2,5
1974,7,4,11
1974,1,0,1
1974,6,2,8
1974,5,3,8
1974,6,4,10
1974,6,13,19
1974,5,2,7
1974,6,5,11
1974,6,5,11
1974,3,2,5
1974,3,1,4
1974,6,5,11
1974,4,3,7
1974,5,2,7
1974,3,2,5
1974,7,3,10
1974,3,2,5
1974,6,10,16
1974,5,3,8
1974,11,1,12
1974,8,6,14
1974,4,3,7
1974,5,4,9
1974,4,3,7
1974,7,14,21
1974,6,5,11
1974,14,1,15
1974,4,1,5
1974,6,3,9
1974,12,0,12
1974,4,2,6
1974,9,1,10
1974,3,1,4
1974,7,5,12
1974,9,8,17
1974,4,3,7
1974,9,10,19
1974,6,0,6
1974,8,6,14
1974,10,1,11
1974,1,0,1
1974,1,0,1
1974,4,2,6
1974,6,16,22
1974,5,4,9
1974,5,2,7
1974,7,4,11
1974,1,0,1
1974,5,3,8
1974,10,1,11
1974,7,0,7
1974,3,0,3
1974,4,3,7
1974,6,3,9
1974,4,3,7
1974,3,1,4
1974,6,4,10
1974,5,2,7
1974,10,1,11
1974,5,4,9
1974,1,0,1
1974,6,1,7
1974,2,1,3
1974,4,3,7
1974,7,10,17
1974,7,4,11
1974,8,2,10
1974,4,3,7
1974,5,4,9
1974,3,2,5
1974,5,1,6
1974,4,2,6
1974,7,2,9
1974,7,1,8
1974,4,3,7
1974,5,3,8
1974,8,7,15
1974,5,2,7
1974,5,1,6
1974,9,11,20
1974,6,4,10
1974,4,1,5
1974,9,1,10
1974,3,2,5
1974,5,2,7
1974,6,3,9
1974,9,1,10
1974,7,4,11
1974,2,1,3
1974,5,0,5
1974,3,0,3
1974,3,1,4
1974,3,2,5
1974,9,8,17
1974,7,1,8
1974,5,3,8
1974,4,3,7
1974,4,3,7
1974,1,0,1
1974,5,1,6
1974,7,5,12
1974,3,12,15
1974,4,3,7
1974,8,1,9
1974,3,2,5
1974,7,5,12
1974,7,3,10
1974,3,0,3
1974,6,4,10
1974,10,1,11
1974,3,0,3
1974,9,4,13
1974,2,1,3
1974,7,3,10
1974,7,0,7
1974,6,1,7
1974,6,1,7
1974,1,0,1
1974,2,0,2
1974,3,0,3
1974,6,0,6
1974,6,5,11
1974,2,1,3
1974,1,0,1
1974,4,2,6
1974,4,15,19
1974,2,0,2
1974,5,0,5
1974,2,1,3
1974,5,4,9
1974,7,3,10
1974,5,4,9
1974,4,2,6
1974,3,0,3
1974,6,0,6
1974,3,2,5
1974,4,0,4
1974,2,1,3
1974,7,4,11
1974,3,2,5
1974,1,0,1
1974,2,0,2
1974,4,3,7
1974,8,6,14
1974,7,11,18
1974,3,2,5
1974,5,4,9
1974,3,1,4
1974,5,1,6
1974,3,12,15
1974,6,2,8
1974,11,0,11
1974,8,3,11
1974,6,0,6
1974,3,2,5
1974,6,2,8
1974,3,2,5
1974,7,2,9
1974,3,1,4
1974,4,1,5
1974,3,2,5
1974,5,2,7
1974,8,5,13
1974,4,3,7
1974,7,4,11
1974,8,0,8
1974,7,3,10
1974,4,2,6
1974,2,1,3
1974,8,2,10
1974,4,3,7
1974,9,4,13
1974,2,1,3
1974,4,3,7
1974,4,1,5
1974,4,1,5
1974,4,2,6
1974,2,10,12
1974,3,1,4
1974,9,0,9
1974,4,2,6
1974,6,1,7
1974,3,1,4
1974,4,3,7
1974,8,2,10
1974,3,10,13
1974,3,11,14
1974,2,1,3
1974,3,1,4
1974,4,0,4
1974,8,4,12
1974,2,0,2
1974,5,1,6
1974,3,2,5
1974,9,10,19
1974,2,1,3
1974,5,0,5
1974,6,1,7
1974,3,1,4
1974,8,7,15
1974,7,3,10
1974,5,4,9
1974,7,1,8
1974,5,4,9
1974,9,1,10
1974,2,1,3
1974,5,4,9
1974,2,0,2
1974,3,2,5
1974,5,0,5
1974,4,0,4
1974,7,2,9
1974,9,4,13
1974,6,3,9
1974,5,0,5
1974,6,3,9
1974,2,1,3
1974,5,1,6
1974,5,4,9
1974,5,4,9
1974,6,1,7
1974,4,2,6
1974,6,5,11
1974,1,0,1
1974,5,3,8
1974,3,10,13
1974,2,1,3
1974,9,7,16
1974,7,1,8
1974,8,7,15
1974,15,0,15
1974,5,4,9
1974,3,11,14
1974,2,1,3
1974,2,0,2
1974,8,3,11
1974,4,3,7
1974,2,12,14
1974,9,0,9
1974,2,0,2
1974,2,1,3
1974,4,0,4
1974,6,3,9
1974,3,0,3
1974,6,4,10
1974,7,3,10
1974,3,0,3
1974,9,2,11
1974,8,3,11
1974,6,3,9
1974,9,2,11
1974,4,1,5
1974,3,2,5
1974,8,7,15
1974,2,10,12
1974,5,2,7
1974,5,3,8
1974,8,11,19
1974,3,2,5
1974,3,1,4
1974,6,5,11
1974,5,3,8
1974,3,0,3
1974,6,4,10
1974,5,3,8
1974,9,0,9
1974,3,1,4
1974,9,3,12
1974,4,3,7
1974,6,2,8
1974,4,10,14
1974,5,1,6
1974,9,6,15
1974,7,5,12
1974,4,1,5
1974,3,2,5
1974,5,3,8
1974,4,2,6
1974,5,4,9
1974,4,2,6
1974,4,2,6
1974,5,1,6
1974,4,3,7
1974,5,4,9
1974,9,2,11
1974,6,4,10
1974,3,2,5
1974,5,3,8
1974,4,1,5
1974,6,0,6
1974,8,6,14
1974,4,2,6
1974,7,1,8
1974,6,2,8
1974,2,1,3
1974,3,2,5
1974,5,0,5
1974,4,3,7
1974,6,10,16
1974,9,4,13
1974,3,11,14
1974,3,2,5
1974,6,4,10
1974,3,15,18
1974,3,1,4
1974,5,3,8
1974,6,2,8
1974,2,1,3
1974,3,2,5
1974,9,2,11
1974,3,2,5
1974,7,2,9
1974,4,1,5
1974,3,2,5
1974,3,2,5
1974,9,6,15
1974,7,4,11
1974,7,1,8
1974,5,3,8
1974,6,4,10
1974,6,11,17
1974,7,0,7
1974,3,2,5
1974,6,0,6
1974,8,1,9
1974,2,14,16
1974,5,3,8
1974,1,0,1
1974,3,2,5
1974,3,1,4
1974,9,8,17
1974,1,0,1
1974,3,0,3
1974,6,1,7
1974,5,2,7
1974,3,0,3
1974,6,2,8
1974,9,3,12
1974,9,11,20
1974,5,3,8
1974,6,2,8
1974,4,3,7
1974,2,1,3
1974,2,11,13
1974,3,1,4
1974,6,4,10
1974,8,5,13
1974,5,3,8
1974,4,1,5
1974,5,3,8
1974,6,0,6
1974,4,1,5
1974,9,3,12
1974,3,2,5
1974,5,0,5
1974,6,5,11
1974,4,1,5
1974,6,5,11
1974,6,2,8
1974,5,4,9
1974,2,1,3
1974,4,3,7
1974,4,0,4
1974,5,0,5
1974,5,12,17
1974,2,1,3
1974,3,1,4
1974,8,5,13
1974,5,2,7
1974,8,2,10
1974,6,5,11
1974,3,2,5
1974,5,4,9
1974,5,4,9
1974,7,0,7
1974,8,4,12
1974,5,4,9
1974,3,1,4
1974,9,1,10
1974,3,11,14
1974,3,2,5
1974,9,4,13
1974,6,1,7
1974,6,11,17
1974,4,2,6
1974,8,1,9
1974,5,4,9
1974,5,10,15
1974,3,12,15
1974,4,3,7
1974,4,3,7
1974,2,1,3
1974,5,2,7
1974,7,0,7
1974,4,3,7
1974,9,4,13
1974,7,2,9
1974,5,2,7
1974,4,3,7
1974,9,5,14
1974,3,0,3
1974,7,0,7
1974,4,3,7
1974,1,0,1
1974,6,2,8
1974,7,3,10
1974,10,0,10
1974,12,1,13
1974,2,1,3
1974,4,0,4
1974,8,2,10
1974,2,1,3
1974,5,2,7
1974,2,1,3
1974,6,12,18
1974,9,4,13
1974,5,1,6
1974,3,13,16
1974,8,1,9
1974,3,0,3
1974,3,1,4
1974,7,6,13
1974,2,1,3
1974,4,1,5
1974,9,3,12
1974,5,4,9
1974,6,5,11
1974,7,3,10
1974,6,1,7
1974,3,2,5
1974,2,1,3
1974,6,1,7
1974,6,2,8
1974,5,2,7
1974,7,4,11
1974,7,0,7
1974,7,3,10
1974,6,4,10
1974,3,2,5
1974,4,2,6
1974,3,2,5
1974,4,3,7
1974,3,1,4
1974,3,0,3
1974,7,2,9
1974,4,3,7
1974,6,0,6
1974,2,11,13
1974,5,4,9
1974,8,7,15
1974,5,4,9
1974,2,0,2
1974,6,2,8
1974,5,4,9
1974,9,4,13
1974,7,12,19
1974,7,2,9
1974,2,0,2
1974,7,1,8
1974,7,5,12
1974,6,3,9
1974,5,4,9
1974,5,10,15
1974,2,0,2
1974,3,11,14
1974,15,1,16
1974,6,2,8
1974,6,4,10
1974,4,0,4
1974,3,2,5
1974,3,2,5
1974,5,3,8
1974,7,5,12
1974,6,10,16
1974,8,5,13
1974,8,2,10
1974,2,1,3
1974,2,0,2
1974,5,4,9
1974,7,3,10
1974,4,1,5
1974,4,0,4
1974,7,5,12
1974,4,0,4
1974,5,4,9
1974,4,2,6
1974,6,2,8
1974,5,1,6
1974,3,1,4
1974,7,6,13
1974,2,0,2
1974,5,2,7
1974,3,2,5
1974,6,11,17
1974,9,10,19
1974,6,12,18
1974,5,2,7
1974,6,2,8
1974,2,10,12
1974,3,2,5
1974,6,5,11
1974,8,6,14
1974,6,2,8
1974,6,4,10
1974,6,2,8
1974,5,3,8
1974,8,2,10
1974,6,3,9
1974,7,10,17
1974,2,1,3
1974,5,4,9
1974,7,3,10
1974,4,0,4
1974,2,0,2
1974,9,1,10
1974,2,1,3
1974,1,0,1
1974,2,1,3
1974,2,10,12
1974,14,13,27
1974,5,0,5
1974,8,7,15
1974,5,4,9
1974,4,12,16
1974,3,11,14
1974,2,0,2
1974,5,10,15
1974,3,2,5
1974,1,0,1
1974,5,1,6
1974,4,3,7
1974,4,1,5
1974,4,1,5
1974,3,2,5
1974,7,10,17
1974,5,4,9
1974,9,5,14
1974,1,0,1
1974,8,7,15
1974,3,0,3
1974,5,1,6
1974,5,3,8
1974,3,0,3
1974,6,10,16
1974,10,0,10
1974,5,3,8
1974,5,4,9
1974,6,3,9
1974,3,2,5
1974,5,1,6
1974,3,2,5
1974,3,11,14
1974,8,5,13
1974,6,1,7
1974,6,5,11
1974,7,4,11
1974,9,5,14
1974,3,2,5
1974,4,0,4
1974,8,3,11
1974,5,3,8
1974,9,12,21
1974,5,4,9
1974,14,1,15
1974,6,3,9
1974,3,2,5
1974,4,1,5
1974,7,2,9
1974,3,2,5
1974,4,3,7
1974,6,4,10
1974,2,10,12
1974,6,2,8
1974,2,1,3
1974,4,11,15
1974,3,2,5
1974,8,2,10
1974,7,2,9
1974,4,3,7
1974,9,11,20
1974,13,1,14
1974,10,1,11
1974,6,3,9
1974,8,6,14
1974,7,5,12
1974,3,2,5
1974,4,3,7
1974,8,4,12
1974,3,2,5
1974,4,0,4
1974,7,3,10
1974,6,0,6
1974,4,3,7
1974,3,11,14
1974,4,3,7
1974,8,0,8
1974,9,0,9
1974,7,4,11
1974,5,4,9
1974,4,14,18
1974,7,4,11
1974,4,0,4
1974,4,0,4
1974,4,3,7
1974,3,2,5
1974,8,3,11
1974,7,6,13
1974,9,8,17
1974,4,15,19
1974,3,11,14
1974,7,3,10
1974,9,2,11
1974,3,1,4
1974,8,1,9
1974,2,0,2
1974,6,5,11
1974,7,4,11
1974,3,1,4
1974,6,4,10
1974,5,2,7
1974,9,7,16
1974,7,5,12
1974,3,2,5
1974,8,2,10
1974,4,0,4
1974,2,1,3
1974,4,1,5
1974,3,2,5
1974,3,2,5
1974,3,2,5
1974,9,4,13
1974,5,12,17
1974,6,2,8
1974,4,3,7
1974,5,1,6
1974,7,6,13
1974,3,0,3
1974,6,2,8
1974,4,3,7
1974,3,1,4
1974,4,3,7
1974,6,3,9
1974,13,10,23
1974,6,1,7
1974,9,3,12
1974,4,10,14
1974,3,0,3
1974,2,1,3
1974,4,3,7
1974,8,3,11
1974,4,10,14
1974,2,1,3
1974,7,3,10
1974,4,3,7
1974,7,1,8
1974,7,2,9
1974,1,0,1
1974,4,2,6
1974,5,2,7
1974,6,1,7
1974,11,0,11
1974,8,13,21
1974,7,4,11
1974,6,3,9
1974,6,3,9
1974,2,1,3
1974,4,3,7
1974,4,10,14
1974,8,0,8
1974,9,7,16
1974,7,2,9
1974,3,2,5
1974,2,12,14
1974,9,7,16
1974,3,17,20
1974,6,3,9
1974,6,3,9
1974,6,0,6
1974,5,4,9
1974,9,4,13
1974,4,1,5
1974,8,3,11
1974,9,8,17
1974,5,2,7
1974,4,13,17
1974,1,0,1
1974,2,1,3
1974,3,2,5
1974,6,4,10
1974,7,6,13
1974,5,1,6
1974,2,0,2
1974,1,0,1
1974,7,5,12
1974,4,3,7
1974,3,2,5
1974,10,1,11
1974,8,4,12
1974,6,4,10
1974,4,3,7
1974,1,0,1
1974,3,2,5
1974,5,3,8
1974,3,2,5
1974,2,1,3
1974,4,3,7
1974,2,10,12
1974,7,1,8
1974,3,0,3
1974,5,3,8
1974,4,3,7
1974,3,13,16
1974,6,2,8
1974,4,1,5
1974,6,2,8
1974,3,2,5
1974,7,3,10
1974,5,3,8
1974,4,3,7
1974,2,1,3
1974,5,1,6
1974,2,1,3
1974,8,5,13
1974,5,1,6
1974,5,3,8
1974,5,3,8
1974,4,11,15
1974,8,4,12
1974,6,2,8
1974,5,4,9
1974,5,4,9
1974,5,3,8
1974,6,4,10
1974,3,2,5
1974,5,2,7
1974,5,2,7
1974,5,4,9
1974,4,10,14
1974,2,1,3
1974,6,5,11
1974,8,1,9
1974,3,1,4
1974,9,0,9
1974,4,2,6
1974,7,4,11
1974,5,1,6
1974,3,1,4
1974,3,2,5
1974,4,1,5
1974,6,5,11
1974,5,1,6
1974,4,3,7
1974,8,2,10
1974,3,0,3
1974,3,1,4
1974,3,14,17
1974,6,2,8
1974,3,0,3
1974,6,1,7
1974,6,5,11
1974,2,1,3
1974,5,1,6
1974,6,1,7
1974,5,4,9
1974,5,0,5
1974,6,5,11
1974,3,2,5
1974,1,0,1
1974,9,1,10
1974,3,2,5
1974,4,1,5
1974,6,4,10
1974,5,1,6
1974,6,5,11
1974,2,1,3
1974,5,3,8
1974,4,2,6
1974,6,3,9
1974,1,0,1
1974,3,2,5
1974,7,3,10
1974,4,1,5
1974,2,1,3
1974,7,3,10
1974,8,3,11
1974,9,8,17
1974,4,2,6
1974,5,3,8
1974,5,2,7
1974,2,1,3
1974,7,6,13
1974,3,2,5
1974,7,4,11
1974,4,2,6
1974,4,3,7
1974,6,2,8
1974,4,0,4
1974,3,2,5
1974,2,1,3
1974,4,3,7
1974,4,3,7
1974,5,3,8
1974,7,4,11
1974,1,0,1
1974,9,6,15
1974,5,2,7
1974,6,14,20
1974,6,5,11
1974,1,0,1
1974,3,0,3
1974,9,4,13
1974,3,13,16
1974,3,10,13
1974,4,1,5
1974,6,11,17
1974,6,1,7
1974,1,0,1
1974,8,7,15
1974,2,15,17
1974,2,1,3
1974,7,4,11
1974,6,2,8
1974,1,0,1
1974,5,3,8
1974,8,6,14
1974,2,1,3
1974,8,3,11
1974,1,0,1
1974,8,18,26
1974,7,1,8
1974,2,0,2
1974,6,2,8
1974,3,0,3
1974,2,1,3
1974,7,1,8
1974,8,7,15
1974,5,4,9
1974,5,1,6
1974,4,0,4
1974,2,0,2
1974,7,5,12
1974,3,10,13
1974,7,6,13
1974,2,10,12
1974,8,7,15
1974,4,1,5
1974,5,3,8
1974,4,2,6
1974,6,2,8
1974,3,1,4
1974,4,3,7
1974,6,0,6
1974,4,1,5
1974,3,0,3
1974,2,1,3
1974,5,2,7
1974,1,0,1
1974,2,1,3
1974,8,4,12
1974,1,0,1
1974,7,10,17
1974,4,10,14
1974,6,2,8
1974,1,0,1
1974,4,3,7
1974,9,5,14
1974,4,1,5
1974,3,0,3
1974,6,4,10
1974,1,0,1
1974,3,0,3
1974,4,0,4
1974,6,4,10
1974,3,1,4
1974,2,1,3
1974,1,0,1
1974,5,1,6
1974,7,0,7
1974,8,5,13
1974,8,5,13
1974,6,5,11
1974,5,0,5
1974,9,3,12
1974,2,0,2
1974,3,1,4
1974,2,1,3
1974,4,1,5
1974,2,10,12
1974,4,3,7
1974,6,2,8
1974,4,1,5
1974,2,1,3
1974,7,6,13
1974,3,2,5
1974,5,4,9
1974,7,6,13
1974,6,1,7
1974,7,6,13
1974,8,12,20
1974,2,13,15
1974,5,12,17
1974,3,2,5
1974,4,2,6
1974,6,1,7
1974,4,2,6
1974,3,0,3
1974,3,1,4
1974,2,13,15
1974,2,1,3
1974,3,0,3
1974,2,1,3
1974,7,1,8
1974,7,6,13
1974,3,1,4
1974,5,0,5
1974,4,2,6
1974,3,2,5
1974,4,3,7
1974,5,1,6
1974,3,1,4
1974,4,2,6
1974,3,2,5
1974,3,1,4
1974,7,2,9
1974,7,0,7
1974,3,1,4
1974,3,2,5
1974,6,2,8
1974,8,5,13
1974,3,11,14
1974,5,10,15
1974,9,2,11
1974,4,3,7
1974,9,2,11
1974,3,2,5
1974,4,2,6
1974,3,2,5
1974,5,1,6
1974,4,3,7
1974,8,2,10
1974,7,3,10
1974,6,18,24
1974,3,10,13
1974,7,3,10
1974,3,2,5
1974,4,3,7
1974,6,5,11
1974,6,2,8
1974,6,5,11
1974,6,10,16
1974,3,2,5
1974,2,0,2
1974,7,5,12
1974,2,1,3
1974,5,3,8
1974,7,1,8
1974,6,2,8
1974,3,1,4
1974,9,6,15
1974,3,0,3
1974,8,1,9
1974,4,1,5
1974,8,1,9
1974,3,10,13
1974,8,2,10
1974,4,0,4
1974,1,0,1
1974,1,0,1
1974,4,3,7
1974,6,4,10
1974,5,3,8
1974,3,1,4
1974,3,2,5
1974,6,4,10
1974,7,4,11
1974,11,1,12
1974,9,3,12
1974,7,2,9
1974,2,0,2
1974,4,11,15
1974,5,1,6
1974,5,4,9
1974,7,5,12
1974,2,1,3
1974,9,5,14
1974,7,0,7
1974,8,2,10
1974,5,1,6
1974,8,4,12
1974,6,3,9
1974,5,3,8
1974,6,0,6
1974,4,2,6
1974,5,4,9
1974,2,1,3
1974,7,0,7
1974,6,3,9
1974,3,0,3
1974,5,2,7
1974,5,4,9
1974,1,0,1
1974,4,3,7
1974,1,0,1
1974,6,5,11
1974,4,1,5
1974,3,0,3
1974,2,0,2
1974,2,0,2
1974,4,2,6
1974,4,3,7
1974,3,1,4
1974,2,0,2
1974,1,0,1
1974,4,3,7
1974,6,2,8
1974,5,4,9
1974,2,1,3
1974,3,0,3
1974,6,0,6
1974,4,3,7
1974,3,1,4
1974,3,0,3
1974,7,5,12
1974,3,2,5
1974,8,4,12
1974,1,0,1
1974,8,3,11
1974,1,0,1
1974,8,2,10
1974,6,5,11
1974,2,1,3
1974,5,3,8
1974,8,6,14
1974,1,0,1
1974,11,10,21
1974,7,4,11
1974,7,4,11
1974,3,2,5
1974,8,4,12
1974,3,11,14
1974,5,1,6
1974,8,2,10
1974,5,3,8
1974,8,1,9
1974,6,3,9
1974,4,1,5
1974,5,3,8
1974,9,4,13
1974,8,3,11
1974,7,1,8
1974,8,6,14
1974,6,5,11
1974,3,1,4
1974,7,1,8
1974,3,0,3
1974,7,0,7
1974,2,0,2
1974,1,0,1
1974,2,1,3
1974,8,2,10
1974,4,12,16
1974,5,2,7
1974,6,12,18
1974,6,5,11
1974,6,5,11
1974,8,7,15
1974,6,4,10
1974,8,2,10
1974,3,2,5
1974,5,1,6
1974,3,2,5
1974,6,2,8
1974,1,1,2
1974,3,1,4
1974,3,0,3
1974,5,3,8
1974,6,1,7
1974,4,13,17
1974,4,3,7
1974,8,5,13
1974,2,0,2
1974,5,4,9
1974,3,0,3
1974,2,2,4
1974,9,6,15
1974,6,2,8
1974,3,2,5
1974,9,7,16
1974,2,1,3
1974,2,1,3
1974,5,12,17
1974,6,4,10
1974,4,1,5
1974,11,0,11
1974,3,2,5
1974,8,6,14
1974,8,0,8
1974,3,1,4
1974,6,3,9
1974,6,3,9
1974,8,5,13
1974,6,5,11
1974,3,2,5
1974,6,0,6
1974,4,3,7
1974,7,3,10
1974,9,0,9
1974,5,4,9
1974,3,1,4
1974,7,1,8
1974,5,0,5
1974,7,10,17
1974,4,2,6
1974,3,1,4
1974,7,5,12
1974,3,13,16
1974,2,17,19
1974,12,0,12
1974,9,2,11
1974,7,3,10
1974,5,0,5
1974,8,3,11
1974,1,0,1
1974,6,2,8
1974,2,10,12
1974,7,1,8
1974,9,5,14
1974,5,2,7
1974,5,4,9
1974,5,4,9
1974,3,1,4
1974,3,1,4
1974,6,0,6
1974,8,4,12
1974,4,1,5
1974,7,2,9
1974,7,2,9
1974,3,2,5
1974,3,2,5
1974,9,2,11
1974,4,2,6
1974,5,3,8
1974,8,0,8
1974,2,1,3
1974,7,0,7
1974,3,2,5
1974,4,0,4
1974,4,2,6
1974,2,1,3
1974,6,1,7
1974,4,3,7
1974,8,5,13
1974,3,1,4
1974,5,4,9
1974,3,2,5
1974,6,3,9
1974,3,2,5
1974,4,0,4
1974,4,10,14
1974,5,2,7
1974,4,1,5
1974,6,5,11
1974,4,2,6
1974,4,1,5
1974,2,0,2
1974,3,1,4
1974,4,3,7
1974,2,11,13
1974,7,0,7
1974,7,4,11
1974,8,6,14
1974,8,4,12
1974,2,1,3
1974,2,0,2
1974,1,0,1
1974,2,1,3
1974,8,5,13
1974,3,2,5
1974,2,10,12
1974,5,4,9
1974,3,0,3
1974,4,3,7
1974,4,3,7
1974,5,2,7
1974,6,5,11
1974,3,2,5
1974,6,5,11
1974,4,3,7
1974,6,2,8
1974,8,1,9
1974,7,14,21
1974,4,2,6
1974,8,6,14
1974,4,19,23
1974,4,1,5
1974,8,5,13
1974,7,2,9
1974,3,1,4
1974,3,2,5
1974,6,5,11
1974,6,5,11
1974,6,2,8
1974,3,2,5
1974,8,5,13
1974,2,1,3
1974,4,0,4
1974,6,0,6
1974,6,5,11
1974,4,3,7
1974,6,2,8
1974,7,4,11
1974,4,3,7
1974,1,0,1
1974,5,4,9
1974,6,4,10
1974,2,11,13
1974,5,1,6
1974,4,3,7
1974,9,3,12
1974,2,1,3
1974,4,0,4
1974,4,2,6
1974,5,1,6
1974,6,3,9
1974,3,2,5
1974,7,3,10
1974,5,4,9
1974,7,1,8
1974,3,2,5
1974,4,1,5
1974,8,3,11
1974,7,0,7
1974,5,2,7
1974,1,0,1
1974,1,0,1
1974,6,2,8
1974,6,3,9
1974,3,2,5
1974,13,12,25
1974,6,10,16
1974,5,3,8
1974,10,1,11
1974,5,11,16
1974,2,1,3
1974,5,2,7
1974,5,1,6
1974,7,2,9
1974,1,0,1
1974,3,2,5
1974,4,10,14
1974,4,3,7
1974,9,3,12
1974,5,4,9
1974,2,0,2
1974,2,1,3
1974,3,2,5
1974,3,2,5
1974,5,0,5
1974,6,2,8
1974,7,1,8
1974,4,0,4
1974,8,3,11
1974,6,13,19
1974,9,3,12
1974,9,7,16
1974,7,2,9
1974,11,0,11
1974,3,1,4
1974,7,3,10
1974,6,5,11
1974,5,2,7
1974,9,6,15
1974,4,3,7
1974,4,0,4
1974,7,3,10
1974,7,3,10
1974,10,0,10
1974,7,4,11
1974,5,0,5
1974,6,3,9
1974,7,2,9
1974,3,2,5
1974,2,1,3
1974,6,12,18
1974,4,1,5
1974,5,1,6
1974,5,2,7
1974,2,1,3
1974,7,1,8
1974,7,4,11
1974,2,0,2
1974,2,1,3
1974,7,6,13
1974,8,5,13
1974,3,2,5
1974,6,0,6
1974,3,2,5
1974,2,1,3
1974,6,5,11
1974,7,2,9
1974,13,0,13
1974,8,6,14
1974,3,2,5
1974,5,4,9
1974,5,4,9
1974,5,4,9
1974,2,1,3
1974,2,1,3
1974,3,2,5
1974,5,4,9
1974,9,5,14
1974,6,3,9
1974,3,0,3
1974,5,0,5
1974,5,2,7
1974,1,0,1
1974,7,0,7
1974,2,1,3
1974,12,1,13
1974,3,2,5
1974,3,2,5
1974,3,2,5
1974,5,2,7
1974,3,2,5
1975,3,2,5
1975,2,1,3
1975,6,2,8
1975,8,4,12
1975,5,2,7
1975,5,3,8
1975,2,0,2
1975,2,1,3
1975,3,2,5
1975,4,11,15
1975,7,4,11
1975,7,6,13
1975,4,3,7
1975,2,14,16
1975,7,5,12
1975,4,0,4
1975,3,2,5
1975,8,4,12
1975,7,6,13
1975,10,0,10
1975,3,2,5
1975,9,0,9
1975,2,0,2
1975,7,2,9
1975,5,4,9
1975,6,5,11
1975,5,0,5
1975,2,1,3
1975,7,0,7
1975,8,3,11
1975,6,2,8
1975,5,3,8
1975,6,3,9
1975,4,3,7
1975,5,2,7
1975,4,2,6
1975,7,5,12
1975,3,2,5
1975,4,3,7
1975,6,3,9
1975,7,5,12
1975,2,1,3
1975,6,5,11
1975,7,2,9
1975,7,5,12
1975,3,2,5
1975,7,4,11
1975,5,4,9
1975,3,11,14
1975,7,5,12
1975,5,4,9
1975,7,0,7
1975,7,4,11
1975,5,3,8
1975,3,1,4
1975,6,0,6
1975,5,2,7
1975,2,0,2
1975,5,3,8
1975,10,0,10
1975,5,0,5
1975,4,2,6
1975,3,2,5
1975,5,2,7
1975,4,3,7
1975,4,2,6
1975,3,1,4
1975,6,1,7
1975,7,1,8
1975,6,5,11
1975,4,3,7
1975,3,1,4
1975,7,3,10
1975,5,3,8
1975,2,1,3
1975,5,2,7
1975,2,0,2
1975,4,14,18
1975,6,2,8
1975,7,6,13
1975,4,10,14
1975,4,2,6
1975,9,3,12
1975,5,0,5
1975,7,1,8
1975,3,2,5
1975,2,1,3
1975,7,3,10
1975,5,4,9
1975,9,10,19
1975,7,4,11
1975,7,14,21
1975,3,1,4
1975,9,7,16
1975,5,2,7
1975,5,1,6
1975,3,11,14
1975,3,1,4
1975,6,3,9
1975,5,4,9
1975,5,4,9
1975,5,3,8
1975,8,2,10
1975,6,5,11
1975,9,8,17
1975,3,0,3
1975,8,3,11
1975,3,2,5
1975,3,0,3
1975,4,2,6
1975,4,1,5
1975,7,1,8
1975,5,2,7
1975,4,3,7
1975,2,10,12
1975,8,4,12
1975,5,3,8
1975,7,6,13
1975,7,4,11
1975,7,1,8
1975,6,3,9
1975,8,6,14
1975,4,3,7
1975,4,1,5
1975,5,1,6
1975,5,0,5
1975,2,0,2
1975,2,1,3
1975,12,1,13
1975,8,6,14
1975,4,3,7
1975,4,0,4
1975,6,11,17
1975,3,2,5
1975,5,0,5
1975,7,1,8
1975,7,3,10
1975,7,5,12
1975,5,4,9
1975,6,2,8
1975,2,1,3
1975,1,0,1
1975,4,3,7
1975,9,5,14
1975,2,1,3
1975,5,4,9
1975,7,11,18
1975,4,1,5
1975,9,3,12
1975,4,3,7
1975,3,2,5
1975,3,0,3
1975,8,5,13
1975,5,0,5
1975,7,1,8
1975,3,2,5
1975,7,1,8
1975,3,11,14
1975,5,0,5
1975,4,1,5
1975,6,5,11
1975,4,3,7
1975,3,2,5
1975,6,11,17
1975,2,0,2
1975,4,3,7
1975,1,0,1
1975,6,4,10
1975,5,2,7
1975,5,3,8
1975,3,2,5
1975,5,3,8
1975,6,5,11
1975,3,0,3
1975,3,2,5
1975,1,0,1
1975,8,6,14
1975,3,2,5
1975,9,3,12
1975,8,6,14
1975,7,2,9
1975,10,1,11
1975,7,3,10
1975,6,4,10
1975,3,13,16
1975,6,1,7
1975,7,1,8
1975,9,1,10
1975,5,4,9
1975,6,2,8
1975,8,6,14
1975,7,6,13
1975,7,0,7
1975,10,1,11
1975,2,0,2
1975,8,12,20
1975,4,1,5
1975,7,3,10
1975,5,3,8
1975,7,5,12
1975,4,3,7
1975,6,1,7
1975,4,1,5
1975,4,2,6
1975,9,1,10
1975,12,1,13
1975,8,0,8
1975,3,1,4
1975,5,0,5
1975,3,0,3
1975,8,2,10
1975,4,3,7
1975,3,2,5
1975,8,1,9
1975,7,4,11
1975,7,6,13
1975,5,2,7
1975,6,2,8
1975,6,4,10
1975,2,1,3
1975,5,0,5
1975,4,2,6
1975,4,1,5
1975,8,2,10
1975,7,6,13
1975,5,2,7
1975,11,10,21
1975,3,17,20
1975,5,0,5
1975,6,3,9
1975,2,1,3
1975,4,3,7
1975,6,5,11
1975,4,3,7
1975,3,0,3
1975,4,2,6
1975,4,1,5
1975,3,0,3
1975,9,5,14
1975,5,4,9
1975,5,1,6
1975,4,3,7
1975,2,12,14
1975,4,3,7
1975,6,1,7
1975,6,1,7
1975,3,1,4
1975,4,3,7
1975,5,14,19
1975,3,0,3
1975,6,2,8
1975,4,3,7
1975,7,3,10
1975,4,2,6
1975,5,2,7
1975,3,2,5
1975,11,1,12
1975,4,3,7
1975,7,10,17
1975,4,11,15
1975,6,3,9
1975,8,6,14
1975,8,12,20
1975,8,6,14
1975,1,0,1
1975,3,1,4
1975,7,5,12
1975,2,0,2
1975,3,2,5
1975,3,11,14
1975,4,3,7
1975,7,1,8
1975,4,1,5
1975,7,3,10
1975,4,1,5
1975,4,2,6
1975,6,2,8
1975,3,1,4
1975,9,4,13
1975,2,1,3
1975,5,3,8
1975,6,2,8
1975,4,3,7
1975,3,2,5
1975,2,10,12
1975,4,2,6
1975,7,5,12
1975,6,5,11
1975,5,1,6
1975,7,0,7
1975,6,1,7
1975,9,1,10
1975,4,1,5
1975,3,2,5
1975,3,0,3
1975,6,4,10
1975,5,3,8
1975,4,2,6
1975,5,0,5
1975,6,2,8
1975,3,1,4
1975,5,2,7
1975,4,1,5
1975,5,2,7
1975,2,0,2
1975,3,1,4
1975,7,1,8
1975,5,4,9
1975,4,3,7
1975,4,3,7
1975,3,11,14
1975,6,4,10
1975,2,1,3
1975,8,6,14
1975,2,0,2
1975,5,1,6
1975,8,3,11
1975,5,2,7
1975,3,0,3
1975,8,7,15
1975,7,1,8
1975,3,0,3
1975,6,2,8
1975,9,2,11
1975,7,3,10
1975,6,4,10
1975,9,3,12
1975,5,2,7
1975,2,1,3
1975,4,3,7
1975,7,11,18
1975,4,0,4
1975,6,0,6
1975,3,2,5
1975,7,5,12
1975,7,0,7
1975,4,3,7
1975,5,0,5
1975,11,1,12
1975,3,2,5
1975,5,3,8
1975,6,4,10
1975,3,2,5
1975,5,0,5
1975,2,1,3
1975,8,7,15
1975,3,2,5
1975,9,4,13
1975,9,5,14
1975,4,0,4
1975,2,0,2
1975,5,0,5
1975,5,0,5
1975,3,2,5
1975,4,3,7
1975,7,11,18
1975,4,1,5
1975,3,0,3
1975,5,4,9
1975,5,1,6
1975,4,0,4
1975,5,4,9
1975,7,4,11
1975,3,2,5
1975,3,0,3
1975,4,2,6
1975,7,6,13
1975,5,4,9
1975,6,3,9
1975,5,3,8
1975,8,5,13
1975,1,0,1
1975,3,2,5
1975,5,2,7
1975,3,2,5
1975,2,10,12
1975,3,2,5
1975,3,1,4
1975,4,2,6
1975,4,2,6
1975,8,12,20
1975,8,2,10
1975,4,3,7
1975,3,10,13
1975,6,3,9
1975,5,3,8
1975,10,1,11
1975,6,4,10
1975,4,3,7
1975,8,7,15
1975,5,3,8
1975,6,1,7
1975,9,8,17
1975,4,1,5
1975,2,17,19
1975,6,4,10
1975,5,1,6
1975,4,2,6
1975,7,6,13
1975,7,12,19
1975,7,2,9
1975,6,0,6
1975,6,1,7
1975,9,1,10
1975,5,1,6
1975,3,2,5
1975,2,0,2
1975,7,6,13
1975,5,10,15
1975,2,1,3
1975,5,12,17
1975,4,2,6
1975,3,2,5
1975,6,3,9
1975,5,1,6
1975,1,0,1
1975,6,4,10
1975,9,4,13
1975,7,0,7
1975,6,2,8
1975,4,2,6
1975,2,1,3
1975,7,6,13
1975,5,3,8
1975,6,0,6
1975,5,2,7
1975,4,12,16
1975,6,3,9
1975,7,3,10
1975,6,2,8
1975,4,11,15
1975,3,2,5
1975,4,0,4
1975,10,0,10
1975,5,4,9
1975,6,5,11
1975,4,1,5
1975,1,0,1
1975,2,1,3
1975,6,3,9
1975,2,1,3
1975,8,3,11
1975,6,0,6
1975,4,2,6
1975,3,1,4
1975,6,1,7
1975,6,1,7
1975,5,2,7
1975,3,0,3
1975,4,2,6
1975,10,1,11
1975,4,3,7
1975,2,1,3
1975,7,11,18
1975,4,3,7
1975,3,2,5
1975,5,1,6
1975,6,0,6
1975,8,10,18
1975,3,2,5
1975,5,10,15
1975,2,1,3
1975,5,4,9
1975,6,2,8
1975,3,2,5
1975,9,5,14
1975,5,0,5
1975,3,10,13
1975,6,3,9
1975,6,1,7
1975,4,1,5
1975,4,3,7
1975,6,0,6
1975,6,3,9
1975,8,7,15
1975,9,1,10
1975,7,3,10
1975,7,2,9
1975,5,4,9
1975,6,5,11
1975,9,7,16
1975,9,3,12
1975,6,0,6
1975,4,3,7
1975,5,4,9
1975,6,2,8
1975,6,5,11
1975,4,2,6
1975,6,3,9
1975,6,5,11
1975,1,0,1
1975,2,10,12
1975,9,6,15
1975,7,5,12
1975,6,3,9
1975,7,2,9
1975,6,5,11
1975,3,0,3
1975,9,8,17
1975,4,10,14
1975,4,2,6
1975,1,0,1
1975,6,5,11
1975,7,1,8
1975,9,2,11
1975,5,4,9
1975,6,0,6
1975,5,2,7
1975,6,2,8
1975,9,3,12
1975,4,3,7
1975,5,0,5
1975,8,6,14
1975,3,0,3
1975,6,5,11
1975,4,1,5
1975,7,5,12
1975,5,0,5
1975,3,1,4
1975,4,3,7
1975,6,2,8
1975,6,2,8
1975,5,0,5
1975,2,1,3
1975,5,4,9
1975,6,5,11
1975,1,0,1
1975,2,1,3
1975,2,0,2
1975,7,5,12
1975,8,12,20
1975,3,2,5
1975,7,2,9
1975,4,1,5
1975,3,15,18
1975,4,11,15
1975,6,0,6
1975,6,0,6
1975,1,0,1
1975,7,2,9
1975,5,1,6
1975,3,2,5
1975,6,13,19
1975,5,11,16
1975,9,11,20
1975,5,13,18
1975,4,0,4
1975,6,3,9
1975,5,4,9
1975,5,2,7
1975,5,1,6
1975,8,4,12
1975,9,2,11
1975,5,3,8
1975,2,0,2
1975,6,3,9
1975,5,1,6
1975,1,0,1
1975,6,3,9
1975,4,0,4
1975,8,5,13
1975,6,5,11
1975,5,2,7
1975,5,4,9
1975,6,5,11
1975,4,3,7
1975,5,4,9
1975,12,1,13
1975,8,4,12
1975,4,2,6
1975,3,2,5
1975,7,6,13
1975,2,1,3
1975,8,10,18
1975,4,0,4
1975,6,3,9
1975,3,0,3
1975,1,0,1
1975,3,11,14
1975,7,2,9
1975,2,1,3
1975,5,2,7
1975,8,3,11
1975,8,4,12
1975,8,7,15
1975,7,4,11
1975,2,1,3
1975,3,2,5
1975,13,10,23
1975,6,0,6
1975,5,1,6
1975,5,1,6
1975,7,5,12
1975,6,0,6
1975,4,1,5
1975,2,11,13
1975,3,2,5
1975,7,2,9
1975,7,3,10
1975,3,1,4
1975,5,2,7
1975,6,3,9
1975,8,1,9
1975,5,4,9
1975,5,1,6
1975,7,3,10
1975,3,0,3
1975,4,0,4
1975,7,6,13
1975,1,0,1
1975,7,5,12
1975,4,3,7
1975,4,1,5
1975,2,1,3
1975,8,5,13
1975,3,2,5
1975,7,6,13
1975,5,1,6
1975,5,2,7
1975,3,1,4
1975,7,6,13
1975,4,0,4
1975,4,2,6
1975,3,1,4
1975,4,2,6
1975,5,4,9
1975,4,3,7
1975,4,12,16
1975,1,0,1
1975,9,2,11
1975,11,10,21
1975,4,3,7
1975,5,2,7
1975,4,0,4
1975,5,3,8
1975,8,3,11
1975,5,4,9
1975,3,0,3
1975,8,3,11
1975,9,2,11
1975,9,5,14
1975,5,3,8
1975,4,3,7
1975,4,3,7
1975,5,4,9
1975,6,4,10
1975,7,0,7
1975,5,0,5
1975,9,7,16
1975,3,1,4
1975,7,14,21
1975,5,3,8
1975,5,1,6
1975,7,1,8
1975,2,1,3
1975,5,3,8
1975,5,1,6
1975,3,1,4
1975,8,3,11
1975,9,8,17
1975,5,4,9
1975,6,2,8
1975,9,2,11
1975,10,1,11
1975,7,1,8
1975,4,2,6
1975,2,1,3
1975,2,0,2
1975,9,7,16
1975,3,2,5
1975,4,1,5
1975,7,1,8
1975,8,3,11
1975,18,11,29
1975,7,5,12
1975,4,10,14
1975,6,5,11
1975,5,1,6
1975,2,10,12
1975,7,3,10
1975,2,1,3
1975,7,2,9
1975,4,2,6
1975,6,2,8
1975,2,1,3
1975,2,1,3
1975,3,11,14
1975,3,2,5
1975,4,3,7
1975,4,3,7
1975,6,4,10
1975,7,0,7
1975,7,2,9
1975,7,1,8
1975,3,1,4
1975,9,0,9
1975,2,1,3
1975,8,6,14
1975,4,3,7
1975,8,7,15
1975,4,3,7
1975,8,7,15
1975,4,2,6
1975,5,4,9
1975,3,0,3
1975,6,0,6
1975,2,1,3
1975,5,2,7
1975,8,7,15
1975,5,1,6
1975,9,7,16
1975,9,2,11
1975,8,3,11
1975,6,2,8
1975,4,2,6
1975,7,6,13
1975,7,10,17
1975,4,10,14
1975,7,1,8
1975,9,5,14
1975,5,1,6
1975,5,3,8
1975,7,6,13
1975,3,2,5
1975,6,1,7
1975,4,2,6
1975,8,7,15
1975,6,5,11
1975,5,2,7
1975,4,3,7
1975,4,2,6
1975,7,4,11
1975,3,1,4
1975,3,13,16
1975,9,7,16
1975,6,1,7
1975,6,13,19
1975,15,1,16
1975,13,0,13
1975,4,0,4
1975,7,6,13
1975,7,6,13
1975,5,3,8
1975,9,3,12
1975,8,1,9
1975,3,10,13
1975,6,3,9
1975,9,2,11
1975,5,2,7
1975,3,2,5
1975,5,0,5
1975,4,1,5
1975,5,3,8
1975,4,2,6
1975,4,3,7
1975,12,11,23
1975,5,3,8
1975,6,0,6
1975,9,10,19
1975,7,3,10
1975,5,1,6
1975,3,1,4
1975,7,4,11
1975,2,1,3
1975,8,3,11
1975,4,3,7
1975,3,0,3
1975,4,2,6
1975,6,5,11
1975,8,3,11
1975,9,11,20
1975,4,1,5
1975,7,6,13
1975,7,3,10
1975,4,1,5
1975,5,1,6
1975,4,3,7
1975,6,1,7
1975,8,2,10
1975,5,2,7
1975,3,0,3
1975,5,1,6
1975,1,0,1
1975,6,5,11
1975,9,2,11
1975,3,2,5
1975,5,3,8
1975,8,4,12
1975,2,0,2
1975,7,6,13
1975,8,1,9
1975,4,0,4
1975,4,3,7
1975,3,2,5
1975,7,2,9
1975,8,4,12
1975,6,1,7
1975,3,11,14
1975,1,0,1
1975,6,5,11
1975,8,4,12
1975,6,0,6
1975,1,0,1
1975,4,0,4
1975,5,2,7
1975,6,5,11
1975,7,6,13
1975,3,0,3
1975,3,1,4
1975,8,6,14
1975,5,3,8
1975,7,5,12
1975,8,3,11
1975,5,0,5
1975,4,2,6
1975,6,13,19
1975,5,1,6
1975,6,4,10
1975,6,3,9
1975,8,1,9
1975,2,1,3
1975,3,0,3
1975,2,0,2
1975,2,1,3
1975,8,5,13
1975,6,2,8
1975,5,2,7
1975,5,4,9
1975,7,6,13
1975,6,12,18
1975,2,1,3
1975,7,1,8
1975,7,6,13
1975,6,2,8
1975,6,5,11
1975,6,1,7
1975,7,1,8
1975,8,3,11
1975,8,4,12
1975,9,2,11
1975,4,3,7
1975,5,2,7
1975,2,0,2
1975,3,2,5
1975,9,1,10
1975,4,12,16
1975,4,3,7
1975,5,2,7
1975,7,4,11
1975,6,1,7
1975,6,4,10
1975,5,4,9
1975,4,2,6
1975,5,1,6
1975,5,3,8
1975,5,10,15
1975,2,0,2
1975,8,5,13
1975,7,4,11
1975,8,6,14
1975,4,10,14
1975,5,3,8
1975,6,4,10
1975,6,3,9
1975,6,10,16
1975,3,2,5
1975,5,2,7
1975,1,0,1
1975,2,1,3
1975,5,3,8
1975,2,1,3
1975,3,2,5
1975,7,1,8
1975,3,1,4
1975,4,1,5
1975,4,3,7
1975,3,1,4
1975,4,3,7
1975,7,3,10
1975,9,6,15
1975,4,3,7
1975,4,3,7
1975,7,0,7
1975,5,2,7
1975,9,7,16
1975,5,2,7
1975,8,2,10
1975,6,1,7
1975,9,6,15
1975,4,1,5
1975,3,2,5
1975,4,1,5
1975,5,4,9
1975,3,10,13
1975,5,3,8
1975,5,1,6
1975,4,2,6
1975,6,10,16
1975,10,1,11
1975,8,7,15
1975,6,2,8
1975,10,1,11
1975,6,3,9
1975,4,3,7
1975,3,12,15
1975,4,10,14
1975,5,4,9
1975,6,5,11
1975,9,1,10
1975,5,4,9
1975,5,4,9
1975,4,3,7
1975,3,2,5
1975,5,13,18
1975,6,5,11
1975,6,3,9
1975,4,3,7
1975,9,4,13
1975,7,2,9
1975,5,3,8
1975,6,0,6
1975,7,5,12
1975,3,2,5
1975,3,2,5
1975,9,5,14
1975,7,1,8
1975,3,2,5
1975,7,6,13
1975,5,1,6
1975,4,0,4
1975,7,4,11
1975,2,1,3
1975,5,10,15
1975,5,4,9
1975,6,1,7
1975,2,1,3
1975,3,2,5
1975,8,2,10
1975,3,2,5
1975,1,0,1
1975,8,0,8
1975,4,2,6
1975,5,4,9
1975,6,0,6
1975,4,3,7
1975,7,6,13
1975,5,1,6
1975,4,3,7
1975,8,4,12
1975,5,4,9
1975,2,12,14
1975,3,2,5
1975,6,4,10
1975,5,4,9
1975,5,4,9
1975,5,2,7
1975,2,0,2
1975,8,2,10
1975,7,10,17
1975,6,3,9
1975,3,0,3
1975,1,0,1
1975,6,2,8
1975,18,12,30
1975,5,3,8
1975,11,10,21
1975,7,5,12
1975,2,11,13
1975,9,3,12
1975,5,1,6
1975,4,2,6
1975,7,0,7
1975,6,1,7
1975,2,0,2
1975,8,6,14
1975,2,13,15
1975,4,3,7
1975,3,1,4
1975,6,3,9
1975,5,0,5
1975,7,3,10
1975,2,1,3
1975,5,1,6
1975,4,3,7
1975,5,2,7
1975,7,3,10
1975,8,6,14
1975,4,3,7
1975,6,5,11
1975,8,5,13
1975,8,6,14
1975,2,1,3
1975,3,0,3
1975,5,1,6
1975,9,1,10
1975,4,0,4
1975,5,15,20
1975,3,0,3
1975,6,4,10
1975,2,1,3
1975,9,8,17
1975,3,2,5
1975,3,2,5
1975,9,7,16
1975,6,2,8
1975,4,3,7
1975,6,4,10
1975,4,0,4
1975,3,1,4
1975,3,2,5
1975,9,0,9
1975,8,7,15
1975,7,3,10
1975,3,1,4
1975,3,2,5
1975,6,3,9
1975,4,1,5
1975,2,1,3
1975,8,11,19
1975,5,3,8
1975,8,6,14
1975,4,3,7
1975,4,1,5
1975,2,1,3
1975,5,2,7
1975,5,3,8
1975,11,1,12
1975,4,3,7
1975,4,0,4
1975,6,2,8
1975,5,0,5
1975,6,5,11
1975,9,4,13
1975,7,3,10
1975,4,10,14
1975,9,1,10
1975,6,4,10
1975,3,2,5
1975,2,14,16
1975,2,0,2
1975,5,4,9
1975,8,7,15
1975,7,1,8
1975,6,4,10
1975,2,1,3
1975,5,4,9
1975,7,5,12
1975,8,7,15
1975,4,1,5
1975,5,3,8
1975,9,5,14
1975,8,4,12
1975,5,0,5
1975,4,3,7
1975,7,5,12
1975,2,1,3
1975,6,3,9
1975,8,3,11
1975,4,0,4
1975,9,1,10
1975,6,3,9
1975,5,2,7
1975,6,1,7
1975,3,0,3
1975,4,3,7
1975,6,5,11
1975,6,5,11
1975,1,0,1
1975,7,2,9
1975,9,6,15
1975,9,3,12
1975,4,0,4
1975,7,6,13
1975,4,3,7
1975,2,0,2
1975,3,10,13
1975,4,3,7
1975,7,4,11
1975,4,2,6
1975,2,1,3
1975,1,0,1
1975,3,2,5
1975,5,1,6
1975,4,2,6
1975,8,0,8
1975,3,2,5
1975,8,10,18
1975,5,3,8
1975,2,1,3
1975,4,2,6
1975,5,4,9
1975,1,0,1
1975,2,1,3
1975,5,2,7
1975,8,0,8
1975,5,2,7
1975,9,2,11
1975,5,10,15
1975,4,10,14
1975,7,3,10
1975,5,3,8
1975,2,14,16
1975,5,4,9
1975,6,5,11
1975,9,10,19
1975,4,11,15
1975,3,1,4
1975,2,10,12
1975,2,1,3
1975,7,1,8
1975,5,10,15
1975,3,2,5
1975,6,2,8
1975,7,4,11
1975,2,1,3
1975,3,2,5
1975,1,0,1
1975,3,0,3
1975,4,1,5
1975,6,2,8
1975,4,10,14
1975,4,0,4
1975,7,2,9
1975,6,0,6
1975,8,3,11
1975,6,11,17
1975,11,0,11
1975,4,16,20
1975,4,3,7
1975,3,2,5
1975,6,3,9
1975,5,4,9
1975,2,1,3
1975,3,1,4
1975,1,0,1
1975,1,0,1
1975,9,5,14
1975,4,0,4
1975,1,0,1
1975,3,0,3
1975,5,4,9
1975,4,1,5
1975,4,2,6
1975,2,1,3
1975,5,2,7
1975,3,2,5
1975,8,1,9
1975,2,10,12
1975,9,8,17
1975,4,3,7
1975,1,0,1
1975,5,2,7
1975,8,2,10
1975,7,10,17
1975,6,2,8
1975,6,5,11
1975,2,1,3
1975,5,4,9
1975,4,3,7
1975,7,3,10
1975,8,1,9
1975,12,1,13
1975,6,3,9
1975,4,3,7
1975,6,3,9
1975,4,3,7
1975,8,1,9
1975,6,3,9
1975,6,1,7
1975,5,2,7
1975,8,6,14
1975,8,6,14
1975,6,1,7
1975,4,3,7
1975,5,2,7
1975,4,2,6
1975,9,4,13
1975,5,0,5
1975,9,8,17
1975,5,3,8
1975,6,0,6
1975,3,2,5
1975,9,3,12
1975,7,0,7
1975,4,0,4
1975,4,2,6
1975,5,2,7
1975,5,2,7
1975,9,4,13
1975,3,1,4
1975,6,1,7
1975,4,2,6
1975,4,1,5
1975,5,3,8
1975,8,7,15
1975,7,2,9
1975,3,1,4
1975,2,1,3
1975,7,4,11
1975,6,11,17
1975,1,0,1
1975,6,0,6
1975,10,1,11
1975,7,1,8
1975,4,1,5
1975,5,3,8
1975,9,6,15
1975,5,3,8
1975,7,5,12
1975,7,6,13
1975,3,2,5
1975,4,2,6
1975,8,4,12
1975,2,0,2
1975,9,8,17
1975,3,0,3
1975,6,12,18
1975,5,2,7
1975,7,11,18
1975,4,2,6
1975,7,1,8
1975,4,0,4
1975,7,4,11
1975,4,3,7
1975,4,2,6
1975,6,2,8
1975,5,2,7
1975,4,2,6
1975,6,1,7
1975,5,1,6
1975,5,3,8
1975,6,11,17
1975,8,2,10
1975,3,1,4
1975,6,2,8
1975,5,4,9
1975,6,1,7
1975,6,1,7
1975,8,4,12
1975,6,4,10
1975,2,1,3
1975,1,0,1
1975,8,1,9
1975,5,2,7
1975,11,10,21
1975,3,2,5
1975,6,1,7
1975,5,3,8
1975,6,11,17
1975,5,3,8
1975,7,2,9
1975,7,4,11
1975,6,2,8
1975,6,4,10
1975,3,1,4
1975,8,7,15
1975,9,4,13
1975,6,0,6
1975,5,3,8
1975,5,1,6
1975,8,6,14
1975,6,4,10
1975,5,4,9
1975,4,2,6
1975,4,0,4
1975,3,2,5
1975,2,1,3
1975,6,1,7
1975,7,2,9
1975,4,0,4
1975,6,5,11
1975,1,0,1
1975,4,1,5
1975,8,3,11
1975,4,3,7
1975,5,3,8
1975,6,0,6
1975,8,6,14
1975,8,7,15
1975,8,2,10
1975,4,1,5
1975,6,4,10
1975,6,3,9
1975,7,4,11
1975,5,0,5
1975,3,1,4
1975,7,4,11
1975,9,12,21
1975,5,4,9
1975,12,1,13
1975,3,2,5
1975,5,4,9
1975,4,3,7
1975,5,1,6
1975,5,4,9
1975,9,10,19
1975,6,4,10
1975,8,12,20
1975,4,2,6
1975,6,4,10
1975,6,5,11
1975,9,1,10
1975,2,1,3
1975,4,3,7
1975,3,2,5
1975,5,3,8
1975,7,5,12
1975,5,4,9
1975,12,0,12
1975,3,0,3
1975,4,10,14
1975,4,1,5
1975,8,4,12
1975,6,1,7
1975,5,0,5
1975,4,3,7
1975,7,0,7
1975,7,0,7
1975,5,13,18
1975,6,5,11
1975,6,3,9
1975,6,1,7
1975,3,2,5
1975,2,15,17
1975,11,1,12
1975,5,3,8
1975,4,2,6
1975,8,2,10
1975,4,3,7
1975,5,4,9
1975,5,2,7
1975,9,6,15
1975,6,1,7
1975,5,12,17
1975,4,2,6
1975,5,2,7
1975,8,4,12
1975,6,3,9
1975,7,6,13
1975,6,1,7
1975,2,10,12
1975,4,2,6
1975,7,0,7
1975,5,3,8
1975,10,1,11
1975,1,0,1
1975,3,1,4
1975,4,3,7
1975,7,4,11
1975,8,7,15
1975,4,3,7
1975,3,1,4
1975,5,3,8
1975,6,4,10
1975,4,3,7
1975,3,2,5
1975,5,4,9
1975,6,10,16
1975,8,2,10
1975,8,1,9
1975,6,12,18
1975,9,1,10
1975,6,4,10
1975,1,0,1
1975,5,0,5
1975,4,2,6
1975,2,0,2
1975,7,2,9
1975,4,11,15
1975,6,1,7
1975,9,1,10
1975,1,0,1
1975,3,2,5
1975,3,11,14
1975,5,1,6
1975,4,0,4
1975,5,3,8
1975,7,4,11
1975,2,1,3
1975,5,3,8
1975,8,1,9
1975,3,2,5
1975,8,1,9
1975,4,0,4
1975,8,1,9
1975,9,3,12
1975,7,0,7
1975,7,2,9
1975,8,7,15
1975,9,2,11
1975,8,4,12
1975,4,3,7
1975,7,1,8
1975,3,2,5
1975,4,2,6
1975,8,2,10
1975,6,3,9
1975,8,12,20
1975,4,3,7
1975,5,4,9
1975,7,4,11
1975,5,2,7
1975,9,4,13
1975,7,2,9
1975,7,6,13
1975,4,3,7
1975,3,0,3
1975,8,3,11
1975,4,3,7
1975,6,5,11
1975,4,3,7
1975,5,2,7
1975,4,3,7
1975,8,5,13
1975,3,1,4
1975,5,4,9
1975,6,4,10
1975,5,3,8
1975,6,4,10
1975,6,1,7
1975,5,3,8
1975,9,2,11
1975,5,1,6
1975,4,1,5
1975,2,1,3
1975,6,10,16
1975,13,1,14
1975,8,0,8
1975,3,2,5
1975,8,3,11
1975,4,1,5
1975,5,4,9
1975,8,4,12
1975,8,4,12
1975,6,2,8
1975,9,4,13
1975,8,4,12
1975,4,3,7
1975,8,7,15
1975,5,1,6
1975,8,0,8
1975,5,0,5
1975,5,3,8
1975,3,2,5
1975,4,3,7
1975,9,1,10
1975,3,2,5
1975,4,2,6
1975,2,1,3
1975,5,1,6
1975,8,1,9
1975,4,0,4
1975,7,0,7
1975,6,2,8
1975,4,3,7
1975,3,1,4
1975,7,11,18
1975,5,3,8
1975,5,14,19
1975,5,3,8
1975,3,0,3
1975,3,1,4
1975,4,10,14
1975,6,3,9
1975,5,4,9
1975,3,1,4
1975,4,3,7
1975,4,2,6
1975,4,0,4
1975,6,1,7
1975,4,1,5
1975,5,2,7
1975,5,3,8
1975,3,2,5
1975,6,4,10
1975,5,4,9
1975,2,1,3
1975,2,1,3
1975,6,3,9
1975,5,0,5
1975,5,2,7
1975,5,0,5
1975,7,6,13
1975,3,1,4
1975,4,0,4
1975,2,1,3
1975,4,1,5
1975,6,1,7
1975,5,4,9
1975,3,1,4
1975,3,2,5
1975,8,6,14
1975,5,3,8
1975,2,1,3
1975,3,1,4
1975,4,0,4
1975,7,0,7
1975,7,3,10
1975,5,2,7
1975,2,1,3
1975,4,2,6
1975,2,1,3
1975,6,5,11
1975,9,5,14
1975,3,1,4
1975,8,4,12
1975,5,2,7
1975,7,2,9
1975,4,2,6
1975,6,5,11
1975,6,4,10
1975,9,5,14
1975,8,5,13
1975,6,4,10
1975,14,12,26
1975,7,1,8
1975,3,1,4
1975,5,2,7
1975,6,3,9
1975,9,3,12
1975,6,5,11
1975,4,12,16
1975,7,12,19
1975,8,3,11
1975,2,1,3
1975,7,2,9
1975,1,0,1
1975,6,1,7
1975,8,4,12
1975,5,2,7
1975,5,3,8
1975,7,6,13
1975,3,1,4
1975,9,0,9
1975,4,3,7
1975,5,1,6
1975,7,2,9
1975,7,6,13
1975,9,5,14
1975,6,0,6
1975,6,2,8
1975,8,7,15
1975,4,11,15
1975,5,1,6
1975,4,2,6
1975,6,3,9
1975,4,0,4
1975,4,0,4
1975,3,3,6
1975,1,0,1
1975,8,2,10
1975,6,5,11
1975,4,3,7
1975,3,2,5
1975,8,1,9
1975,2,1,3
1975,7,1,8
1975,8,2,10
1975,7,2,9
1975,4,3,7
1975,9,10,19
1975,2,1,3
1975,3,2,5
1975,6,2,8
1975,6,5,11
1975,2,0,2
1975,5,0,5
1975,4,2,6
1975,10,0,10
1975,1,0,1
1975,3,2,5
1975,6,2,8
1975,7,0,7
1975,9,1,10
1975,5,1,6
1975,8,2,10
1975,2,1,3
1975,4,0,4
1975,4,1,5
1975,3,2,5
1975,8,10,18
1975,8,5,13
1975,4,2,6
1975,6,1,7
1975,8,3,11
1975,6,2,8
1975,9,6,15
1975,8,1,9
1975,6,1,7
1975,6,5,11
1975,4,0,4
1975,3,1,4
1975,13,1,14
1975,4,2,6
1975,7,6,13
1975,3,2,5
1975,9,2,11
1975,7,0,7
1975,5,2,7
1975,7,4,11
1975,5,1,6
1975,4,1,5
1975,8,3,11
1975,8,6,14
1975,3,1,4
1975,9,8,17
1975,5,3,8
1975,5,2,7
1975,7,0,7
1975,9,6,15
1975,6,0,6
1975,5,4,9
1975,4,1,5
1975,4,2,6
1975,6,3,9
1975,8,10,18
1975,3,1,4
1975,2,1,3
1975,5,4,9
1975,5,3,8
1975,3,0,3
1975,6,5,11
1975,3,1,4
1975,6,3,9
1975,5,4,9
1975,3,2,5
1975,2,1,3
1975,7,4,11
1975,4,1,5
1975,4,1,5
1975,4,10,14
1975,6,5,11
1975,4,1,5
1975,8,4,12
1975,4,3,7
1975,7,3,10
1975,5,3,8
1975,5,3,8
1975,9,10,19
1975,3,2,5
1975,5,4,9
1975,5,4,9
1975,2,13,15
1975,8,0,8
1975,9,4,13
1975,3,11,14
1975,3,1,4
1975,6,3,9
1975,6,11,17
1975,2,1,3
1975,3,1,4
1975,6,4,10
1975,7,0,7
1975,3,2,5
1975,8,1,9
1975,2,1,3
1975,5,10,15
1975,5,2,7
1975,5,4,9
1975,2,1,3
1975,5,2,7
1975,3,2,5
1975,4,3,7
1975,2,11,13
1975,2,1,3
1975,4,2,6
1975,4,3,7
1975,5,2,7
1975,5,2,7
1975,4,2,6
1975,4,3,7
1975,6,3,9
1975,3,2,5
1975,7,6,13
1975,4,3,7
1975,6,3,9
1975,5,2,7
1975,3,2,5
1975,4,2,6
1975,2,1,3
1975,6,20,26
1975,5,12,17
1975,6,3,9
1975,2,1,3
1975,7,6,13
1975,5,4,9
1975,2,0,2
1975,8,7,15
1975,9,1,10
1975,8,4,12
1975,7,2,9
1975,9,0,9
1975,3,2,5
1975,6,3,9
1975,7,3,10
1975,6,0,6
1975,4,12,16
1975,4,1,5
1975,7,3,10
1975,6,4,10
1975,9,6,15
1975,4,1,5
1975,4,0,4
1975,6,2,8
1975,6,5,11
1975,6,1,7
1975,3,0,3
1975,8,2,10
1975,6,3,9
1975,4,1,5
1975,3,2,5
1975,4,1,5
1975,5,4,9
1975,3,2,5
1975,8,3,11
1975,9,1,10
1975,3,0,3
1975,4,2,6
1975,2,1,3
1975,9,6,15
1975,2,1,3
1975,6,2,8
1975,6,5,11
1975,2,11,13
1975,7,4,11
1975,5,3,8
1975,4,2,6
1975,7,5,12
1975,7,1,8
1975,6,5,11
1975,3,2,5
1975,9,4,13
1975,5,1,6
1975,8,2,10
1975,9,1,10
1975,8,4,12
1975,2,1,3
1975,6,3,9
1975,3,1,4
1975,6,12,18
1975,2,10,12
1975,5,2,7
1975,5,0,5
1975,2,10,12
1975,7,0,7
1975,4,3,7
1975,4,3,7
1975,6,4,10
1975,2,10,12
1975,7,2,9
1975,2,1,3
1975,4,11,15
1975,7,6,13
1975,6,3,9
1975,1,0,1
1975,6,3,9
1975,5,1,6
1975,5,2,7
1975,9,6,15
1975,6,3,9
1975,4,1,5
1975,8,0,8
1975,6,2,8
1975,6,0,6
1975,8,5,13
1975,7,1,8
1975,4,3,7
1975,5,2,7
1975,9,2,11
1975,6,2,8
1975,8,7,15
1975,8,6,14
1975,7,13,20
1975,9,3,12
1975,4,10,14
1975,3,2,5
1975,8,10,18
1975,6,2,8
1975,4,3,7
1975,4,2,6
1975,4,2,6
1975,8,3,11
1975,6,2,8
1975,9,8,17
1975,9,7,16
1975,6,5,11
1975,9,1,10
1975,3,2,5
1975,5,4,9
1975,7,6,13
1975,3,2,5
1975,12,0,12
1975,7,6,13
1975,2,0,2
1975,22,0,22
1975,5,1,6
1975,9,2,11
1975,6,5,11
1975,5,2,7
1975,5,2,7
1975,4,3,7
1975,4,3,7
1975,7,6,13
1975,4,3,7
1975,5,11,16
1975,6,4,10
1975,5,2,7
1975,3,2,5
1975,10,1,11
1975,4,0,4
1975,7,1,8
1975,6,5,11
1975,2,1,3
1975,5,2,7
1975,9,1,10
1975,4,1,5
1975,6,3,9
1975,3,2,5
1975,4,3,7
1975,7,6,13
1975,2,1,3
1975,4,3,7
1975,7,5,12
1975,4,1,5
1975,5,0,5
1975,5,3,8
1975,7,6,13
1975,6,5,11
1975,1,0,1
1975,6,10,16
1975,3,2,5
1975,7,5,12
1975,6,5,11
1975,5,4,9
1975,9,6,15
1975,4,3,7
1975,7,1,8
1975,3,1,4
1975,9,2,11
1975,5,4,9
1975,3,2,5
1975,5,3,8
1975,4,1,5
1975,5,1,6
1975,5,4,9
1975,4,16,20
1975,3,1,4
1975,9,7,16
1975,8,2,10
1975,4,2,6
1975,3,0,3
1975,3,0,3
1975,5,2,7
1975,8,2,10
1975,3,2,5
1975,5,11,16
1975,6,5,11
1975,4,1,5
1975,2,1,3
1975,5,4,9
1975,4,2,6
1975,5,3,8
1975,2,1,3
1975,3,0,3
1975,7,6,13
1975,5,1,6
1975,2,1,3
1975,6,4,10
1975,8,5,13
1975,6,4,10
1975,2,1,3
1975,3,11,14
1975,6,5,11
1975,5,4,9
1975,8,6,14
1975,4,3,7
1975,5,3,8
1975,4,0,4
1975,7,0,7
1975,4,3,7
1975,3,1,4
1975,6,4,10
1975,7,6,13
1975,8,1,9
1975,1,0,1
1975,3,10,13
1975,6,4,10
1975,4,2,6
1975,6,2,8
1975,2,13,15
1975,8,1,9
1975,14,0,14
1975,5,2,7
1975,8,2,10
1975,8,6,14
1975,4,0,4
1975,4,0,4
1975,3,2,5
1975,5,12,17
1975,3,2,5
1975,3,0,3
1975,2,1,3
1975,4,2,6
1975,4,3,7
1975,3,2,5
1975,5,0,5
1975,1,0,1
1975,8,6,14
1975,5,2,7
1975,5,3,8
1975,7,6,13
1975,5,1,6
1975,5,2,7
1975,1,0,1
1975,3,2,5
1975,7,3,10
1975,6,3,9
1975,8,1,9
1975,4,1,5
1975,4,2,6
1975,5,4,9
1975,4,11,15
1975,9,6,15
1975,7,6,13
1975,4,2,6
1975,7,0,7
1975,6,4,10
1975,3,0,3
1975,3,2,5
1975,5,0,5
1975,5,4,9
1975,5,3,8
1975,6,2,8
1975,3,1,4
1975,7,1,8
1975,8,3,11
1975,6,3,9
1975,6,1,7
1975,5,3,8
1975,5,3,8
1975,6,0,6
1975,3,2,5
1975,6,5,11
1975,5,4,9
1975,6,2,8
1975,7,6,13
1975,4,3,7
1976,5,11,16
1976,5,0,5
1976,1,0,1
1976,5,2,7
1976,4,0,4
1976,3,2,5
1976,8,2,10
1976,4,2,6
1976,5,0,5
1976,2,1,3
1976,5,1,6
1976,6,2,8
1976,7,13,20
1976,3,1,4
1976,9,7,16
1976,1,0,1
1976,5,4,9
1976,3,0,3
1976,4,3,7
1976,4,1,5
1976,6,2,8
1976,7,10,17
1976,9,3,12
1976,7,6,13
1976,8,3,11
1976,4,2,6
1976,6,4,10
1976,8,5,13
1976,4,3,7
1976,3,0,3
1976,5,0,5
1976,5,1,6
1976,6,1,7
1976,7,1,8
1976,7,4,11
1976,5,4,9
1976,1,0,1
1976,2,1,3
1976,7,4,11
1976,8,5,13
1976,4,1,5
1976,4,14,18
1976,3,1,4
1976,6,5,11
1976,6,5,11
1976,5,3,8
1976,7,6,13
1976,3,1,4
1976,6,2,8
1976,8,2,10
1976,4,2,6
1976,5,10,15
1976,8,4,12
1976,8,10,18
1976,5,1,6
1976,8,5,13
1976,4,11,15
1976,9,3,12
1976,3,1,4
1976,6,5,11
1976,7,14,21
1976,4,1,5
1976,5,3,8
1976,3,1,4
1976,3,1,4
1976,5,1,6
1976,7,1,8
1976,2,0,2
1976,18,16,34
1976,11,0,11
1976,5,4,9
1976,5,3,8
1976,10,0,10
1976,6,1,7
1976,17,1,18
1976,4,3,7
1976,7,6,13
1976,4,10,14
1976,6,2,8
1976,8,5,13
1976,5,1,6
1976,4,2,6
1976,5,11,16
1976,6,0,6
1976,5,4,9
1976,2,1,3
1976,7,5,12
1976,2,1,3
1976,7,4,11
1976,4,1,5
1976,2,0,2
1976,9,4,13
1976,4,3,7
1976,8,3,11
1976,6,5,11
1976,4,3,7
1976,12,11,23
1976,3,12,15
1976,5,0,5
1976,7,5,12
1976,9,1,10
1976,6,3,9
1976,5,4,9
1976,5,4,9
1976,6,5,11
1976,5,1,6
1976,8,0,8
1976,3,0,3
1976,5,1,6
1976,6,12,18
1976,5,4,9
1976,1,0,1
1976,7,10,17
1976,7,3,10
1976,3,0,3
1976,7,4,11
1976,5,4,9
1976,7,2,9
1976,2,1,3
1976,9,2,11
1976,3,0,3
1976,7,6,13
1976,3,1,4
1976,4,3,7
1976,4,2,6
1976,5,4,9
1976,3,2,5
1976,6,5,11
1976,5,1,6
1976,7,3,10
1976,8,7,15
1976,5,4,9
1976,7,1,8
1976,2,1,3
1976,2,1,3
1976,6,4,10
1976,9,8,17
1976,5,10,15
1976,4,3,7
1976,3,1,4
1976,9,1,10
1976,4,2,6
1976,5,4,9
1976,7,2,9
1976,7,0,7
1976,3,2,5
1976,3,1,4
1976,3,0,3
1976,7,1,8
1976,1,0,1
1976,3,1,4
1976,9,10,19
1976,6,2,8
1976,7,15,22
1976,3,2,5
1976,2,10,12
1976,5,3,8
1976,7,5,12
1976,6,5,11
1976,7,3,10
1976,4,2,6
1976,7,1,8
1976,1,0,1
1976,4,2,6
1976,4,1,5
1976,8,1,9
1976,2,1,3
1976,9,0,9
1976,6,4,10
1976,8,7,15
1976,3,0,3
1976,7,6,13
1976,8,5,13
1976,4,2,6
1976,8,5,13
1976,4,0,4
1976,3,1,4
1976,2,0,2
1976,9,5,14
1976,6,1,7
1976,11,1,12
1976,8,4,12
1976,7,2,9
1976,5,2,7
1976,5,3,8
1976,5,1,6
1976,3,1,4
1976,4,3,7
1976,5,2,7
1976,6,5,11
1976,3,0,3
1976,4,2,6
1976,10,1,11
1976,6,1,7
1976,6,1,7
1976,4,1,5
1976,4,3,7
1976,9,5,14
1976,6,10,16
1976,3,1,4
1976,7,1,8
1976,8,2,10
1976,6,2,8
1976,4,3,7
1976,8,4,12
1976,3,12,15
1976,5,4,9
1976,2,1,3
1976,3,1,4
1976,5,4,9
1976,7,4,11
1976,4,2,6
1976,6,5,11
1976,6,5,11
1976,6,3,9
1976,5,4,9
1976,8,7,15
1976,3,1,4
1976,7,5,12
1976,2,1,3
1976,9,6,15
1976,5,4,9
1976,7,4,11
1976,5,3,8
1976,8,4,12
1976,5,0,5
1976,6,5,11
1976,4,0,4
1976,2,0,2
1976,8,4,12
1976,4,10,14
1976,14,12,26
1976,8,2,10
1976,6,4,10
1976,2,0,2
1976,3,1,4
1976,6,3,9
1976,6,1,7
1976,5,4,9
1976,4,2,6
1976,4,1,5
1976,4,2,6
1976,3,0,3
1976,4,3,7
1976,5,4,9
1976,3,1,4
1976,5,0,5
1976,4,3,7
1976,6,2,8
1976,4,14,18
1976,8,10,18
1976,3,1,4
1976,3,1,4
1976,6,3,9
1976,6,5,11
1976,4,12,16
1976,4,3,7
1976,4,14,18
1976,7,1,8
1976,2,13,15
1976,7,5,12
1976,7,2,9
1976,8,4,12
1976,6,4,10
1976,5,3,8
1976,5,1,6
1976,7,4,11
1976,6,5,11
1976,3,2,5
1976,2,14,16
1976,4,2,6
1976,6,4,10
1976,4,2,6
1976,8,0,8
1976,4,0,4
1976,4,3,7
1976,3,10,13
1976,5,2,7
1976,5,10,15
1976,5,4,9
1976,6,3,9
1976,4,3,7
1976,7,6,13
1976,8,7,15
1976,4,0,4
1976,6,0,6
1976,4,3,7
1976,5,3,8
1976,6,3,9
1976,5,2,7
1976,4,3,7
1976,6,4,10
1976,9,1,10
1976,4,0,4
1976,6,5,11
1976,6,3,9
1976,1,0,1
1976,1,0,1
1976,6,3,9
1976,6,4,10
1976,7,2,9
1976,5,17,22
1976,8,6,14
1976,7,6,13
1976,4,0,4
1976,6,3,9
1976,7,5,12
1976,9,5,14
1976,7,5,12
1976,2,13,15
1976,5,3,8
1976,3,2,5
1976,2,1,3
1976,6,4,10
1976,7,4,11
1976,5,1,6
1976,6,3,9
1976,5,1,6
1976,7,1,8
1976,6,2,8
1976,4,3,7
1976,3,2,5
1976,3,1,4
1976,3,1,4
1976,6,1,7
1976,9,4,13
1976,5,2,7
1976,5,15,20
1976,2,0,2
1976,2,1,3
1976,2,1,3
1976,2,1,3
1976,7,3,10
1976,6,4,10
1976,4,2,6
1976,2,0,2
1976,5,4,9
1976,5,11,16
1976,5,1,6
1976,6,5,11
1976,7,5,12
1976,8,1,9
1976,4,0,4
1976,2,12,14
1976,4,3,7
1976,7,0,7
1976,3,2,5
1976,6,0,6
1976,9,3,12
1976,4,3,7
1976,5,10,15
1976,7,0,7
1976,3,2,5
1976,3,2,5
1976,8,7,15
1976,5,3,8
1976,5,4,9
1976,2,12,14
1976,2,1,3
1976,5,0,5
1976,6,11,17
1976,5,3,8
1976,3,2,5
1976,3,1,4
1976,5,0,5
1976,4,3,7
1976,7,6,13
1976,4,1,5
1976,5,3,8
1976,4,1,5
1976,3,2,5
1976,9,2,11
1976,5,2,7
1976,4,1,5
1976,2,1,3
1976,9,4,13
1976,5,4,9
1976,7,6,13
1976,3,2,5
1976,8,4,12
1976,3,2,5
1976,3,0,3
1976,8,2,10
1976,5,3,8
1976,5,4,9
1976,6,5,11
1976,4,1,5
1976,6,3,9
1976,8,5,13
1976,6,0,6
1976,4,3,7
1976,2,1,3
1976,5,1,6
1976,4,3,7
1976,6,5,11
1976,2,1,3
1976,5,4,9
1976,4,2,6
1976,8,0,8
1976,5,2,7
1976,8,4,12
1976,7,2,9
1976,6,5,11
1976,6,5,11
1976,5,3,8
1976,4,1,5
1976,1,0,1
1976,7,6,13
1976,4,3,7
1976,3,2,5
1976,3,2,5
1976,5,1,6
1976,6,10,16
1976,3,1,4
1976,4,3,7
1976,2,1,3
1976,8,5,13
1976,6,5,11
1976,3,1,4
1976,5,4,9
1976,7,6,13
1976,3,2,5
1976,6,5,11
1976,9,1,10
1976,11,0,11
1976,9,2,11
1976,1,0,1
1976,9,0,9
1976,4,0,4
1976,3,0,3
1976,5,3,8
1976,5,2,7
1976,7,12,19
1976,7,1,8
1976,4,2,6
1976,2,0,2
1976,5,1,6
1976,14,11,25
1976,3,1,4
1976,2,0,2
1976,7,1,8
1976,5,2,7
1976,4,10,14
1976,1,0,1
1976,6,1,7
1976,8,4,12
1976,6,3,9
1976,5,2,7
1976,7,6,13
1976,1,0,1
1976,4,2,6
1976,4,3,7
1976,6,0,6
1976,6,2,8
1976,6,2,8
1976,4,3,7
1976,6,1,7
1976,5,0,5
1976,6,3,9
1976,8,0,8
1976,4,11,15
1976,2,14,16
1976,5,4,9
1976,5,3,8
1976,2,1,3
1976,4,3,7
1976,2,1,3
1976,5,3,8
1976,5,3,8
1976,5,2,7
1976,3,1,4
1976,6,4,10
1976,4,1,5
1976,3,0,3
1976,9,0,9
1976,9,5,14
1976,4,0,4
1976,6,0,6
1976,11,0,11
1976,3,10,13
1976,5,0,5
1976,4,3,7
1976,7,2,9
1976,3,2,5
1976,7,2,9
1976,4,1,5
1976,6,5,11
1976,4,1,5
1976,6,0,6
1976,5,1,6
1976,3,2,5
1976,2,0,2
1976,6,1,7
1976,4,0,4
1976,5,2,7
1976,5,16,21
1976,3,1,4
1976,3,2,5
1976,4,2,6
1976,6,5,11
1976,7,2,9
1976,4,0,4
1976,5,4,9
1976,4,3,7
1976,6,5,11
1976,4,3,7
1976,7,1,8
1976,4,3,7
1976,7,10,17
1976,8,3,11
1976,9,4,13
1976,4,1,5
1976,4,3,7
1976,5,4,9
1976,4,2,6
1976,7,1,8
1976,3,2,5
1976,2,13,15
1976,2,1,3
1976,10,1,11
1976,7,5,12
1976,4,1,5
1976,9,1,10
1976,6,5,11
1976,8,7,15
1976,6,5,11
1976,2,1,3
1976,6,0,6
1976,6,4,10
1976,6,2,8
1976,3,2,5
1976,5,2,7
1976,6,1,7
1976,7,2,9
1976,1,0,1
1976,2,0,2
1976,6,4,10
1976,8,7,15
1976,3,11,14
1976,5,2,7
1976,4,2,6
1976,5,3,8
1976,4,3,7
1976,4,1,5
1976,8,2,10
1976,6,2,8
1976,5,3,8
1976,3,2,5
1976,7,1,8
1976,2,1,3
1976,7,1,8
1976,8,6,14
1976,5,4,9
1976,4,1,5
1976,1,0,1
1976,4,3,7
1976,11,0,11
1976,2,0,2
1976,6,4,10
1976,7,2,9
1976,5,1,6
1976,2,11,13
1976,3,14,17
1976,5,1,6
1976,4,3,7
1976,5,3,8
1976,4,3,7
1976,5,4,9
1976,7,2,9
1976,3,1,4
1976,8,0,8
1976,7,6,13
1976,9,11,20
1976,4,2,6
1976,5,1,6
1976,3,2,5
1976,3,2,5
1976,6,11,17
1976,4,1,5
1976,3,2,5
1976,5,0,5
1976,2,0,2
1976,5,1,6
1976,4,3,7
1976,3,10,13
1976,8,14,22
1976,3,2,5
1976,5,2,7
1976,6,1,7
1976,9,3,12
1976,2,13,15
1976,6,16,22
1976,6,4,10
1976,7,2,9
1976,7,6,13
1976,10,0,10
1976,8,6,14
1976,5,4,9
1976,5,1,6
1976,6,3,9
1976,6,5,11
1976,7,3,10
1976,3,1,4
1976,2,0,2
1976,3,1,4
1976,2,14,16
1976,2,0,2
1976,4,2,6
1976,5,10,15
1976,3,0,3
1976,9,4,13
1976,4,1,5
1976,6,4,10
1976,2,0,2
1976,4,1,5
1976,5,2,7
1976,6,3,9
1976,3,2,5
1976,4,2,6
1976,4,3,7
1976,6,1,7
1976,3,0,3
1976,6,2,8
1976,8,5,13
1976,7,6,13
1976,7,0,7
1976,6,10,16
1976,5,12,17
1976,2,0,2
1976,6,1,7
1976,6,0,6
1976,6,5,11
1976,6,2,8
1976,8,3,11
1976,8,7,15
1976,5,4,9
1976,4,3,7
1976,4,0,4
1976,7,4,11
1976,4,2,6
1976,4,10,14
1976,7,5,12
1976,4,2,6
1976,5,0,5
1976,4,2,6
1976,5,2,7
1976,5,4,9
1976,3,0,3
1976,4,10,14
1976,7,6,13
1976,4,3,7
1976,2,1,3
1976,5,2,7
1976,2,1,3
1976,3,2,5
1976,3,1,4
1976,6,5,11
1976,8,3,11
1976,4,0,4
1976,9,12,21
1976,8,5,13
1976,9,7,16
1976,7,10,17
1976,8,4,12
1976,6,3,9
1976,5,4,9
1976,2,10,12
1976,7,1,8
1976,5,0,5
1976,4,3,7
1976,4,2,6
1976,4,1,5
1976,3,2,5
1976,5,2,7
1976,2,1,3
1976,8,2,10
1976,5,0,5
1976,3,0,3
1976,5,2,7
1976,1,0,1
1976,4,0,4
1976,6,4,10
1976,7,21,28
1976,4,2,6
1976,2,1,3
1976,3,2,5
1976,2,10,12
1976,2,1,3
1976,5,4,9
1976,3,2,5
1976,9,0,9
1976,2,10,12
1976,5,3,8
1976,4,3,7
1976,6,3,9
1976,9,4,13
1976,4,1,5
1976,4,1,5
1976,6,1,7
1976,6,2,8
1976,4,3,7
1976,9,4,13
1976,2,0,2
1976,5,4,9
1976,4,0,4
1976,1,0,1
1976,8,3,11
1976,3,2,5
1976,4,1,5
1976,6,4,10
1976,3,1,4
1976,3,2,5
1976,5,3,8
1976,4,2,6
1976,6,5,11
1976,3,2,5
1976,3,2,5
1976,6,5,11
1976,7,3,10
1976,7,4,11
1976,9,4,13
1976,9,3,12
1976,5,12,17
1976,5,3,8
1976,4,3,7
1976,3,0,3
1976,6,4,10
1976,2,1,3
1976,5,0,5
1976,7,4,11
1976,4,3,7
1976,1,0,1
1976,8,4,12
1976,5,0,5
1976,4,3,7
1976,6,3,9
1976,8,11,19
1976,7,3,10
1976,5,4,9
1976,9,2,11
1976,7,5,12
1976,6,1,7
1976,9,4,13
1976,5,4,9
1976,2,0,2
1976,9,11,20
1976,2,0,2
1976,2,1,3
1976,3,1,4
1976,2,1,3
1976,3,2,5
1976,6,0,6
1976,1,0,1
1976,8,3,11
1976,6,3,9
1976,7,2,9
1976,9,7,16
1976,6,5,11
1976,6,10,16
1976,7,10,17
1976,6,0,6
1976,8,14,22
1976,4,10,14
1976,3,2,5
1976,5,2,7
1976,8,3,11
1976,4,2,6
1976,3,0,3
1976,5,2,7
1976,3,0,3
1976,3,2,5
1976,8,2,10
1976,6,5,11
1976,4,2,6
1976,1,0,1
1976,9,5,14
1976,4,3,7
1976,9,5,14
1976,4,1,5
1976,7,6,13
1976,8,7,15
1976,5,4,9
1976,7,5,12
1976,2,1,3
1976,6,3,9
1976,2,1,3
1976,2,1,3
1976,5,4,9
1976,5,1,6
1976,4,2,6
1976,6,5,11
1976,8,5,13
1976,5,2,7
1976,6,5,11
1976,6,2,8
1976,7,4,11
1976,8,6,14
1976,6,3,9
1976,1,0,1
1976,9,2,11
1976,1,0,1
1976,5,2,7
1976,4,12,16
1976,4,1,5
1976,8,4,12
1976,9,14,23
1976,2,1,3
1976,2,1,3
1976,2,10,12
1976,3,0,3
1976,3,0,3
1976,4,2,6
1976,7,6,13
1976,6,3,9
1976,3,11,14
1976,3,2,5
1976,9,7,16
1976,7,3,10
1976,1,0,1
1976,6,3,9
1976,6,2,8
1976,4,2,6
1976,3,13,16
1976,4,2,6
1976,5,4,9
1976,8,12,20
1976,4,3,7
1976,6,2,8
1976,2,10,12
1976,5,3,8
1976,6,2,8
1976,3,2,5
1976,6,2,8
1976,8,12,20
1976,5,3,8
1976,5,1,6
1976,5,2,7
1976,4,3,7
1976,6,2,8
1976,5,4,9
1976,9,2,11
1976,7,3,10
1976,8,2,10
1976,3,2,5
1976,2,0,2
1976,4,1,5
1976,4,1,5
1976,7,5,12
1976,2,1,3
1976,1,0,1
1976,2,1,3
1976,2,0,2
1976,10,1,11
1976,5,12,17
1976,4,3,7
1976,8,3,11
1976,6,4,10
1976,2,1,3
1976,8,3,11
1976,4,2,6
1976,7,5,12
1976,3,1,4
1976,2,10,12
1976,3,2,5
1976,2,0,2
1976,2,1,3
1976,3,2,5
1976,5,2,7
1976,6,5,11
1976,13,0,13
1976,5,3,8
1976,2,1,3
1976,1,0,1
1976,8,10,18
1976,3,2,5
1976,7,1,8
1976,8,5,13
1976,3,0,3
1976,6,5,11
1976,2,1,3
1976,9,10,19
1976,6,3,9
1976,7,2,9
1976,3,0,3
1976,3,0,3
1976,9,8,17
1976,7,3,10
1976,4,0,4
1976,7,5,12
1976,3,1,4
1976,6,2,8
1976,2,0,2
1976,3,2,5
1976,3,2,5
1976,4,0,4
1976,9,0,9
1976,7,6,13
1976,3,2,5
1976,7,2,9
1976,4,3,7
1976,7,4,11
1976,6,0,6
1976,5,2,7
1976,3,1,4
1976,5,3,8
1976,9,5,14
1976,9,4,13
1976,4,2,6
1976,5,10,15
1976,7,1,8
1976,3,2,5
1976,4,3,7
1976,8,6,14
1976,2,11,13
1976,8,1,9
1976,1,0,1
1976,7,3,10
1976,3,2,5
1976,2,11,13
1976,2,1,3
1976,4,1,5
1976,6,0,6
1976,6,4,10
1976,8,6,14
1976,4,2,6
1976,4,0,4
1976,7,3,10
1976,4,0,4
1976,1,0,1
1976,6,2,8
1976,7,10,17
1976,3,1,4
1976,7,4,11
1976,2,0,2
1976,5,1,6
1976,7,13,20
1976,3,2,5
1976,9,7,16
1976,6,3,9
1976,2,0,2
1976,10,0,10
1976,4,12,16
1976,8,2,10
1976,4,3,7
1976,2,1,3
1976,5,3,8
1976,6,5,11
1976,3,2,5
1976,2,1,3
1976,5,2,7
1976,8,4,12
1976,6,3,9
1976,7,6,13
1976,5,4,9
1976,6,0,6
1976,9,6,15
1976,5,3,8
1976,8,6,14
1976,4,3,7
1976,5,3,8
1976,12,11,23
1976,2,1,3
1976,1,0,1
1976,6,0,6
1976,7,2,9
1976,2,1,3
1976,2,1,3
1976,4,3,7
1976,4,3,7
1976,4,2,6
1976,4,2,6
1976,5,2,7
1976,8,6,14
1976,7,1,8
1976,7,1,8
1976,4,2,6
1976,3,1,4
1976,4,1,5
1976,7,3,10
1976,5,0,5
1976,4,2,6
1976,6,3,9
1976,9,8,17
1976,6,4,10
1976,3,1,4
1976,2,0,2
1976,8,5,13
1976,6,5,11
1976,1,0,1
1976,6,3,9
1976,5,4,9
1976,5,0,5
1976,9,3,12
1976,3,0,3
1976,9,6,15
1976,4,0,4
1976,5,3,8
1976,4,3,7
1976,3,2,5
1976,5,12,17
1976,2,1,3
1976,5,2,7
1976,5,2,7
1976,3,1,4
1976,13,1,14
1976,2,1,3
1976,5,3,8
1976,7,6,13
1976,6,4,10
1976,5,4,9
1976,5,2,7
1976,4,3,7
1976,1,0,1
1976,5,1,6
1976,2,1,3
1976,4,1,5
1976,7,6,13
1976,4,3,7
1976,7,2,9
1976,4,2,6
1976,1,0,1
1976,3,0,3
1976,7,3,10
1976,9,2,11
1976,4,1,5
1976,3,0,3
1976,2,1,3
1976,5,4,9
1976,4,0,4
1976,1,0,1
1976,2,10,12
1976,7,1,8
1976,4,1,5
1976,7,5,12
1976,8,6,14
1976,3,13,16
1976,10,1,11
1976,6,3,9
1976,2,1,3
1976,6,1,7
1976,7,6,13
1976,14,1,15
1976,2,0,2
1976,9,8,17
1976,2,1,3
1976,5,4,9
1976,5,4,9
1976,3,2,5
1976,3,2,5
1976,3,2,5
1976,3,10,13
1976,4,3,7
1976,5,3,8
1976,4,2,6
1976,6,1,7
1976,6,5,11
1976,3,1,4
1976,4,2,6
1976,4,2,6
1976,3,2,5
1976,5,3,8
1976,4,3,7
1976,9,14,23
1976,2,1,3
1976,7,4,11
1976,3,10,13
1976,3,2,5
1976,6,2,8
1976,8,3,11
1976,4,3,7
1976,9,5,14
1976,4,3,7
1976,3,0,3
1976,3,2,5
1976,4,2,6
1976,4,1,5
1976,3,0,3
1976,4,0,4
1976,6,2,8
1976,5,0,5
1976,7,6,13
1976,5,1,6
1976,4,3,7
1976,10,1,11
1976,5,1,6
1976,4,1,5
1976,5,1,6
1976,2,1,3
1976,6,4,10
1976,9,3,12
1976,5,1,6
1976,7,5,12
1976,3,1,4
1976,5,4,9
1976,5,1,6
1976,7,1,8
1976,6,5,11
1976,3,0,3
1976,8,4,12
1976,4,3,7
1976,3,1,4
1976,4,3,7
1976,6,2,8
1976,9,4,13
1976,3,0,3
1976,5,0,5
1976,3,2,5
1976,9,1,10
1976,2,0,2
1976,11,1,12
1976,4,3,7
1976,5,4,9
1976,6,3,9
1976,4,1,5
1976,5,0,5
1976,8,0,8
1976,4,3,7
1976,2,17,19
1976,5,4,9
1976,5,4,9
1976,4,0,4
1976,4,10,14
1976,4,1,5
1976,6,5,11
1976,8,5,13
1976,7,1,8
1976,6,5,11
1976,3,12,15
1976,7,6,13
1976,3,1,4
1976,7,3,10
1976,8,13,21
1976,7,4,11
1976,9,1,10
1976,5,4,9
1976,1,0,1
1976,2,1,3
1976,6,5,11
1976,9,2,11
1976,7,13,20
1976,1,0,1
1976,4,3,7
1976,6,2,8
1976,3,1,4
1976,9,4,13
1976,4,0,4
1976,2,1,3
1976,3,1,4
1976,9,3,12
1976,7,0,7
1976,4,3,7
1976,3,0,3
1976,3,1,4
1976,4,1,5
1976,4,1,5
1976,8,7,15
1976,2,1,3
1976,5,0,5
1976,9,4,13
1976,4,1,5
1976,6,4,10
1976,1,0,1
1976,4,1,5
1976,3,1,4
1976,7,2,9
1976,4,3,7
1976,7,6,13
1976,3,2,5
1976,7,0,7
1976,2,1,3
1976,1,0,1
1976,8,5,13
1976,8,0,8
1976,1,0,1
1976,2,1,3
1976,5,2,7
1976,3,0,3
1976,6,4,10
1976,9,3,12
1976,1,0,1
1976,2,1,3
1976,2,1,3
1976,3,2,5
1976,6,4,10
1976,3,0,3
1976,7,6,13
1976,8,13,21
1976,4,2,6
1976,7,3,10
1976,3,2,5
1976,2,1,3
1976,7,2,9
1976,8,7,15
1976,3,2,5
1976,4,3,7
1976,5,3,8
1976,5,4,9
1976,4,2,6
1976,6,4,10
1976,3,2,5
1976,6,2,8
1976,12,1,13
1976,2,1,3
1976,9,6,15
1976,4,2,6
1976,2,0,2
1976,6,5,11
1976,6,5,11
1976,2,1,3
1976,7,6,13
1976,6,3,9
1976,4,3,7
1976,5,4,9
1976,2,1,3
1976,2,1,3
1976,5,4,9
1976,6,0,6
1976,8,4,12
1976,4,3,7
1976,8,7,15
1976,6,2,8
1976,7,6,13
1976,2,0,2
1976,2,0,2
1976,4,1,5
1976,4,3,7
1976,7,3,10
1976,7,0,7
1976,4,2,6
1976,3,1,4
1976,5,4,9
1976,7,1,8
1976,3,0,3
1976,1,0,1
1976,5,4,9
1976,4,0,4
1976,5,1,6
1976,7,3,10
1976,7,3,10
1976,4,0,4
1976,8,5,13
1976,1,0,1
1976,7,1,8
1976,2,0,2
1976,4,2,6
1976,4,3,7
1976,9,8,17
1976,2,1,3
1976,4,2,6
1976,9,0,9
1976,4,0,4
1976,1,0,1
1976,5,0,5
1976,7,5,12
1976,3,0,3
1976,4,1,5
1976,4,2,6
1976,1,0,1
1976,4,3,7
1976,7,2,9
1976,4,0,4
1976,2,1,3
1976,4,1,5
1976,9,6,15
1976,2,1,3
1976,6,2,8
1976,5,4,9
1976,6,4,10
1976,3,2,5
1976,9,3,12
1976,4,3,7
1976,7,4,11
1976,4,3,7
1976,5,2,7
1976,1,0,1
1976,7,0,7
1976,2,1,3
1976,9,2,11
1976,8,3,11
1976,3,1,4
1976,7,4,11
1976,6,5,11
1976,1,0,1
1976,2,1,3
1976,9,3,12
1976,6,2,8
1976,6,0,6
1976,4,3,7
1976,3,0,3
1976,5,3,8
1976,6,1,7
1976,4,1,5
1976,4,3,7
1976,7,2,9
1976,7,4,11
1976,9,1,10
1976,3,12,15
1976,4,2,6
1976,3,2,5
1976,4,1,5
1976,3,1,4
1976,2,1,3
1976,4,1,5
1976,5,2,7
1976,7,1,8
1976,2,1,3
1976,5,15,20
1976,3,2,5
1976,7,1,8
1976,8,5,13
1976,9,3,12
1976,8,13,21
1976,7,4,11
1976,4,3,7
1976,3,2,5
1976,5,4,9
1976,4,2,6
1976,8,1,9
1976,8,2,10
1976,2,1,3
1976,2,0,2
1976,4,13,17
1976,2,0,2
1976,5,4,9
1976,6,3,9
1976,7,5,12
1976,3,0,3
1976,2,1,3
1976,3,2,5
1976,5,4,9
1976,2,1,3
1976,2,1,3
1976,5,1,6
1976,8,1,9
1976,2,0,2
1976,6,0,6
1976,13,10,23
1976,4,3,7
1976,4,3,7
1976,5,3,8
1976,9,3,12
1976,2,1,3
1976,8,5,13
1976,4,1,5
1976,2,0,2
1976,8,1,9
1976,2,1,3
1976,8,3,11
1976,5,4,9
1976,5,12,17
1976,3,0,3
1976,4,3,7
1976,4,3,7
1976,8,0,8
1976,5,2,7
1976,2,0,2
1976,3,2,5
1976,8,7,15
1976,2,1,3
1976,8,5,13
1976,3,2,5
1976,9,3,12
1976,6,0,6
1976,4,3,7
1976,7,3,10
1976,2,0,2
1976,3,0,3
1976,4,0,4
1976,8,6,14
1976,6,5,11
1976,4,3,7
1976,2,0,2
1976,4,3,7
1976,5,4,9
1976,3,15,18
1976,5,4,9
1976,7,2,9
1976,2,1,3
1976,7,3,10
1976,2,13,15
1976,3,2,5
1976,3,0,3
1976,5,3,8
1976,3,2,5
1976,6,4,10
1976,3,0,3
1976,8,6,14
1976,3,0,3
1976,7,3,10
1976,9,8,17
1976,6,1,7
1976,1,0,1
1976,8,7,15
1976,9,5,14
1976,5,12,17
1976,4,3,7
1976,5,3,8
1976,6,1,7
1976,4,3,7
1976,8,4,12
1976,5,1,6
1976,7,11,18
1976,2,1,3
1976,7,11,18
1976,3,2,5
1976,3,2,5
1976,8,1,9
1976,4,3,7
1976,4,3,7
1976,5,4,9
1976,3,10,13
1976,2,1,3
1976,3,11,14
1976,7,6,13
1976,9,4,13
1976,4,2,6
1976,4,1,5
1976,5,4,9
1976,4,1,5
1976,3,2,5
1976,3,1,4
1976,5,1,6
1976,8,6,14
1976,5,4,9
1976,12,1,13
1976,5,4,9
1976,4,2,6
1976,3,2,5
1976,4,3,7
1976,6,5,11
1976,6,4,10
1976,5,4,9
1976,7,1,8
1976,1,0,1
1976,7,5,12
1976,2,1,3
1976,6,4,10
1976,4,3,7
1976,3,2,5
1976,8,5,13
1976,8,1,9
1976,3,0,3
1976,5,3,8
1976,8,3,11
1976,6,3,9
1976,6,4,10
1976,3,0,3
1976,5,2,7
1976,11,10,21
1976,3,2,5
1976,7,3,10
1976,5,1,6
1976,6,2,8
1976,4,3,7
1976,7,4,11
1976,7,1,8
1976,5,4,9
1976,6,2,8
1976,5,3,8
1976,7,6,13
1976,6,2,8
1976,7,3,10
1976,4,3,7
1976,6,4,10
1976,6,1,7
1976,7,4,11
1976,8,11,19
1976,5,1,6
1976,1,0,1
1976,4,3,7
1976,8,0,8
1976,3,1,4
1976,4,2,6
1976,3,0,3
1976,7,3,10
1976,9,5,14
1976,4,3,7
1976,5,4,9
1976,6,3,9
1976,9,4,13
1976,5,4,9
1976,6,2,8
1976,3,14,17
1976,5,4,9
1976,6,5,11
1976,4,3,7
1976,4,1,5
1976,2,1,3
1976,7,12,19
1976,6,0,6
1976,5,4,9
1976,7,3,10
1976,4,0,4
1976,1,0,1
1976,5,1,6
1976,9,4,13
1976,8,2,10
1976,5,1,6
1976,2,1,3
1976,3,1,4
1976,3,1,4
1976,5,4,9
1976,3,0,3
1976,7,1,8
1976,5,1,6
1976,7,6,13
1976,5,3,8
1976,5,4,9
1976,3,0,3
1976,9,4,13
1976,5,0,5
1976,9,4,13
1976,4,1,5
1976,7,3,10
1976,2,1,3
1976,5,2,7
1976,5,2,7
1976,8,1,9
1976,5,2,7
1976,2,0,2
1976,6,4,10
1976,8,3,11
1976,8,1,9
1976,5,2,7
1976,8,7,15
1976,4,3,7
1976,4,3,7
1976,8,10,18
1976,2,1,3
1976,5,2,7
1976,7,1,8
1976,7,4,11
1976,11,0,11
1976,6,15,21
1976,5,4,9
1976,3,2,5
1976,6,5,11
1976,7,4,11
1976,6,0,6
1976,2,0,2
1976,2,1,3
1976,2,1,3
1976,3,2,5
1976,3,0,3
1976,3,2,5
1976,3,11,14
1976,2,1,3
1976,3,1,4
1976,3,10,13
1976,5,2,7
1976,7,1,8
1976,5,3,8
1976,4,3,7
1976,8,3,11
1976,6,3,9
1976,4,2,6
1976,3,2,5
1976,4,0,4
1976,6,3,9
1976,5,1,6
1976,6,2,8
1976,2,1,3
1976,3,0,3
1976,6,5,11
1976,7,5,12
1976,7,1,8
1976,3,0,3
1976,4,1,5
1976,3,0,3
1976,1,0,1
1976,3,2,5
1976,1,0,1
1976,5,0,5
1976,4,1,5
1976,1,0,1
1976,8,4,12
1976,2,1,3
1976,5,3,8
1976,7,10,17
1976,5,0,5
1976,5,10,15
1976,3,1,4
1976,3,0,3
1976,8,5,13
1976,5,3,8
1976,2,11,13
1976,4,3,7
1976,4,1,5
1976,11,1,12
1976,9,7,16
1976,7,2,9
1976,1,0,1
1976,7,3,10
1976,5,1,6
1976,4,2,6
1976,6,2,8
1976,5,1,6
1976,5,1,6
1976,7,6,13
1976,4,0,4
1976,4,0,4
1976,5,2,7
1976,7,0,7
1976,4,0,4
1976,5,3,8
1976,7,3,10
1976,4,3,7
1976,6,4,10
1976,5,3,8
1976,3,2,5
1976,1,0,1
1976,6,3,9
1976,8,6,14
1976,4,0,4
1976,3,1,4
1976,18,1,19
1976,1,0,1
1976,3,1,4
1976,5,0,5
1976,6,1,7
1976,2,1,3
1976,7,4,11
1976,9,8,17
1976,5,4,9
1976,5,4,9
1976,3,2,5
1976,3,2,5
1976,3,2,5
1976,3,1,4
1976,3,2,5
1976,6,5,11
1976,6,2,8
1976,5,1,6
1976,4,1,5
1976,4,3,7
1976,11,0,11
1976,5,10,15
1976,5,3,8
1976,2,1,3
1976,4,17,21
1976,7,4,11
1976,4,2,6
1976,4,0,4
1976,4,2,6
1976,6,3,9
1976,1,0,1
1976,3,1,4
1976,4,3,7
1976,5,11,16
1976,3,0,3
1976,2,0,2
1976,1,0,1
1976,8,0,8
1976,6,5,11
1976,6,1,7
1976,3,1,4
1976,7,5,12
1976,8,7,15
1976,3,1,4
1976,4,3,7
1976,5,0,5
1976,4,3,7
1976,6,5,11
1976,4,2,6
1976,4,2,6
1976,2,1,3
1976,4,2,6
1976,4,3,7
1976,6,1,7
1976,6,0,6
1976,4,3,7
1976,1,0,1
1976,3,2,5
1976,3,18,21
1976,6,4,10
1976,3,2,5
1976,4,2,6
1976,4,1,5
1976,4,3,7
1976,5,4,9
1976,6,5,11
1976,7,3,10
1976,5,1,6
1976,3,2,5
1976,8,6,14
1976,6,5,11
1976,4,1,5
1976,4,3,7
1976,4,1,5
1976,2,1,3
1976,8,5,13
1976,4,1,5
1976,1,0,1
1976,3,11,14
1976,2,1,3
1976,5,1,6
1976,3,2,5
1976,2,0,2
1976,3,1,4
1976,6,16,22
1976,6,0,6
1976,3,1,4
1976,8,0,8
1976,6,1,7
1976,3,1,4
1976,9,8,17
1976,6,5,11
1976,9,6,15
1976,8,3,11
1976,4,3,7
1976,5,4,9
1976,5,1,6
1976,4,3,7
1976,5,3,8
1976,3,1,4
1976,7,2,9
1976,5,0,5
1976,3,2,5
1976,4,3,7
1976,6,2,8
1976,4,3,7
1976,4,3,7
1976,9,7,16
1976,2,1,3
1976,9,0,9
1976,8,2,10
1976,3,2,5
1976,4,2,6
1976,4,3,7
1976,3,2,5
1976,4,3,7
1976,7,6,13
1976,6,3,9
1976,6,4,10
1976,4,3,7
1976,1,0,1
1976,2,1,3
1976,4,3,7
1976,4,3,7
1976,2,0,2
1976,2,1,3
1976,2,0,2
1976,7,0,7
1976,4,1,5
1976,5,2,7
1976,7,2,9
1976,2,1,3
1976,5,3,8
1976,2,0,2
1976,5,4,9
1976,4,2,6
1976,4,3,7
1976,4,3,7
1976,4,1,5
1976,4,0,4
1976,7,6,13
1976,1,0,1
1976,7,11,18
1976,2,11,13
1976,4,3,7
1976,4,2,6
1976,8,3,11
1976,3,2,5
1976,5,3,8
1976,9,5,14
1976,4,1,5
1976,4,3,7
1976,5,2,7
1976,6,0,6
1976,4,1,5
1976,5,0,5
1976,5,1,6
1976,3,2,5
1976,5,4,9
1976,4,1,5
1976,6,5,11
1976,5,3,8
1976,4,1,5
1976,7,4,11
1976,6,2,8
1976,3,2,5
1976,8,1,9
1976,7,5,12
1976,1,0,1
1976,5,2,7
1976,5,4,9
1976,3,2,5
1976,6,1,7
1976,3,2,5
1976,3,2,5
1976,6,5,11
1976,2,1,3
1976,9,7,16
1976,1,0,1
1976,7,6,13
1976,9,1,10
1976,3,13,16
1976,1,0,1
1976,6,12,18
1976,4,2,6
1976,5,4,9
1976,7,1,8
1976,3,1,4
1976,2,1,3
1976,6,13,19
1976,4,3,7
1976,2,1,3
1976,9,1,10
1976,5,3,8
1976,6,2,8
1976,3,1,4
1976,4,0,4
1976,8,11,19
1976,5,1,6
1976,3,2,5
1976,6,3,9
1976,2,1,3
1976,6,3,9
1976,4,3,7
1976,4,3,7
1976,3,0,3
1976,5,2,7
1976,11,1,12
1976,4,2,6
1976,2,0,2
1976,5,2,7
1976,9,4,13
1976,3,1,4
1976,3,10,13
1976,6,5,11
1976,3,0,3
1976,5,4,9
1976,8,1,9
1976,2,1,3
1976,7,3,10
1976,4,1,5
1976,6,4,10
1976,3,0,3
1976,4,2,6
1976,2,0,2
1976,3,0,3
1976,8,0,8
1976,7,6,13
1976,9,3,12
1976,3,2,5
1976,4,3,7
1976,5,14,19
1976,6,10,16
1976,11,1,12
1976,2,1,3
1976,8,11,19
1976,1,0,1
1976,7,4,11
1976,3,1,4
1976,6,10,16
1976,4,3,7
1976,6,0,6
1976,6,5,11
1976,5,2,7
1976,10,0,10
1976,3,0,3
1976,1,0,1
1976,4,10,14
1976,8,3,11
1976,2,1,3
1976,4,1,5
1976,4,1,5
1976,2,1,3
1976,2,1,3
1976,5,1,6
1976,5,2,7
1976,3,1,4
1976,2,0,2
1976,3,10,13
1976,8,3,11
1976,5,3,8
1976,9,1,10
1976,4,1,5
1976,7,5,12
1976,7,3,10
1976,7,5,12
1976,4,0,4
1976,6,1,7
1976,1,0,1
1976,7,0,7
1976,5,4,9
1976,4,2,6
1976,1,0,1
1976,5,1,6
1976,5,4,9
1976,5,3,8
1976,9,0,9
1976,6,3,9
1976,9,6,15
1976,3,0,3
1976,3,2,5
1976,1,0,1
1976,9,1,10
1976,7,2,9
1976,4,0,4
1976,1,0,1
1976,6,1,7
1976,6,5,11
1976,7,3,10
1976,6,4,10
1976,7,4,11
1976,3,1,4
1976,5,2,7
1976,5,4,9
1976,4,3,7
1976,8,1,9
1976,5,0,5
1976,2,0,2
1976,2,1,3
1976,8,11,19
1976,1,0,1
1976,3,1,4
1976,3,0,3
1976,10,1,11
1976,3,2,5
1976,4,1,5
1976,4,1,5
1976,6,5,11
1976,4,3,7
1976,9,8,17
1976,7,4,11
1976,8,0,8
1976,5,4,9
1976,3,2,5
1976,8,2,10
1976,11,1,12
1976,5,3,8
1976,3,2,5
1976,5,2,7
1976,1,0,1
1976,2,1,3
1976,1,0,1
1976,1,0,1
1976,3,0,3
1976,4,1,5
1976,6,3,9
1976,7,3,10
1976,6,2,8
1976,7,6,13
1976,5,3,8
1976,7,4,11
1976,7,6,13
1976,5,1,6
1976,4,3,7
1976,6,2,8
1976,7,2,9
1977,5,3,8
1977,7,0,7
1977,2,1,3
1977,5,4,9
1977,5,3,8
1977,7,4,11
1977,5,1,6
1977,3,0,3
1977,6,12,18
1977,2,0,2
1977,9,5,14
1977,6,3,9
1977,3,2,5
1977,7,6,13
1977,5,1,6
1977,8,6,14
1977,6,3,9
1977,2,16,18
1977,2,0,2
1977,8,2,10
1977,3,2,5
1977,7,4,11
1977,4,3,7
1977,8,2,10
1977,5,1,6
1977,3,2,5
1977,3,2,5
1977,9,19,28
1977,5,2,7
1977,4,12,16
1977,5,0,5
1977,6,0,6
1977,8,4,12
1977,2,1,3
1977,9,6,15
1977,7,1,8
1977,9,8,17
1977,8,7,15
1977,5,12,17
1977,3,1,4
1977,4,3,7
1977,5,4,9
1977,7,6,13
1977,3,2,5
1977,6,2,8
1977,3,12,15
1977,3,2,5
1977,5,3,8
1977,5,2,7
1977,4,3,7
1977,14,10,24
1977,1,0,1
1977,4,0,4
1977,6,2,8
1977,2,1,3
1977,4,3,7
1977,3,2,5
1977,6,1,7
1977,7,3,10
1977,7,6,13
1977,5,3,8
1977,4,3,7
1977,7,3,10
1977,9,3,12
1977,3,1,4
1977,3,0,3
1977,3,1,4
1977,3,2,5
1977,5,3,8
1977,7,6,13
1977,5,0,5
1977,4,1,5
1977,8,7,15
1977,8,4,12
1977,4,3,7
1977,5,3,8
1977,4,3,7
1977,7,0,7
1977,7,5,12
1977,4,3,7
1977,7,4,11
1977,3,2,5
1977,7,2,9
1977,8,4,12
1977,9,5,14
1977,7,1,8
1977,7,0,7
1977,4,3,7
1977,6,4,10
1977,3,2,5
1977,8,4,12
1977,8,5,13
1977,4,3,7
1977,3,1,4
1977,4,3,7
1977,4,1,5
1977,5,4,9
1977,5,0,5
1977,3,1,4
1977,5,4,9
1977,7,11,18
1977,4,2,6
1977,4,1,5
1977,5,10,15
1977,6,5,11
1977,2,0,2
1977,2,10,12
1977,2,1,3
1977,6,0,6
1977,4,1,5
1977,7,6,13
1977,4,3,7
1977,5,0,5
1977,6,1,7
1977,6,12,18
1977,4,3,7
1977,5,3,8
1977,3,1,4
1977,7,3,10
1977,8,6,14
1977,6,5,11
1977,5,1,6
1977,8,6,14
1977,3,2,5
1977,4,1,5
1977,6,5,11
1977,3,11,14
1977,2,11,13
1977,7,5,12
1977,7,4,11
1977,3,11,14
1977,6,0,6
1977,8,3,11
1977,5,4,9
1977,3,1,4
1977,5,2,7
1977,2,0,2
1977,7,2,9
1977,3,2,5
1977,3,2,5
1977,3,1,4
1977,1,0,1
1977,3,2,5
1977,8,6,14
1977,7,5,12
1977,4,2,6
1977,5,2,7
1977,4,2,6
1977,8,0,8
1977,8,6,14
1977,4,11,15
1977,6,5,11
1977,7,4,11
1977,4,2,6
1977,3,2,5
1977,4,3,7
1977,8,2,10
1977,10,1,11
1977,6,5,11
1977,4,1,5
1977,6,4,10
1977,4,1,5
1977,2,1,3
1977,9,3,12
1977,7,2,9
1977,8,11,19
1977,4,2,6
1977,6,5,11
1977,3,2,5
1977,11,1,12
1977,8,6,14
1977,1,0,1
1977,6,16,22
1977,9,10,19
1977,7,1,8
1977,10,1,11
1977,7,1,8
1977,3,1,4
1977,2,1,3
1977,9,8,17
1977,6,5,11
1977,5,12,17
1977,4,11,15
1977,6,3,9
1977,16,1,17
1977,4,2,6
1977,6,12,18
1977,9,0,9
1977,9,23,32
1977,9,6,15
1977,6,11,17
1977,7,3,10
1977,4,3,7
1977,6,5,11
1977,9,1,10
1977,6,2,8
1977,7,3,10
1977,4,1,5
1977,7,10,17
1977,6,3,9
1977,3,1,4
1977,5,3,8
1977,5,0,5
1977,4,1,5
1977,4,3,7
1977,3,1,4
1977,4,3,7
1977,7,5,12
1977,3,21,24
1977,6,5,11
1977,9,10,19
1977,5,0,5
1977,4,2,6
1977,5,3,8
1977,3,2,5
1977,7,3,10
1977,7,6,13
1977,3,2,5
1977,4,3,7
1977,4,3,7
1977,7,5,12
1977,3,1,4
1977,3,2,5
1977,7,4,11
1977,2,1,3
1977,3,2,5
1977,6,1,7
1977,4,0,4
1977,6,5,11
1977,6,5,11
1977,3,0,3
1977,3,11,14
1977,9,2,11
1977,6,5,11
1977,5,2,7
1977,4,3,7
1977,8,4,12
1977,4,14,18
1977,8,0,8
1977,2,1,3
1977,6,4,10
1977,1,0,1
1977,7,3,10
1977,7,2,9
1977,10,0,10
1977,4,1,5
1977,6,4,10
1977,5,4,9
1977,3,2,5
1977,6,4,10
1977,4,12,16
1977,4,1,5
1977,8,2,10
1977,6,2,8
1977,7,3,10
1977,8,5,13
1977,6,5,11
1977,5,2,7
1977,4,3,7
1977,8,2,10
1977,7,2,9
1977,8,0,8
1977,11,1,12
1977,2,0,2
1977,3,2,5
1977,3,1,4
1977,3,1,4
1977,4,3,7
1977,3,1,4
1977,8,7,15
1977,8,10,18
1977,9,0,9
1977,4,3,7
1977,13,0,13
1977,8,4,12
1977,4,1,5
1977,8,1,9
1977,8,7,15
1977,3,2,5
1977,6,2,8
1977,8,0,8
1977,9,2,11
1977,5,2,7
1977,5,4,9
1977,8,1,9
1977,6,5,11
1977,6,3,9
1977,3,1,4
1977,4,1,5
1977,5,1,6
1977,3,10,13
1977,5,2,7
1977,8,7,15
1977,6,5,11
1977,7,2,9
1977,5,2,7
1977,8,5,13
1977,7,1,8
1977,9,8,17
1977,4,1,5
1977,8,4,12
1977,7,2,9
1977,7,5,12
1977,5,2,7
1977,9,3,12
1977,4,1,5
1977,6,3,9
1977,6,4,10
1977,5,3,8
1977,4,1,5
1977,5,2,7
1977,7,2,9
1977,4,2,6
1977,3,0,3
1977,4,11,15
1977,5,2,7
1977,6,2,8
1977,7,4,11
1977,2,11,13
1977,12,10,22
1977,7,6,13
1977,6,0,6
1977,3,1,4
1977,6,5,11
1977,4,1,5
1977,6,4,10
1977,4,3,7
1977,6,3,9
1977,8,3,11
1977,7,4,11
1977,5,10,15
1977,6,4,10
1977,4,2,6
1977,10,0,10
1977,2,1,3
1977,5,2,7
1977,5,4,9
1977,6,1,7
1977,5,3,8
1977,2,1,3
1977,6,5,11
1977,6,3,9
1977,4,10,14
1977,1,0,1
1977,7,4,11
1977,7,5,12
1977,5,11,16
1977,6,1,7
1977,4,3,7
1977,3,0,3
1977,3,0,3
1977,2,1,3
1977,2,1,3
1977,3,2,5
1977,9,3,12
1977,6,0,6
1977,4,3,7
1977,8,3,11
1977,8,2,10
1977,5,1,6
1977,6,3,9
1977,4,3,7
1977,3,1,4
1977,4,2,6
1977,2,1,3
1977,5,2,7
1977,5,1,6
1977,4,3,7
1977,7,5,12
1977,2,0,2
1977,9,1,10
1977,8,2,10
1977,5,2,7
1977,3,0,3
1977,6,1,7
1977,8,6,14
1977,10,1,11
1977,3,0,3
1977,3,0,3
1977,5,3,8
1977,6,4,10
1977,3,0,3
1977,3,2,5
1977,9,3,12
1977,4,3,7
1977,5,3,8
1977,3,0,3
1977,5,1,6
1977,5,4,9
1977,7,5,12
1977,7,6,13
1977,4,1,5
1977,2,18,20
1977,4,3,7
1977,6,2,8
1977,6,0,6
1977,3,2,5
1977,3,13,16
1977,6,3,9
1977,5,4,9
1977,2,0,2
1977,9,5,14
1977,8,4,12
1977,15,12,27
1977,8,2,10
1977,4,3,7
1977,6,2,8
1977,3,1,4
1977,7,3,10
1977,5,3,8
1977,3,2,5
1977,5,3,8
1977,4,3,7
1977,4,2,6
1977,4,3,7
1977,3,2,5
1977,5,2,7
1977,5,4,9
1977,8,7,15
1977,9,6,15
1977,8,1,9
1977,8,4,12
1977,6,10,16
1977,8,3,11
1977,9,6,15
1977,6,2,8
1977,6,23,29
1977,3,0,3
1977,5,2,7
1977,3,1,4
1977,4,10,14
1977,8,1,9
1977,5,2,7
1977,6,4,10
1977,2,10,12
1977,3,1,4
1977,8,10,18
1977,7,4,11
1977,8,3,11
1977,8,4,12
1977,3,2,5
1977,2,0,2
1977,6,4,10
1977,6,3,9
1977,6,0,6
1977,5,3,8
1977,8,3,11
1977,3,2,5
1977,5,3,8
1977,5,2,7
1977,9,1,10
1977,4,3,7
1977,3,0,3
1977,6,5,11
1977,4,13,17
1977,7,15,22
1977,3,0,3
1977,7,4,11
1977,6,2,8
1977,5,2,7
1977,4,0,4
1977,4,12,16
1977,6,5,11
1977,5,14,19
1977,6,1,7
1977,7,5,12
1977,4,3,7
1977,9,3,12
1977,9,10,19
1977,5,1,6
1977,3,2,5
1977,8,7,15
1977,7,4,11
1977,7,12,19
1977,8,11,19
1977,4,3,7
1977,7,6,13
1977,4,3,7
1977,8,5,13
1977,9,6,15
1977,5,2,7
1977,14,10,24
1977,6,0,6
1977,8,5,13
1977,3,14,17
1977,8,1,9
1977,4,3,7
1977,6,3,9
1977,7,1,8
1977,3,1,4
1977,5,1,6
1977,8,2,10
1977,6,2,8
1977,4,11,15
1977,2,0,2
1977,7,4,11
1977,6,5,11
1977,4,3,7
1977,6,5,11
1977,7,2,9
1977,3,0,3
1977,2,1,3
1977,5,4,9
1977,7,5,12
1977,2,1,3
1977,4,2,6
1977,6,5,11
1977,5,2,7
1977,4,3,7
1977,8,5,13
1977,4,1,5
1977,7,2,9
1977,5,13,18
1977,9,4,13
1977,7,3,10
1977,2,1,3
1977,4,0,4
1977,7,6,13
1977,7,4,11
1977,3,2,5
1977,1,0,1
1977,6,5,11
1977,6,5,11
1977,2,1,3
1977,6,5,11
1977,1,0,1
1977,4,3,7
1977,4,3,7
1977,8,3,11
1977,6,5,11
1977,4,3,7
1977,6,0,6
1977,10,1,11
1977,4,2,6
1977,3,1,4
1977,2,1,3
1977,3,10,13
1977,6,5,11
1977,8,6,14
1977,5,4,9
1977,4,3,7
1977,4,3,7
1977,7,3,10
1977,4,1,5
1977,3,1,4
1977,17,12,29
1977,6,3,9
1977,5,1,6
1977,3,1,4
1977,6,3,9
1977,3,1,4
1977,9,4,13
1977,4,2,6
1977,6,5,11
1977,2,1,3
1977,7,5,12
1977,6,4,10
1977,3,2,5
1977,3,0,3
1977,3,2,5
1977,5,4,9
1977,6,4,10
1977,8,1,9
1977,5,4,9
1977,5,2,7
1977,7,6,13
1977,3,2,5
1977,3,2,5
1977,4,14,18
1977,3,2,5
1977,5,4,9
1977,4,3,7
1977,8,3,11
1977,7,3,10
1977,1,0,1
1977,6,3,9
1977,5,3,8
1977,9,7,16
1977,5,1,6
1977,3,2,5
1977,6,4,10
1977,8,12,20
1977,9,8,17
1977,14,0,14
1977,7,4,11
1977,9,3,12
1977,4,1,5
1977,5,1,6
1977,5,3,8
1977,7,6,13
1977,5,2,7
1977,5,2,7
1977,8,3,11
1977,6,2,8
1977,6,5,11
1977,4,2,6
1977,6,0,6
1977,4,2,6
1977,5,2,7
1977,6,4,10
1977,6,2,8
1977,4,3,7
1977,6,4,10
1977,3,0,3
1977,6,3,9
1977,2,0,2
1977,4,3,7
1977,7,5,12
1977,3,11,14
1977,7,4,11
1977,6,4,10
1977,4,2,6
1977,3,10,13
1977,7,4,11
1977,1,0,1
1977,3,1,4
1977,5,3,8
1977,8,7,15
1977,9,5,14
1977,4,0,4
1977,7,6,13
1977,1,0,1
1977,6,2,8
1977,2,0,2
1977,1,0,1
1977,3,2,5
1977,5,0,5
1977,7,1,8
1977,8,15,23
1977,7,1,8
1977,9,6,15
1977,8,6,14
1977,8,1,9
1977,5,4,9
1977,14,13,27
1977,9,4,13
1977,5,2,7
1977,8,7,15
1977,2,0,2
1977,4,2,6
1977,4,3,7
1977,7,5,12
1977,3,2,5
1977,9,10,19
1977,5,1,6
1977,8,6,14
1977,4,14,18
1977,4,3,7
1977,4,2,6
1977,5,1,6
1977,7,5,12
1977,6,5,11
1977,3,2,5
1977,7,3,10
1977,5,4,9
1977,6,1,7
1977,7,6,13
1977,8,0,8
1977,3,1,4
1977,1,0,1
1977,5,2,7
1977,9,5,14
1977,4,2,6
1977,3,1,4
1977,9,5,14
1977,3,1,4
1977,4,3,7
1977,9,2,11
1977,6,3,9
1977,4,10,14
1977,5,4,9
1977,7,6,13
1977,6,5,11
1977,8,0,8
1977,9,8,17
1977,7,6,13
1977,5,2,7
1977,9,5,14
1977,7,3,10
1977,5,14,19
1977,2,1,3
1977,4,2,6
1977,9,2,11
1977,9,8,17
1977,6,0,6
1977,5,0,5
1977,3,2,5
1977,3,2,5
1977,3,2,5
1977,3,2,5
1977,3,0,3
1977,6,1,7
1977,3,0,3
1977,7,3,10
1977,1,0,1
1977,10,1,11
1977,7,2,9
1977,2,1,3
1977,6,3,9
1977,4,3,7
1977,7,5,12
1977,6,1,7
1977,1,0,1
1977,3,1,4
1977,13,1,14
1977,4,1,5
1977,4,3,7
1977,4,1,5
1977,6,4,10
1977,7,10,17
1977,4,3,7
1977,8,7,15
1977,13,10,23
1977,4,1,5
1977,3,1,4
1977,5,3,8
1977,6,4,10
1977,4,1,5
1977,6,4,10
1977,6,0,6
1977,6,5,11
1977,5,1,6
1977,4,1,5
1977,5,4,9
1977,9,8,17
1977,5,3,8
1977,6,4,10
1977,3,2,5
1977,2,0,2
1977,4,11,15
1977,6,5,11
1977,7,6,13
1977,8,14,22
1977,3,1,4
1977,4,0,4
1977,6,1,7
1977,7,1,8
1977,6,1,7
1977,7,4,11
1977,5,2,7
1977,5,2,7
1977,7,1,8
1977,5,4,9
1977,5,4,9
1977,3,0,3
1977,3,2,5
1977,8,3,11
1977,8,5,13
1977,8,5,13
1977,7,1,8
1977,3,2,5
1977,7,2,9
1977,7,2,9
1977,5,0,5
1977,3,2,5
1977,9,12,21
1977,4,2,6
1977,6,5,11
1977,6,3,9
1977,7,1,8
1977,6,5,11
1977,6,2,8
1977,8,7,15
1977,6,0,6
1977,9,0,9
1977,2,0,2
1977,10,1,11
1977,3,2,5
1977,2,0,2
1977,6,5,11
1977,9,6,15
1977,6,0,6
1977,7,3,10
1977,4,1,5
1977,3,2,5
1977,7,6,13
1977,7,0,7
1977,4,3,7
1977,8,6,14
1977,3,1,4
1977,5,1,6
1977,9,4,13
1977,8,5,13
1977,7,1,8
1977,7,3,10
1977,7,5,12
1977,9,4,13
1977,7,1,8
1977,5,11,16
1977,4,3,7
1977,4,3,7
1977,2,1,3
1977,8,6,14
1977,5,3,8
1977,4,10,14
1977,2,0,2
1977,5,4,9
1977,2,1,3
1977,2,1,3
1977,4,2,6
1977,6,0,6
1977,4,3,7
1977,8,5,13
1977,4,1,5
1977,7,5,12
1977,6,1,7
1977,4,2,6
1977,11,1,12
1977,2,1,3
1977,5,1,6
1977,4,2,6
1977,4,0,4
1977,8,7,15
1977,3,1,4
1977,7,0,7
1977,8,4,12
1977,8,2,10
1977,4,2,6
1977,6,2,8
1977,8,0,8
1977,8,6,14
1977,2,1,3
1977,7,1,8
1977,4,0,4
1977,7,1,8
1977,2,1,3
1977,4,2,6
1977,9,3,12
1977,2,1,3
1977,6,3,9
1977,4,10,14
1977,5,3,8
1977,9,10,19
1977,8,5,13
1977,7,0,7
1977,3,2,5
1977,5,2,7
1977,3,13,16
1977,4,3,7
1977,12,1,13
1977,9,5,14
1977,6,0,6
1977,5,2,7
1977,5,10,15
1977,9,2,11
1977,8,2,10
1977,4,0,4
1977,7,4,11
1977,6,2,8
1977,12,11,23
1977,4,3,7
1977,12,1,13
1977,5,1,6
1977,8,10,18
1977,7,0,7
1977,4,1,5
1977,9,15,24
1977,3,1,4
1977,4,2,6
1977,7,5,12
1977,7,3,10
1977,6,10,16
1977,8,6,14
1977,2,12,14
1977,4,0,4
1977,9,8,17
1977,5,4,9
1977,1,0,1
1977,5,0,5
1977,3,2,5
1977,4,2,6
1977,6,5,11
1977,7,1,8
1977,7,6,13
1977,6,5,11
1977,3,0,3
1977,6,5,11
1977,7,1,8
1977,9,5,14
1977,5,2,7
1977,3,1,4
1977,3,2,5
1977,5,4,9
1977,7,6,13
1977,6,4,10
1977,4,3,7
1977,4,1,5
1977,8,3,11
1977,8,1,9
1977,5,1,6
1977,6,4,10
1977,2,10,12
1977,3,2,5
1977,8,5,13
1977,2,0,2
1977,4,3,7
1977,4,3,7
1977,5,2,7
1977,5,4,9
1977,9,3,12
1977,5,2,7
1977,3,2,5
1977,2,0,2
1977,8,6,14
1977,19,12,31
1977,5,4,9
1977,7,3,10
1977,9,3,12
1977,7,4,11
1977,6,3,9
1977,2,0,2
1977,2,1,3
1977,7,2,9
1977,4,10,14
1977,9,14,23
1977,9,2,11
1977,4,1,5
1977,7,6,13
1977,3,10,13
1977,4,3,7
1977,4,2,6
1977,5,2,7
1977,6,1,7
1977,7,6,13
1977,3,2,5
1977,3,1,4
1977,4,10,14
1977,4,11,15
1977,3,2,5
1977,5,1,6
1977,8,3,11
1977,4,2,6
1977,3,1,4
1977,6,5,11
1977,6,1,7
1977,3,13,16
1977,8,5,13
1977,5,1,6
1977,7,13,20
1977,7,0,7
1977,3,1,4
1977,5,4,9
1977,8,11,19
1977,5,3,8
1977,7,2,9
1977,7,4,11
1977,1,0,1
1977,5,0,5
1977,5,3,8
1977,4,0,4
1977,4,1,5
1977,9,1,10
1977,5,4,9
1977,5,11,16
1977,4,2,6
1977,4,3,7
1977,8,1,9
1977,2,1,3
1977,5,11,16
1977,8,2,10
1977,2,0,2
1977,5,2,7
1977,2,12,14
1977,3,1,4
1977,6,5,11
1977,5,3,8
1977,5,1,6
1977,7,6,13
1977,2,1,3
1977,2,1,3
1977,5,10,15
1977,3,1,4
1977,8,11,19
1977,5,2,7
1977,9,4,13
1977,8,13,21
1977,1,0,1
1977,2,1,3
1977,4,3,7
1977,6,4,10
1977,4,3,7
1977,6,3,9
1977,2,1,3
1977,3,10,13
1977,3,10,13
1977,7,10,17
1977,8,12,20
1977,6,4,10
1977,6,0,6
1977,8,10,18
1977,6,3,9
1977,9,3,12
1977,4,2,6
1977,2,0,2
1977,6,10,16
1977,7,11,18
1977,8,7,15
1977,3,10,13
1977,7,10,17
1977,4,0,4
1977,6,3,9
1977,5,3,8
1977,5,4,9
1977,6,4,10
1977,9,6,15
1977,4,2,6
1977,3,19,22
1977,7,6,13
1977,5,0,5
1977,7,5,12
1977,3,1,4
1977,5,2,7
1977,4,3,7
1977,7,12,19
1977,6,2,8
1977,4,0,4
1977,1,0,1
1977,9,3,12
1977,2,1,3
1977,6,5,11
1977,6,0,6
1977,9,8,17
1977,3,2,5
1977,5,4,9
1977,12,1,13
1977,7,3,10
1977,8,7,15
1977,4,1,5
1977,6,4,10
1977,15,13,28
1977,2,0,2
1977,9,5,14
1977,8,6,14
1977,8,7,15
1977,2,1,3
1977,4,3,7
1977,5,3,8
1977,8,11,19
1977,4,2,6
1977,7,5,12
1977,4,3,7
1977,5,2,7
1977,2,0,2
1977,7,4,11
1977,8,6,14
1977,8,2,10
1977,6,4,10
1977,5,1,6
1977,8,3,11
1977,7,5,12
1977,7,6,13
1977,5,11,16
1977,7,10,17
1977,8,5,13
1977,6,2,8
1977,5,3,8
1977,7,3,10
1977,13,11,24
1977,5,4,9
1977,8,7,15
1977,3,2,5
1977,9,5,14
1977,6,5,11
1977,4,3,7
1977,3,2,5
1977,5,2,7
1977,3,1,4
1977,7,1,8
1977,2,1,3
1977,3,2,5
1977,5,2,7
1977,7,5,12
1977,9,8,17
1977,5,4,9
1977,7,2,9
1977,6,0,6
1977,8,3,11
1977,4,3,7
1977,5,3,8
1977,6,5,11
1977,6,5,11
1977,5,4,9
1977,7,5,12
1977,5,4,9
1977,8,5,13
1977,7,3,10
1977,15,0,15
1977,2,1,3
1977,5,1,6
1977,12,10,22
1977,5,2,7
1977,5,12,17
1977,4,2,6
1977,4,3,7
1977,6,5,11
1977,4,2,6
1977,2,1,3
1977,9,7,16
1977,2,0,2
1977,4,2,6
1977,8,1,9
1977,5,1,6
1977,3,0,3
1977,8,3,11
1977,4,3,7
1977,7,1,8
1977,2,1,3
1977,8,0,8
1977,5,2,7
1977,5,4,9
1977,4,2,6
1977,3,2,5
1977,5,4,9
1977,7,3,10
1977,4,3,7
1977,6,3,9
1977,6,3,9
1977,5,3,8
1977,4,3,7
1977,9,7,16
1977,3,2,5
1977,6,4,10
1977,9,8,17
1977,6,1,7
1977,5,2,7
1977,3,1,4
1977,5,2,7
1977,5,4,9
1977,4,3,7
1977,4,1,5
1977,2,1,3
1977,7,1,8
1977,7,4,11
1977,4,3,7
1977,4,3,7
1977,6,3,9
1977,7,6,13
1977,6,1,7
1977,3,2,5
1977,6,2,8
1977,9,7,16
1977,8,3,11
1977,7,4,11
1977,4,2,6
1977,7,6,13
1977,7,1,8
1977,6,1,7
1977,8,7,15
1977,4,2,6
1977,9,2,11
1977,5,3,8
1977,8,3,11
1977,8,1,9
1977,8,6,14
1977,4,0,4
1977,5,4,9
1977,4,3,7
1977,8,0,8
1977,5,1,6
1977,5,0,5
1977,3,0,3
1977,5,3,8
1977,8,2,10
1977,9,8,17
1977,1,0,1
1977,5,4,9
1977,3,11,14
1977,11,10,21
1977,8,7,15
1977,3,2,5
1977,3,1,4
1977,8,4,12
1977,3,2,5
1977,8,7,15
1977,3,1,4
1977,9,3,12
1977,4,1,5
1977,9,5,14
1977,4,2,6
1977,4,3,7
1977,6,1,7
1977,3,2,5
1977,7,6,13
1977,4,11,15
1977,8,2,10
1977,4,3,7
1977,8,1,9
1977,4,0,4
1977,3,2,5
1977,7,0,7
1977,5,4,9
1977,6,2,8
1977,3,2,5
1977,4,3,7
1977,9,6,15
1977,4,0,4
1977,5,1,6
1977,3,0,3
1977,1,0,1
1977,5,4,9
1977,2,1,3
1977,6,2,8
1977,6,3,9
1977,8,7,15
1977,5,0,5
1977,5,3,8
1977,6,2,8
1977,4,2,6
1977,3,10,13
1977,1,0,1
1977,9,8,17
1977,5,4,9
1977,5,4,9
1977,6,4,10
1977,4,10,14
1977,3,1,4
1977,5,4,9
1977,4,3,7
1977,3,10,13
1977,6,3,9
1977,4,3,7
1977,3,10,13
1977,3,2,5
1977,4,3,7
1977,9,6,15
1977,6,10,16
1977,6,4,10
1977,4,1,5
1977,6,2,8
1977,5,3,8
1977,5,3,8
1977,9,10,19
1977,3,1,4
1977,7,6,13
1977,7,4,11
1977,3,1,4
1977,4,3,7
1977,3,0,3
1977,5,4,9
1977,3,0,3
1977,4,3,7
1977,8,7,15
1977,9,7,16
1977,6,4,10
1977,8,3,11
1977,1,0,1
1977,2,1,3
1977,6,3,9
1977,6,4,10
1977,7,2,9
1977,4,3,7
1977,9,8,17
1977,4,3,7
1977,8,3,11
1977,3,0,3
1977,5,1,6
1977,5,1,6
1977,5,4,9
1977,2,1,3
1977,3,2,5
1977,4,3,7
1977,5,2,7
1977,9,7,16
1977,8,3,11
1977,4,2,6
1977,14,0,14
1977,5,14,19
1977,3,1,4
1977,6,2,8
1977,5,1,6
1977,5,4,9
1977,7,5,12
1977,6,4,10
1977,9,3,12
1977,3,2,5
1977,7,5,12
1977,4,1,5
1977,7,4,11
1977,5,3,8
1977,12,0,12
1977,16,15,31
1977,5,4,9
1977,2,1,3
1977,2,14,16
1977,6,4,10
1977,9,4,13
1977,5,4,9
1977,5,2,7
1977,3,0,3
1977,3,0,3
1977,5,3,8
1977,6,5,11
1977,8,11,19
1977,6,5,11
1977,3,10,13
1977,3,1,4
1977,1,0,1
1977,4,1,5
1977,4,1,5
1977,4,0,4
1977,7,0,7
1977,5,4,9
1977,6,13,19
1977,7,3,10
1977,6,10,16
1977,3,0,3
1977,6,4,10
1977,4,1,5
1977,4,3,7
1977,3,11,14
1977,7,4,11
1977,8,6,14
1977,9,3,12
1977,9,3,12
1977,5,3,8
1977,6,5,11
1977,3,2,5
1977,8,3,11
1977,1,0,1
1977,5,4,9
1977,8,4,12
1977,6,2,8
1977,9,2,11
1977,9,4,13
1977,4,1,5
1977,8,2,10
1977,9,10,19
1977,9,2,11
1977,5,4,9
1977,6,1,7
1977,3,2,5
1977,4,1,5
1977,6,5,11
1977,4,1,5
1977,6,11,17
1977,7,6,13
1977,4,3,7
1977,9,5,14
1977,9,2,11
1977,8,7,15
1977,5,1,6
1977,3,2,5
1977,6,4,10
1977,9,3,12
1977,9,8,17
1977,5,2,7
1977,6,3,9
1977,9,2,11
1977,7,4,11
1977,9,4,13
1977,2,10,12
1977,7,2,9
1977,4,2,6
1977,3,2,5
1977,5,1,6
1977,5,3,8
1977,12,10,22
1977,5,3,8
1977,3,0,3
1977,7,4,11
1977,7,4,11
1977,11,1,12
1977,4,2,6
1977,4,3,7
1977,8,6,14
1977,8,1,9
1977,4,12,16
1977,5,2,7
1977,5,4,9
1977,8,0,8
1977,4,2,6
1977,3,1,4
1977,2,1,3
1977,6,4,10
1977,5,0,5
1977,8,11,19
1977,12,1,13
1977,6,10,16
1977,4,3,7
1977,6,0,6
1977,5,4,9
1977,2,12,14
1977,6,1,7
1977,14,10,24
1977,3,2,5
1977,1,0,1
1977,8,3,11
1977,5,3,8
1977,3,1,4
1977,9,5,14
1977,5,10,15
1977,8,3,11
1977,6,5,11
1977,3,1,4
1977,4,1,5
1977,6,3,9
1977,5,3,8
1977,6,5,11
1977,7,3,10
1977,2,1,3
1977,1,0,1
1977,9,2,11
1977,6,2,8
1977,6,3,9
1977,8,6,14
1977,9,4,13
1977,6,0,6
1977,4,1,5
1977,5,2,7
1977,3,2,5
1977,6,2,8
1977,7,5,12
1977,11,1,12
1977,7,4,11
1977,5,2,7
1977,3,1,4
1977,7,1,8
1977,6,3,9
1977,5,4,9
1977,6,1,7
1977,6,4,10
1977,7,2,9
1977,4,0,4
1977,6,5,11
1977,4,2,6
1977,7,6,13
1977,5,2,7
1977,3,0,3
1977,3,1,4
1977,3,13,16
1977,4,2,6
1977,6,4,10
1977,4,0,4
1977,8,3,11
1977,4,1,5
1977,4,1,5
1977,4,3,7
1977,5,0,5
1977,6,2,8
1977,5,4,9
1977,11,10,21
1977,6,1,7
1977,5,3,8
1977,1,0,1
1977,6,3,9
1977,3,1,4
1977,6,1,7
1977,6,1,7
1977,2,1,3
1977,8,6,14
1977,2,1,3
1977,8,6,14
1977,4,3,7
1977,4,3,7
1977,7,3,10
1977,3,1,4
1977,5,4,9
1977,3,0,3
1977,5,10,15
1977,9,1,10
1977,2,1,3
1977,7,5,12
1977,8,3,11
1977,7,3,10
1977,6,1,7
1977,7,2,9
1977,3,10,13
1977,2,0,2
1977,5,4,9
1977,12,11,23
1977,5,2,7
1977,10,1,11
1977,9,3,12
1977,3,2,5
1977,6,5,11
1977,5,4,9
1977,4,3,7
1977,2,1,3
1977,7,10,17
1977,9,8,17
1977,9,6,15
1977,6,13,19
1977,7,10,17
1977,6,1,7
1977,2,1,3
1977,11,0,11
1977,6,5,11
1977,2,0,2
1977,3,1,4
1977,1,0,1
1977,6,5,11
1977,5,3,8
1977,5,4,9
1977,11,1,12
1977,2,10,12
1977,4,2,6
1977,4,12,16
1977,5,14,19
1977,6,5,11
1977,1,0,1
1977,3,15,18
1977,6,3,9
1977,6,3,9
1977,6,1,7
1977,9,3,12
1977,6,2,8
1977,9,12,21
1977,6,3,9
1977,3,15,18
1977,9,13,22
1977,2,1,3
1977,3,0,3
1977,7,2,9
1977,13,1,14
1977,6,3,9
1977,6,5,11
1977,6,2,8
1977,7,4,11
1977,7,4,11
1977,4,1,5
1977,6,5,11
1977,5,3,8
1977,6,5,11
1977,5,1,6
1977,7,3,10
1977,3,2,5
1977,3,2,5
1977,3,11,14
1977,7,5,12
1977,11,10,21
1977,5,1,6
1977,7,2,9
1977,9,6,15
1977,4,2,6
1977,7,4,11
1977,5,3,8
1977,7,5,12
1977,5,3,8
1977,3,2,5
1977,13,0,13
1977,2,0,2
1977,6,5,11
1977,7,6,13
1977,4,0,4
1977,5,4,9
1977,7,0,7
1977,8,4,12
1977,8,2,10
1977,8,3,11
1977,8,0,8
1977,3,1,4
1977,6,2,8
1977,9,3,12
1977,3,1,4
1977,3,2,5
1977,5,3,8
1977,7,2,9
1977,4,1,5
1977,4,3,7
1977,2,1,3
1977,9,5,14
1977,6,1,7
1977,6,4,10
1977,4,12,16
1977,8,1,9
1977,5,4,9
1977,5,4,9
1977,5,2,7
1977,4,2,6
1977,6,2,8
1977,6,3,9
1977,8,2,10
1977,5,4,9
1977,5,4,9
1977,5,1,6
1977,7,3,10
1977,7,1,8
1977,6,2,8
1977,3,2,5
1977,5,1,6
1977,6,4,10
1977,7,1,8
1977,6,3,9
1977,9,5,14
1977,4,10,14
1977,5,1,6
1977,4,1,5
1977,7,3,10
1977,5,4,9
1977,5,4,9
1977,7,0,7
1977,2,1,3
1977,5,4,9
1977,5,1,6
1977,5,3,8
1977,3,2,5
1977,5,1,6
1977,8,7,15
1977,5,4,9
1977,2,1,3
1977,5,2,7
1977,1,0,1
1977,12,1,13
1977,4,3,7
1977,8,6,14
1977,8,7,15
1977,3,2,5
1977,3,1,4
1977,8,3,11
1977,4,3,7
1977,4,2,6
1977,5,2,7
1977,7,0,7
1977,2,1,3
1977,8,1,9
1977,7,6,13
1977,2,1,3
1977,4,2,6
1977,4,3,7
1977,5,10,15
1977,3,0,3
1977,6,3,9
1977,5,3,8
1977,5,2,7
1977,4,11,15
1977,3,1,4
1977,4,3,7
1977,11,1,12
1977,3,1,4
1977,6,5,11
1977,2,1,3
1977,7,0,7
1977,9,3,12
1977,3,2,5
1977,8,6,14
1977,6,4,10
1977,9,6,15
1977,3,2,5
1977,6,5,11
1977,9,6,15
1977,6,4,10
1977,2,1,3
1977,4,2,6
1977,5,3,8
1977,3,2,5
1977,6,4,10
1977,4,2,6
1977,4,2,6
1977,4,2,6
1977,7,4,11
1977,6,5,11
1977,5,4,9
1977,6,5,11
1977,3,1,4
1977,5,2,7
1977,8,4,12
1977,5,4,9
1977,4,2,6
1977,7,5,12
1977,7,6,13
1977,6,5,11
1977,10,0,10
1977,7,6,13
1977,4,0,4
1977,4,3,7
1977,8,2,10
1977,4,0,4
1977,7,1,8
1977,9,8,17
1977,6,4,10
1977,5,0,5
1977,6,5,11
1977,10,1,11
1977,9,0,9
1977,6,10,16
1977,9,12,21
1977,7,2,9
1977,11,0,11
1977,1,0,1
1977,10,1,11
1977,4,1,5
1977,6,2,8
1977,6,1,7
1977,8,7,15
1977,9,2,11
1977,4,1,5
1977,7,6,13
1977,6,5,11
1977,7,2,9
1977,5,3,8
1977,3,2,5
1977,4,3,7
1977,8,2,10
1977,7,2,9
1977,3,1,4
1977,6,2,8
1977,8,2,10
1977,4,1,5
1977,4,2,6
1977,4,3,7
1977,6,5,11
1977,2,11,13
1977,7,4,11
1977,3,1,4
1977,4,3,7
1977,4,3,7
1977,5,2,7
1977,5,4,9
1977,5,0,5
1977,5,2,7
1977,4,3,7
1977,6,0,6
1977,5,4,9
1977,6,1,7
1977,2,1,3
1977,6,3,9
1977,3,1,4
1977,1,0,1
1977,6,5,11
1977,3,1,4
1977,6,4,10
1977,3,1,4
1977,3,0,3
1977,2,10,12
1977,4,0,4
1977,5,2,7
1977,4,0,4
1977,3,2,5
1977,3,0,3
1977,5,0,5
1977,6,4,10
1977,6,4,10
1977,4,3,7
1977,6,3,9
1977,3,2,5
1977,8,10,18
1977,3,2,5
1977,6,4,10
1977,7,4,11
1977,5,1,6
1977,9,1,10
1977,9,3,12
1977,4,1,5
1977,6,5,11
1977,2,1,3
1977,6,2,8
1977,7,5,12
1977,7,3,10
1977,7,5,12
1977,6,2,8
1977,8,2,10
1977,4,0,4
1977,7,1,8
1977,7,5,12
1977,5,2,7
1977,2,1,3
1977,8,2,10
1977,8,4,12
1977,7,2,9
1977,4,0,4
1977,6,5,11
1977,4,2,6
1977,4,3,7
1977,5,4,9
1977,8,7,15
1977,5,0,5
1977,5,1,6
1977,5,4,9
1977,4,3,7
1977,8,7,15
1977,2,1,3
1977,3,1,4
1977,11,1,12
1977,1,0,1
1977,8,4,12
1977,8,0,8
1977,6,0,6
1977,2,12,14
1977,3,1,4
1977,8,3,11
1977,7,2,9
1977,8,3,11
1977,7,4,11
1977,5,3,8
1977,7,2,9
1977,5,4,9
1977,3,2,5
1977,10,0,10
1977,2,11,13
1977,5,2,7
1977,4,1,5
1977,4,2,6
1977,6,3,9
1977,4,3,7
1977,6,2,8
1977,5,12,17
1977,9,5,14
1977,4,3,7
1977,6,2,8
1977,5,1,6
1977,5,4,9
1977,7,10,17
1977,3,2,5
1977,5,4,9
1977,2,0,2
1977,3,2,5
1977,3,2,5
1977,6,5,11
1977,4,3,7
1977,4,0,4
1977,7,1,8
1977,8,2,10
1977,9,5,14
1977,7,2,9
1977,7,2,9
1977,8,6,14
1977,7,1,8
1977,5,1,6
1977,8,6,14
1977,4,1,5
1977,8,10,18
1977,4,1,5
1977,6,1,7
1977,6,3,9
1977,2,0,2
1977,3,1,4
1977,4,11,15
1977,2,1,3
1977,8,3,11
1977,9,6,15
1977,6,5,11
1977,7,1,8
1977,6,1,7
1977,7,2,9
1977,7,4,11
1977,2,0,2
1977,10,1,11
1977,3,19,22
1977,4,1,5
1977,3,1,4
1977,4,2,6
1977,5,2,7
1977,7,1,8
1977,7,3,10
1977,9,5,14
1977,6,2,8
1977,6,2,8
1977,5,4,9
1977,7,3,10
1977,6,2,8
1977,2,1,3
1977,4,1,5
1977,4,3,7
1977,6,4,10
1977,5,3,8
1977,6,5,11
1977,4,10,14
1977,6,4,10
1977,7,3,10
1977,7,2,9
1977,8,1,9
1977,7,6,13
1977,4,3,7
1977,6,2,8
1977,3,1,4
1977,9,11,20
1977,3,2,5
1977,6,3,9
1977,6,1,7
1977,4,13,17
1977,4,18,22
1977,8,5,13
1977,4,2,6
1977,2,0,2
1977,6,5,11
1977,8,7,15
1977,3,1,4
1977,7,12,19
1977,7,0,7
1977,5,3,8
1977,2,1,3
1977,5,2,7
1977,6,0,6
1977,9,8,17
1977,3,2,5
1977,2,0,2
1977,1,0,1
1977,6,4,10
1977,8,5,13
1977,3,2,5
1977,2,1,3
1977,6,5,11
1977,4,2,6
1977,7,2,9
1977,7,6,13
1977,5,4,9
1977,3,2,5
1977,5,4,9
1977,7,3,10
1977,8,2,10
1977,8,7,15
1977,6,3,9
1977,4,3,7
1977,7,10,17
1977,6,4,10
1977,4,0,4
1977,6,1,7
1977,4,1,5
1977,5,4,9
1977,4,1,5
1977,3,2,5
1977,8,1,9
1977,5,0,5
1977,4,3,7
1977,5,3,8
1977,6,12,18
1977,9,7,16
1977,2,11,13
1977,4,3,7
1977,6,3,9
1977,6,5,11
1977,9,4,13
1977,7,5,12
1977,7,3,10
1977,8,1,9
1977,6,3,9
1977,5,4,9
1977,4,3,7
1977,11,0,11
1977,8,6,14
1977,8,4,12
1977,5,4,9
1977,4,10,14
1977,6,3,9
1977,7,3,10
1977,7,4,11
1977,6,5,11
1977,8,3,11
1977,9,8,17
1977,3,1,4
1977,7,5,12
1977,6,3,9
1977,6,0,6
1977,3,2,5
1977,5,12,17
1977,5,4,9
1977,8,10,18
1977,3,1,4
1977,6,3,9
1977,6,1,7
1977,8,0,8
1977,6,4,10
1977,5,2,7
1977,5,2,7
1977,8,2,10
1977,5,4,9
1977,6,3,9
1977,4,2,6
1977,5,1,6
1977,4,2,6
1977,4,2,6
1977,4,0,4
1977,3,1,4
1977,4,0,4
1977,3,2,5
1977,9,1,10
1977,8,6,14
1977,5,3,8
1977,5,10,15
1977,4,11,15
1977,4,2,6
1977,8,2,10
1977,4,0,4
1977,2,0,2
1977,3,2,5
1977,5,4,9
1977,7,1,8
1977,6,0,6
1977,5,4,9
1977,8,4,12
1977,2,0,2
1977,5,3,8
1977,3,1,4
1977,5,4,9
1977,5,1,6
1977,7,3,10
1977,2,0,2
1977,3,2,5
1977,5,1,6
1977,4,3,7
1977,6,1,7
1977,6,10,16
1977,6,5,11
1977,6,4,10
1977,3,2,5
1977,5,3,8
1977,8,7,15
1977,4,3,7
1977,7,3,10
1977,4,1,5
1977,6,2,8
1977,1,0,1
1977,4,3,7
1977,1,0,1
1977,3,1,4
1977,3,2,5
1977,8,3,11
1977,4,0,4
1977,6,3,9
1977,6,2,8
1977,4,0,4
1977,9,4,13
1977,5,12,17
1977,5,4,9
1977,8,6,14
1977,8,4,12
1977,8,5,13
1977,5,4,9
1977,8,6,14
1977,9,2,11
1977,5,4,9
1977,15,0,15
1977,2,0,2
1977,12,10,22
1977,7,10,17
1977,9,1,10
1977,4,2,6
1977,7,1,8
1977,9,5,14
1977,7,5,12
1977,6,1,7
1977,6,5,11
1977,5,1,6
1977,9,15,24
1977,3,1,4
1977,5,2,7
1977,7,5,12
1977,8,6,14
1977,2,1,3
1977,4,2,6
1977,3,2,5
1977,7,1,8
1977,5,3,8
1977,2,1,3
1977,3,2,5
1977,3,2,5
1977,5,2,7
1977,8,0,8
1977,2,1,3
1977,4,2,6
1977,4,3,7
1977,10,0,10
1977,6,5,11
1977,3,2,5
1977,4,2,6
1977,3,1,4
1977,6,3,9
1977,7,3,10
1977,6,3,9
1977,4,2,6
1977,4,1,5
1977,7,2,9
1977,5,2,7
1977,2,1,3
1977,11,10,21
1977,7,1,8
1977,8,5,13
1977,6,5,11
1977,7,5,12
1977,5,2,7
1977,9,4,13
1977,3,1,4
1977,7,5,12
1977,7,2,9
1977,6,3,9
1977,4,1,5
1977,8,7,15
1977,5,3,8
1977,6,1,7
1977,6,2,8
1977,4,1,5
1977,4,3,7
1977,9,1,10
1977,7,10,17
1977,6,5,11
1977,4,13,17
1977,8,4,12
1977,4,2,6
1977,6,5,11
1977,3,2,5
1977,6,3,9
1977,2,0,2
1977,6,3,9
1977,6,2,8
1977,8,7,15
1977,5,3,8
1977,5,1,6
1977,3,2,5
1977,3,1,4
1977,6,4,10
1977,8,7,15
1977,2,1,3
1977,5,4,9
1977,7,5,12
1977,7,1,8
1977,7,2,9
1977,6,2,8
1977,6,2,8
1977,6,5,11
1977,6,4,10
1977,4,1,5
1977,5,3,8
1977,4,3,7
1977,6,1,7
1977,5,3,8
1977,4,2,6
1977,4,10,14
1977,8,4,12
1978,3,2,5
1978,9,11,20
1978,5,4,9
1978,4,13,17
1978,1,0,1
1978,6,5,11
1978,5,4,9
1978,6,2,8
1978,3,11,14
1978,3,1,4
1978,5,1,6
1978,1,0,1
1978,6,3,9
1978,3,2,5
1978,6,2,8
1978,4,2,6
1978,6,5,11
1978,2,1,3
1978,8,5,13
1978,5,2,7
1978,3,16,19
1978,6,5,11
1978,7,0,7
1978,4,3,7
1978,8,2,10
1978,6,0,6
1978,2,1,3
1978,7,4,11
1978,3,2,5
1978,5,0,5
1978,9,3,12
1978,5,4,9
1978,8,4,12
1978,5,13,18
1978,6,5,11
1978,5,0,5
1978,3,12,15
1978,4,3,7
1978,8,6,14
1978,7,5,12
1978,7,1,8
1978,8,7,15
1978,3,0,3
1978,5,4,9
1978,5,2,7
1978,4,2,6
1978,6,0,6
1978,1,0,1
1978,2,11,13
1978,5,2,7
1978,3,2,5
1978,8,1,9
1978,9,5,14
1978,3,2,5
1978,1,0,1
1978,9,6,15
1978,4,2,6
1978,2,0,2
1978,6,2,8
1978,9,5,14
1978,5,4,9
1978,3,12,15
1978,6,3,9
1978,11,10,21
1978,5,2,7
1978,5,3,8
1978,4,2,6
1978,4,3,7
1978,8,7,15
1978,5,1,6
1978,3,2,5
1978,1,0,1
1978,7,6,13
1978,4,2,6
1978,3,1,4
1978,6,5,11
1978,6,5,11
1978,5,4,9
1978,5,4,9
1978,8,4,12
1978,3,1,4
1978,5,1,6
1978,5,14,19
1978,3,2,5
1978,2,1,3
1978,3,2,5
1978,4,3,7
1978,8,10,18
1978,7,0,7
1978,4,12,16
1978,13,10,23
1978,6,1,7
1978,6,5,11
1978,6,5,11
1978,4,3,7
1978,3,2,5
1978,3,2,5
1978,6,3,9
1978,7,5,12
1978,9,2,11
1978,8,6,14
1978,5,1,6
1978,4,3,7
1978,2,1,3
1978,8,0,8
1978,8,5,13
1978,7,2,9
1978,4,1,5
1978,3,0,3
1978,2,1,3
1978,8,4,12
1978,5,0,5
1978,4,3,7
1978,9,2,11
1978,6,0,6
1978,9,10,19
1978,8,2,10
1978,7,2,9
1978,6,1,7
1978,6,2,8
1978,7,3,10
1978,5,1,6
1978,6,2,8
1978,3,1,4
1978,7,6,13
1978,2,1,3
1978,3,11,14
1978,4,3,7
1978,5,1,6
1978,6,1,7
1978,1,0,1
1978,3,2,5
1978,5,0,5
1978,8,6,14
1978,5,4,9
1978,6,5,11
1978,2,1,3
1978,2,11,13
1978,2,0,2
1978,2,0,2
1978,4,3,7
1978,4,10,14
1978,5,1,6
1978,2,0,2
1978,2,1,3
1978,9,7,16
1978,5,0,5
1978,8,6,14
1978,3,2,5
1978,9,2,11
1978,9,3,12
1978,5,3,8
1978,3,0,3
1978,2,11,13
1978,5,3,8
1978,4,13,17
1978,3,2,5
1978,7,6,13
1978,5,1,6
1978,5,3,8
1978,7,3,10
1978,5,3,8
1978,4,3,7
1978,8,7,15
1978,2,0,2
1978,3,0,3
1978,5,4,9
1978,4,2,6
1978,6,5,11
1978,6,3,9
1978,7,10,17
1978,3,2,5
1978,9,6,15
1978,2,1,3
1978,7,3,10
1978,5,2,7
1978,3,2,5
1978,7,14,21
1978,5,4,9
1978,5,4,9
1978,5,0,5
1978,2,1,3
1978,4,0,4
1978,8,2,10
1978,6,5,11
1978,4,1,5
1978,4,3,7
1978,5,3,8
1978,4,2,6
1978,2,12,14
1978,8,6,14
1978,4,2,6
1978,3,1,4
1978,4,3,7
1978,3,0,3
1978,8,4,12
1978,4,2,6
1978,4,3,7
1978,4,3,7
1978,7,2,9
1978,2,1,3
1978,5,3,8
1978,4,3,7
1978,7,0,7
1978,4,1,5
1978,6,5,11
1978,6,1,7
1978,5,4,9
1978,7,2,9
1978,4,14,18
1978,2,1,3
1978,3,1,4
1978,6,4,10
1978,2,12,14
1978,1,0,1
1978,9,8,17
1978,4,2,6
1978,3,0,3
1978,5,3,8
1978,5,1,6
1978,8,7,15
1978,6,1,7
1978,3,1,4
1978,4,3,7
1978,5,4,9
1978,6,4,10
1978,6,3,9
1978,7,6,13
1978,3,1,4
1978,5,1,6
1978,6,2,8
1978,3,2,5
1978,5,4,9
1978,5,4,9
1978,7,1,8
1978,5,4,9
1978,5,0,5
1978,5,0,5
1978,5,2,7
1978,3,1,4
1978,2,11,13
1978,3,1,4
1978,7,14,21
1978,5,1,6
1978,7,2,9
1978,6,2,8
1978,5,0,5
1978,1,0,1
1978,4,1,5
1978,7,5,12
1978,9,3,12
1978,8,7,15
1978,2,1,3
1978,3,0,3
1978,3,2,5
1978,6,4,10
1978,2,1,3
1978,4,11,15
1978,7,3,10
1978,4,3,7
1978,4,0,4
1978,2,1,3
1978,6,5,11
1978,9,6,15
1978,12,1,13
1978,8,4,12
1978,7,4,11
1978,2,1,3
1978,5,4,9
1978,3,1,4
1978,2,10,12
1978,5,4,9
1978,5,3,8
1978,4,2,6
1978,2,1,3
1978,2,1,3
1978,4,1,5
1978,9,0,9
1978,2,1,3
1978,9,11,20
1978,7,4,11
1978,9,5,14
1978,3,12,15
1978,4,0,4
1978,3,10,13
1978,6,5,11
1978,3,11,14
1978,7,5,12
1978,5,10,15
1978,4,0,4
1978,8,2,10
1978,8,1,9
1978,4,1,5
1978,5,2,7
1978,2,1,3
1978,5,0,5
1978,4,3,7
1978,9,0,9
1978,5,2,7
1978,5,1,6
1978,9,4,13
1978,7,2,9
1978,9,1,10
1978,2,1,3
1978,2,1,3
1978,8,7,15
1978,6,4,10
1978,3,0,3
1978,7,3,10
1978,2,1,3
1978,6,2,8
1978,4,3,7
1978,9,5,14
1978,6,0,6
1978,7,2,9
1978,3,2,5
1978,6,0,6
1978,1,0,1
1978,9,15,24
1978,5,0,5
1978,3,16,19
1978,2,1,3
1978,5,19,24
1978,4,2,6
1978,8,6,14
1978,3,2,5
1978,4,0,4
1978,8,5,13
1978,6,4,10
1978,9,7,16
1978,8,4,12
1978,8,4,12
1978,3,2,5
1978,3,2,5
1978,7,6,13
1978,4,3,7
1978,7,6,13
1978,5,4,9
1978,7,5,12
1978,3,1,4
1978,7,1,8
1978,3,1,4
1978,5,1,6
1978,8,5,13
1978,3,2,5
1978,4,0,4
1978,3,2,5
1978,7,2,9
1978,6,1,7
1978,6,5,11
1978,4,3,7
1978,7,2,9
1978,3,1,4
1978,1,0,1
1978,5,1,6
1978,3,1,4
1978,5,4,9
1978,2,0,2
1978,3,2,5
1978,4,1,5
1978,4,3,7
1978,6,2,8
1978,4,3,7
1978,4,3,7
1978,4,10,14
1978,4,3,7
1978,9,7,16
1978,5,3,8
1978,5,4,9
1978,3,0,3
1978,6,4,10
1978,9,3,12
1978,9,3,12
1978,8,3,11
1978,6,1,7
1978,2,1,3
1978,3,2,5
1978,5,2,7
1978,5,2,7
1978,4,2,6
1978,3,0,3
1978,7,4,11
1978,4,3,7
1978,6,5,11
1978,7,6,13
1978,5,1,6
1978,9,6,15
1978,5,4,9
1978,4,3,7
1978,15,0,15
1978,9,10,19
1978,7,10,17
1978,6,2,8
1978,2,1,3
1978,7,4,11
1978,1,0,1
1978,5,4,9
1978,4,3,7
1978,3,2,5
1978,4,1,5
1978,3,2,5
1978,4,2,6
1978,5,0,5
1978,3,1,4
1978,7,6,13
1978,9,6,15
1978,4,3,7
1978,8,6,14
1978,6,10,16
1978,8,3,11
1978,3,2,5
1978,4,2,6
1978,6,1,7
1978,3,2,5
1978,3,2,5
1978,8,1,9
1978,5,1,6
1978,7,5,12
1978,4,3,7
1978,4,3,7
1978,5,4,9
1978,9,6,15
1978,5,4,9
1978,2,1,3
1978,10,1,11
1978,5,3,8
1978,5,4,9
1978,2,1,3
1978,3,1,4
1978,5,2,7
1978,9,5,14
1978,4,3,7
1978,5,3,8
1978,9,5,14
1978,5,3,8
1978,8,5,13
1978,8,6,14
1978,8,7,15
1978,3,2,5
1978,8,7,15
1978,6,4,10
1978,6,2,8
1978,4,3,7
1978,7,5,12
1978,7,5,12
1978,6,0,6
1978,5,3,8
1978,7,10,17
1978,7,1,8
1978,5,3,8
1978,4,3,7
1978,6,2,8
1978,6,5,11
1978,4,2,6
1978,3,11,14
1978,2,10,12
1978,6,10,16
1978,2,1,3
1978,6,5,11
1978,13,0,13
1978,6,3,9
1978,3,2,5
1978,6,4,10
1978,6,0,6
1978,9,4,13
1978,4,3,7
1978,7,3,10
1978,8,10,18
1978,3,2,5
1978,7,2,9
1978,1,0,1
1978,3,0,3
1978,3,2,5
1978,2,1,3
1978,9,3,12
1978,6,4,10
1978,3,2,5
1978,4,1,5
1978,2,1,3
1978,7,0,7
1978,6,5,11
1978,6,2,8
1978,8,0,8
1978,5,4,9
1978,2,1,3
1978,9,1,10
1978,10,0,10
1978,2,0,2
1978,5,2,7
1978,8,1,9
1978,10,1,11
1978,5,4,9
1978,2,0,2
1978,5,4,9
1978,6,4,10
1978,5,2,7
1978,10,1,11
1978,3,2,5
1978,7,3,10
1978,3,2,5
1978,4,3,7
1978,5,3,8
1978,3,2,5
1978,4,1,5
1978,2,1,3
1978,3,2,5
1978,1,0,1
1978,4,1,5
1978,6,4,10
1978,5,4,9
1978,3,2,5
1978,7,1,8
1978,6,5,11
1978,9,3,12
1978,6,5,11
1978,2,0,2
1978,2,0,2
1978,8,2,10
1978,2,1,3
1978,6,0,6
1978,5,1,6
1978,7,1,8
1978,9,3,12
1978,3,2,5
1978,9,4,13
1978,9,1,10
1978,2,11,13
1978,9,5,14
1978,4,2,6
1978,4,3,7
1978,6,3,9
1978,6,5,11
1978,3,1,4
1978,5,4,9
1978,4,3,7
1978,2,1,3
1978,3,1,4
1978,6,1,7
1978,6,0,6
1978,6,4,10
1978,6,5,11
1978,6,2,8
1978,1,0,1
1978,4,2,6
1978,4,3,7
1978,9,7,16
1978,4,1,5
1978,15,1,16
1978,5,2,7
1978,3,1,4
1978,3,2,5
1978,3,2,5
1978,5,3,8
1978,4,3,7
1978,3,0,3
1978,4,3,7
1978,4,3,7
1978,6,3,9
1978,3,2,5
1978,4,0,4
1978,4,1,5
1978,8,7,15
1978,5,3,8
1978,6,5,11
1978,5,2,7
1978,3,1,4
1978,6,5,11
1978,2,0,2
1978,7,5,12
1978,5,4,9
1978,7,0,7
1978,2,0,2
1978,6,3,9
1978,8,1,9
1978,8,2,10
1978,9,6,15
1978,6,2,8
1978,4,2,6
1978,7,2,9
1978,6,2,8
1978,4,3,7
1978,7,1,8
1978,7,2,9
1978,4,3,7
1978,4,0,4
1978,6,2,8
1978,5,1,6
1978,5,2,7
1978,1,0,1
1978,2,10,12
1978,2,1,3
1978,7,4,11
1978,8,2,10
1978,6,1,7
1978,2,0,2
1978,4,10,14
1978,6,2,8
1978,2,17,19
1978,3,0,3
1978,1,0,1
1978,8,3,11
1978,3,1,4
1978,9,1,10
1978,3,2,5
1978,5,4,9
1978,2,1,3
1978,4,3,7
1978,10,0,10
1978,1,0,1
1978,7,10,17
1978,6,1,7
1978,2,1,3
1978,3,2,5
1978,4,2,6
1978,2,1,3
1978,5,1,6
1978,7,6,13
1978,6,5,11
1978,5,4,9
1978,3,1,4
1978,4,2,6
1978,9,10,19
1978,3,1,4
1978,5,4,9
1978,8,6,14
1978,4,3,7
1978,9,2,11
1978,5,2,7
1978,2,1,3
1978,9,5,14
1978,6,4,10
1978,5,3,8
1978,3,2,5
1978,5,1,6
1978,5,1,6
1978,2,1,3
1978,4,3,7
1978,4,2,6
1978,6,4,10
1978,4,1,5
1978,6,4,10
1978,4,2,6
1978,2,13,15
1978,7,12,19
1978,9,4,13
1978,3,2,5
1978,5,2,7
1978,6,4,10
1978,9,4,13
1978,4,1,5
1978,9,5,14
1978,6,2,8
1978,2,1,3
1978,2,0,2
1978,4,3,7
1978,9,8,17
1978,9,7,16
1978,4,3,7
1978,8,4,12
1978,7,3,10
1978,2,1,3
1978,8,6,14
1978,9,4,13
1978,3,0,3
1978,5,1,6
1978,4,0,4
1978,8,2,10
1978,7,1,8
1978,7,6,13
1978,4,2,6
1978,4,3,7
1978,4,1,5
1978,2,1,3
1978,9,6,15
1978,8,1,9
1978,8,3,11
1978,8,3,11
1978,3,2,5
1978,4,1,5
1978,1,0,1
1978,5,4,9
1978,9,1,10
1978,6,0,6
1978,10,1,11
1978,2,1,3
1978,4,1,5
1978,7,10,17
1978,2,0,2
1978,5,4,9
1978,3,2,5
1978,3,1,4
1978,5,0,5
1978,7,3,10
1978,3,2,5
1978,3,2,5
1978,9,10,19
1978,3,2,5
1978,5,3,8
1978,6,1,7
1978,9,11,20
1978,3,2,5
1978,7,11,18
1978,4,3,7
1978,4,3,7
1978,8,10,18
1978,4,3,7
1978,6,3,9
1978,5,0,5
1978,5,4,9
1978,2,1,3
1978,1,0,1
1978,6,2,8
1978,6,4,10
1978,13,1,14
1978,5,12,17
1978,4,3,7
1978,9,6,15
1978,7,4,11
1978,2,1,3
1978,5,2,7
1978,2,1,3
1978,5,4,9
1978,4,11,15
1978,7,5,12
1978,3,0,3
1978,4,0,4
1978,3,1,4
1978,5,3,8
1978,5,3,8
1978,2,1,3
1978,2,1,3
1978,5,4,9
1978,9,10,19
1978,1,0,1
1978,3,2,5
1978,7,4,11
1978,6,5,11
1978,6,5,11
1978,6,5,11
1978,2,0,2
1978,3,2,5
1978,1,0,1
1978,12,1,13
1978,3,2,5
1978,5,0,5
1978,9,10,19
1978,1,0,1
1978,7,2,9
1978,2,1,3
1978,5,0,5
1978,5,3,8
1978,5,3,8
1978,3,2,5
1978,9,5,14
1978,2,0,2
1978,7,2,9
1978,7,1,8
1978,5,2,7
1978,9,0,9
1978,4,1,5
1978,3,1,4
1978,6,4,10
1978,7,1,8
1978,5,3,8
1978,8,2,10
1978,9,11,20
1978,6,2,8
1978,1,0,1
1978,2,1,3
1978,7,5,12
1978,5,0,5
1978,5,1,6
1978,7,3,10
1978,3,1,4
1978,7,2,9
1978,3,0,3
1978,5,2,7
1978,3,1,4
1978,6,1,7
1978,9,4,13
1978,6,0,6
1978,6,3,9
1978,2,1,3
1978,4,0,4
1978,8,6,14
1978,7,6,13
1978,2,1,3
1978,5,2,7
1978,7,10,17
1978,5,0,5
1978,7,4,11
1978,8,3,11
1978,5,2,7
1978,5,3,8
1978,5,4,9
1978,5,4,9
1978,6,1,7
1978,6,5,11
1978,4,3,7
1978,5,4,9
1978,6,3,9
1978,3,1,4
1978,4,0,4
1978,7,0,7
1978,5,4,9
1978,2,13,15
1978,8,7,15
1978,2,1,3
1978,3,2,5
1978,3,2,5
1978,11,0,11
1978,4,2,6
1978,3,0,3
1978,4,1,5
1978,3,1,4
1978,5,0,5
1978,8,4,12
1978,3,2,5
1978,4,1,5
1978,3,0,3
1978,4,3,7
1978,3,2,5
1978,4,10,14
1978,7,4,11
1978,6,5,11
1978,6,4,10
1978,2,1,3
1978,4,10,14
1978,4,2,6
1978,3,2,5
1978,5,3,8
1978,8,5,13
1978,5,10,15
1978,3,0,3
1978,4,2,6
1978,6,1,7
1978,5,3,8
1978,6,3,9
1978,5,4,9
1978,4,3,7
1978,9,2,11
1978,4,2,6
1978,5,4,9
1978,5,3,8
1978,5,2,7
1978,2,1,3
1978,2,1,3
1978,2,0,2
1978,3,0,3
1978,8,10,18
1978,8,6,14
1978,4,2,6
1978,4,3,7
1978,3,10,13
1978,4,2,6
1978,2,0,2
1978,2,1,3
1978,2,0,2
1978,5,0,5
1978,8,2,10
1978,5,2,7
1978,2,1,3
1978,8,3,11
1978,3,12,15
1978,5,3,8
1978,5,4,9
1978,1,0,1
1978,3,0,3
1978,3,2,5
1978,6,1,7
1978,6,1,7
1978,3,0,3
1978,9,0,9
1978,8,4,12
1978,7,0,7
1978,8,4,12
1978,8,3,11
1978,7,4,11
1978,3,12,15
1978,4,3,7
1978,7,5,12
1978,4,3,7
1978,5,0,5
1978,7,4,11
1978,6,2,8
1978,6,5,11
1978,2,1,3
1978,2,0,2
1978,3,0,3
1978,4,1,5
1978,8,5,13
1978,9,6,15
1978,2,1,3
1978,3,2,5
1978,4,2,6
1978,6,3,9
1978,5,4,9
1978,8,10,18
1978,4,0,4
1978,4,2,6
1978,6,1,7
1978,7,4,11
1978,9,3,12
1978,8,4,12
1978,7,5,12
1978,7,0,7
1978,5,2,7
1978,4,0,4
1978,9,10,19
1978,5,4,9
1978,4,3,7
1978,8,2,10
1978,5,1,6
1978,4,1,5
1978,8,11,19
1978,2,1,3
1978,8,3,11
1978,24,10,34
1978,3,0,3
1978,5,4,9
1978,7,2,9
1978,6,1,7
1978,7,4,11
1978,6,13,19
1978,1,0,1
1978,6,4,10
1978,3,1,4
1978,2,0,2
1978,6,1,7
1978,9,1,10
1978,6,10,16
1978,6,2,8
1978,9,8,17
1978,3,2,5
1978,9,5,14
1978,9,8,17
1978,4,3,7
1978,2,1,3
1978,3,0,3
1978,5,0,5
1978,7,2,9
1978,7,5,12
1978,2,1,3
1978,7,5,12
1978,4,2,6
1978,4,1,5
1978,4,2,6
1978,3,2,5
1978,7,3,10
1978,4,3,7
1978,3,1,4
1978,9,3,12
1978,6,3,9
1978,5,0,5
1978,8,7,15
1978,4,3,7
1978,9,7,16
1978,9,10,19
1978,5,10,15
1978,3,2,5
1978,4,2,6
1978,2,0,2
1978,6,5,11
1978,5,3,8
1978,5,2,7
1978,5,2,7
1978,2,1,3
1978,2,10,12
1978,2,1,3
1978,6,5,11
1978,3,13,16
1978,3,0,3
1978,4,15,19
1978,3,2,5
1978,6,3,9
1978,2,1,3
1978,2,0,2
1978,9,2,11
1978,9,3,12
1978,10,0,10
1978,3,2,5
1978,8,4,12
1978,4,2,6
1978,1,0,1
1978,4,0,4
1978,9,3,12
1978,9,7,16
1978,4,3,7
1978,6,5,11
1978,7,6,13
1978,6,2,8
1978,8,5,13
1978,9,5,14
1978,5,4,9
1978,4,2,6
1978,3,2,5
1978,5,3,8
1978,4,2,6
1978,9,3,12
1978,4,3,7
1978,2,0,2
1978,3,1,4
1978,9,5,14
1978,7,6,13
1978,8,7,15
1978,9,0,9
1978,6,5,11
1978,7,4,11
1978,4,2,6
1978,7,2,9
1978,2,0,2
1978,5,3,8
1978,4,3,7
1978,6,2,8
1978,2,1,3
1978,3,1,4
1978,6,4,10
1978,9,2,11
1978,4,3,7
1978,4,1,5
1978,7,2,9
1978,4,0,4
1978,3,2,5
1978,3,1,4
1978,4,3,7
1978,9,4,13
1978,7,5,12
1978,7,5,12
1978,3,1,4
1978,8,6,14
1978,9,2,11
1978,2,1,3
1978,3,13,16
1978,10,1,11
1978,9,8,17
1978,3,1,4
1978,7,5,12
1978,5,3,8
1978,5,4,9
1978,5,1,6
1978,3,2,5
1978,2,0,2
1978,7,6,13
1978,8,4,12
1978,9,2,11
1978,5,1,6
1978,9,6,15
1978,7,6,13
1978,3,2,5
1978,5,4,9
1978,3,2,5
1978,7,2,9
1978,3,11,14
1978,9,5,14
1978,3,2,5
1978,7,6,13
1978,2,1,3
1978,9,10,19
1978,7,4,11
1978,3,1,4
1978,6,0,6
1978,9,7,16
1978,3,2,5
1978,1,0,1
1978,7,4,11
1978,2,1,3
1978,7,12,19
1978,6,4,10
1978,7,0,7
1978,5,10,15
1978,5,0,5
1978,3,0,3
1978,4,2,6
1978,5,12,17
1978,3,2,5
1978,7,1,8
1978,7,5,12
1978,3,11,14
1978,6,5,11
1978,7,0,7
1978,9,8,17
1978,6,3,9
1978,8,1,9
1978,4,0,4
1978,5,1,6
1978,5,2,7
1978,7,11,18
1978,5,3,8
1978,8,2,10
1978,7,1,8
1978,5,1,6
1978,4,10,14
1978,8,4,12
1978,4,1,5
1978,7,0,7
1978,8,7,15
1978,6,1,7
1978,4,3,7
1978,8,6,14
1978,7,12,19
1978,5,0,5
1978,5,2,7
1978,4,2,6
1978,2,13,15
1978,6,0,6
1978,6,1,7
1978,7,3,10
1978,4,0,4
1978,5,4,9
1978,6,1,7
1978,7,2,9
1978,5,1,6
1978,4,3,7
1978,3,2,5
1978,9,5,14
1978,6,3,9
1978,9,2,11
1978,4,3,7
1978,5,4,9
1978,7,6,13
1978,11,1,12
1978,5,2,7
1978,2,0,2
1978,4,1,5
1978,3,2,5
1978,8,7,15
1978,11,1,12
1978,5,4,9
1978,2,0,2
1978,3,1,4
1978,7,5,12
1978,3,1,4
1978,8,0,8
1978,8,2,10
1978,3,2,5
1978,6,5,11
1978,7,6,13
1978,2,1,3
1978,4,2,6
1978,2,1,3
1978,5,3,8
1978,3,2,5
1978,4,0,4
1978,3,2,5
1978,5,3,8
1978,9,2,11
1978,10,1,11
1978,6,1,7
1978,3,1,4
1978,8,5,13
1978,3,2,5
1978,6,10,16
1978,8,4,12
1978,9,4,13
1978,6,0,6
1978,3,0,3
1978,7,4,11
1978,2,0,2
1978,3,2,5
1978,4,3,7
1978,4,3,7
1978,8,6,14
1978,2,1,3
1978,6,1,7
1978,9,7,16
1978,5,3,8
1978,8,7,15
1978,5,2,7
1978,9,7,16
1978,4,3,7
1978,5,1,6
1978,8,3,11
1978,7,6,13
1978,3,1,4
1978,9,1,10
1978,7,2,9
1978,6,3,9
1978,7,2,9
1978,13,12,25
1978,3,2,5
1978,3,0,3
1978,3,10,13
1978,7,4,11
1978,7,5,12
1978,4,11,15
1978,8,2,10
1978,2,0,2
1978,8,6,14
1978,3,1,4
1978,8,3,11
1978,2,1,3
1978,5,4,9
1978,7,2,9
1978,6,3,9
1978,6,2,8
1978,5,3,8
1978,9,8,17
1978,2,1,3
1978,8,6,14
1978,4,0,4
1978,7,3,10
1978,7,4,11
1978,5,4,9
1978,8,6,14
1978,7,6,13
1978,3,2,5
1978,7,4,11
1978,11,0,11
1978,4,2,6
1978,5,0,5
1978,9,0,9
1978,7,5,12
1978,5,4,9
1978,3,10,13
1978,3,12,15
1978,6,1,7
1978,8,2,10
1978,5,4,9
1978,3,0,3
1978,4,3,7
1978,7,2,9
1978,5,4,9
1978,7,2,9
1978,8,5,13
1978,7,3,10
1978,6,5,11
1978,4,3,7
1978,5,4,9
1978,2,1,3
1978,2,0,2
1978,3,2,5
1978,4,2,6
1978,3,2,5
1978,2,1,3
1978,7,3,10
1978,3,1,4
1978,4,3,7
1978,4,3,7
1978,7,3,10
1978,2,0,2
1978,8,5,13
1978,5,4,9
1978,3,0,3
1978,2,13,15
1978,4,3,7
1978,3,1,4
1978,8,17,25
1978,5,3,8
1978,5,1,6
1978,5,4,9
1978,4,1,5
1978,6,5,11
1978,5,2,7
1978,3,2,5
1978,5,4,9
1978,4,2,6
1978,5,3,8
1978,5,1,6
1978,6,10,16
1978,1,0,1
1978,7,2,9
1978,4,2,6
1978,5,1,6
1978,2,11,13
1978,3,2,5
1978,4,0,4
1978,3,1,4
1978,5,2,7
1978,9,2,11
1978,4,0,4
1978,2,1,3
1978,3,2,5
1978,7,6,13
1978,4,2,6
1978,8,4,12
1978,9,6,15
1978,5,0,5
1978,3,12,15
1978,8,2,10
1978,9,11,20
1978,5,1,6
1978,3,1,4
1978,3,12,15
1978,4,2,6
1978,6,5,11
1978,2,1,3
1978,2,0,2
1978,7,4,11
1978,7,3,10
1978,8,3,11
1978,3,1,4
1978,6,3,9
1978,6,3,9
1978,11,0,11
1978,5,17,22
1978,6,3,9
1978,3,1,4
1978,6,4,10
1978,4,1,5
1978,5,4,9
1978,4,0,4
1978,9,5,14
1978,2,12,14
1978,2,1,3
1978,4,2,6
1978,4,3,7
1978,4,3,7
1978,7,3,10
1978,7,5,12
1978,8,3,11
1978,1,0,1
1978,3,2,5
1978,9,6,15
1978,2,1,3
1978,1,0,1
1978,6,2,8
1978,6,2,8
1978,6,5,11
1978,9,1,10
1978,2,1,3
1978,7,3,10
1978,7,3,10
1978,5,3,8
1978,4,3,7
1978,19,0,19
1978,4,2,6
1978,2,1,3
1978,5,4,9
1978,4,2,6
1978,5,3,8
1978,5,4,9
1978,5,4,9
1978,4,3,7
1978,5,3,8
1978,4,3,7
1978,2,0,2
1978,3,2,5
1978,4,2,6
1978,1,0,1
1978,5,10,15
1978,3,2,5
1978,6,5,11
1978,9,2,11
1978,2,0,2
1978,4,3,7
1978,4,1,5
1978,3,2,5
1978,6,1,7
1978,6,1,7
1978,4,3,7
1978,8,7,15
1978,4,16,20
1978,5,2,7
1978,1,0,1
1978,4,2,6
1978,2,1,3
1978,4,2,6
1978,4,3,7
1978,8,1,9
1978,5,1,6
1978,1,0,1
1978,6,13,19
1978,3,2,5
1978,6,2,8
1978,5,3,8
1978,8,2,10
1978,3,2,5
1978,5,2,7
1978,4,2,6
1978,3,0,3
1978,7,5,12
1978,8,6,14
1978,2,1,3
1978,3,1,4
1978,3,2,5
1978,8,1,9
1978,3,2,5
1978,5,4,9
1978,8,1,9
1978,6,5,11
1978,5,4,9
1978,7,2,9
1978,3,12,15
1978,6,4,10
1978,3,2,5
1978,7,1,8
1978,5,4,9
1978,6,2,8
1978,2,1,3
1978,6,1,7
1978,2,0,2
1978,5,2,7
1978,2,1,3
1978,8,3,11
1978,8,0,8
1978,5,3,8
1978,7,0,7
1978,4,3,7
1978,4,3,7
1978,7,4,11
1978,7,1,8
1978,7,0,7
1978,5,3,8
1978,8,1,9
1978,3,2,5
1978,3,2,5
1978,2,0,2
1978,5,3,8
1978,4,3,7
1978,3,2,5
1978,4,3,7
1978,2,1,3
1978,4,3,7
1978,3,1,4
1978,8,0,8
1978,5,12,17
1978,4,0,4
1978,3,0,3
1978,4,3,7
1978,4,3,7
1978,3,2,5
1978,5,0,5
1978,5,1,6
1978,3,1,4
1978,3,2,5
1978,5,4,9
1978,5,3,8
1978,5,3,8
1978,3,1,4
1978,6,5,11
1978,1,0,1
1978,6,3,9
1978,2,1,3
1978,9,7,16
1978,9,5,14
1978,6,5,11
1978,9,4,13
1978,4,10,14
1978,3,2,5
1978,2,10,12
1978,6,1,7
1978,3,0,3
1978,2,1,3
1978,3,2,5
1978,2,0,2
1978,6,2,8
1978,5,3,8
1978,2,0,2
1978,5,1,6
1978,5,4,9
1978,10,0,10
1978,5,2,7
1978,3,0,3
1978,4,1,5
1978,3,10,13
1978,8,7,15
1978,6,5,11
1978,6,3,9
1978,8,0,8
1978,3,2,5
1978,6,5,11
1978,2,12,14
1978,9,0,9
1978,5,16,21
1978,3,1,4
1978,3,15,18
1978,7,3,10
1978,2,1,3
1978,5,10,15
1978,7,3,10
1978,8,2,10
1978,1,0,1
1978,4,3,7
1978,2,0,2
1978,3,2,5
1978,1,0,1
1978,4,1,5
1978,4,15,19
1978,2,0,2
1978,3,1,4
1978,9,8,17
1978,6,4,10
1978,3,1,4
1978,4,11,15
1978,6,3,9
1978,6,1,7
1978,5,2,7
1978,3,2,5
1978,6,3,9
1978,4,3,7
1978,5,1,6
1978,10,1,11
1978,4,2,6
1978,7,5,12
1978,5,3,8
1978,5,2,7
1978,3,0,3
1978,4,3,7
1978,2,10,12
1978,3,2,5
1978,6,5,11
1978,3,0,3
1978,7,6,13
1978,3,1,4
1978,2,1,3
1978,2,1,3
1978,6,1,7
1978,7,3,10
1978,3,2,5
1978,4,1,5
1978,3,2,5
1978,4,1,5
1978,4,3,7
1978,7,13,20
1978,4,3,7
1978,2,11,13
1978,7,4,11
1978,6,0,6
1978,4,3,7
1978,5,2,7
1978,8,12,20
1978,9,8,17
1978,4,2,6
1978,9,1,10
1978,4,3,7
1978,3,1,4
1978,6,0,6
1978,5,4,9
1978,4,3,7
1978,7,4,11
1978,5,11,16
1978,1,0,1
1978,4,2,6
1978,9,0,9
1978,2,0,2
1978,8,1,9
1978,3,2,5
1978,5,1,6
1978,7,11,18
1978,1,0,1
1978,2,1,3
1978,5,3,8
1978,5,2,7
1978,2,13,15
1978,7,5,12
1978,4,2,6
1978,6,2,8
1978,8,6,14
1978,2,0,2
1978,9,5,14
1978,6,0,6
1978,6,5,11
1978,3,0,3
1978,9,2,11
1978,5,2,7
1978,5,1,6
1978,3,2,5
1978,4,3,7
1978,4,2,6
1978,3,2,5
1978,8,3,11
1978,7,1,8
1978,4,3,7
1978,2,0,2
1978,4,3,7
1978,3,2,5
1978,7,3,10
1978,6,3,9
1978,6,5,11
1978,6,3,9
1978,6,1,7
1978,5,1,6
1978,4,3,7
1978,9,7,16
1978,2,1,3
1978,3,0,3
1978,6,4,10
1978,5,0,5
1978,3,2,5
1978,8,4,12
1978,8,4,12
1978,3,0,3
1978,4,2,6
1978,4,1,5
1978,3,0,3
1978,1,0,1
1978,2,1,3
1978,10,1,11
1978,2,1,3
1978,2,1,3
1978,6,2,8
1978,5,4,9
1978,5,4,9
1978,4,2,6
1978,5,3,8
1978,7,6,13
1978,3,1,4
1978,5,4,9
1978,6,4,10
1978,9,14,23
1978,8,3,11
1978,9,6,15
1978,4,2,6
1978,4,2,6
1978,3,2,5
1978,7,3,10
1978,8,6,14
1978,3,1,4
1978,6,2,8
1978,6,3,9
1978,5,4,9
1978,2,1,3
1978,3,2,5
1978,5,4,9
1978,7,3,10
1978,7,4,11
1978,6,4,10
1978,5,3,8
1978,5,2,7
1978,3,1,4
1978,4,3,7
1978,6,3,9
1978,3,0,3
1978,4,3,7
1978,5,4,9
1978,3,0,3
1978,9,4,13
1978,2,0,2
1978,4,2,6
1978,2,1,3
1978,11,0,11
1978,6,5,11
1978,5,3,8
1978,5,1,6
1978,4,1,5
1978,4,3,7
1978,5,2,7
1978,5,4,9
1978,9,8,17
1978,4,1,5
1978,6,3,9
1978,11,10,21
1978,5,0,5
1978,6,0,6
1978,2,1,3
1978,5,2,7
1978,6,3,9
1978,7,5,12
1978,6,5,11
1978,7,1,8
1978,2,1,3
1978,8,5,13
1978,7,2,9
1978,7,3,10
1978,9,4,13
1978,9,2,11
1978,7,1,8
1978,8,7,15
1978,8,6,14
1978,9,5,14
1978,7,2,9
1978,3,1,4
1978,5,4,9
1978,2,1,3
1978,4,1,5
1978,8,4,12
1978,4,3,7
1978,3,14,17
1978,4,3,7
1978,4,3,7
1978,6,0,6
1978,7,1,8
1978,4,2,6
1978,8,5,13
1978,9,3,12
1978,6,2,8
1978,3,0,3
1978,2,1,3
1978,2,11,13
1978,4,2,6
1978,3,2,5
1978,4,3,7
1978,7,3,10
1978,9,10,19
1978,3,1,4
1978,10,1,11
1978,3,2,5
1978,4,0,4
1978,4,1,5
1978,6,1,7
1978,3,11,14
1978,4,3,7
1978,6,2,8
1978,5,10,15
1978,5,0,5
1978,6,0,6
1978,4,2,6
1978,6,3,9
1978,9,3,12
1978,4,1,5
1978,4,3,7
1978,9,5,14
1978,2,0,2
1978,4,1,5
1978,6,2,8
1978,5,4,9
1978,2,1,3
1978,7,6,13
1978,4,2,6
1978,12,0,12
1978,4,3,7
1978,6,5,11
1978,4,10,14
1978,6,2,8
1978,1,0,1
1978,6,12,18
1978,4,1,5
1978,6,1,7
1978,6,11,17
1978,3,0,3
1978,9,3,12
1978,5,1,6
1978,14,11,25
1978,6,2,8
1978,4,3,7
1978,5,4,9
1978,4,1,5
1978,3,0,3
1978,8,3,11
1978,3,0,3
1978,3,2,5
1978,4,3,7
1978,5,2,7
1978,6,4,10
1978,9,4,13
1978,1,0,1
1978,4,3,7
1978,8,5,13
1978,8,3,11
1978,3,2,5
1978,5,3,8
1978,6,10,16
1978,2,1,3
1978,6,2,8
1978,4,3,7
1978,3,2,5
1978,3,1,4
1978,6,3,9
1978,2,0,2
1978,4,2,6
1978,6,11,17
1978,3,2,5
1978,4,2,6
1978,6,2,8
1978,8,5,13
1978,4,3,7
1978,3,12,15
1978,4,3,7
1978,4,3,7
1978,6,3,9
1978,4,1,5
1978,3,2,5
1978,2,10,12
1978,3,1,4
1978,8,4,12
1978,5,3,8
1978,8,7,15
1978,5,3,8
1978,6,5,11
1978,6,3,9
1978,5,4,9
1978,4,3,7
1978,5,0,5
1978,2,1,3
1978,9,1,10
1978,5,4,9
1978,5,3,8
1978,7,4,11
1978,7,0,7
1978,3,2,5
1978,2,10,12
1978,5,4,9
1978,8,1,9
1978,4,1,5
1978,8,10,18
1978,3,2,5
1978,4,3,7
1978,4,2,6
1978,3,0,3
1978,8,0,8
1978,6,2,8
1978,5,3,8
1978,2,0,2
1978,5,11,16
1978,9,2,11
1978,8,1,9
1978,9,2,11
1978,1,0,1
1978,8,2,10
1978,8,2,10
1978,8,11,19
1978,4,1,5
1978,7,0,7
1978,6,5,11
1978,3,15,18
1978,7,6,13
1978,5,3,8
1978,5,3,8
1978,6,2,8
1978,3,2,5
1978,9,4,13
1978,5,4,9
1978,5,4,9
1978,8,5,13
1978,2,13,15
1978,9,7,16
1978,3,2,5
1978,3,2,5
1978,6,3,9
1978,5,0,5
1978,3,0,3
1978,4,2,6
1978,3,2,5
1978,4,11,15
1978,1,0,1
1978,2,1,3
1978,5,4,9
1978,7,4,11
1978,7,0,7
1978,3,2,5
1978,4,2,6
1978,9,6,15
1978,6,3,9
1978,5,2,7
1978,4,10,14
1978,3,0,3
1978,6,3,9
1978,4,1,5
1978,6,3,9
1978,4,0,4
1978,5,11,16
1978,7,4,11
1978,3,13,16
1978,2,1,3
1978,8,1,9
1978,7,4,11
1978,3,2,5
1978,3,1,4
1978,6,3,9
1978,9,11,20
1978,8,3,11
1978,2,1,3
1978,8,6,14
1978,5,4,9
1978,3,1,4
1978,9,8,17
1978,6,4,10
1978,7,1,8
1978,7,2,9
1978,3,1,4
1978,9,4,13
1978,3,10,13
1978,7,2,9
1978,5,3,8
1978,7,2,9
1978,1,0,1
1978,3,2,5
1978,6,1,7
1978,4,3,7
1978,7,4,11
1978,8,1,9
1978,5,1,6
1978,5,1,6
1978,3,1,4
1978,6,5,11
1978,8,0,8
1978,7,5,12
1978,2,1,3
1978,7,3,10
1978,9,1,10
1978,6,0,6
1978,7,5,12
1978,4,3,7
1978,6,2,8
1978,7,1,8
1978,6,2,8
1978,5,3,8
1978,6,4,10
1978,4,3,7
1978,4,2,6
1978,5,1,6
1978,2,1,3
1978,4,3,7
1978,7,6,13
1978,5,11,16
1978,7,4,11
1978,8,1,9
1978,6,5,11
1978,4,1,5
1978,16,1,17
1978,8,3,11
1978,6,2,8
1978,1,0,1
1978,3,2,5
1978,5,0,5
1978,3,10,13
1978,4,0,4
1978,5,4,9
1978,6,1,7
1978,8,4,12
1978,8,3,11
1978,6,1,7
1978,1,0,1
1978,5,0,5
1978,11,1,12
1978,4,1,5
1978,4,10,14
1978,4,3,7
1978,2,0,2
1978,5,2,7
1978,3,2,5
1978,2,1,3
1978,5,12,17
1978,2,1,3
1978,9,1,10
1978,3,2,5
1978,8,1,9
1978,5,0,5
1978,4,2,6
1978,2,1,3
1978,5,0,5
1978,3,2,5
1978,4,3,7
1978,7,3,10
1978,2,0,2
1978,5,3,8
1978,3,1,4
1978,3,1,4
1978,7,1,8
1978,3,1,4
1978,3,10,13
1978,5,4,9
1978,4,0,4
1978,4,10,14
1978,4,3,7
1978,6,3,9
1978,7,6,13
1978,12,11,23
1978,2,1,3
1978,8,6,14
1978,3,2,5
1978,8,0,8
1978,4,1,5
1978,5,2,7
1978,2,0,2
1978,8,4,12
1978,7,3,10
1978,4,1,5
1978,9,8,17
1978,5,3,8
1978,5,1,6
1978,2,12,14
1978,3,2,5
1978,5,4,9
1978,4,3,7
1978,5,3,8
1978,4,2,6
1978,6,3,9
1978,7,6,13
1978,8,1,9
1978,3,2,5
1978,3,2,5
1978,5,1,6
1978,2,0,2
1978,8,4,12
1978,6,3,9
1978,5,1,6
1978,6,2,8
1978,7,1,8
1978,6,4,10
1978,7,5,12
1978,3,2,5
1978,8,7,15
1978,3,12,15
1978,3,0,3
1978,4,2,6
1978,4,0,4
1978,2,0,2
1978,5,3,8
1978,2,10,12
1978,1,0,1
1978,5,4,9
1978,8,1,9
1978,4,3,7
1978,6,1,7
1978,5,4,9
1978,10,1,11
1978,5,3,8
1978,4,13,17
1978,3,1,4
1978,3,2,5
1978,1,0,1
1978,6,3,9
1978,3,2,5
1978,5,1,6
1978,7,2,9
1978,3,1,4
1978,2,1,3
1978,4,2,6
1978,7,3,10
1978,4,0,4
1978,4,0,4
1978,5,2,7
1978,6,4,10
1978,4,0,4
1978,8,2,10
1978,7,0,7
1978,6,4,10
1978,5,4,9
1978,5,3,8
1978,4,3,7
1978,7,6,13
1978,6,2,8
1978,7,2,9
1978,3,0,3
1978,3,2,5
1978,7,4,11
1978,3,2,5
1978,2,0,2
1978,3,1,4
1978,6,0,6
1978,4,3,7
1978,3,10,13
1978,6,4,10
1978,4,1,5
1978,4,1,5
1978,3,1,4
1978,5,3,8
1978,3,0,3
1978,5,2,7
1978,4,1,5
1978,6,2,8
1978,4,0,4
1978,3,1,4
1978,5,2,7
1978,4,1,5
1978,5,3,8
1978,4,2,6
1978,5,1,6
1978,5,4,9
1978,8,3,11
1978,1,0,1
1978,5,10,15
1978,4,3,7
1978,3,2,5
1978,1,0,1
1978,7,11,18
1978,8,7,15
1978,3,1,4
1978,4,3,7
1978,11,0,11
1978,9,6,15
1978,3,2,5
1978,5,4,9
1978,7,2,9
1978,3,2,5
1978,2,1,3
1978,4,0,4
1978,3,1,4
1978,3,1,4
1978,5,4,9
1978,2,1,3
1978,3,1,4
1978,4,11,15
1978,7,5,12
1978,5,1,6
1978,6,5,11
1978,7,5,12
1978,4,0,4
1978,5,4,9
1978,7,4,11
1978,7,3,10
1978,7,0,7
1978,8,5,13
1978,8,10,18
1978,7,0,7
1978,4,1,5
1978,6,1,7
1978,5,0,5
1978,5,4,9
1978,5,3,8
1978,8,10,18
1978,4,2,6
1978,3,0,3
1978,1,0,1
1978,9,2,11
1978,9,0,9
1978,5,3,8
1978,4,3,7
1978,9,4,13
1978,5,1,6
1978,5,4,9
1978,7,1,8
1978,4,10,14
1978,9,5,14
1978,4,0,4
1978,9,4,13
1978,6,5,11
1978,4,3,7
1978,2,1,3
1978,5,11,16
1978,4,3,7
1978,5,1,6
1978,4,3,7
1978,2,12,14
1978,7,2,9
1979,5,11,16
1979,5,4,9
1979,7,1,8
1979,6,10,16
1979,2,11,13
1979,4,3,7
1979,5,1,6
1979,5,3,8
1979,7,2,9
1979,2,1,3
1979,10,1,11
1979,5,3,8
1979,3,2,5
1979,6,14,20
1979,8,1,9
1979,6,3,9
1979,9,4,13
1979,4,2,6
1979,3,0,3
1979,8,2,10
1979,6,0,6
1979,7,4,11
1979,5,2,7
1979,4,3,7
1979,3,1,4
1979,7,6,13
1979,5,4,9
1979,3,2,5
1979,5,1,6
1979,7,6,13
1979,7,6,13
1979,2,0,2
1979,8,3,11
1979,6,5,11
1979,2,1,3
1979,3,1,4
1979,5,4,9
1979,7,5,12
1979,2,2,4
1979,9,4,13
1979,2,1,3
1979,7,3,10
1979,5,2,7
1979,6,4,10
1979,7,6,13
1979,8,1,9
1979,2,10,12
1979,2,1,3
1979,3,0,3
1979,3,2,5
1979,7,3,10
1979,4,1,5
1979,4,2,6
1979,7,0,7
1979,5,0,5
1979,9,5,14
1979,6,5,11
1979,2,11,13
1979,3,10,13
1979,3,10,13
1979,3,2,5
1979,5,4,9
1979,7,14,21
1979,4,1,5
1979,4,0,4
1979,5,0,5
1979,7,1,8
1979,9,7,16
1979,2,10,12
1979,12,10,22
1979,3,2,5
1979,3,1,4
1979,4,3,7
1979,4,3,7
1979,5,3,8
1979,2,12,14
1979,2,1,3
1979,9,3,12
1979,10,1,11
1979,7,6,13
1979,4,2,6
1979,8,2,10
1979,8,7,15
1979,5,4,9
1979,4,1,5
1979,8,5,13
1979,6,5,11
1979,11,10,21
1979,2,0,2
1979,9,3,12
1979,7,4,11
1979,3,2,5
1979,6,5,11
1979,2,1,3
1979,7,5,12
1979,8,6,14
1979,4,14,18
1979,6,5,11
1979,4,11,15
1979,4,2,6
1979,5,1,6
1979,3,2,5
1979,6,3,9
1979,8,1,9
1979,9,4,13
1979,6,3,9
1979,7,5,12
1979,6,18,24
1979,4,3,7
1979,9,1,10
1979,6,11,17
1979,12,10,22
1979,4,3,7
1979,4,10,14
1979,4,0,4
1979,2,0,2
1979,4,2,6
1979,8,4,12
1979,6,5,11
1979,5,3,8
1979,7,4,11
1979,6,2,8
1979,6,3,9
1979,6,10,16
1979,6,0,6
1979,5,4,9
1979,5,1,6
1979,6,5,11
1979,2,13,15
1979,4,3,7
1979,6,1,7
1979,4,1,5
1979,3,2,5
1979,6,4,10
1979,4,0,4
1979,6,11,17
1979,6,5,11
1979,3,1,4
1979,5,2,7
1979,3,2,5
1979,7,6,13
1979,5,12,17
1979,5,3,8
1979,3,2,5
1979,2,0,2
1979,6,4,10
1979,6,3,9
1979,14,10,24
1979,7,4,11
1979,6,3,9
1979,9,2,11
1979,7,4,11
1979,8,5,13
1979,4,2,6
1979,7,2,9
1979,5,4,9
1979,5,3,8
1979,8,0,8
1979,3,2,5
1979,3,10,13
1979,9,5,14
1979,4,2,6
1979,4,10,14
1979,13,1,14
1979,4,3,7
1979,6,5,11
1979,5,4,9
1979,5,4,9
1979,6,5,11
1979,5,0,5
1979,3,0,3
1979,2,1,3
1979,4,1,5
1979,8,7,15
1979,6,2,8
1979,7,3,10
1979,6,0,6
1979,7,6,13
1979,4,1,5
1979,8,5,13
1979,4,1,5
1979,3,2,5
1979,3,1,4
1979,5,1,6
1979,4,2,6
1979,9,2,11
1979,4,3,7
1979,3,2,5
1979,4,3,7
1979,4,3,7
1979,5,0,5
1979,6,5,11
1979,7,2,9
1979,9,2,11
1979,7,2,9
1979,5,0,5
1979,5,1,6
1979,3,10,13
1979,3,1,4
1979,7,6,13
1979,4,3,7
1979,2,0,2
1979,5,2,7
1979,4,0,4
1979,3,2,5
1979,4,2,6
1979,7,6,13
1979,9,6,15
1979,2,0,2
1979,1,0,1
1979,5,4,9
1979,4,1,5
1979,4,3,7
1979,4,2,6
1979,6,2,8
1979,5,4,9
1979,5,1,6
1979,7,5,12
1979,2,0,2
1979,3,2,5
1979,8,6,14
1979,11,0,11
1979,4,3,7
1979,5,3,8
1979,7,15,22
1979,8,14,22
1979,7,1,8
1979,2,0,2
1979,9,8,17
1979,6,5,11
1979,8,5,13
1979,7,2,9
1979,5,0,5
1979,3,2,5
1979,12,1,13
1979,5,3,8
1979,7,2,9
1979,6,4,10
1979,3,1,4
1979,8,5,13
1979,5,0,5
1979,3,2,5
1979,8,11,19
1979,6,5,11
1979,2,0,2
1979,10,0,10
1979,5,1,6
1979,5,3,8
1979,5,4,9
1979,7,5,12
1979,8,3,11
1979,6,3,9
1979,13,1,14
1979,4,3,7
1979,5,10,15
1979,6,5,11
1979,3,0,3
1979,5,3,8
1979,2,1,3
1979,8,0,8
1979,8,7,15
1979,8,4,12
1979,4,3,7
1979,5,4,9
1979,4,1,5
1979,8,7,15
1979,6,5,11
1979,6,3,9
1979,8,12,20
1979,5,2,7
1979,5,1,6
1979,3,1,4
1979,9,3,12
1979,7,3,10
1979,5,10,15
1979,7,5,12
1979,7,0,7
1979,5,2,7
1979,3,1,4
1979,7,6,13
1979,3,2,5
1979,1,0,1
1979,4,1,5
1979,6,1,7
1979,3,2,5
1979,2,1,3
1979,2,10,12
1979,9,3,12
1979,5,2,7
1979,7,5,12
1979,5,2,7
1979,5,4,9
1979,7,6,13
1979,2,10,12
1979,7,5,12
1979,4,1,5
1979,5,3,8
1979,6,2,8
1979,6,5,11
1979,5,4,9
1979,5,2,7
1979,5,4,9
1979,7,6,13
1979,5,11,16
1979,12,1,13
1979,4,3,7
1979,4,3,7
1979,7,5,12
1979,7,6,13
1979,9,1,10
1979,4,11,15
1979,9,3,12
1979,6,2,8
1979,3,2,5
1979,11,0,11
1979,6,1,7
1979,8,4,12
1979,5,4,9
1979,6,3,9
1979,6,4,10
1979,6,5,11
1979,7,6,13
1979,6,0,6
1979,3,2,5
1979,14,13,27
1979,5,17,22
1979,8,2,10
1979,5,4,9
1979,4,0,4
1979,4,0,4
1979,9,6,15
1979,6,5,11
1979,7,5,12
1979,5,4,9
1979,4,2,6
1979,3,0,3
1979,4,2,6
1979,5,3,8
1979,9,4,13
1979,5,4,9
1979,5,2,7
1979,6,1,7
1979,4,12,16
1979,6,11,17
1979,6,10,16
1979,4,1,5
1979,8,2,10
1979,2,10,12
1979,8,7,15
1979,8,10,18
1979,4,1,5
1979,3,2,5
1979,9,5,14
1979,6,16,22
1979,5,3,8
1979,9,8,17
1979,4,0,4
1979,8,7,15
1979,9,17,26
1979,4,2,6
1979,9,8,17
1979,7,4,11
1979,5,4,9
1979,5,4,9
1979,7,2,9
1979,8,7,15
1979,5,0,5
1979,2,0,2
1979,9,2,11
1979,4,3,7
1979,3,1,4
1979,5,3,8
1979,5,2,7
1979,9,8,17
1979,3,1,4
1979,14,1,15
1979,8,1,9
1979,8,1,9
1979,3,2,5
1979,3,0,3
1979,8,3,11
1979,2,11,13
1979,5,3,8
1979,5,1,6
1979,5,3,8
1979,7,0,7
1979,4,3,7
1979,4,1,5
1979,8,4,12
1979,4,0,4
1979,2,1,3
1979,3,0,3
1979,3,1,4
1979,4,2,6
1979,8,2,10
1979,5,4,9
1979,3,2,5
1979,3,11,14
1979,2,0,2
1979,4,3,7
1979,4,0,4
1979,6,5,11
1979,3,2,5
1979,2,1,3
1979,4,1,5
1979,7,6,13
1979,3,1,4
1979,8,2,10
1979,5,14,19
1979,6,2,8
1979,3,0,3
1979,8,2,10
1979,3,2,5
1979,12,10,22
1979,7,3,10
1979,5,4,9
1979,3,12,15
1979,7,3,10
1979,3,1,4
1979,7,5,12
1979,7,4,11
1979,1,0,1
1979,7,5,12
1979,3,1,4
1979,1,0,1
1979,5,4,9
1979,3,2,5
1979,2,1,3
1979,7,1,8
1979,2,1,3
1979,5,3,8
1979,8,1,9
1979,9,8,17
1979,3,11,14
1979,2,1,3
1979,3,0,3
1979,7,4,11
1979,6,2,8
1979,1,0,1
1979,3,2,5
1979,6,10,16
1979,4,3,7
1979,13,0,13
1979,7,0,7
1979,4,3,7
1979,8,4,12
1979,8,4,12
1979,6,2,8
1979,3,1,4
1979,4,3,7
1979,4,3,7
1979,2,0,2
1979,6,3,9
1979,6,2,8
1979,8,5,13
1979,23,22,45
1979,8,3,11
1979,3,0,3
1979,7,6,13
1979,5,1,6
1979,6,5,11
1979,3,2,5
1979,6,4,10
1979,10,0,10
1979,7,3,10
1979,9,5,14
1979,7,6,13
1979,5,3,8
1979,3,2,5
1979,6,10,16
1979,8,0,8
1979,5,3,8
1979,5,13,18
1979,7,6,13
1979,4,2,6
1979,7,6,13
1979,4,3,7
1979,6,10,16
1979,3,0,3
1979,5,4,9
1979,6,0,6
1979,4,2,6
1979,9,4,13
1979,4,12,16
1979,5,10,15
1979,4,0,4
1979,4,3,7
1979,8,1,9
1979,2,0,2
1979,4,0,4
1979,6,5,11
1979,6,4,10
1979,9,7,16
1979,1,0,1
1979,6,3,9
1979,5,1,6
1979,8,7,15
1979,7,6,13
1979,2,1,3
1979,6,10,16
1979,6,4,10
1979,6,2,8
1979,7,5,12
1979,3,1,4
1979,7,12,19
1979,4,2,6
1979,5,3,8
1979,3,2,5
1979,7,6,13
1979,8,1,9
1979,4,1,5
1979,7,5,12
1979,5,4,9
1979,8,12,20
1979,12,11,23
1979,7,1,8
1979,6,3,9
1979,4,2,6
1979,3,1,4
1979,7,6,13
1979,2,12,14
1979,4,3,7
1979,8,6,14
1979,6,5,11
1979,5,2,7
1979,6,1,7
1979,4,3,7
1979,1,0,1
1979,3,0,3
1979,3,1,4
1979,4,2,6
1979,5,0,5
1979,7,2,9
1979,4,3,7
1979,5,3,8
1979,10,1,11
1979,5,4,9
1979,9,6,15
1979,9,7,16
1979,4,2,6
1979,2,1,3
1979,6,1,7
1979,6,17,23
1979,3,2,5
1979,4,3,7
1979,3,3,6
1979,3,0,3
1979,2,1,3
1979,6,4,10
1979,3,2,5
1979,5,3,8
1979,8,4,12
1979,8,4,12
1979,7,5,12
1979,3,1,4
1979,8,4,12
1979,7,4,11
1979,8,10,18
1979,4,1,5
1979,9,0,9
1979,5,4,9
1979,2,1,3
1979,7,6,13
1979,4,2,6
1979,9,1,10
1979,5,0,5
1979,5,4,9
1979,5,1,6
1979,3,10,13
1979,8,7,15
1979,2,1,3
1979,2,1,3
1979,8,3,11
1979,3,11,14
1979,2,1,3
1979,6,4,10
1979,4,2,6
1979,8,10,18
1979,7,3,10
1979,1,0,1
1979,6,1,7
1979,5,4,9
1979,3,2,5
1979,2,1,3
1979,7,10,17
1979,6,1,7
1979,4,1,5
1979,5,4,9
1979,4,1,5
1979,5,2,7
1979,6,2,8
1979,4,2,6
1979,2,1,3
1979,8,1,9
1979,6,5,11
1979,7,3,10
1979,9,0,9
1979,8,0,8
1979,6,3,9
1979,3,2,5
1979,6,4,10
1979,6,2,8
1979,9,8,17
1979,6,4,10
1979,6,3,9
1979,2,1,3
1979,6,5,11
1979,5,2,7
1979,5,4,9
1979,2,0,2
1979,9,2,11
1979,2,10,12
1979,3,2,5
1979,7,3,10
1979,3,2,5
1979,8,2,10
1979,3,0,3
1979,12,10,22
1979,5,4,9
1979,2,13,15
1979,1,0,1
1979,4,3,7
1979,3,1,4
1979,12,10,22
1979,9,6,15
1979,3,2,5
1979,1,0,1
1979,5,4,9
1979,7,4,11
1979,8,2,10
1979,4,2,6
1979,3,2,5
1979,5,4,9
1979,5,2,7
1979,4,0,4
1979,3,2,5
1979,9,8,17
1979,7,2,9
1979,8,7,15
1979,4,2,6
1979,7,6,13
1979,5,2,7
1979,8,6,14
1979,4,2,6
1979,2,1,3
1979,4,3,7
1979,8,2,10
1979,7,0,7
1979,9,3,12
1979,3,1,4
1979,6,2,8
1979,5,12,17
1979,5,4,9
1979,9,4,13
1979,5,3,8
1979,2,1,3
1979,6,4,10
1979,2,12,14
1979,5,4,9
1979,6,1,7
1979,8,2,10
1979,3,2,5
1979,2,0,2
1979,7,0,7
1979,5,10,15
1979,6,4,10
1979,4,2,6
1979,8,1,9
1979,3,2,5
1979,5,13,18
1979,4,2,6
1979,6,0,6
1979,6,2,8
1979,3,0,3
1979,8,3,11
1979,5,4,9
1979,4,2,6
1979,2,11,13
1979,4,1,5
1979,3,1,4
1979,9,3,12
1979,3,0,3
1979,5,3,8
1979,3,11,14
1979,6,1,7
1979,8,0,8
1979,3,1,4
1979,3,12,15
1979,3,1,4
1979,3,1,4
1979,5,4,9
1979,2,12,14
1979,3,0,3
1979,8,5,13
1979,5,4,9
1979,3,0,3
1979,5,3,8
1979,4,3,7
1979,4,3,7
1979,3,2,5
1979,6,4,10
1979,5,4,9
1979,4,3,7
1979,6,5,11
1979,3,1,4
1979,9,2,11
1979,4,3,7
1979,7,1,8
1979,4,1,5
1979,12,10,22
1979,3,0,3
1979,2,1,3
1979,6,4,10
1979,4,11,15
1979,3,2,5
1979,11,10,21
1979,5,0,5
1979,2,1,3
1979,5,11,16
1979,3,2,5
1979,6,2,8
1979,8,7,15
1979,4,3,7
1979,6,12,18
1979,9,1,10
1979,5,3,8
1979,7,1,8
1979,9,8,17
1979,6,2,8
1979,4,0,4
1979,5,0,5
1979,9,3,12
1979,6,2,8
1979,4,3,7
1979,7,4,11
1979,5,4,9
1979,5,0,5
1979,7,10,17
1979,3,10,13
1979,3,2,5
1979,4,10,14
1979,3,13,16
1979,5,3,8
1979,12,1,13
1979,3,10,13
1979,7,4,11
1979,5,2,7
1979,3,2,5
1979,6,0,6
1979,9,4,13
1979,3,1,4
1979,4,0,4
1979,9,7,16
1979,6,5,11
1979,3,2,5
1979,4,2,6
1979,2,0,2
1979,4,12,16
1979,11,10,21
1979,9,2,11
1979,7,6,13
1979,9,3,12
1979,4,1,5
1979,6,12,18
1979,4,0,4
1979,6,3,9
1979,7,2,9
1979,7,6,13
1979,5,1,6
1979,8,7,15
1979,6,4,10
1979,7,3,10
1979,3,11,14
1979,9,8,17
1979,8,7,15
1979,4,1,5
1979,4,1,5
1979,4,3,7
1979,3,2,5
1979,3,2,5
1979,5,4,9
1979,9,8,17
1979,2,10,12
1979,2,1,3
1979,3,2,5
1979,4,2,6
1979,4,3,7
1979,2,1,3
1979,8,6,14
1979,6,2,8
1979,2,10,12
1979,8,5,13
1979,3,13,16
1979,8,7,15
1979,6,2,8
1979,14,11,25
1979,6,5,11
1979,2,1,3
1979,2,1,3
1979,6,3,9
1979,3,2,5
1979,9,6,15
1979,9,5,14
1979,6,0,6
1979,5,11,16
1979,4,3,7
1979,4,2,6
1979,6,3,9
1979,3,2,5
1979,4,2,6
1979,2,0,2
1979,4,3,7
1979,5,2,7
1979,6,1,7
1979,3,2,5
1979,3,2,5
1979,6,1,7
1979,6,5,11
1979,8,4,12
1979,5,1,6
1979,5,3,8
1979,8,5,13
1979,3,19,22
1979,2,1,3
1979,9,3,12
1979,8,5,13
1979,7,4,11
1979,6,3,9
1979,9,10,19
1979,5,10,15
1979,9,8,17
1979,5,0,5
1979,5,1,6
1979,8,7,15
1979,3,2,5
1979,7,3,10
1979,3,2,5
1979,3,2,5
1979,3,2,5
1979,4,10,14
1979,4,10,14
1979,2,1,3
1979,7,2,9
1979,6,4,10
1979,3,1,4
1979,7,4,11
1979,9,10,19
1979,3,2,5
1979,5,4,9
1979,6,5,11
1979,7,2,9
1979,9,4,13
1979,4,10,14
1979,3,13,16
1979,5,4,9
1979,5,3,8
1979,5,3,8
1979,5,4,9
1979,8,3,11
1979,5,4,9
1979,2,1,3
1979,3,2,5
1979,9,2,11
1979,3,1,4
1979,8,5,13
1979,6,4,10
1979,3,2,5
1979,3,2,5
1979,9,5,14
1979,3,2,5
1979,3,1,4
1979,7,10,17
1979,3,2,5
1979,6,5,11
1979,12,1,13
1979,9,5,14
1979,5,3,8
1979,3,2,5
1979,2,1,3
1979,6,5,11
1979,3,2,5
1979,6,5,11
1979,7,2,9
1979,8,15,23
1979,4,2,6
1979,7,3,10
1979,8,6,14
1979,6,5,11
1979,4,3,7
1979,4,13,17
1979,6,1,7
1979,5,2,7
1979,3,2,5
1979,3,0,3
1979,6,5,11
1979,8,5,13
1979,4,3,7
1979,8,3,11
1979,4,2,6
1979,6,4,10
1979,8,4,12
1979,5,2,7
1979,4,3,7
1979,7,1,8
1979,8,7,15
1979,4,1,5
1979,5,2,7
1979,8,2,10
1979,5,1,6
1979,7,2,9
1979,5,0,5
1979,7,4,11
1979,6,2,8
1979,3,2,5
1979,8,2,10
1979,2,1,3
1979,4,0,4
1979,4,3,7
1979,8,1,9
1979,4,0,4
1979,6,1,7
1979,8,2,10
1979,3,1,4
1979,4,3,7
1979,5,3,8
1979,6,4,10
1979,6,5,11
1979,7,6,13
1979,5,1,6
1979,8,7,15
1979,2,1,3
1979,3,2,5
1979,6,5,11
1979,5,3,8
1979,2,1,3
1979,2,11,13
1979,3,1,4
1979,4,11,15
1979,3,1,4
1979,3,10,13
1979,9,1,10
1979,9,8,17
1979,9,12,21
1979,2,1,3
1979,5,2,7
1979,4,3,7
1979,6,3,9
1979,5,0,5
1979,4,2,6
1979,6,3,9
1979,6,3,9
1979,7,6,13
1979,2,1,3
1979,6,5,11
1979,3,2,5
1979,6,5,11
1979,2,1,3
1979,6,5,11
1979,4,14,18
1979,5,3,8
1979,6,1,7
1979,4,0,4
1979,8,6,14
1979,6,5,11
1979,5,2,7
1979,3,2,5
1979,5,2,7
1979,3,2,5
1979,6,5,11
1979,4,1,5
1979,6,4,10
1979,8,7,15
1979,7,1,8
1979,5,3,8
1979,2,0,2
1979,9,8,17
1979,4,2,6
1979,8,5,13
1979,7,4,11
1979,8,1,9
1979,4,16,20
1979,3,2,5
1979,5,3,8
1979,3,0,3
1979,2,0,2
1979,6,4,10
1979,4,3,7
1979,7,10,17
1979,5,4,9
1979,8,2,10
1979,2,10,12
1979,2,14,16
1979,2,1,3
1979,3,10,13
1979,2,1,3
1979,6,5,11
1979,4,1,5
1979,2,1,3
1979,7,3,10
1979,7,13,20
1979,2,1,3
1979,13,12,25
1979,8,3,11
1979,5,0,5
1979,8,4,12
1979,7,0,7
1979,7,2,9
1979,6,2,8
1979,6,3,9
1979,5,4,9
1979,2,0,2
1979,5,2,7
1979,10,0,10
1979,3,0,3
1979,3,2,5
1979,3,2,5
1979,7,3,10
1979,9,1,10
1979,2,12,14
1979,2,10,12
1979,7,2,9
1979,4,2,6
1979,3,2,5
1979,4,1,5
1979,4,0,4
1979,7,6,13
1979,6,4,10
1979,6,17,23
1979,2,1,3
1979,3,2,5
1979,4,16,20
1979,7,6,13
1979,7,2,9
1979,4,3,7
1979,1,0,1
1979,6,0,6
1979,6,4,10
1979,9,5,14
1979,5,4,9
1979,5,4,9
1979,3,0,3
1979,3,1,4
1979,5,4,9
1979,5,4,9
1979,3,2,5
1979,4,0,4
1979,3,0,3
1979,3,2,5
1979,2,0,2
1979,9,5,14
1979,5,4,9
1979,7,3,10
1979,4,2,6
1979,2,1,3
1979,6,5,11
1979,4,1,5
1979,7,4,11
1979,5,4,9
1979,6,4,10
1979,6,5,11
1979,4,3,7
1979,3,0,3
1979,6,1,7
1979,5,3,8
1979,5,1,6
1979,2,10,12
1979,10,1,11
1979,6,0,6
1979,8,3,11
1979,6,2,8
1979,9,3,12
1979,4,3,7
1979,6,3,9
1979,2,1,3
1979,3,11,14
1979,8,3,11
1979,8,6,14
1979,8,10,18
1979,2,0,2
1979,6,5,11
1979,3,2,5
1979,10,0,10
1979,4,2,6
1979,2,1,3
1979,5,4,9
1979,7,2,9
1979,4,2,6
1979,5,4,9
1979,3,1,4
1979,8,6,14
1979,5,3,8
1979,4,1,5
1979,2,0,2
1979,5,3,8
1979,8,2,10
1979,4,3,7
1979,7,4,11
1979,6,0,6
1979,5,4,9
1979,6,3,9
1979,8,2,10
1979,5,3,8
1979,3,0,3
1979,7,3,10
1979,4,2,6
1979,7,1,8
1979,7,3,10
1979,4,3,7
1979,6,3,9
1979,4,2,6
1979,7,4,11
1979,6,5,11
1979,4,3,7
1979,7,11,18
1979,7,4,11
1979,7,6,13
1979,6,5,11
1979,5,1,6
1979,6,5,11
1979,9,3,12
1979,5,3,8
1979,6,1,7
1979,9,8,17
1979,3,0,3
1979,5,1,6
1979,1,0,1
1979,4,3,7
1979,3,1,4
1979,7,3,10
1979,16,1,17
1979,2,1,3
1979,4,1,5
1979,8,10,18
1979,5,3,8
1979,6,2,8
1979,5,3,8
1979,5,12,17
1979,4,3,7
1979,2,14,16
1979,5,3,8
1979,4,13,17
1979,6,1,7
1979,3,1,4
1979,3,1,4
1979,1,0,1
1979,9,4,13
1979,4,3,7
1979,7,5,12
1979,7,10,17
1979,7,6,13
1979,5,2,7
1979,2,0,2
1979,3,2,5
1979,4,3,7
1979,6,4,10
1979,5,1,6
1979,8,7,15
1979,4,12,16
1979,1,0,1
1979,3,2,5
1979,7,3,10
1979,3,10,13
1979,5,1,6
1979,3,2,5
1979,8,7,15
1979,7,10,17
1979,5,2,7
1979,4,2,6
1979,7,3,10
1979,5,4,9
1979,5,14,19
1979,7,1,8
1979,3,1,4
1979,4,3,7
1979,4,10,14
1979,4,0,4
1979,4,0,4
1979,3,2,5
1979,3,10,13
1979,6,1,7
1979,9,4,13
1979,4,3,7
1979,3,0,3
1979,7,1,8
1979,8,2,10
1979,2,1,3
1979,7,3,10
1979,3,2,5
1979,8,3,11
1979,2,10,12
1979,9,5,14
1979,4,2,6
1979,3,1,4
1979,1,0,1
1979,4,16,20
1979,9,6,15
1979,5,4,9
1979,2,1,3
1979,8,0,8
1979,2,10,12
1979,9,1,10
1979,6,5,11
1979,2,0,2
1979,6,14,20
1979,5,1,6
1979,9,3,12
1979,2,1,3
1979,6,4,10
1979,3,0,3
1979,2,1,3
1979,2,10,12
1979,5,13,18
1979,3,2,5
1979,5,0,5
1979,4,2,6
1979,7,2,9
1979,6,4,10
1979,4,3,7
1979,4,12,16
1979,6,5,11
1979,2,1,3
1979,4,1,5
1979,3,12,15
1979,4,1,5
1979,4,1,5
1979,6,5,11
1979,12,1,13
1979,8,4,12
1979,5,14,19
1979,5,3,8
1979,1,0,1
1979,4,3,7
1979,13,1,14
1979,4,0,4
1979,5,4,9
1979,3,2,5
1979,5,2,7
1979,8,6,14
1979,5,15,20
1979,7,6,13
1979,7,6,13
1979,7,4,11
1979,9,2,11
1979,2,1,3
1979,5,4,9
1979,3,11,14
1979,3,1,4
1979,7,6,13
1979,6,2,8
1979,7,1,8
1979,8,0,8
1979,6,5,11
1979,8,3,11
1979,3,2,5
1979,5,4,9
1979,7,6,13
1979,3,11,14
1979,7,3,10
1979,6,11,17
1979,5,4,9
1979,6,1,7
1979,3,15,18
1979,4,2,6
1979,6,5,11
1979,6,5,11
1979,4,3,7
1979,6,5,11
1979,7,3,10
1979,5,4,9
1979,4,16,20
1979,6,2,8
1979,2,11,13
1979,6,4,10
1979,8,16,24
1979,2,0,2
1979,9,5,14
1979,6,5,11
1979,6,5,11
1979,3,0,3
1979,4,13,17
1979,8,3,11
1979,12,1,13
1979,8,6,14
1979,6,1,7
1979,5,2,7
1979,6,5,11
1979,7,2,9
1979,2,0,2
1979,9,2,11
1979,9,7,16
1979,6,2,8
1979,6,2,8
1979,8,4,12
1979,2,0,2
1979,3,1,4
1979,7,2,9
1979,7,11,18
1979,8,0,8
1979,6,5,11
1979,5,4,9
1979,9,1,10
1979,4,2,6
1979,1,0,1
1979,5,0,5
1979,4,3,7
1979,2,11,13
1979,4,3,7
1979,8,6,14
1979,8,5,13
1979,5,0,5
1979,5,10,15
1979,5,2,7
1979,6,3,9
1979,9,2,11
1979,5,3,8
1979,6,4,10
1979,6,5,11
1979,5,4,9
1979,4,3,7
1979,1,0,1
1979,3,0,3
1979,9,4,13
1979,9,3,12
1979,9,6,15
1979,4,3,7
1979,6,4,10
1979,5,3,8
1979,5,3,8
1979,4,0,4
1979,2,1,3
1979,6,5,11
1979,4,2,6
1979,3,2,5
1979,5,4,9
1979,8,0,8
1979,7,2,9
1979,9,4,13
1979,6,5,11
1979,8,0,8
1979,9,0,9
1979,2,1,3
1979,7,2,9
1979,5,1,6
1979,3,0,3
1979,5,4,9
1979,8,5,13
1979,6,4,10
1979,3,10,13
1979,8,1,9
1979,7,3,10
1979,7,6,13
1979,11,10,21
1979,3,0,3
1979,6,4,10
1979,6,5,11
1979,9,5,14
1979,5,0,5
1979,2,1,3
1979,4,1,5
1979,2,1,3
1979,3,11,14
1979,5,4,9
1979,7,6,13
1979,9,1,10
1979,5,10,15
1979,7,4,11
1979,5,4,9
1979,4,3,7
1979,5,2,7
1979,7,5,12
1979,9,6,15
1979,7,1,8
1979,4,3,7
1979,4,3,7
1979,7,2,9
1979,10,1,11
1979,6,4,10
1979,7,4,11
1979,2,1,3
1979,5,4,9
1979,4,2,6
1979,6,4,10
1979,8,3,11
1979,5,3,8
1979,4,3,7
1979,4,1,5
1979,3,11,14
1979,5,3,8
1979,4,1,5
1979,6,10,16
1979,1,0,1
1979,6,3,9
1979,5,1,6
1979,1,0,1
1979,8,5,13
1979,8,6,14
1979,7,1,8
1979,8,12,20
1979,5,2,7
1979,4,3,7
1979,6,2,8
1979,4,3,7
1979,8,6,14
1979,7,1,8
1979,3,2,5
1979,5,4,9
1979,4,0,4
1979,5,3,8
1979,5,2,7
1979,3,2,5
1979,5,4,9
1979,9,1,10
1979,6,2,8
1979,3,14,17
1979,3,2,5
1979,3,2,5
1979,8,1,9
1979,7,2,9
1979,5,19,24
1979,7,11,18
1979,7,1,8
1979,4,2,6
1979,7,3,10
1979,3,2,5
1979,8,12,20
1979,5,2,7
1979,9,8,17
1979,5,4,9
1979,3,1,4
1979,7,1,8
1979,5,4,9
1979,5,2,7
1979,7,4,11
1979,16,12,28
1979,7,5,12
1979,3,12,15
1979,2,15,17
1979,3,2,5
1979,3,1,4
1979,8,2,10
1979,8,10,18
1979,9,5,14
1979,9,2,11
1979,2,1,3
1979,9,5,14
1979,4,2,6
1979,5,2,7
1979,3,2,5
1979,3,2,5
1979,8,4,12
1979,6,4,10
1979,8,2,10
1979,5,2,7
1979,3,1,4
1979,9,16,25
1979,4,10,14
1979,4,1,5
1979,4,3,7
1979,8,4,12
1979,8,1,9
1979,4,3,7
1979,3,1,4
1979,7,10,17
1979,3,2,5
1979,3,2,5
1979,3,11,14
1979,5,2,7
1979,3,2,5
1979,4,3,7
1979,5,1,6
1979,4,0,4
1979,6,4,10
1979,4,0,4
1979,3,10,13
1979,2,1,3
1979,8,6,14
1979,5,4,9
1979,8,6,14
1979,7,6,13
1979,7,3,10
1979,6,5,11
1979,3,2,5
1979,7,1,8
1979,6,5,11
1979,4,3,7
1979,3,2,5
1979,3,2,5
1979,9,0,9
1979,8,13,21
1979,5,3,8
1979,6,1,7
1979,9,6,15
1979,8,1,9
1979,6,1,7
1979,6,0,6
1979,5,11,16
1979,9,7,16
1979,5,2,7
1979,14,11,25
1979,7,4,11
1979,7,3,10
1979,5,2,7
1979,3,2,5
1979,4,3,7
1979,7,0,7
1979,7,5,12
1979,7,1,8
1979,1,0,1
1979,9,2,11
1979,5,4,9
1979,4,1,5
1979,5,3,8
1979,6,3,9
1979,7,0,7
1979,6,5,11
1979,5,3,8
1979,4,1,5
1979,5,4,9
1979,3,2,5
1979,4,2,6
1979,9,1,10
1979,6,0,6
1979,3,2,5
1979,5,18,23
1979,2,1,3
1979,12,1,13
1979,6,3,9
1979,8,2,10
1979,2,1,3
1979,2,1,3
1979,5,2,7
1979,6,5,11
1979,6,2,8
1979,7,1,8
1979,7,4,11
1979,9,0,9
1979,6,3,9
1979,2,1,3
1979,9,5,14
1979,6,1,7
1979,6,5,11
1979,3,2,5
1979,3,0,3
1979,6,5,11
1979,4,3,7
1979,3,1,4
1979,5,1,6
1979,3,2,5
1979,6,5,11
1979,6,3,9
1979,4,2,6
1979,7,5,12
1979,4,14,18
1979,4,1,5
1979,5,1,6
1979,5,4,9
1979,4,2,6
1979,7,1,8
1979,4,1,5
1979,6,5,11
1979,9,6,15
1979,4,3,7
1979,5,2,7
1979,5,1,6
1979,1,0,1
1979,5,2,7
1979,5,3,8
1979,7,6,13
1979,9,2,11
1979,3,0,3
1979,9,2,11
1979,8,2,10
1979,7,5,12
1979,3,2,5
1979,4,3,7
1979,1,0,1
1979,7,3,10
1979,2,1,3
1979,5,3,8
1979,4,1,5
1979,5,1,6
1979,7,4,11
1979,5,4,9
1979,7,11,18
1979,3,2,5
1979,4,2,6
1979,3,1,4
1979,6,5,11
1979,3,2,5
1979,4,3,7
1979,5,1,6
1979,4,3,7
1979,3,2,5
1979,2,0,2
1979,8,4,12
1979,4,0,4
1979,3,0,3
1979,6,5,11
1979,2,1,3
1979,5,2,7
1979,4,17,21
1979,5,3,8
1979,5,10,15
1979,8,1,9
1979,7,3,10
1979,5,2,7
1979,6,5,11
1979,7,4,11
1979,6,3,9
1979,2,1,3
1979,7,12,19
1979,4,2,6
1979,3,2,5
1979,6,2,8
1979,3,2,5
1979,9,5,14
1979,7,2,9
1979,5,0,5
1979,8,1,9
1979,5,4,9
1979,6,1,7
1979,8,4,12
1979,3,2,5
1979,3,13,16
1979,7,2,9
1979,7,2,9
1979,3,1,4
1979,4,3,7
1979,9,4,13
1979,3,1,4
1979,3,1,4
1979,4,3,7
1979,8,6,14
1979,6,3,9
1979,8,5,13
1979,6,5,11
1979,8,6,14
1979,2,0,2
1979,5,2,7
1979,5,2,7
1979,4,2,6
1979,5,12,17
1979,7,5,12
1979,1,0,1
1979,5,3,8
1979,3,2,5
1979,4,1,5
1979,9,6,15
1979,6,4,10
1979,5,3,8
1979,8,4,12
1979,1,0,1
1979,5,4,9
1979,4,1,5
1979,8,4,12
1979,3,1,4
1979,4,3,7
1979,5,2,7
1979,5,2,7
1979,24,2,26
1979,7,12,19
1979,4,3,7
1979,7,5,12
1979,4,3,7
1979,9,8,17
1979,6,3,9
1979,4,1,5
1979,8,0,8
1979,4,1,5
1979,9,2,11
1979,4,1,5
1979,6,2,8
1979,9,3,12
1979,4,3,7
1979,6,5,11
1979,3,2,5
1979,9,10,19
1979,4,2,6
1979,4,3,7
1979,5,1,6
1979,3,0,3
1979,5,1,6
1979,4,2,6
1979,5,4,9
1979,7,4,11
1979,7,0,7
1979,7,3,10
1979,2,12,14
1979,6,11,17
1979,4,1,5
1979,7,6,13
1979,6,4,10
1979,5,2,7
1979,3,1,4
1979,2,1,3
1979,2,10,12
1979,6,3,9
1979,5,4,9
1979,2,1,3
1979,2,1,3
1979,8,18,26
1979,4,1,5
1979,4,0,4
1979,7,4,11
1979,5,3,8
1979,5,4,9
1979,7,6,13
1979,3,1,4
1979,5,1,6
1979,7,5,12
1979,6,4,10
1979,5,4,9
1979,6,0,6
1979,4,3,7
1979,7,1,8
1979,8,7,15
1979,4,1,5
1979,8,3,11
1979,3,2,5
1979,8,2,10
1979,6,2,8
1979,3,1,4
1979,9,6,15
1979,6,1,7
1979,9,8,17
1979,5,3,8
1979,2,0,2
1979,6,4,10
1979,8,7,15
1979,7,3,10
1979,8,7,15
1979,6,4,10
1979,5,4,9
1979,6,4,10
1979,3,2,5
1979,5,4,9
1979,4,3,7
1979,7,4,11
1979,6,3,9
1979,3,1,4
1979,5,4,9
1979,7,2,9
1979,9,8,17
1979,5,3,8
1979,5,3,8
1979,7,2,9
1979,3,2,5
1979,2,1,3
1979,3,1,4
1979,7,6,13
1979,7,2,9
1979,5,2,7
1979,5,4,9
1979,5,4,9
1979,6,2,8
1979,13,1,14
1979,6,5,11
1979,2,1,3
1979,5,3,8
1979,8,5,13
1979,6,5,11
1979,2,1,3
1979,5,1,6
1979,6,5,11
1979,2,1,3
1979,4,3,7
1979,1,0,1
1979,1,0,1
1979,7,2,9
1979,6,5,11
1979,6,10,16
1979,6,3,9
1979,2,0,2
1979,7,3,10
1979,3,0,3
1979,4,1,5
1979,7,6,13
1979,7,10,17
1979,6,4,10
1979,5,3,8
1979,9,4,13
1979,5,1,6
1979,5,1,6
1979,3,2,5
1979,3,1,4
1979,5,2,7
1979,5,3,8
1979,9,8,17
1979,4,3,7
1979,6,5,11
1979,9,3,12
1979,4,3,7
1979,8,3,11
1979,5,0,5
1979,6,1,7
1979,1,0,1
1979,7,5,12
1979,6,2,8
1979,5,0,5
1979,9,10,19
1979,1,0,1
1979,3,12,15
1979,3,1,4
1979,2,0,2
1979,5,3,8
1979,2,1,3
1979,8,6,14
1979,8,0,8
1979,2,1,3
1979,6,3,9
1979,4,3,7
1979,6,5,11
1979,9,8,17
1979,6,0,6
1979,9,2,11
1979,5,4,9
1979,6,4,10
1979,4,3,7
1979,6,2,8
1979,5,4,9
1979,9,2,11
1979,3,2,5
1979,3,2,5
1979,9,8,17
1979,4,1,5
1979,5,4,9
1979,5,4,9
1979,2,1,3
1979,6,2,8
1979,3,2,5
1979,2,1,3
1979,4,2,6
1979,7,2,9
1979,4,1,5
1979,4,16,20
1979,5,2,7
1979,2,15,17
1979,3,1,4
1979,14,10,24
1979,3,1,4
1979,4,1,5
1979,6,5,11
1979,6,5,11
1979,3,0,3
1979,7,0,7
1979,3,1,4
1979,4,1,5
1979,3,2,5
1979,6,5,11
1979,5,2,7
1979,5,2,7
1979,8,3,11
1979,8,7,15
1979,9,8,17
1979,14,1,15
1979,3,1,4
1979,3,1,4
1979,5,0,5
1979,8,6,14
1979,3,2,5
1979,5,2,7
1979,7,3,10
1979,2,1,3
1979,5,2,7
1979,3,1,4
1979,9,2,11
1979,5,11,16
1979,7,4,11
1979,4,1,5
1979,4,0,4
1979,5,2,7
1979,7,0,7
1979,6,3,9
1979,4,0,4
1979,2,0,2
1979,4,3,7
1979,3,13,16
1979,3,2,5
1979,3,10,13
1979,8,6,14
1979,8,3,11
1979,4,3,7
1979,2,1,3
1979,4,1,5
1979,7,4,11
1979,4,10,14
1979,5,3,8
1979,8,3,11
1979,7,5,12
1979,2,0,2
1979,8,7,15
1979,2,0,2
1979,7,10,17
1979,7,0,7
1979,5,3,8
1979,4,3,7
1979,2,10,12
1979,3,0,3
1979,5,4,9
1979,2,1,3
1979,3,2,5
1979,2,1,3
1979,4,1,5
1979,4,3,7
1979,7,1,8
1979,8,1,9
1979,5,4,9
1979,6,1,7
1979,5,3,8
1979,4,11,15
1979,5,2,7
1979,3,13,16
1979,5,2,7
1979,6,3,9
1979,2,0,2
1979,2,1,3
1979,4,3,7
1979,5,1,6
1979,8,4,12
1979,4,3,7
1979,3,0,3
1979,2,1,3
1979,6,2,8
1979,8,2,10
1979,3,10,13
1979,5,1,6
1979,6,5,11
1979,2,1,3
1979,4,16,20
1979,9,4,13
1979,2,1,3
1979,6,3,9
1979,1,0,1
1979,7,6,13
1979,7,4,11
1979,7,5,12
1979,5,4,9
1979,5,3,8
1979,1,0,1
1979,3,16,19
1979,2,1,3
1979,6,4,10
1979,6,1,7
1979,5,3,8
1979,2,0,2
1979,2,1,3
1979,9,5,14
1979,4,0,4
1979,7,6,13
1979,3,1,4
1979,5,3,8
1979,8,3,11
1979,6,0,6
1979,2,0,2
1979,5,0,5
1979,6,5,11
1979,6,4,10
1979,7,2,9
1979,3,1,4
1979,4,1,5
1979,9,4,13
1979,9,6,15
1979,6,5,11
1979,3,2,5
1979,12,1,13
1979,6,3,9
1979,3,2,5
1979,8,0,8
1979,8,7,15
1979,7,1,8
1979,6,11,17
1979,3,0,3
1979,3,1,4
1979,6,3,9
1979,2,0,2
1979,2,1,3
1979,8,5,13
1979,2,1,3
1979,6,2,8
1979,4,1,5
1979,3,1,4
1979,2,0,2
1979,3,2,5
1979,3,2,5
1979,4,13,17
1979,3,1,4
1979,7,4,11
1979,3,2,5
1979,2,10,12
1979,7,3,10
1979,3,1,4
1979,4,1,5
1979,4,1,5
1979,6,3,9
1979,6,3,9
1979,3,2,5
1979,2,0,2
1979,9,8,17
1979,8,2,10
1979,8,10,18
1979,6,4,10
1979,7,4,11
1979,2,1,3
1979,4,3,7
1979,3,1,4
1979,2,1,3
1979,3,2,5
1979,6,1,7
1979,6,0,6
1979,7,1,8
1979,8,7,15
1979,7,4,11
1979,4,2,6
1979,7,4,11
1979,5,2,7
1979,8,3,11
1979,7,5,12
1979,5,4,9
1979,8,1,9
1979,4,3,7
1979,3,1,4
1979,7,2,9
1979,5,2,7
1979,7,6,13
1979,8,0,8
1979,3,2,5
1979,5,3,8
1979,4,1,5
1979,3,11,14
1979,4,3,7
1979,8,2,10
1979,7,6,13
1979,9,3,12
1979,7,5,12
1979,4,1,5
1979,4,10,14
1979,2,11,13
1979,5,3,8
1979,9,4,13
1979,2,13,15
1979,6,4,10
1979,4,0,4
1979,8,3,11
1979,4,3,7
1979,8,1,9
1979,6,5,11
1979,6,3,9
1979,5,11,16
1979,10,1,11
1979,8,4,12
1979,5,2,7
1979,6,5,11
1979,7,6,13
1979,4,2,6
1979,5,2,7
1979,9,5,14
1979,5,3,8
1979,4,3,7
1979,3,1,4
1979,3,0,3
1979,6,14,20
1979,7,4,11
1979,13,1,14
1979,6,5,11
1979,10,1,11
1979,3,2,5
1979,7,3,10
1979,6,1,7
1979,2,0,2
1979,6,2,8
1979,7,6,13
1979,5,0,5
1979,9,2,11
1979,2,0,2
1979,4,1,5
1979,8,5,13
1979,6,2,8
1979,3,0,3
1979,8,11,19
1979,3,2,5
1979,9,4,13
1979,7,6,13
1979,6,5,11
1979,8,7,15
1979,6,3,9
1979,6,1,7
1979,7,2,9
1979,6,5,11
1979,5,1,6
1979,6,5,11
1979,3,2,5
1979,5,0,5
1979,2,0,2
1979,9,2,11
1979,5,3,8
1979,5,3,8
1979,4,2,6
1979,5,11,16
1979,5,2,7
1979,6,3,9
1979,3,2,5
1979,9,8,17
1979,4,3,7
1979,7,1,8
1979,8,0,8
1979,5,4,9
1979,3,2,5
1979,8,4,12
1979,9,6,15
1979,7,1,8
1979,4,0,4
1979,4,1,5
1980,9,0,9
1980,8,6,14
1980,5,3,8
1980,3,2,5
1980,5,1,6
1980,9,5,14
1980,5,2,7
1980,9,7,16
1980,6,4,10
1980,1,0,1
1980,1,0,1
1980,2,10,12
1980,8,4,12
1980,6,0,6
1980,6,10,16
1980,4,0,4
1980,7,5,12
1980,1,0,1
1980,6,3,9
1980,5,3,8
1980,7,10,17
1980,4,3,7
1980,7,11,18
1980,2,1,3
1980,8,2,10
1980,5,4,9
1980,6,5,11
1980,8,6,14
1980,18,1,19
1980,6,3,9
1980,6,0,6
1980,6,2,8
1980,4,2,6
1980,3,2,5
1980,7,2,9
1980,8,3,11
1980,5,2,7
1980,5,0,5
1980,4,2,6
1980,3,2,5
1980,3,1,4
1980,5,0,5
1980,4,1,5
1980,5,4,9
1980,3,1,4
1980,5,1,6
1980,3,0,3
1980,9,4,13
1980,8,2,10
1980,3,1,4
1980,5,3,8
1980,6,5,11
1980,5,4,9
1980,7,1,8
1980,5,4,9
1980,2,1,3
1980,7,4,11
1980,2,12,14
1980,3,1,4
1980,4,3,7
1980,8,3,11
1980,6,2,8
1980,7,3,10
1980,3,12,15
1980,9,5,14
1980,7,2,9
1980,3,0,3
1980,2,1,3
1980,9,10,19
1980,2,1,3
1980,6,0,6
1980,5,3,8
1980,3,2,5
1980,6,1,7
1980,4,10,14
1980,8,3,11
1980,8,7,15
1980,2,11,13
1980,4,1,5
1980,5,2,7
1980,5,4,9
1980,8,6,14
1980,4,1,5
1980,6,4,10
1980,9,12,21
1980,4,3,7
1980,7,3,10
1980,1,0,1
1980,3,0,3
1980,5,2,7
1980,6,5,11
1980,9,6,15
1980,7,4,11
1980,7,5,12
1980,3,2,5
1980,6,3,9
1980,12,10,22
1980,3,1,4
1980,3,2,5
1980,5,2,7
1980,6,1,7
1980,5,4,9
1980,8,0,8
1980,9,12,21
1980,8,1,9
1980,8,6,14
1980,2,0,2
1980,4,13,17
1980,5,1,6
1980,3,1,4
1980,2,1,3
1980,8,3,11
1980,3,0,3
1980,5,3,8
1980,9,6,15
1980,6,5,11
1980,6,3,9
1980,5,3,8
1980,9,6,15
1980,4,2,6
1980,7,6,13
1980,9,5,14
1980,6,1,7
1980,8,2,10
1980,6,3,9
1980,4,3,7
1980,5,1,6
1980,9,8,17
1980,6,5,11
1980,7,1,8
1980,4,3,7
1980,7,5,12
1980,7,1,8
1980,3,2,5
1980,3,0,3
1980,4,2,6
1980,3,2,5
1980,3,2,5
1980,2,0,2
1980,16,12,28
1980,8,0,8
1980,7,2,9
1980,6,0,6
1980,8,4,12
1980,8,1,9
1980,5,3,8
1980,5,4,9
1980,8,14,22
1980,5,4,9
1980,2,0,2
1980,2,1,3
1980,3,1,4
1980,3,2,5
1980,7,4,11
1980,4,0,4
1980,7,3,10
1980,17,0,17
1980,3,2,5
1980,6,5,11
1980,3,2,5
1980,5,2,7
1980,5,4,9
1980,8,7,15
1980,9,3,12
1980,5,2,7
1980,8,7,15
1980,5,3,8
1980,4,1,5
1980,3,11,14
1980,7,4,11
1980,7,0,7
1980,6,3,9
1980,5,3,8
1980,3,10,13
1980,6,0,6
1980,3,1,4
1980,4,3,7
1980,4,3,7
1980,4,3,7
1980,9,2,11
1980,8,7,15
1980,7,12,19
1980,6,0,6
1980,4,0,4
1980,4,3,7
1980,4,0,4
1980,5,1,6
1980,8,7,15
1980,7,0,7
1980,7,6,13
1980,3,1,4
1980,6,3,9
1980,7,4,11
1980,8,5,13
1980,4,3,7
1980,3,2,5
1980,3,1,4
1980,8,2,10
1980,20,11,31
1980,1,0,1
1980,10,1,11
1980,7,3,10
1980,3,1,4
1980,8,0,8
1980,6,4,10
1980,4,2,6
1980,4,3,7
1980,4,2,6
1980,11,1,12
1980,3,0,3
1980,14,1,15
1980,5,10,15
1980,5,3,8
1980,5,4,9
1980,5,0,5
1980,6,4,10
1980,3,1,4
1980,7,4,11
1980,2,1,3
1980,2,1,3
1980,5,1,6
1980,5,4,9
1980,3,10,13
1980,2,0,2
1980,5,0,5
1980,2,1,3
1980,4,3,7
1980,8,2,10
1980,3,0,3
1980,2,1,3
1980,4,3,7
1980,9,3,12
1980,2,1,3
1980,2,1,3
1980,4,3,7
1980,2,1,3
1980,3,1,4
1980,8,0,8
1980,4,12,16
1980,6,5,11
1980,9,6,15
1980,4,3,7
1980,1,0,1
1980,6,10,16
1980,9,5,14
1980,6,1,7
1980,9,1,10
1980,7,5,12
1980,6,1,7
1980,2,0,2
1980,4,1,5
1980,7,1,8
1980,7,0,7
1980,7,3,10
1980,3,2,5
1980,2,1,3
1980,5,3,8
1980,7,3,10
1980,3,1,4
1980,4,2,6
1980,3,2,5
1980,8,3,11
1980,4,3,7
1980,11,1,12
1980,3,2,5
1980,5,4,9
1980,5,3,8
1980,10,1,11
1980,8,4,12
1980,6,4,10
1980,4,3,7
1980,6,2,8
1980,4,0,4
1980,1,0,1
1980,12,10,22
1980,4,13,17
1980,4,2,6
1980,9,5,14
1980,9,8,17
1980,7,2,9
1980,4,2,6
1980,7,11,18
1980,10,1,11
1980,3,2,5
1980,5,1,6
1980,7,1,8
1980,9,5,14
1980,3,11,14
1980,3,10,13
1980,3,2,5
1980,2,0,2
1980,4,0,4
1980,6,5,11
1980,8,4,12
1980,12,10,22
1980,4,3,7
1980,5,10,15
1980,2,1,3
1980,9,5,14
1980,7,10,17
1980,7,2,9
1980,8,6,14
1980,7,3,10
1980,5,12,17
1980,7,4,11
1980,4,1,5
1980,3,0,3
1980,3,2,5
1980,2,1,3
1980,7,6,13
1980,7,6,13
1980,2,12,14
1980,7,4,11
1980,9,2,11
1980,8,2,10
1980,9,6,15
1980,9,1,10
1980,4,3,7
1980,5,4,9
1980,6,5,11
1980,6,5,11
1980,6,3,9
1980,5,2,7
1980,5,2,7
1980,2,1,3
1980,5,2,7
1980,4,3,7
1980,4,1,5
1980,7,15,22
1980,2,1,3
1980,3,2,5
1980,8,13,21
1980,6,1,7
1980,9,15,24
1980,5,3,8
1980,5,3,8
1980,5,3,8
1980,1,0,1
1980,4,3,7
1980,9,5,14
1980,5,3,8
1980,5,3,8
1980,6,10,16
1980,7,4,11
1980,5,2,7
1980,4,0,4
1980,3,0,3
1980,7,3,10
1980,5,4,9
1980,5,0,5
1980,12,1,13
1980,5,0,5
1980,9,4,13
1980,4,2,6
1980,5,1,6
1980,5,1,6
1980,4,3,7
1980,2,1,3
1980,3,12,15
1980,7,3,10
1980,4,2,6
1980,5,10,15
1980,4,15,19
1980,4,3,7
1980,3,2,5
1980,4,2,6
1980,6,5,11
1980,4,1,5
1980,3,2,5
1980,5,0,5
1980,9,1,10
1980,6,3,9
1980,7,6,13
1980,7,6,13
1980,7,13,20
1980,6,5,11
1980,1,0,1
1980,5,2,7
1980,5,1,6
1980,3,16,19
1980,2,1,3
1980,3,2,5
1980,7,0,7
1980,6,2,8
1980,6,4,10
1980,2,1,3
1980,3,2,5
1980,1,0,1
1980,5,3,8
1980,4,2,6
1980,2,1,3
1980,2,1,3
1980,3,0,3
1980,11,1,12
1980,8,6,14
1980,4,3,7
1980,2,1,3
1980,6,2,8
1980,3,0,3
1980,4,3,7
1980,1,0,1
1980,4,0,4
1980,4,3,7
1980,4,2,6
1980,2,1,3
1980,3,1,4
1980,14,11,25
1980,9,6,15
1980,3,0,3
1980,2,1,3
1980,4,2,6
1980,4,2,6
1980,2,1,3
1980,2,1,3
1980,6,5,11
1980,3,1,4
1980,6,4,10
1980,3,0,3
1980,5,3,8
1980,2,0,2
1980,4,10,14
1980,5,4,9
1980,4,3,7
1980,6,5,11
1980,12,1,13
1980,1,0,1
1980,4,1,5
1980,1,0,1
1980,6,5,11
1980,5,1,6
1980,8,11,19
1980,6,4,10
1980,4,3,7
1980,3,2,5
1980,7,2,9
1980,4,2,6
1980,4,0,4
1980,8,0,8
1980,8,12,20
1980,1,0,1
1980,4,3,7
1980,1,0,1
1980,3,2,5
1980,7,6,13
1980,5,14,19
1980,2,0,2
1980,5,4,9
1980,4,3,7
1980,3,2,5
1980,4,2,6
1980,9,5,14
1980,4,2,6
1980,5,3,8
1980,3,2,5
1980,5,1,6
1980,9,8,17
1980,4,3,7
1980,3,2,5
1980,6,5,11
1980,4,1,5
1980,9,8,17
1980,2,11,13
1980,5,1,6
1980,3,16,19
1980,8,5,13
1980,6,4,10
1980,6,12,18
1980,5,1,6
1980,5,3,8
1980,4,1,5
1980,9,13,22
1980,2,0,2
1980,7,4,11
1980,5,0,5
1980,2,1,3
1980,3,1,4
1980,3,0,3
1980,5,4,9
1980,8,0,8
1980,2,0,2
1980,7,3,10
1980,9,1,10
1980,7,2,9
1980,6,5,11
1980,4,2,6
1980,2,0,2
1980,4,0,4
1980,5,4,9
1980,7,15,22
1980,5,4,9
1980,9,10,19
1980,5,4,9
1980,8,4,12
1980,6,2,8
1980,6,4,10
1980,3,2,5
1980,7,3,10
1980,2,1,3
1980,7,4,11
1980,3,2,5
1980,3,0,3
1980,7,3,10
1980,6,2,8
1980,5,2,7
1980,8,3,11
1980,5,11,16
1980,9,6,15
1980,2,1,3
1980,7,3,10
1980,3,1,4
1980,6,5,11
1980,4,0,4
1980,4,0,4
1980,5,4,9
1980,4,1,5
1980,11,1,12
1980,6,3,9
1980,5,13,18
1980,4,1,5
1980,7,6,13
1980,8,5,13
1980,6,3,9
1980,7,6,13
1980,5,4,9
1980,2,0,2
1980,4,2,6
1980,6,1,7
1980,4,3,7
1980,4,1,5
1980,2,0,2
1980,9,6,15
1980,4,2,6
1980,3,2,5
1980,9,5,14
1980,3,2,5
1980,6,10,16
1980,4,1,5
1980,7,6,13
1980,8,4,12
1980,1,0,1
1980,7,0,7
1980,6,4,10
1980,6,3,9
1980,6,3,9
1980,6,3,9
1980,6,5,11
1980,5,0,5
1980,3,0,3
1980,5,2,7
1980,5,4,9
1980,5,3,8
1980,5,3,8
1980,7,10,17
1980,4,3,7
1980,12,1,13
1980,9,2,11
1980,8,4,12
1980,3,2,5
1980,6,0,6
1980,5,1,6
1980,5,3,8
1980,3,2,5
1980,4,10,14
1980,6,3,9
1980,8,19,27
1980,7,0,7
1980,5,2,7
1980,6,1,7
1980,6,4,10
1980,6,5,11
1980,11,1,12
1980,8,6,14
1980,5,0,5
1980,7,5,12
1980,5,0,5
1980,8,6,14
1980,4,3,7
1980,8,5,13
1980,5,4,9
1980,8,7,15
1980,6,1,7
1980,9,5,14
1980,7,11,18
1980,3,13,16
1980,7,6,13
1980,6,2,8
1980,7,6,13
1980,7,3,10
1980,9,8,17
1980,1,1,2
1980,5,10,15
1980,3,3,6
1980,5,3,8
1980,3,2,5
1980,6,2,8
1980,8,7,15
1980,9,3,12
1980,3,0,3
1980,4,2,6
1980,6,3,9
1980,3,0,3
1980,5,4,9
1980,6,4,10
1980,4,2,6
1980,6,5,11
1980,5,1,6
1980,9,4,13
1980,5,2,7
1980,8,1,9
1980,4,3,7
1980,3,2,5
1980,3,2,5
1980,7,6,13
1980,3,2,5
1980,4,3,7
1980,5,1,6
1980,5,3,8
1980,8,2,10
1980,9,3,12
1980,5,4,9
1980,8,1,9
1980,1,0,1
1980,4,3,7
1980,4,3,7
1980,7,2,9
1980,8,2,10
1980,2,0,2
1980,2,1,3
1980,8,0,8
1980,5,0,5
1980,6,1,7
1980,8,7,15
1980,4,2,6
1980,2,0,2
1980,8,4,12
1980,5,0,5
1980,7,2,9
1980,9,4,13
1980,8,14,22
1980,6,5,11
1980,3,0,3
1980,4,2,6
1980,6,1,7
1980,6,5,11
1980,6,1,7
1980,3,0,3
1980,5,3,8
1980,3,2,5
1980,2,1,3
1980,6,5,11
1980,4,1,5
1980,5,2,7
1980,1,0,1
1980,7,2,9
1980,3,1,4
1980,8,13,21
1980,7,2,9
1980,1,0,1
1980,5,4,9
1980,9,5,14
1980,5,1,6
1980,6,4,10
1980,6,4,10
1980,9,4,13
1980,6,4,10
1980,3,0,3
1980,6,1,7
1980,2,0,2
1980,5,0,5
1980,5,4,9
1980,8,5,13
1980,8,7,15
1980,6,6,12
1980,6,2,8
1980,3,2,5
1980,3,1,4
1980,8,7,15
1980,5,2,7
1980,5,4,9
1980,1,0,1
1980,5,3,8
1980,8,4,12
1980,8,3,11
1980,5,2,7
1980,3,1,4
1980,8,4,12
1980,5,4,9
1980,7,4,11
1980,4,3,7
1980,5,4,9
1980,4,3,7
1980,9,7,16
1980,7,4,11
1980,3,2,5
1980,5,0,5
1980,8,5,13
1980,9,5,14
1980,3,0,3
1980,7,1,8
1980,7,6,13
1980,6,2,8
1980,6,2,8
1980,7,4,11
1980,7,5,12
1980,2,13,15
1980,6,10,16
1980,8,4,12
1980,8,1,9
1980,9,1,10
1980,6,5,11
1980,4,1,5
1980,3,0,3
1980,7,6,13
1980,6,2,8
1980,8,4,12
1980,4,3,7
1980,4,3,7
1980,3,1,4
1980,4,3,7
1980,6,4,10
1980,9,6,15
1980,5,3,8
1980,7,6,13
1980,5,2,7
1980,6,3,9
1980,7,3,10
1980,5,10,15
1980,3,2,5
1980,3,0,3
1980,5,2,7
1980,8,0,8
1980,7,6,13
1980,2,1,3
1980,3,1,4
1980,7,3,10
1980,9,8,17
1980,4,3,7
1980,7,6,13
1980,6,5,11
1980,4,1,5
1980,5,14,19
1980,7,2,9
1980,1,0,1
1980,3,0,3
1980,8,2,10
1980,8,5,13
1980,4,1,5
1980,9,3,12
1980,9,10,19
1980,5,3,8
1980,5,2,7
1980,8,11,19
1980,2,1,3
1980,5,3,8
1980,6,5,11
1980,5,3,8
1980,6,3,9
1980,3,2,5
1980,6,3,9
1980,5,3,8
1980,3,2,5
1980,5,1,6
1980,6,3,9
1980,4,0,4
1980,5,3,8
1980,6,2,8
1980,7,1,8
1980,5,3,8
1980,3,0,3
1980,3,2,5
1980,6,5,11
1980,8,2,10
1980,4,3,7
1980,2,1,3
1980,2,1,3
1980,3,2,5
1980,8,6,14
1980,3,2,5
1980,5,4,9
1980,3,2,5
1980,6,2,8
1980,7,0,7
1980,3,0,3
1980,2,10,12
1980,8,7,15
1980,5,0,5
1980,5,1,6
1980,8,5,13
1980,8,1,9
1980,5,4,9
1980,3,1,4
1980,4,3,7
1980,4,3,7
1980,2,0,2
1980,5,2,7
1980,2,0,2
1980,5,4,9
1980,5,3,8
1980,5,1,6
1980,7,5,12
1980,4,3,7
1980,4,3,7
1980,4,10,14
1980,4,2,6
1980,3,1,4
1980,20,2,22
1980,5,3,8
1980,7,5,12
1980,6,4,10
1980,5,10,15
1980,4,3,7
1980,4,3,7
1980,7,15,22
1980,4,2,6
1980,5,1,6
1980,5,2,7
1980,8,0,8
1980,9,0,9
1980,4,2,6
1980,4,1,5
1980,8,5,13
1980,4,2,6
1980,5,1,6
1980,5,0,5
1980,3,2,5
1980,5,3,8
1980,7,4,11
1980,9,3,12
1980,2,1,3
1980,3,2,5
1980,7,5,12
1980,6,3,9
1980,7,1,8
1980,6,4,10
1980,2,12,14
1980,2,1,3
1980,7,4,11
1980,9,6,15
1980,6,11,17
1980,5,2,7
1980,2,0,2
1980,4,3,7
1980,6,5,11
1980,5,4,9
1980,3,0,3
1980,4,1,5
1980,7,2,9
1980,8,0,8
1980,6,1,7
1980,1,0,1
1980,2,1,3
1980,6,5,11
1980,8,2,10
1980,9,4,13
1980,5,4,9
1980,2,1,3
1980,4,2,6
1980,5,10,15
1980,5,3,8
1980,7,6,13
1980,5,3,8
1980,3,2,5
1980,5,4,9
1980,6,3,9
1980,5,2,7
1980,9,1,10
1980,4,1,5
1980,3,15,18
1980,3,13,16
1980,9,2,11
1980,4,1,5
1980,4,3,7
1980,5,2,7
1980,2,1,3
1980,7,3,10
1980,4,1,5
1980,6,1,7
1980,4,1,5
1980,5,2,7
1980,4,3,7
1980,1,0,1
1980,2,1,3
1980,8,4,12
1980,3,2,5
1980,6,5,11
1980,3,2,5
1980,5,4,9
1980,6,4,10
1980,2,0,2
1980,3,1,4
1980,3,2,5
1980,5,3,8
1980,2,1,3
1980,8,0,8
1980,5,0,5
1980,7,2,9
1980,8,4,12
1980,5,11,16
1980,8,6,14
1980,2,1,3
1980,8,5,13
1980,4,3,7
1980,11,10,21
1980,3,0,3
1980,2,1,3
1980,5,4,9
1980,5,4,9
1980,3,2,5
1980,4,2,6
1980,4,3,7
1980,3,11,14
1980,8,3,11
1980,5,2,7
1980,9,7,16
1980,12,10,22
1980,4,1,5
1980,7,2,9
1980,3,0,3
1980,5,2,7
1980,4,2,6
1980,7,2,9
1980,4,3,7
1980,3,0,3
1980,5,3,8
1980,2,0,2
1980,5,4,9
1980,6,3,9
1980,6,10,16
1980,9,4,13
1980,3,12,15
1980,4,3,7
1980,5,2,7
1980,7,5,12
1980,5,4,9
1980,5,11,16
1980,8,4,12
1980,9,7,16
1980,4,13,17
1980,3,2,5
1980,5,2,7
1980,8,7,15
1980,2,1,3
1980,4,1,5
1980,5,2,7
1980,5,4,9
1980,4,3,7
1980,3,2,5
1980,6,5,11
1980,4,1,5
1980,2,0,2
1980,14,0,14
1980,6,0,6
1980,1,0,1
1980,7,6,13
1980,4,3,7
1980,7,10,17
1980,5,3,8
1980,6,1,7
1980,3,1,4
1980,7,5,12
1980,6,3,9
1980,6,2,8
1980,6,2,8
1980,5,3,8
1980,5,2,7
1980,7,3,10
1980,7,0,7
1980,8,5,13
1980,2,13,15
1980,5,4,9
1980,7,5,12
1980,3,10,13
1980,7,2,9
1980,5,3,8
1980,4,3,7
1980,2,1,3
1980,8,1,9
1980,9,0,9
1980,3,10,13
1980,2,0,2
1980,8,1,9
1980,5,11,16
1980,4,3,7
1980,5,3,8
1980,4,0,4
1980,2,0,2
1980,4,3,7
1980,9,5,14
1980,6,5,11
1980,4,2,6
1980,2,1,3
1980,1,0,1
1980,3,2,5
1980,1,0,1
1980,5,0,5
1980,8,6,14
1980,3,2,5
1980,3,2,5
1980,5,3,8
1980,5,4,9
1980,3,2,5
1980,4,3,7
1980,2,1,3
1980,7,5,12
1980,5,4,9
1980,6,1,7
1980,6,5,11
1980,6,4,10
1980,2,0,2
1980,5,4,9
1980,3,2,5
1980,5,3,8
1980,7,5,12
1980,5,3,8
1980,7,4,11
1980,2,0,2
1980,4,1,5
1980,9,4,13
1980,5,4,9
1980,8,3,11
1980,8,6,14
1980,9,2,11
1980,3,2,5
1980,4,3,7
1980,2,1,3
1980,7,0,7
1980,4,3,7
1980,2,0,2
1980,5,1,6
1980,5,4,9
1980,5,3,8
1980,4,12,16
1980,9,2,11
1980,5,13,18
1980,7,3,10
1980,5,3,8
1980,5,4,9
1980,7,3,10
1980,3,2,5
1980,7,6,13
1980,5,3,8
1980,4,2,6
1980,6,2,8
1980,7,2,9
1980,6,3,9
1980,7,3,10
1980,8,10,18
1980,6,3,9
1980,3,1,4
1980,9,3,12
1980,5,4,9
1980,8,0,8
1980,7,4,11
1980,7,10,17
1980,9,5,14
1980,8,3,11
1980,2,10,12
1980,8,6,14
1980,8,6,14
1980,5,4,9
1980,3,2,5
1980,9,8,17
1980,9,2,11
1980,5,1,6
1980,8,4,12
1980,5,4,9
1980,3,1,4
1980,2,0,2
1980,6,5,11
1980,6,1,7
1980,7,6,13
1980,2,1,3
1980,7,4,11
1980,4,10,14
1980,7,3,10
1980,4,3,7
1980,2,12,14
1980,4,1,5
1980,4,0,4
1980,8,4,12
1980,4,12,16
1980,6,4,10
1980,7,6,13
1980,5,3,8
1980,2,0,2
1980,8,5,13
1980,13,11,24
1980,6,3,9
1980,4,2,6
1980,6,4,10
1980,9,2,11
1980,8,4,12
1980,7,1,8
1980,6,2,8
1980,7,11,18
1980,3,2,5
1980,7,3,10
1980,5,4,9
1980,5,2,7
1980,5,3,8
1980,2,1,3
1980,5,2,7
1980,5,1,6
1980,6,2,8
1980,4,1,5
1980,6,4,10
1980,4,2,6
1980,4,10,14
1980,11,1,12
1980,7,2,9
1980,3,1,4
1980,5,0,5
1980,3,0,3
1980,3,11,14
1980,6,0,6
1980,4,12,16
1980,5,3,8
1980,3,1,4
1980,6,1,7
1980,2,1,3
1980,1,0,1
1980,3,10,13
1980,5,2,7
1980,3,2,5
1980,5,3,8
1980,3,15,18
1980,3,2,5
1980,7,2,9
1980,8,7,15
1980,1,0,1
1980,6,3,9
1980,2,1,3
1980,5,3,8
1980,8,3,11
1980,5,4,9
1980,5,1,6
1980,13,1,14
1980,9,1,10
1980,6,4,10
1980,5,3,8
1980,8,7,15
1980,5,2,7
1980,7,2,9
1980,8,11,19
1980,4,0,4
1980,5,4,9
1980,8,7,15
1980,3,13,16
1980,4,2,6
1980,5,2,7
1980,7,10,17
1980,7,13,20
1980,3,0,3
1980,7,3,10
1980,5,3,8
1980,7,4,11
1980,3,2,5
1980,7,1,8
1980,5,4,9
1980,6,3,9
1980,6,0,6
1980,4,3,7
1980,4,3,7
1980,7,6,13
1980,3,14,17
1980,6,5,11
1980,4,2,6
1980,8,7,15
1980,5,2,7
1980,2,1,3
1980,8,6,14
1980,5,3,8
1980,3,14,17
1980,2,0,2
1980,5,4,9
1980,3,2,5
1980,2,1,3
1980,8,7,15
1980,5,12,17
1980,7,4,11
1980,1,0,1
1980,7,0,7
1980,5,2,7
1980,7,5,12
1980,4,3,7
1980,6,4,10
1980,3,1,4
1980,3,2,5
1980,6,5,11
1980,6,1,7
1980,8,4,12
1980,3,0,3
1980,4,1,5
1980,6,2,8
1980,5,1,6
1980,4,3,7
1980,4,0,4
1980,3,2,5
1980,6,5,11
1980,5,12,17
1980,7,6,13
1980,6,14,20
1980,7,3,10
1980,4,3,7
1980,9,2,11
1980,8,7,15
1980,4,0,4
1980,6,2,8
1980,3,2,5
1980,6,12,18
1980,7,3,10
1980,4,12,16
1980,7,1,8
1980,5,0,5
1980,6,4,10
1980,9,8,17
1980,2,10,12
1980,5,3,8
1980,6,1,7
1980,7,6,13
1980,7,5,12
1980,6,0,6
1980,9,8,17
1980,2,0,2
1980,5,4,9
1980,3,0,3
1980,3,2,5
1980,5,1,6
1980,5,3,8
1980,4,1,5
1980,4,3,7
1980,1,1,2
1980,4,14,18
1980,7,0,7
1980,5,4,9
1980,5,3,8
1980,5,1,6
1980,2,1,3
1980,5,1,6
1980,6,3,9
1980,4,3,7
1980,4,3,7
1980,7,2,9
1980,7,5,12
1980,5,4,9
1980,3,2,5
1980,4,3,7
1980,4,2,6
1980,4,0,4
1980,8,0,8
1980,3,2,5
1980,5,4,9
1980,6,3,9
1980,4,10,14
1980,4,17,21
1980,5,2,7
1980,6,4,10
1980,5,0,5
1980,7,3,10
1980,3,2,5
1980,6,4,10
1980,7,6,13
1980,3,2,5
1980,5,4,9
1980,6,3,9
1980,3,2,5
1980,4,2,6
1980,5,3,8
1980,7,1,8
1980,7,2,9
1980,7,0,7
1980,9,8,17
1980,2,10,12
1980,3,2,5
1980,4,1,5
1980,2,1,3
1980,9,6,15
1980,3,1,4
1980,4,1,5
1980,4,3,7
1980,6,5,11
1980,6,5,11
1980,5,2,7
1980,6,5,11
1980,7,1,8
1980,3,0,3
1980,2,1,3
1980,2,1,3
1980,3,0,3
1980,6,4,10
1980,5,2,7
1980,4,0,4
1980,3,2,5
1980,11,1,12
1980,6,15,21
1980,3,13,16
1980,7,6,13
1980,6,4,10
1980,7,4,11
1980,3,2,5
1980,4,3,7
1980,2,1,3
1980,1,0,1
1980,5,2,7
1980,2,1,3
1980,9,4,13
1980,4,1,5
1980,5,4,9
1980,3,1,4
1980,1,0,1
1980,5,3,8
1980,7,5,12
1980,9,8,17
1980,9,2,11
1980,8,2,10
1980,9,3,12
1980,3,2,5
1980,5,3,8
1980,5,1,6
1980,5,3,8
1980,2,0,2
1980,8,5,13
1980,1,0,1
1980,5,4,9
1980,7,2,9
1980,5,3,8
1980,3,11,14
1980,4,2,6
1980,4,3,7
1980,4,1,5
1980,2,0,2
1980,6,5,11
1980,3,2,5
1980,8,4,12
1980,5,2,7
1980,4,1,5
1980,3,2,5
1980,3,2,5
1980,6,4,10
1980,3,1,4
1980,5,3,8
1980,7,2,9
1980,8,3,11
1980,7,1,8
1980,2,11,13
1980,5,11,16
1980,6,5,11
1980,4,2,6
1980,4,3,7
1980,4,3,7
1980,4,10,14
1980,2,11,13
1980,6,4,10
1980,8,2,10
1980,3,1,4
1980,5,4,9
1980,3,11,14
1980,9,2,11
1980,8,5,13
1980,6,3,9
1980,9,3,12
1980,5,11,16
1980,8,1,9
1980,3,2,5
1980,6,2,8
1980,4,1,5
1980,9,4,13
1980,8,3,11
1980,9,7,16
1980,2,0,2
1980,4,3,7
1980,5,2,7
1980,5,4,9
1980,1,0,1
1980,4,1,5
1980,2,1,3
1980,3,1,4
1980,14,0,14
1980,4,3,7
1980,2,1,3
1980,7,3,10
1980,4,2,6
1980,3,11,14
1980,7,6,13
1980,5,1,6
1980,7,1,8
1980,3,2,5
1980,7,3,10
1980,4,1,5
1980,9,5,14
1980,5,2,7
1980,8,5,13
1980,5,3,8
1980,4,1,5
1980,5,2,7
1980,2,1,3
1980,6,5,11
1980,3,2,5
1980,8,0,8
1980,9,0,9
1980,7,4,11
1980,5,4,9
1980,5,4,9
1980,8,2,10
1980,3,1,4
1980,4,3,7
1980,9,4,13
1980,9,5,14
1980,4,2,6
1980,4,2,6
1980,2,1,3
1980,4,1,5
1980,9,6,15
1980,4,3,7
1980,4,3,7
1980,3,1,4
1980,4,3,7
1980,5,2,7
1980,7,3,10
1980,7,1,8
1980,3,2,5
1980,5,1,6
1980,9,4,13
1980,6,5,11
1980,2,1,3
1980,6,1,7
1980,7,1,8
1980,4,1,5
1980,4,1,5
1980,4,2,6
1980,8,5,13
1980,8,5,13
1980,8,7,15
1980,2,1,3
1980,3,2,5
1980,3,1,4
1980,2,1,3
1980,1,0,1
1980,5,4,9
1980,16,0,16
1980,5,2,7
1980,2,1,3
1980,5,4,9
1980,4,3,7
1980,7,6,13
1980,3,1,4
1980,5,4,9
1980,3,2,5
1980,8,4,12
1980,3,1,4
1980,3,2,5
1980,9,6,15
1980,2,0,2
1980,4,0,4
1980,2,1,3
1980,3,14,17
1980,2,1,3
1980,6,1,7
1980,2,0,2
1980,5,4,9
1980,6,2,8
1980,4,1,5
1980,5,3,8
1980,4,3,7
1980,4,10,14
1980,6,5,11
1980,7,5,12
1980,6,1,7
1980,7,2,9
1980,3,1,4
1980,4,2,6
1980,2,1,3
1980,8,1,9
1980,2,1,3
1980,2,1,3
1980,5,1,6
1980,9,10,19
1980,4,3,7
1980,8,5,13
1980,4,1,5
1980,6,2,8
1980,4,3,7
1980,3,1,4
1980,5,4,9
1980,8,0,8
1980,7,3,10
1980,3,1,4
1980,3,11,14
1980,8,2,10
1980,5,4,9
1980,4,1,5
1980,5,10,15
1980,5,12,17
1980,5,11,16
1980,3,2,5
1980,6,11,17
1980,5,0,5
1980,8,3,11
1980,2,1,3
1980,9,4,13
1980,1,0,1
1980,4,0,4
1980,11,1,12
1980,9,3,12
1980,6,12,18
1980,8,3,11
1980,6,2,8
1980,8,1,9
1980,6,5,11
1980,9,4,13
1980,4,1,5
1980,5,1,6
1980,4,2,6
1980,5,0,5
1980,9,2,11
1980,4,3,7
1980,8,2,10
1980,6,2,8
1980,6,5,11
1980,4,2,6
1980,7,2,9
1980,10,1,11
1980,5,12,17
1980,8,3,11
1980,6,3,9
1980,5,4,9
1980,5,2,7
1980,8,5,13
1980,4,2,6
1980,5,2,7
1980,6,2,8
1980,4,3,7
1980,3,2,5
1980,5,4,9
1980,7,5,12
1980,7,4,11
1980,3,1,4
1980,4,3,7
1980,9,5,14
1980,6,5,11
1980,3,0,3
1980,4,3,7
1980,5,1,6
1980,8,6,14
1980,4,10,14
1980,5,1,6
1980,2,1,3
1980,2,1,3
1980,7,5,12
1980,6,4,10
1980,5,3,8
1980,6,4,10
1980,7,1,8
1980,5,3,8
1980,5,12,17
1980,4,3,7
1980,5,3,8
1980,4,2,6
1980,5,4,9
1980,5,1,6
1980,5,1,6
1980,9,8,17
1980,6,4,10
1980,7,4,11
1980,8,4,12
1980,2,0,2
1980,4,2,6
1980,3,2,5
1980,4,1,5
1980,6,5,11
1980,6,2,8
1980,4,2,6
1980,3,2,5
1980,4,3,7
1980,1,0,1
1980,6,12,18
1980,8,3,11
1980,7,2,9
1980,5,2,7
1980,5,1,6
1980,2,1,3
1980,1,0,1
1980,3,2,5
1980,4,3,7
1980,2,0,2
1980,4,2,6
1980,4,2,6
1980,6,2,8
1980,3,1,4
1980,7,5,12
1980,5,10,15
1980,4,2,6
1980,7,3,10
1980,5,2,7
1980,2,1,3
1980,7,5,12
1980,3,2,5
1980,9,12,21
1980,3,2,5
1980,3,0,3
1980,7,1,8
1980,7,10,17
1980,4,3,7
1980,4,2,6
1980,2,0,2
1980,4,3,7
1980,9,3,12
1980,3,1,4
1980,9,1,10
1980,8,4,12
1980,8,6,14
1980,5,10,15
1980,3,1,4
1980,5,1,6
1980,5,1,6
1980,5,4,9
1980,4,2,6
1980,5,1,6
1980,7,6,13
1980,8,6,14
1980,3,1,4
1980,8,4,12
1980,4,2,6
1980,2,1,3
1980,7,2,9
1980,8,0,8
1980,3,2,5
1980,4,1,5
1980,5,4,9
1980,1,0,1
1980,4,1,5
1980,4,3,7
1980,7,4,11
1980,2,10,12
1980,6,4,10
1980,8,13,21
1980,3,2,5
1980,4,1,5
1980,7,11,18
1980,6,10,16
1980,6,5,11
1980,4,0,4
1980,2,11,13
1980,7,5,12
1980,5,0,5
1980,6,3,9
1980,6,5,11
1980,6,5,11
1980,8,2,10
1980,7,3,10
1980,5,4,9
1980,5,1,6
1980,8,7,15
1980,3,2,5
1980,1,0,1
1980,4,3,7
1980,5,2,7
1980,6,12,18
1980,7,6,13
1980,2,0,2
1980,6,2,8
1980,6,4,10
1980,7,5,12
1980,4,3,7
1980,9,3,12
1980,5,3,8
1980,6,1,7
1980,5,1,6
1980,9,5,14
1980,5,3,8
1980,3,2,5
1980,5,0,5
1980,5,1,6
1980,8,7,15
1980,8,10,18
1980,8,7,15
1980,6,11,17
1980,4,3,7
1980,2,0,2
1980,7,2,9
1980,1,0,1
1980,5,4,9
1980,3,10,13
1980,4,11,15
1980,9,4,13
1980,6,2,8
1980,7,1,8
1980,5,4,9
1980,4,3,7
1980,5,2,7
1980,3,11,14
1980,6,1,7
1980,5,2,7
1980,5,2,7
1980,5,0,5
1980,4,10,14
1980,7,5,12
1980,5,3,8
1980,6,4,10
1980,8,1,9
1980,9,1,10
1980,4,10,14
1980,2,10,12
1980,5,10,15
1980,2,11,13
1980,6,1,7
1980,6,5,11
1980,5,3,8
1980,6,1,7
1980,2,1,3
1980,2,1,3
1980,4,12,16
1980,3,2,5
1980,5,1,6
1980,7,2,9
1980,4,3,7
1980,5,4,9
1980,3,1,4
1980,2,0,2
1980,7,1,8
1980,8,3,11
1980,4,10,14
1980,4,3,7
1980,4,3,7
1980,4,3,7
1980,4,2,6
1980,7,1,8
1980,7,4,11
1980,9,5,14
1980,3,2,5
1980,5,3,8
1980,3,2,5
1980,4,0,4
1980,3,2,5
1980,7,4,11
1980,8,7,15
1980,4,2,6
1980,5,3,8
1980,2,1,3
1980,1,0,1
1980,7,5,12
1980,1,0,1
1980,6,5,11
1980,6,5,11
1980,4,2,6
1980,8,0,8
1980,3,0,3
1980,3,2,5
1980,3,2,5
1980,5,1,6
1980,4,3,7
1980,6,1,7
1980,8,3,11
1980,4,0,4
1980,9,5,14
1980,6,4,10
1980,7,3,10
1980,6,2,8
1980,7,4,11
1980,8,7,15
1980,9,0,9
1980,6,5,11
1980,5,2,7
1980,6,12,18
1980,6,4,10
1980,6,4,10
1980,3,1,4
1980,2,0,2
1980,6,0,6
1980,7,2,9
1980,4,1,5
1980,5,2,7
1980,6,3,9
1980,3,1,4
1980,7,6,13
1980,6,1,7
1980,7,4,11
1980,3,2,5
1980,4,10,14
1980,9,2,11
1980,8,6,14
1980,6,2,8
1980,6,2,8
1980,6,2,8
1980,7,4,11
1980,7,1,8
1980,4,3,7
1980,4,1,5
1980,4,3,7
1980,2,0,2
1980,5,4,9
1980,2,15,17
1980,3,0,3
1980,6,3,9
1980,5,4,9
1980,5,12,17
1980,6,4,10
1980,6,4,10
1980,3,0,3
1980,8,3,11
1980,4,3,7
1980,7,4,11
1980,8,4,12
1980,6,5,11
1980,3,1,4
1980,4,2,6
1980,5,0,5
1980,3,1,4
1980,4,2,6
1980,7,6,13
1980,7,6,13
1980,8,5,13
1980,7,2,9
1980,6,5,11
1980,5,1,6
1980,2,1,3
1980,6,1,7
1980,6,2,8
1980,4,2,6
1980,8,4,12
1980,5,3,8
1980,5,2,7
1980,6,3,9
1980,5,3,8
1980,1,0,1
1980,5,10,15
1980,9,5,14
1980,7,4,11
1980,5,0,5
1980,7,1,8
1980,7,5,12
1980,5,3,8
1980,4,3,7
1980,10,1,11
1980,6,5,11
1980,3,2,5
1980,7,4,11
1980,3,2,5
1980,4,0,4
1980,4,2,6
1980,6,2,8
1980,2,1,3
1980,8,0,8
1980,6,4,10
1980,4,3,7
1980,5,3,8
1980,3,1,4
1980,3,2,5
1980,3,1,4
1980,5,4,9
1980,3,0,3
1980,6,4,10
1980,4,0,4
1980,7,10,17
1980,4,3,7
1980,8,4,12
1980,3,2,5
1980,4,3,7
1980,9,0,9
1980,5,1,6
1980,6,2,8
1980,6,3,9
1980,12,1,13
1980,2,0,2
1980,2,1,3
1980,8,3,11
1980,9,5,14
1980,6,5,11
1980,8,1,9
1980,4,3,7
1980,5,4,9
1980,5,3,8
1980,4,2,6
1980,3,2,5
1980,2,1,3
1980,4,2,6
1980,9,3,12
1980,6,5,11
1980,8,5,13
1980,7,0,7
1980,5,0,5
1980,7,4,11
1980,2,1,3
1980,3,2,5
1980,6,1,7
1980,8,7,15
1980,5,2,7
1980,5,4,9
1980,4,0,4
1980,2,0,2
1980,6,4,10
1980,7,3,10
1980,8,3,11
1980,2,10,12
1980,5,2,7
1980,7,3,10
1980,9,8,17
1980,5,0,5
1980,2,1,3
1980,5,4,9
1980,2,1,3
1980,6,10,16
1980,8,6,14
1980,4,3,7
1980,4,3,7
1980,3,13,16
1980,7,10,17
1980,4,0,4
1980,6,3,9
1980,2,1,3
1980,4,3,7
1980,7,4,11
1980,4,3,7
1980,9,8,17
1980,6,2,8
1980,6,1,7
1980,7,3,10
1980,3,13,16
1980,9,0,9
1980,2,10,12
1980,8,4,12
1980,4,1,5
1980,9,6,15
1980,3,2,5
1980,3,2,5
1980,5,4,9
1980,6,4,10
1980,2,1,3
1980,7,3,10
1980,13,1,14
1980,9,3,12
1980,7,2,9
1980,7,5,12
1980,5,4,9
1980,6,4,10
1980,3,0,3
1980,9,4,13
1980,3,1,4
1980,5,1,6
1980,4,1,5
1980,9,2,11
1980,5,3,8
1980,3,2,5
1980,6,5,11
1980,7,2,9
1980,7,3,10
1980,1,0,1
1980,4,3,7
1980,4,2,6
1980,4,2,6
1980,5,4,9
1980,7,3,10
1980,3,2,5
1980,8,6,14
1980,6,5,11
1980,9,7,16
1980,4,2,6
1980,2,1,3
1980,8,2,10
1980,5,4,9
1980,6,4,10
1980,7,1,8
1980,9,4,13
1980,7,3,10
1980,2,1,3
1980,6,3,9
1980,4,2,6
1980,9,12,21
1980,8,4,12
1980,9,8,17
1980,5,4,9
1980,6,0,6
1980,9,5,14
1980,7,3,10
1980,7,1,8
1980,1,0,1
1980,6,3,9
1980,7,6,13
1980,4,2,6
1980,4,2,6
1980,5,4,9
1980,3,2,5
1980,5,0,5
1980,6,4,10
1980,2,1,3
1980,2,10,12
1980,5,3,8
1980,7,6,13
1980,5,3,8
1980,5,4,9
1980,9,8,17
1980,5,4,9
1980,7,5,12
1980,2,0,2
1980,3,0,3
1980,5,1,6
1980,7,10,17
1980,2,1,3
1980,3,2,5
1980,7,2,9
1980,3,1,4
1980,2,1,3
1980,6,3,9
1980,2,0,2
1980,6,5,11
1980,5,1,6
1980,2,0,2
1980,8,3,11
1980,4,2,6
1980,7,4,11
1980,4,3,7
1980,6,4,10
1980,7,3,10
1980,4,3,7
1980,8,1,9
1980,3,2,5
1980,5,3,8
1980,6,5,11
1980,8,5,13
1980,8,7,15
1980,8,0,8
1980,3,2,5
1980,8,3,11
1980,7,5,12
1980,4,1,5
1980,7,3,10
1980,5,2,7
1980,4,3,7
1980,6,2,8
1980,5,2,7
1980,5,4,9
1980,6,5,11
1980,8,2,10
1980,6,11,17
1980,4,2,6
1980,5,1,6
1980,3,2,5
1980,9,12,21
1980,7,3,10
1980,7,5,12
1980,7,2,9
1980,3,2,5
1980,2,14,16
1980,6,3,9
1980,5,3,8
1980,8,12,20
1980,7,10,17
1980,3,11,14
1980,2,1,3
1980,7,18,25
1980,5,2,7
1980,4,1,5
1980,8,0,8
1980,5,10,15
1980,5,0,5
1980,8,4,12
1980,7,11,18
1980,4,1,5
1980,9,4,13
1980,3,2,5
1980,6,2,8
1980,3,2,5
1980,4,2,6
1980,3,2,5
1980,6,3,9
1980,4,1,5
1980,4,1,5
1980,4,1,5
1980,5,3,8
1980,3,2,5
1980,2,1,3
1980,3,1,4
1980,12,0,12
1980,6,4,10
1980,6,2,8
1980,3,2,5
1980,6,4,10
1980,7,6,13
1980,3,1,4
1980,4,2,6
1980,3,2,5
1980,17,1,18
1980,2,1,3
1980,4,0,4
1980,6,4,10
1980,5,2,7
1980,7,6,13
1980,6,0,6
1980,4,2,6
1980,5,2,7
1980,6,11,17
1980,7,1,8
1980,4,1,5
1980,5,3,8
1980,1,0,1
1980,4,0,4
1980,4,3,7
1980,5,4,9
1980,8,7,15
1980,2,1,3
1980,1,0,1
1980,7,3,10
1980,3,2,5
1980,3,2,5
1980,7,1,8
1980,3,1,4
1980,7,2,9
1980,7,4,11
1980,3,2,5
1980,1,0,1
1980,4,2,6
1980,5,3,8
1980,8,7,15
1980,7,6,13
1980,6,4,10
1980,4,3,7
1980,5,3,8
1980,4,3,7
1980,4,1,5
1981,3,2,5
1981,2,0,2
1981,6,2,8
1981,2,0,2
1981,5,1,6
1981,3,10,13
1981,6,5,11
1981,6,2,8
1981,4,1,5
1981,5,3,8
1981,5,3,8
1981,5,3,8
1981,6,3,9
1981,2,10,12
1981,4,2,6
1981,3,2,5
1981,3,1,4
1981,5,3,8
1981,6,2,8
1981,7,4,11
1981,3,0,3
1981,5,1,6
1981,7,4,11
1981,2,0,2
1981,5,2,7
1981,3,2,5
1981,4,2,6
1981,5,4,9
1981,2,1,3
1981,6,1,7
1981,6,2,8
1981,3,2,5
1981,1,0,1
1981,6,4,10
1981,3,2,5
1981,8,6,14
1981,7,6,13
1981,7,3,10
1981,5,1,6
1981,3,2,5
1981,2,1,3
1981,5,1,6
1981,7,1,8
1981,4,3,7
1981,5,1,6
1981,5,2,7
1981,9,3,12
1981,8,2,10
1981,6,5,11
1981,4,0,4
1981,5,4,9
1981,7,1,8
1981,7,1,8
1981,7,2,9
1981,5,3,8
1981,5,4,9
1981,2,0,2
1981,4,0,4
1981,5,4,9
1981,5,3,8
1981,4,3,7
1981,10,1,11
1981,6,5,11
1981,4,2,6
1981,8,0,8
1981,6,3,9
1981,5,1,6
1981,1,0,1
1981,7,0,7
1981,5,1,6
1981,5,3,8
1981,2,0,2
1981,6,2,8
1981,4,0,4
1981,8,5,13
1981,9,5,14
1981,4,3,7
1981,3,2,5
1981,16,1,17
1981,6,2,8
1981,3,2,5
1981,2,1,3
1981,8,5,13
1981,4,1,5
1981,6,4,10
1981,2,1,3
1981,4,10,14
1981,6,3,9
1981,5,0,5
1981,5,3,8
1981,8,0,8
1981,4,3,7
1981,2,0,2
1981,6,4,10
1981,4,3,7
1981,4,3,7
1981,9,4,13
1981,2,0,2
1981,3,2,5
1981,4,3,7
1981,7,2,9
1981,6,1,7
1981,3,2,5
1981,7,3,10
1981,6,1,7
1981,4,0,4
1981,9,1,10
1981,4,2,6
1981,6,1,7
1981,5,2,7
1981,4,2,6
1981,9,8,17
1981,6,2,8
1981,3,0,3
1981,9,0,9
1981,6,1,7
1981,5,4,9
1981,4,10,14
1981,3,0,3
1981,2,1,3
1981,10,1,11
1981,1,0,1
1981,4,1,5
1981,3,10,13
1981,2,0,2
1981,4,3,7
1981,3,1,4
1981,8,0,8
1981,6,2,8
1981,8,16,24
1981,7,3,10
1981,7,3,10
1981,1,0,1
1981,4,0,4
1981,4,3,7
1981,7,2,9
1981,2,1,3
1981,2,2,4
1981,4,0,4
1981,3,0,3
1981,8,1,9
1981,5,18,23
1981,5,3,8
1981,5,4,9
1981,3,1,4
1981,7,3,10
1981,6,4,10
1981,3,2,5
1981,3,0,3
1981,6,5,11
1981,6,1,7
1981,7,5,12
1981,4,2,6
1981,6,2,8
1981,7,1,8
1981,7,2,9
1981,7,5,12
1981,8,4,12
1981,4,0,4
1981,2,1,3
1981,2,1,3
1981,4,2,6
1981,6,4,10
1981,4,2,6
1981,7,2,9
1981,5,1,6
1981,7,4,11
1981,4,0,4
1981,7,5,12
1981,6,2,8
1981,4,3,7
1981,5,4,9
1981,1,0,1
1981,3,2,5
1981,11,1,12
1981,7,1,8
1981,5,2,7
1981,8,4,12
1981,7,6,13
1981,2,1,3
1981,3,2,5
1981,9,4,13
1981,3,1,4
1981,8,5,13
1981,5,2,7
1981,3,1,4
1981,5,0,5
1981,4,3,7
1981,8,3,11
1981,3,2,5
1981,3,1,4
1981,10,0,10
1981,2,1,3
1981,8,6,14
1981,2,11,13
1981,4,1,5
1981,6,1,7
1981,6,2,8
1981,4,1,5
1981,8,0,8
1981,3,1,4
1981,6,3,9
1981,9,0,9
1981,5,4,9
1981,3,0,3
1981,6,1,7
1981,2,2,4
1981,8,5,13
1981,3,2,5
1981,3,2,5
1981,5,0,5
1981,7,7,14
1981,10,0,10
1981,6,4,10
1981,6,2,8
1981,5,0,5
1981,5,1,6
1981,4,0,4
1981,8,4,12
1981,12,1,13
1981,4,3,7
1981,3,2,5
1981,7,4,11
1981,2,0,2
1981,7,0,7
1981,6,1,7
1981,8,4,12
1981,2,1,3
1981,2,10,12
1981,9,8,17
1981,4,2,6
1981,8,6,14
1981,5,3,8
1981,7,3,10
1981,7,6,13
1981,4,0,4
1981,4,3,7
1981,8,3,11
1981,2,11,13
1981,8,5,13
1981,5,2,7
1981,3,1,4
1981,4,0,4
1981,6,2,8
1981,6,3,9
1981,6,2,8
1981,3,1,4
1981,5,4,9
1981,3,1,4
1981,7,3,10
1981,7,2,9
1981,4,2,6
1981,3,1,4
1981,4,3,7
1981,9,7,16
1981,6,0,6
1981,6,1,7
1981,4,1,5
1981,7,4,11
1981,3,2,5
1981,2,0,2
1981,7,5,12
1981,3,1,4
1981,8,5,13
1981,5,4,9
1981,9,8,17
1981,4,3,7
1981,4,2,6
1981,5,4,9
1981,8,7,15
1981,4,3,7
1981,6,4,10
1981,9,5,14
1981,9,6,15
1981,3,2,5
1981,6,2,8
1981,4,3,7
1981,2,1,3
1981,4,3,7
1981,9,7,16
1981,6,2,8
1981,8,7,15
1981,4,1,5
1981,4,1,5
1981,6,1,7
1981,5,4,9
1981,5,2,7
1981,2,1,3
1981,9,8,17
1981,3,1,4
1981,5,13,18
1981,6,4,10
1981,3,2,5
1981,2,1,3
1981,12,1,13
1981,2,10,12
1981,4,2,6
1981,4,1,5
1981,2,1,3
1981,6,0,6
1981,3,1,4
1981,7,1,8
1981,2,1,3
1981,3,2,5
1981,5,3,8
1981,2,1,3
1981,4,1,5
1981,4,3,7
1981,9,4,13
1981,6,2,8
1981,4,3,7
1981,6,1,7
1981,9,5,14
1981,4,0,4
1981,8,7,15
1981,4,3,7
1981,1,0,1
1981,2,0,2
1981,7,11,18
1981,3,2,5
1981,5,4,9
1981,4,2,6
1981,7,3,10
1981,15,1,16
1981,3,0,3
1981,9,5,14
1981,2,1,3
1981,8,2,10
1981,7,4,11
1981,6,5,11
1981,9,6,15
1981,6,5,11
1981,13,0,13
1981,7,3,10
1981,4,2,6
1981,3,10,13
1981,5,5,10
1981,4,3,7
1981,7,5,12
1981,5,1,6
1981,5,1,6
1981,4,0,4
1981,5,3,8
1981,5,13,18
1981,8,4,12
1981,5,2,7
1981,8,2,10
1981,7,3,10
1981,9,5,14
1981,3,2,5
1981,3,1,4
1981,5,0,5
1981,9,1,10
1981,7,6,13
1981,2,0,2
1981,7,4,11
1981,2,1,3
1981,6,2,8
1981,3,2,5
1981,3,2,5
1981,5,0,5
1981,4,0,4
1981,4,3,7
1981,4,1,5
1981,3,0,3
1981,4,0,4
1981,5,2,7
1981,7,5,12
1981,4,3,7
1981,8,3,11
1981,1,0,1
1981,3,0,3
1981,8,6,14
1981,6,3,9
1981,5,2,7
1981,5,4,9
1981,5,0,5
1981,5,2,7
1981,4,0,4
1981,6,1,7
1981,7,6,13
1981,3,2,5
1981,3,2,5
1981,9,1,10
1981,9,7,16
1981,9,5,14
1981,6,10,16
1981,3,1,4
1981,10,0,10
1981,3,11,14
1981,4,3,7
1981,2,1,3
1981,3,0,3
1981,5,1,6
1981,5,0,5
1981,6,5,11
1981,3,0,3
1981,9,4,13
1981,4,1,5
1981,2,1,3
1981,4,2,6
1981,6,2,8
1981,7,6,13
1981,9,1,10
1981,4,1,5
1981,7,5,12
1981,6,1,7
1981,9,0,9
1981,6,5,11
1981,7,0,7
1981,7,5,12
1981,4,0,4
1981,2,1,3
1981,5,0,5
1981,4,3,7
1981,5,4,9
1981,9,0,9
1981,1,0,1
1981,2,1,3
1981,7,1,8
1981,6,1,7
1981,6,1,7
1981,6,2,8
1981,6,3,9
1981,1,0,1
1981,4,3,7
1981,6,3,9
1981,5,4,9
1981,5,1,6
1981,8,5,13
1981,7,2,9
1981,5,13,18
1981,4,0,4
1981,2,1,3
1981,3,2,5
1981,3,1,4
1981,7,2,9
1981,6,5,11
1981,4,0,4
1981,5,0,5
1981,7,3,10
1981,14,1,15
1981,3,2,5
1981,4,3,7
1981,6,5,11
1981,5,0,5
1981,3,1,4
1981,4,1,5
1981,15,12,27
1981,9,5,14
1981,5,3,8
1981,5,3,8
1981,7,10,17
1981,3,1,4
1981,8,4,12
1981,3,2,5
1981,6,1,7
1981,5,4,9
1981,6,1,7
1981,6,2,8
1981,4,3,7
1981,4,3,7
1981,6,5,11
1981,2,0,2
1981,3,0,3
1981,5,1,6
1981,6,3,9
1981,8,2,10
1981,3,1,4
1981,5,2,7
1981,9,5,14
1981,6,3,9
1981,4,2,6
1981,4,2,6
1981,6,3,9
1981,7,0,7
1981,7,3,10
1981,7,3,10
1981,6,2,8
1981,3,1,4
1981,6,2,8
1981,9,3,12
1981,7,6,13
1981,4,15,19
1981,6,4,10
1981,9,6,15
1981,9,2,11
1981,5,3,8
1981,1,0,1
1981,8,1,9
1981,3,2,5
1981,3,2,5
1981,6,4,10
1981,6,4,10
1981,8,2,10
1981,7,5,12
1981,2,10,12
1981,6,2,8
1981,3,2,5
1981,3,10,13
1981,8,2,10
1981,5,3,8
1981,2,1,3
1981,6,4,10
1981,2,1,3
1981,7,10,17
1981,5,12,17
1981,6,5,11
1981,5,0,5
1981,7,1,8
1981,5,3,8
1981,3,1,4
1981,7,1,8
1981,10,1,11
1981,8,7,15
1981,2,1,3
1981,9,10,19
1981,6,3,9
1981,6,3,9
1981,3,12,15
1981,5,3,8
1981,3,13,16
1981,5,2,7
1981,7,1,8
1981,5,2,7
1981,4,3,7
1981,6,4,10
1981,5,2,7
1981,8,4,12
1981,6,4,10
1981,1,0,1
1981,7,3,10
1981,4,3,7
1981,7,5,12
1981,4,1,5
1981,5,4,9
1981,2,1,3
1981,3,2,5
1981,6,5,11
1981,5,10,15
1981,3,1,4
1981,3,2,5
1981,3,2,5
1981,1,0,1
1981,5,1,6
1981,4,1,5
1981,3,1,4
1981,3,0,3
1981,8,5,13
1981,2,1,3
1981,9,4,13
1981,9,4,13
1981,7,4,11
1981,7,1,8
1981,6,2,8
1981,6,5,11
1981,5,4,9
1981,5,2,7
1981,5,2,7
1981,3,1,4
1981,3,2,5
1981,6,1,7
1981,4,11,15
1981,7,1,8
1981,3,1,4
1981,5,4,9
1981,6,3,9
1981,4,1,5
1981,7,6,13
1981,9,0,9
1981,1,0,1
1981,9,1,10
1981,6,5,11
1981,3,2,5
1981,3,10,13
1981,2,10,12
1981,11,1,12
1981,9,8,17
1981,6,0,6
1981,6,5,11
1981,5,4,9
1981,5,2,7
1981,7,4,11
1981,2,1,3
1981,7,2,9
1981,4,16,20
1981,5,4,9
1981,5,1,6
1981,3,2,5
1981,6,1,7
1981,5,1,6
1981,6,1,7
1981,5,3,8
1981,6,5,11
1981,5,3,8
1981,4,3,7
1981,3,2,5
1981,5,2,7
1981,5,4,9
1981,8,5,13
1981,4,2,6
1981,3,0,3
1981,6,2,8
1981,4,0,4
1981,5,2,7
1981,4,3,7
1981,3,1,4
1981,5,3,8
1981,5,3,8
1981,9,7,16
1981,3,16,19
1981,2,1,3
1981,7,15,22
1981,8,1,9
1981,3,0,3
1981,8,3,11
1981,4,1,5
1981,4,1,5
1981,9,12,21
1981,4,2,6
1981,6,3,9
1981,2,0,2
1981,6,2,8
1981,3,2,5
1981,6,1,7
1981,6,2,8
1981,3,2,5
1981,6,17,23
1981,4,2,6
1981,6,5,11
1981,7,3,10
1981,3,12,15
1981,5,4,9
1981,7,5,12
1981,4,1,5
1981,4,1,5
1981,6,4,10
1981,4,3,7
1981,6,3,9
1981,2,0,2
1981,3,0,3
1981,6,2,8
1981,6,5,11
1981,4,1,5
1981,5,3,8
1981,8,1,9
1981,2,1,3
1981,5,4,9
1981,3,0,3
1981,10,0,10
1981,5,11,16
1981,9,3,12
1981,5,1,6
1981,6,2,8
1981,4,2,6
1981,2,0,2
1981,6,2,8
1981,7,6,13
1981,5,3,8
1981,11,1,12
1981,4,1,5
1981,7,5,12
1981,4,1,5
1981,7,0,7
1981,2,0,2
1981,3,0,3
1981,3,1,4
1981,7,1,8
1981,3,1,4
1981,4,3,7
1981,3,2,5
1981,5,4,9
1981,5,1,6
1981,9,0,9
1981,2,10,12
1981,6,2,8
1981,8,3,11
1981,1,0,1
1981,4,3,7
1981,2,0,2
1981,8,1,9
1981,4,2,6
1981,3,0,3
1981,2,1,3
1981,8,5,13
1981,3,1,4
1981,12,1,13
1981,8,4,12
1981,4,2,6
1981,3,2,5
1981,3,10,13
1981,7,4,11
1981,10,1,11
1981,6,1,7
1981,5,0,5
1981,4,3,7
1981,6,5,11
1981,7,4,11
1981,5,12,17
1981,4,2,6
1981,2,11,13
1981,2,0,2
1981,3,1,4
1981,5,4,9
1981,3,2,5
1981,4,2,6
1981,4,1,5
1981,7,4,11
1981,7,2,9
1981,3,2,5
1981,6,1,7
1981,6,3,9
1981,7,2,9
1981,7,0,7
1981,5,2,7
1981,8,2,10
1981,2,1,3
1981,5,10,15
1981,3,2,5
1981,7,1,8
1981,7,5,12
1981,5,2,7
1981,4,3,7
1981,4,0,4
1981,6,2,8
1981,3,1,4
1981,2,0,2
1981,7,3,10
1981,3,2,5
1981,5,4,9
1981,6,5,11
1981,4,2,6
1981,4,2,6
1981,6,5,11
1981,6,1,7
1981,6,4,10
1981,7,6,13
1981,6,5,11
1981,6,3,9
1981,1,0,1
1981,6,5,11
1981,5,1,6
1981,4,1,5
1981,3,2,5
1981,10,0,10
1981,4,3,7
1981,8,1,9
1981,7,4,11
1981,9,4,13
1981,4,3,7
1981,8,5,13
1981,4,3,7
1981,5,4,9
1981,3,11,14
1981,3,2,5
1981,4,3,7
1981,4,1,5
1981,5,4,9
1981,2,1,3
1981,9,6,15
1981,6,1,7
1981,8,5,13
1981,3,0,3
1981,9,1,10
1981,11,1,12
1981,5,2,7
1981,7,2,9
1981,9,1,10
1981,5,3,8
1981,4,0,4
1981,7,6,13
1981,4,1,5
1981,1,0,1
1981,5,0,5
1981,6,1,7
1981,3,13,16
1981,3,1,4
1981,8,4,12
1981,4,2,6
1981,5,1,6
1981,3,2,5
1981,5,4,9
1981,4,0,4
1981,4,3,7
1981,5,2,7
1981,5,3,8
1981,8,5,13
1981,6,4,10
1981,6,0,6
1981,3,1,4
1981,8,7,15
1981,5,0,5
1981,5,3,8
1981,4,3,7
1981,8,7,15
1981,4,3,7
1981,6,4,10
1981,2,1,3
1981,6,2,8
1981,8,6,14
1981,5,4,9
1981,6,5,11
1981,7,4,11
1981,5,2,7
1981,7,6,13
1981,3,0,3
1981,3,0,3
1981,6,2,8
1981,2,0,2
1981,3,1,4
1981,2,12,14
1981,6,2,8
1981,5,3,8
1981,4,1,5
1981,5,1,6
1981,2,1,3
1981,4,0,4
1981,6,5,11
1981,5,0,5
1981,3,1,4
1981,3,0,3
1981,4,2,6
1981,5,3,8
1981,4,0,4
1981,3,2,5
1981,4,2,6
1981,5,2,7
1981,4,3,7
1981,3,1,4
1981,8,6,14
1981,5,2,7
1981,6,3,9
1981,4,3,7
1981,6,3,9
1981,4,0,4
1981,9,1,10
1981,9,4,13
1981,6,5,11
1981,4,2,6
1981,7,3,10
1981,4,3,7
1981,7,6,13
1981,4,1,5
1981,6,4,10
1981,6,2,8
1981,6,4,10
1981,6,5,11
1981,4,1,5
1981,2,12,14
1981,4,3,7
1981,2,0,2
1981,7,4,11
1981,7,6,13
1981,4,0,4
1981,4,2,6
1981,5,4,9
1981,4,2,6
1981,3,2,5
1981,7,4,11
1981,4,0,4
1981,5,4,9
1981,5,4,9
1981,9,1,10
1981,3,2,5
1981,2,1,3
1981,7,4,11
1981,2,0,2
1981,4,3,7
1981,5,0,5
1981,2,0,2
1981,8,4,12
1981,7,6,13
1981,5,3,8
1981,3,2,5
1981,8,0,8
1981,2,1,3
1981,6,3,9
1981,6,5,11
1981,3,2,5
1981,5,4,9
1981,8,5,13
1981,8,0,8
1981,7,4,11
1981,6,0,6
1981,5,2,7
1981,7,5,12
1981,7,11,18
1981,2,13,15
1981,8,6,14
1981,9,8,17
1981,2,0,2
1981,4,2,6
1981,5,4,9
1981,3,2,5
1981,4,16,20
1981,7,5,12
1981,3,0,3
1981,8,12,20
1981,2,1,3
1981,3,0,3
1981,8,7,15
1981,4,3,7
1981,4,3,7
1981,5,1,6
1981,9,1,10
1981,3,0,3
1981,2,1,3
1981,2,0,2
1981,2,12,14
1981,9,7,16
1981,6,5,11
1981,4,2,6
1981,6,1,7
1981,9,7,16
1981,6,1,7
1981,6,0,6
1981,3,2,5
1981,9,3,12
1981,5,3,8
1981,6,16,22
1981,9,4,13
1981,6,2,8
1981,6,5,11
1981,3,1,4
1981,2,12,14
1981,6,0,6
1981,5,1,6
1981,4,3,7
1981,12,0,12
1981,3,2,5
1981,3,2,5
1981,5,4,9
1981,5,11,16
1981,9,2,11
1981,5,12,17
1981,6,1,7
1981,1,0,1
1981,3,2,5
1981,6,1,7
1981,6,3,9
1981,6,0,6
1981,3,0,3
1981,5,2,7
1981,5,1,6
1981,4,3,7
1981,4,3,7
1981,7,6,13
1981,2,12,14
1981,7,3,10
1981,6,1,7
1981,2,1,3
1981,3,1,4
1981,8,5,13
1981,7,1,8
1981,4,3,7
1981,3,2,5
1981,6,1,7
1981,6,5,11
1981,8,3,11
1981,2,0,2
1981,7,1,8
1981,5,3,8
1981,5,1,6
1981,17,11,28
1981,5,4,9
1981,2,1,3
1981,6,2,8
1981,6,1,7
1981,5,4,9
1981,6,3,9
1981,9,6,15
1981,5,0,5
1981,8,11,19
1981,4,3,7
1981,4,1,5
1981,3,1,4
1981,9,8,17
1981,5,3,8
1981,6,1,7
1981,5,1,6
1981,5,4,9
1981,7,0,7
1981,4,1,5
1981,3,0,3
1981,3,0,3
1981,1,0,1
1981,3,2,5
1981,2,1,3
1981,4,3,7
1981,3,2,5
1981,3,1,4
1981,3,2,5
1981,6,11,17
1981,3,2,5
1981,4,2,6
1981,9,3,12
1981,3,2,5
1981,3,2,5
1981,3,1,4
1981,5,4,9
1981,7,0,7
1981,2,0,2
1981,4,10,14
1981,8,0,8
1981,5,4,9
1981,6,2,8
1981,4,3,7
1981,5,4,9
1981,5,2,7
1981,4,1,5
1981,10,0,10
1981,8,7,15
1981,4,3,7
1981,3,2,5
1981,5,3,8
1981,4,3,7
1981,2,1,3
1981,9,3,12
1981,7,3,10
1981,12,0,12
1981,8,5,13
1981,5,4,9
1981,5,2,7
1981,6,2,8
1981,3,1,4
1981,4,0,4
1981,7,2,9
1981,5,16,21
1981,5,0,5
1981,4,1,5
1981,7,6,13
1981,5,4,9
1981,3,2,5
1981,3,2,5
1981,5,3,8
1981,5,12,17
1981,3,1,4
1981,4,2,6
1981,4,2,6
1981,2,1,3
1981,4,3,7
1981,5,3,8
1981,5,2,7
1981,4,2,6
1981,5,4,9
1981,2,1,3
1981,8,2,10
1981,1,0,1
1981,8,4,12
1981,6,1,7
1981,3,2,5
1981,2,0,2
1981,6,1,7
1981,5,0,5
1981,8,7,15
1981,4,3,7
1981,5,2,7
1981,5,4,9
1981,9,5,14
1981,3,0,3
1981,4,3,7
1981,3,2,5
1981,9,2,11
1981,9,5,14
1981,8,7,15
1981,3,1,4
1981,7,1,8
1981,5,1,6
1981,4,0,4
1981,4,2,6
1981,2,1,3
1981,5,4,9
1981,2,1,3
1981,5,4,9
1981,10,0,10
1981,3,2,5
1981,5,14,19
1981,5,3,8
1981,6,1,7
1981,5,3,8
1981,5,3,8
1981,4,0,4
1981,1,0,1
1981,3,0,3
1981,5,10,15
1981,3,1,4
1981,4,3,7
1981,9,0,9
1981,8,5,13
1981,3,1,4
1981,5,4,9
1981,6,5,11
1981,7,3,10
1981,6,3,9
1981,3,1,4
1981,5,2,7
1981,5,3,8
1981,9,4,13
1981,8,11,19
1981,5,3,8
1981,7,3,10
1981,4,1,5
1981,6,12,18
1981,2,0,2
1981,4,1,5
1981,6,11,17
1981,6,5,11
1981,3,2,5
1981,6,3,9
1981,6,0,6
1981,2,1,3
1981,4,3,7
1981,4,1,5
1981,6,1,7
1981,8,0,8
1981,4,2,6
1981,8,1,9
1981,5,4,9
1981,3,2,5
1981,2,0,2
1981,6,5,11
1981,9,11,20
1981,5,2,7
1981,6,3,9
1981,3,1,4
1981,2,1,3
1981,4,0,4
1981,6,2,8
1981,4,2,6
1981,3,0,3
1981,6,4,10
1981,8,7,15
1981,6,10,16
1981,4,2,6
1981,8,6,14
1981,3,0,3
1981,5,0,5
1981,7,6,13
1981,6,10,16
1981,6,5,11
1981,3,2,5
1981,4,2,6
1981,5,2,7
1981,4,3,7
1981,4,2,6
1981,2,10,12
1981,5,10,15
1981,5,2,7
1981,4,2,6
1981,5,2,7
1981,6,3,9
1981,3,2,5
1981,8,2,10
1981,7,6,13
1981,4,0,4
1981,2,1,3
1981,3,2,5
1981,4,3,7
1981,8,2,10
1981,8,4,12
1981,6,5,11
1981,2,12,14
1981,4,2,6
1981,2,1,3
1981,5,4,9
1981,3,1,4
1981,3,2,5
1981,3,2,5
1981,7,1,8
1981,4,3,7
1981,3,1,4
1981,5,4,9
1981,5,2,7
1981,3,1,4
1981,7,12,19
1981,2,1,3
1981,5,2,7
1981,6,1,7
1981,6,2,8
1981,2,0,2
1981,7,4,11
1981,3,2,5
1981,9,0,9
1981,1,0,1
1981,5,1,6
1981,6,4,10
1981,5,10,15
1981,8,4,12
1981,5,4,9
1981,11,0,11
1981,8,1,9
1981,7,6,13
1981,3,0,3
1981,8,3,11
1981,5,2,7
1981,6,3,9
1981,5,1,6
1981,8,11,19
1981,8,5,13
1981,2,1,3
1981,4,3,7
1981,7,3,10
1981,2,1,3
1981,6,2,8
1981,8,2,10
1981,6,3,9
1981,4,1,5
1981,8,1,9
1981,6,0,6
1981,6,4,10
1981,8,2,10
1981,4,1,5
1981,3,11,14
1981,5,1,6
1981,5,1,6
1981,4,0,4
1981,7,6,13
1981,5,4,9
1981,3,1,4
1981,3,2,5
1981,7,3,10
1981,4,3,7
1981,6,3,9
1981,5,1,6
1981,9,3,12
1981,6,3,9
1981,2,0,2
1981,7,2,9
1981,1,0,1
1981,5,0,5
1981,4,3,7
1981,6,0,6
1981,4,1,5
1981,6,3,9
1981,8,10,18
1981,1,0,1
1981,4,3,7
1981,3,0,3
1981,2,1,3
1981,6,2,8
1981,6,4,10
1981,5,3,8
1981,3,2,5
1981,5,2,7
1981,3,2,5
1981,3,2,5
1981,4,2,6
1981,1,0,1
1981,5,11,16
1981,7,3,10
1981,2,1,3
1981,3,1,4
1981,6,2,8
1981,3,2,5
1981,6,1,7
1981,5,1,6
1981,8,4,12
1981,9,4,13
1981,2,1,3
1981,6,0,6
1981,5,2,7
1981,4,1,5
1981,9,10,19
1981,5,3,8
1981,9,2,11
1981,7,1,8
1981,5,1,6
1981,7,3,10
1981,6,14,20
1981,2,1,3
1981,2,10,12
1981,5,4,9
1981,5,11,16
1981,9,2,11
1981,8,6,14
1981,3,0,3
1981,8,3,11
1981,5,2,7
1981,6,3,9
1981,1,0,1
1981,6,2,8
1981,3,0,3
1981,5,4,9
1981,2,0,2
1981,7,5,12
1981,6,3,9
1981,4,3,7
1981,5,0,5
1981,4,2,6
1981,7,3,10
1981,4,2,6
1981,6,4,10
1981,5,1,6
1981,6,5,11
1981,5,3,8
1981,4,2,6
1981,8,7,15
1981,4,3,7
1981,5,2,7
1981,14,0,14
1981,2,1,3
1981,4,1,5
1981,3,15,18
1981,5,2,7
1981,2,1,3
1981,5,2,7
1981,9,5,14
1981,3,10,13
1981,7,3,10
1981,7,5,12
1981,2,1,3
1981,6,0,6
1981,4,0,4
1981,6,2,8
1981,7,3,10
1981,2,1,3
1981,1,0,1
1981,6,1,7
1981,4,12,16
1981,4,0,4
1981,3,1,4
1981,6,5,11
1981,6,2,8
1981,5,3,8
1981,5,1,6
1981,4,3,7
1981,3,2,5
1981,14,0,14
1981,2,1,3
1981,7,2,9
1981,4,2,6
1981,5,1,6
1981,7,0,7
1981,6,10,16
1981,6,2,8
1981,8,4,12
1981,9,2,11
1981,3,10,13
1981,5,2,7
1981,2,0,2
1981,5,10,15
1981,5,2,7
1981,2,1,3
1981,3,0,3
1981,8,5,13
1981,3,2,5
1981,3,1,4
1981,6,2,8
1981,8,1,9
1981,5,4,9
1981,1,0,1
1981,2,2,4
1981,3,2,5
1981,5,2,7
1981,9,0,9
1981,3,2,5
1981,5,11,16
1981,4,11,15
1981,3,0,3
1981,6,1,7
1981,8,2,10
1981,3,0,3
1981,9,7,16
1981,8,7,15
1981,8,3,11
1981,8,6,14
1981,3,0,3
1981,5,4,9
1981,4,3,7
1981,4,0,4
1981,8,4,12
1981,7,2,9
1981,2,1,3
1981,5,4,9
1981,8,4,12
1981,8,3,11
1981,4,3,7
1981,4,3,7
1981,7,2,9
1981,1,0,1
1981,5,2,7
1981,13,12,25
1981,3,0,3
1981,6,2,8
1981,4,3,7
1981,5,3,8
1981,3,2,5
1981,2,1,3
1981,2,1,3
1981,4,0,4
1981,2,0,2
1981,4,3,7
1981,9,2,11
1981,9,0,9
1981,3,1,4
1981,4,0,4
1981,1,0,1
1981,2,1,3
1981,5,3,8
1981,3,1,4
1981,3,0,3
1981,3,1,4
1981,6,1,7
1981,5,3,8
1981,4,1,5
1981,6,2,8
1981,2,1,3
1981,2,1,3
1981,6,5,11
1981,4,0,4
1981,7,3,10
1981,3,0,3
1981,5,1,6
1981,3,1,4
1981,3,0,3
1981,3,13,16
1981,4,0,4
1981,4,1,5
1981,7,1,8
1981,2,1,3
1981,5,3,8
1981,3,0,3
1981,5,4,9
1981,8,7,15
1981,2,1,3
1981,9,2,11
1982,5,13,18
1982,3,2,5
1982,3,14,17
1982,4,3,7
1982,7,11,18
1982,3,2,5
1982,1,0,1
1982,6,2,8
1982,3,2,5
1982,9,2,11
1982,7,5,12
1982,7,0,7
1982,6,4,10
1982,1,0,1
1982,4,1,5
1982,8,6,14
1982,7,2,9
1982,6,2,8
1982,5,0,5
1982,7,0,7
1982,4,2,6
1982,7,4,11
1982,2,1,3
1982,5,3,8
1982,2,0,2
1982,4,15,19
1982,8,6,14
1982,2,0,2
1982,5,3,8
1982,9,5,14
1982,7,5,12
1982,8,3,11
1982,5,2,7
1982,6,0,6
1982,8,1,9
1982,3,11,14
1982,7,11,18
1982,3,2,5
1982,5,0,5
1982,6,0,6
1982,5,4,9
1982,6,1,7
1982,13,1,14
1982,2,1,3
1982,3,1,4
1982,7,6,13
1982,2,0,2
1982,6,3,9
1982,3,1,4
1982,1,0,1
1982,7,6,13
1982,5,14,19
1982,3,2,5
1982,5,4,9
1982,6,1,7
1982,2,1,3
1982,5,4,9
1982,7,10,17
1982,9,5,14
1982,4,3,7
1982,4,3,7
1982,8,5,13
1982,9,8,17
1982,9,5,14
1982,6,5,11
1982,8,3,11
1982,5,2,7
1982,3,2,5
1982,6,3,9
1982,4,2,6
1982,5,4,9
1982,2,1,3
1982,3,1,4
1982,5,2,7
1982,6,2,8
1982,2,1,3
1982,4,3,7
1982,7,5,12
1982,5,4,9
1982,8,1,9
1982,3,2,5
1982,4,1,5
1982,5,4,9
1982,8,4,12
1982,3,2,5
1982,6,1,7
1982,8,1,9
1982,4,2,6
1982,5,11,16
1982,4,3,7
1982,8,4,12
1982,2,0,2
1982,2,0,2
1982,4,2,6
1982,3,1,4
1982,2,10,12
1982,5,3,8
1982,4,1,5
1982,4,3,7
1982,7,6,13
1982,8,3,11
1982,5,0,5
1982,6,1,7
1982,3,2,5
1982,5,4,9
1982,6,2,8
1982,3,1,4
1982,6,10,16
1982,12,10,22
1982,5,3,8
1982,2,1,3
1982,5,3,8
1982,2,1,3
1982,2,10,12
1982,4,3,7
1982,3,10,13
1982,8,2,10
1982,6,0,6
1982,4,3,7
1982,5,2,7
1982,6,4,10
1982,8,2,10
1982,5,2,7
1982,6,5,11
1982,9,6,15
1982,7,6,13
1982,5,1,6
1982,9,3,12
1982,4,3,7
1982,4,2,6
1982,6,5,11
1982,5,4,9
1982,3,2,5
1982,6,4,10
1982,2,0,2
1982,5,2,7
1982,6,13,19
1982,3,1,4
1982,4,2,6
1982,8,3,11
1982,2,11,13
1982,8,0,8
1982,2,10,12
1982,3,2,5
1982,4,3,7
1982,7,4,11
1982,8,4,12
1982,6,4,10
1982,9,4,13
1982,4,3,7
1982,6,5,11
1982,1,0,1
1982,4,1,5
1982,6,0,6
1982,3,1,4
1982,5,2,7
1982,7,4,11
1982,5,2,7
1982,6,2,8
1982,7,6,13
1982,5,3,8
1982,4,2,6
1982,2,1,3
1982,7,0,7
1982,3,1,4
1982,8,4,12
1982,4,3,7
1982,6,3,9
1982,4,2,6
1982,7,2,9
1982,12,10,22
1982,7,3,10
1982,6,11,17
1982,5,4,9
1982,9,1,10
1982,9,2,11
1982,4,12,16
1982,9,0,9
1982,2,1,3
1982,5,4,9
1982,6,4,10
1982,7,4,11
1982,4,2,6
1982,8,5,13
1982,3,2,5
1982,5,1,6
1982,1,0,1
1982,7,2,9
1982,7,4,11
1982,3,2,5
1982,7,6,13
1982,4,1,5
1982,8,7,15
1982,2,1,3
1982,5,1,6
1982,5,3,8
1982,4,3,7
1982,6,3,9
1982,5,2,7
1982,3,1,4
1982,8,4,12
1982,5,4,9
1982,6,3,9
1982,6,11,17
1982,5,4,9
1982,6,4,10
1982,3,2,5
1982,5,0,5
1982,6,2,8
1982,4,10,14
1982,7,5,12
1982,6,3,9
1982,7,4,11
1982,3,0,3
1982,2,11,13
1982,5,2,7
1982,3,1,4
1982,8,5,13
1982,3,2,5
1982,3,0,3
1982,8,4,12
1982,7,6,13
1982,6,2,8
1982,5,1,6
1982,8,5,13
1982,6,0,6
1982,6,1,7
1982,9,3,12
1982,2,1,3
1982,4,2,6
1982,6,0,6
1982,5,4,9
1982,7,0,7
1982,5,4,9
1982,6,4,10
1982,3,0,3
1982,9,6,15
1982,3,2,5
1982,5,1,6
1982,7,0,7
1982,4,0,4
1982,2,0,2
1982,9,6,15
1982,6,0,6
1982,7,3,10
1982,1,0,1
1982,9,4,13
1982,7,1,8
1982,6,4,10
1982,8,2,10
1982,8,0,8
1982,8,7,15
1982,4,2,6
1982,7,4,11
1982,6,3,9
1982,4,3,7
1982,3,1,4
1982,5,4,9
1982,5,1,6
1982,6,4,10
1982,6,5,11
1982,5,2,7
1982,10,1,11
1982,8,2,10
1982,8,7,15
1982,2,1,3
1982,6,5,11
1982,5,1,6
1982,6,3,9
1982,9,6,15
1982,6,3,9
1982,3,10,13
1982,6,4,10
1982,6,0,6
1982,3,10,13
1982,5,1,6
1982,6,4,10
1982,5,2,7
1982,7,5,12
1982,13,1,14
1982,4,11,15
1982,4,2,6
1982,6,2,8
1982,3,0,3
1982,4,3,7
1982,2,0,2
1982,6,0,6
1982,6,2,8
1982,5,4,9
1982,6,3,9
1982,3,2,5
1982,5,2,7
1982,4,10,14
1982,8,2,10
1982,5,3,8
1982,9,4,13
1982,4,3,7
1982,5,3,8
1982,4,3,7
1982,5,2,7
1982,6,5,11
1982,4,3,7
1982,2,1,3
1982,9,5,14
1982,9,7,16
1982,8,4,12
1982,7,3,10
1982,9,4,13
1982,7,4,11
1982,3,2,5
1982,4,1,5
1982,8,7,15
1982,6,4,10
1982,3,2,5
1982,4,2,6
1982,7,6,13
1982,9,2,11
1982,6,3,9
1982,3,2,5
1982,5,3,8
1982,4,2,6
1982,7,12,19
1982,7,3,10
1982,5,2,7
1982,5,3,8
1982,6,12,18
1982,5,0,5
1982,8,5,13
1982,4,1,5
1982,6,2,8
1982,3,2,5
1982,6,15,21
1982,5,2,7
1982,5,2,7
1982,6,3,9
1982,1,0,1
1982,6,4,10
1982,7,2,9
1982,3,2,5
1982,4,2,6
1982,7,4,11
1982,12,1,13
1982,8,10,18
1982,8,3,11
1982,8,5,13
1982,5,1,6
1982,9,4,13
1982,8,7,15
1982,2,1,3
1982,2,1,3
1982,8,4,12
1982,6,3,9
1982,6,3,9
1982,4,3,7
1982,6,2,8
1982,5,4,9
1982,6,5,11
1982,2,14,16
1982,6,0,6
1982,3,0,3
1982,3,0,3
1982,1,0,1
1982,2,0,2
1982,2,1,3
1982,7,3,10
1982,3,2,5
1982,9,5,14
1982,5,4,9
1982,3,2,5
1982,7,6,13
1982,9,8,17
1982,6,4,10
1982,3,1,4
1982,3,1,4
1982,6,3,9
1982,3,2,5
1982,6,4,10
1982,4,2,6
1982,3,17,20
1982,6,10,16
1982,5,4,9
1982,6,0,6
1982,7,1,8
1982,9,8,17
1982,5,4,9
1982,5,1,6
1982,9,4,13
1982,6,5,11
1982,6,3,9
1982,9,7,16
1982,4,1,5
1982,3,2,5
1982,5,4,9
1982,3,11,14
1982,8,5,13
1982,9,2,11
1982,9,10,19
1982,3,2,5
1982,2,13,15
1982,6,2,8
1982,5,0,5
1982,2,11,13
1982,6,5,11
1982,4,2,6
1982,6,4,10
1982,8,1,9
1982,2,1,3
1982,3,1,4
1982,4,3,7
1982,2,1,3
1982,5,2,7
1982,2,1,3
1982,4,2,6
1982,6,3,9
1982,8,7,15
1982,4,1,5
1982,7,4,11
1982,2,0,2
1982,8,7,15
1982,4,11,15
1982,4,3,7
1982,7,6,13
1982,9,6,15
1982,8,3,11
1982,5,4,9
1982,4,1,5
1982,5,10,15
1982,6,2,8
1982,6,4,10
1982,7,3,10
1982,5,3,8
1982,9,12,21
1982,3,2,5
1982,5,2,7
1982,5,2,7
1982,3,0,3
1982,6,1,7
1982,7,6,13
1982,2,1,3
1982,5,0,5
1982,8,2,10
1982,4,13,17
1982,7,6,13
1982,6,1,7
1982,3,1,4
1982,5,4,9
1982,2,1,3
1982,8,6,14
1982,7,0,7
1982,4,0,4
1982,7,2,9
1982,8,1,9
1982,8,7,15
1982,3,0,3
1982,2,10,12
1982,6,5,11
1982,9,11,20
1982,6,2,8
1982,2,1,3
1982,4,1,5
1982,6,4,10
1982,7,4,11
1982,2,1,3
1982,2,0,2
1982,2,1,3
1982,4,2,6
1982,6,5,11
1982,6,5,11
1982,8,5,13
1982,6,3,9
1982,3,2,5
1982,4,1,5
1982,7,2,9
1982,9,1,10
1982,4,2,6
1982,5,3,8
1982,5,4,9
1982,2,1,3
1982,6,0,6
1982,2,11,13
1982,2,0,2
1982,3,11,14
1982,8,3,11
1982,4,1,5
1982,6,3,9
1982,3,1,4
1982,7,6,13
1982,8,7,15
1982,3,2,5
1982,2,0,2
1982,9,7,16
1982,5,1,6
1982,3,0,3
1982,6,3,9
1982,4,1,5
1982,12,1,13
1982,7,5,12
1982,6,4,10
1982,3,0,3
1982,5,2,7
1982,7,4,11
1982,7,3,10
1982,4,2,6
1982,5,1,6
1982,6,5,11
1982,3,1,4
1982,3,2,5
1982,7,1,8
1982,1,0,1
1982,3,12,15
1982,2,1,3
1982,6,0,6
1982,2,1,3
1982,6,0,6
1982,6,4,10
1982,4,2,6
1982,7,2,9
1982,2,0,2
1982,5,3,8
1982,5,0,5
1982,6,5,11
1982,4,2,6
1982,4,2,6
1982,4,3,7
1982,6,3,9
1982,7,1,8
1982,5,3,8
1982,3,1,4
1982,9,1,10
1982,2,0,2
1982,9,3,12
1982,9,2,11
1982,8,2,10
1982,6,0,6
1982,7,5,12
1982,2,10,12
1982,2,10,12
1982,7,4,11
1982,4,3,7
1982,6,1,7
1982,5,2,7
1982,5,10,15
1982,7,0,7
1982,8,0,8
1982,2,1,3
1982,7,6,13
1982,8,3,11
1982,3,10,13
1982,6,4,10
1982,7,5,12
1982,2,0,2
1982,4,0,4
1982,3,2,5
1982,7,2,9
1982,2,1,3
1982,7,0,7
1982,5,3,8
1982,4,2,6
1982,8,4,12
1982,5,3,8
1982,4,3,7
1982,6,10,16
1982,6,0,6
1982,6,5,11
1982,4,3,7
1982,5,2,7
1982,5,10,15
1982,4,2,6
1982,8,3,11
1982,6,4,10
1982,5,10,15
1982,3,2,5
1982,5,2,7
1982,8,2,10
1982,3,1,4
1982,11,10,21
1982,5,4,9
1982,3,2,5
1982,5,2,7
1982,6,4,10
1982,4,1,5
1982,5,2,7
1982,7,4,11
1982,1,0,1
1982,9,5,14
1982,4,2,6
1982,4,2,6
1982,14,1,15
1982,6,0,6
1982,7,3,10
1982,7,0,7
1982,4,2,6
1982,8,6,14
1982,7,3,10
1982,9,5,14
1982,5,2,7
1982,3,10,13
1982,6,2,8
1982,7,6,13
1982,2,1,3
1982,6,5,11
1982,8,1,9
1982,8,7,15
1982,4,3,7
1982,9,7,16
1982,9,4,13
1982,4,11,15
1982,10,0,10
1982,4,10,14
1982,5,2,7
1982,5,4,9
1982,5,4,9
1982,5,4,9
1982,6,11,17
1982,5,4,9
1982,2,1,3
1982,9,1,10
1982,6,4,10
1982,4,3,7
1982,7,3,10
1982,3,2,5
1982,4,1,5
1982,3,1,4
1982,2,1,3
1982,4,3,7
1982,5,2,7
1982,4,1,5
1982,5,4,9
1982,3,1,4
1982,4,2,6
1982,7,6,13
1982,6,4,10
1982,3,1,4
1982,5,0,5
1982,4,2,6
1982,8,7,15
1982,5,2,7
1982,1,0,1
1982,6,12,18
1982,5,4,9
1982,3,1,4
1982,4,11,15
1982,4,3,7
1982,8,3,11
1982,4,0,4
1982,8,3,11
1982,6,0,6
1982,4,3,7
1982,10,1,11
1982,5,4,9
1982,5,2,7
1982,4,3,7
1982,6,3,9
1982,2,1,3
1982,7,2,9
1982,2,1,3
1982,6,2,8
1982,5,3,8
1982,3,1,4
1982,3,11,14
1982,6,2,8
1982,2,1,3
1982,6,3,9
1982,5,1,6
1982,5,3,8
1982,6,3,9
1982,2,10,12
1982,7,6,13
1982,7,5,12
1982,14,1,15
1982,7,2,9
1982,2,1,3
1982,5,3,8
1982,5,4,9
1982,5,1,6
1982,7,5,12
1982,6,5,11
1982,4,3,7
1982,7,2,9
1982,5,4,9
1982,3,2,5
1982,4,3,7
1982,7,5,12
1982,6,5,11
1982,6,0,6
1982,7,3,10
1982,4,3,7
1982,5,4,9
1982,8,3,11
1982,4,3,7
1982,4,2,6
1982,9,4,13
1982,5,4,9
1982,6,2,8
1982,5,2,7
1982,4,1,5
1982,7,3,10
1982,2,1,3
1982,4,11,15
1982,3,2,5
1982,5,4,9
1982,2,1,3
1982,4,3,7
1982,5,11,16
1982,8,3,11
1982,8,5,13
1982,5,1,6
1982,3,2,5
1982,4,2,6
1982,4,3,7
1982,6,1,7
1982,4,3,7
1982,5,4,9
1982,5,3,8
1982,7,6,13
1982,3,2,5
1982,9,7,16
1982,8,7,15
1982,5,0,5
1982,9,4,13
1982,6,2,8
1982,6,5,11
1982,3,2,5
1982,11,1,12
1982,8,6,14
1982,9,8,17
1982,7,3,10
1982,1,0,1
1982,6,2,8
1982,5,3,8
1982,2,1,3
1982,5,3,8
1982,6,4,10
1982,3,0,3
1982,3,2,5
1982,4,3,7
1982,7,3,10
1982,7,5,12
1982,6,2,8
1982,9,2,11
1982,4,0,4
1982,5,10,15
1982,4,3,7
1982,8,1,9
1982,7,4,11
1982,7,1,8
1982,4,2,6
1982,5,13,18
1982,5,3,8
1982,5,4,9
1982,2,1,3
1982,5,1,6
1982,4,10,14
1982,7,5,12
1982,9,4,13
1982,12,11,23
1982,5,0,5
1982,2,1,3
1982,9,0,9
1982,3,0,3
1982,5,1,6
1982,2,1,3
1982,4,3,7
1982,4,0,4
1982,2,1,3
1982,4,2,6
1982,6,3,9
1982,2,0,2
1982,8,5,13
1982,4,3,7
1982,7,0,7
1982,7,4,11
1982,5,4,9
1982,7,0,7
1982,3,13,16
1982,3,0,3
1982,5,2,7
1982,3,2,5
1982,2,2,4
1982,7,1,8
1982,7,6,13
1982,7,3,10
1982,5,4,9
1982,5,2,7
1982,4,1,5
1982,7,6,13
1982,6,0,6
1982,7,2,9
1982,8,3,11
1982,8,10,18
1982,8,12,20
1982,4,2,6
1982,6,3,9
1982,3,2,5
1982,7,11,18
1982,4,3,7
1982,5,1,6
1982,8,3,11
1982,7,2,9
1982,4,0,4
1982,3,2,5
1982,3,10,13
1982,5,2,7
1982,7,2,9
1982,3,2,5
1982,4,1,5
1982,6,4,10
1982,8,3,11
1982,4,1,5
1982,5,3,8
1982,5,4,9
1982,9,4,13
1982,7,6,13
1982,5,2,7
1982,2,1,3
1982,7,3,10
1982,3,10,13
1982,7,1,8
1982,6,3,9
1982,4,3,7
1982,3,1,4
1982,8,3,11
1982,3,10,13
1982,8,5,13
1982,5,3,8
1982,3,1,4
1982,5,11,16
1982,4,2,6
1982,5,4,9
1982,7,5,12
1982,8,4,12
1982,4,1,5
1982,5,3,8
1982,3,2,5
1982,3,1,4
1982,7,5,12
1982,5,4,9
1982,7,6,13
1982,5,1,6
1982,2,10,12
1982,5,4,9
1982,2,10,12
1982,7,0,7
1982,7,4,11
1982,6,2,8
1982,5,1,6
1982,4,3,7
1982,4,3,7
1982,5,4,9
1982,7,5,12
1982,4,1,5
1982,5,4,9
1982,4,0,4
1982,6,5,11
1982,7,5,12
1982,8,6,14
1982,2,0,2
1982,3,2,5
1982,4,3,7
1982,2,1,3
1982,9,2,11
1982,6,5,11
1982,3,2,5
1982,7,2,9
1982,4,10,14
1982,5,3,8
1982,6,3,9
1982,5,4,9
1982,3,1,4
1982,9,8,17
1982,3,2,5
1982,5,0,5
1982,1,0,1
1982,6,5,11
1982,5,3,8
1982,7,1,8
1982,5,3,8
1982,7,1,8
1982,7,2,9
1982,7,6,13
1982,4,3,7
1982,5,2,7
1982,3,1,4
1982,2,10,12
1982,2,1,3
1982,5,2,7
1982,9,3,12
1982,8,6,14
1982,5,3,8
1982,5,2,7
1982,7,5,12
1982,4,3,7
1982,9,7,16
1982,3,11,14
1982,1,0,1
1982,5,3,8
1982,1,0,1
1982,3,2,5
1982,6,2,8
1982,4,1,5
1982,11,10,21
1982,6,5,11
1982,4,1,5
1982,2,1,3
1982,2,1,3
1982,4,1,5
1982,5,14,19
1982,4,3,7
1982,4,3,7
1982,7,4,11
1982,3,13,16
1982,7,6,13
1982,5,2,7
1982,4,3,7
1982,13,1,14
1982,7,5,12
1982,9,1,10
1982,4,2,6
1982,2,0,2
1982,7,3,10
1982,5,2,7
1982,4,3,7
1982,8,3,11
1982,6,5,11
1982,4,2,6
1982,4,10,14
1982,3,2,5
1982,6,2,8
1982,9,7,16
1982,6,4,10
1982,8,4,12
1982,6,4,10
1982,8,7,15
1982,1,0,1
1982,7,1,8
1982,6,5,11
1982,9,2,11
1982,3,1,4
1982,4,2,6
1982,7,2,9
1982,7,5,12
1982,5,12,17
1982,5,4,9
1982,4,11,15
1982,3,15,18
1982,3,0,3
1982,2,1,3
1982,4,1,5
1982,5,4,9
1982,9,0,9
1982,7,3,10
1982,3,12,15
1982,4,0,4
1982,5,1,6
1982,6,4,10
1982,4,3,7
1982,4,1,5
1982,9,7,16
1982,6,3,9
1982,7,6,13
1982,5,3,8
1982,4,10,14
1982,6,2,8
1982,5,2,7
1982,5,4,9
1982,9,2,11
1982,2,1,3
1982,5,3,8
1982,7,2,9
1982,4,3,7
1982,6,4,10
1982,3,1,4
1982,5,4,9
1982,7,2,9
1982,4,1,5
1982,5,14,19
1982,9,4,13
1982,8,4,12
1982,7,0,7
1982,6,3,9
1982,7,2,9
1982,8,4,12
1982,3,2,5
1982,4,3,7
1982,4,2,6
1982,7,6,13
1982,6,10,16
1982,8,3,11
1982,6,2,8
1982,5,4,9
1982,7,0,7
1982,2,1,3
1982,5,3,8
1982,4,2,6
1982,4,3,7
1982,2,1,3
1982,4,1,5
1982,3,1,4
1982,3,2,5
1982,6,1,7
1982,6,1,7
1982,3,0,3
1982,4,1,5
1982,4,3,7
1982,9,7,16
1982,7,2,9
1982,4,11,15
1982,6,16,22
1982,4,10,14
1982,4,3,7
1982,7,2,9
1982,7,5,12
1982,8,5,13
1982,4,10,14
1982,6,5,11
1982,5,3,8
1982,4,3,7
1982,4,3,7
1982,8,6,14
1982,4,1,5
1982,2,0,2
1982,3,1,4
1982,6,4,10
1982,5,4,9
1982,3,2,5
1982,7,2,9
1982,3,2,5
1982,3,1,4
1982,6,11,17
1982,6,2,8
1982,5,1,6
1982,9,3,12
1982,7,3,10
1982,3,2,5
1982,1,0,1
1982,8,7,15
1982,4,3,7
1982,3,2,5
1982,8,6,14
1982,7,0,7
1982,5,1,6
1982,3,1,4
1982,8,11,19
1982,3,1,4
1982,3,2,5
1982,5,3,8
1982,5,3,8
1982,6,3,9
1982,8,7,15
1982,8,5,13
1982,5,2,7
1982,5,1,6
1982,3,2,5
1982,5,3,8
1982,5,4,9
1982,3,0,3
1982,7,3,10
1982,9,7,16
1982,6,3,9
1982,5,3,8
1982,9,8,17
1982,4,3,7
1982,3,0,3
1982,6,4,10
1982,4,1,5
1982,4,1,5
1982,12,0,12
1982,3,2,5
1982,9,6,15
1982,3,2,5
1982,5,3,8
1982,6,3,9
1982,7,5,12
1982,6,4,10
1982,7,4,11
1982,3,2,5
1982,3,1,4
1982,7,6,13
1982,6,1,7
1982,5,4,9
1982,6,12,18
1982,1,0,1
1982,6,5,11
1982,4,2,6
1982,7,0,7
1982,8,4,12
1982,9,7,16
1982,3,1,4
1982,4,2,6
1982,7,1,8
1982,6,5,11
1982,6,0,6
1982,6,5,11
1982,3,1,4
1982,7,3,10
1982,2,1,3
1982,9,2,11
1982,4,2,6
1982,8,5,13
1982,8,7,15
1982,6,2,8
1982,8,7,15
1982,4,3,7
1982,4,3,7
1982,3,2,5
1982,7,16,23
1982,3,2,5
1982,5,3,8
1982,4,11,15
1982,8,2,10
1982,5,1,6
1982,5,2,7
1982,8,4,12
1982,5,4,9
1982,2,18,20
1982,2,1,3
1982,6,2,8
1982,2,1,3
1982,7,3,10
1982,5,1,6
1982,6,0,6
1982,7,3,10
1982,4,3,7
1982,15,0,15
1982,4,2,6
1982,7,6,13
1982,5,3,8
1982,6,3,9
1982,6,2,8
1982,4,3,7
1982,1,0,1
1982,6,4,10
1982,6,0,6
1982,8,4,12
1982,8,4,12
1982,9,4,13
1982,4,10,14
1982,4,3,7
1982,6,5,11
1982,5,2,7
1982,8,4,12
1982,4,1,5
1982,4,1,5
1982,5,3,8
1982,4,2,6
1982,3,11,14
1982,4,3,7
1982,9,0,9
1982,4,2,6
1982,5,4,9
1982,4,2,6
1982,8,3,11
1982,9,3,12
1982,6,1,7
1982,7,3,10
1982,9,2,11
1982,4,3,7
1982,6,5,11
1982,5,4,9
1982,6,5,11
1982,9,5,14
1982,6,5,11
1982,5,4,9
1982,5,4,9
1982,6,0,6
1982,2,1,3
1982,6,4,10
1982,5,3,8
1982,7,6,13
1982,4,1,5
1982,4,2,6
1982,7,4,11
1982,5,3,8
1982,3,1,4
1982,6,4,10
1982,1,0,1
1982,10,1,11
1982,5,3,8
1982,6,5,11
1982,2,0,2
1982,5,1,6
1982,8,6,14
1982,9,2,11
1982,8,7,15
1982,6,3,9
1982,6,1,7
1982,2,1,3
1982,3,2,5
1982,6,4,10
1982,9,3,12
1982,4,1,5
1982,4,10,14
1982,6,5,11
1982,7,1,8
1982,6,2,8
1982,8,0,8
1982,9,7,16
1982,3,2,5
1982,4,3,7
1982,2,1,3
1982,7,1,8
1982,7,5,12
1982,4,3,7
1982,3,1,4
1982,4,3,7
1982,6,3,9
1982,8,4,12
1982,6,3,9
1982,6,0,6
1982,4,11,15
1982,8,7,15
1982,6,2,8
1982,5,4,9
1982,8,1,9
1982,5,2,7
1982,9,0,9
1982,3,1,4
1982,7,4,11
1982,3,2,5
1982,5,3,8
1982,6,5,11
1982,4,3,7
1982,4,3,7
1982,5,2,7
1982,5,1,6
1982,6,2,8
1982,5,3,8
1982,2,1,3
1982,5,3,8
1982,7,2,9
1982,7,6,13
1982,6,4,10
1982,1,0,1
1982,5,0,5
1982,6,4,10
1982,8,0,8
1982,3,2,5
1982,3,2,5
1982,4,3,7
1982,6,2,8
1982,3,2,5
1982,8,11,19
1982,4,2,6
1982,8,1,9
1982,5,3,8
1982,4,10,14
1982,6,1,7
1982,3,1,4
1982,9,2,11
1982,8,6,14
1982,5,3,8
1982,3,1,4
1982,8,7,15
1982,4,3,7
1982,8,1,9
1982,3,2,5
1982,6,5,11
1982,4,0,4
1982,9,7,16
1982,7,3,10
1982,9,4,13
1982,8,2,10
1982,8,6,14
1982,2,1,3
1982,9,7,16
1982,13,1,14
1982,5,3,8
1982,4,2,6
1982,4,2,6
1982,8,7,15
1982,4,3,7
1982,6,2,8
1982,6,2,8
1982,7,5,12
1982,3,2,5
1982,6,2,8
1982,3,1,4
1982,7,3,10
1982,4,3,7
1982,7,2,9
1982,5,1,6
1982,4,3,7
1982,4,1,5
1982,5,0,5
1982,3,2,5
1982,9,10,19
1982,8,2,10
1982,2,0,2
1982,9,6,15
1982,4,2,6
1982,3,1,4
1982,4,3,7
1982,7,2,9
1982,5,4,9
1982,5,1,6
1982,4,3,7
1982,3,1,4
1982,4,0,4
1982,6,5,11
1982,3,0,3
1982,9,3,12
1982,7,5,12
1982,5,4,9
1982,6,2,8
1982,5,4,9
1982,5,0,5
1982,2,0,2
1982,4,2,6
1982,10,1,11
1982,9,4,13
1982,3,2,5
1982,2,0,2
1982,3,2,5
1982,1,0,1
1982,9,4,13
1982,9,4,13
1982,4,2,6
1982,8,6,14
1982,4,2,6
1982,4,2,6
1982,4,1,5
1982,7,2,9
1982,5,4,9
1982,4,3,7
1982,8,7,15
1982,7,2,9
1982,4,2,6
1982,8,5,13
1982,7,3,10
1982,5,2,7
1982,9,7,16
1982,5,1,6
1982,6,2,8
1982,6,4,10
1982,6,5,11
1982,6,5,11
1982,2,1,3
1982,4,2,6
1982,9,4,13
1982,6,3,9
1982,7,2,9
1982,7,6,13
1982,5,4,9
1982,5,0,5
1982,4,0,4
1982,2,0,2
1982,5,4,9
1982,7,6,13
1982,6,5,11
1982,1,0,1
1982,2,14,16
1982,3,2,5
1982,3,2,5
1982,4,2,6
1982,7,4,11
1982,3,2,5
1982,4,2,6
1982,8,6,14
1982,7,4,11
1982,8,2,10
1982,8,4,12
1982,5,2,7
1982,7,1,8
1982,6,2,8
1982,7,0,7
1982,5,2,7
1982,8,3,11
1982,5,4,9
1982,5,2,7
1982,8,0,8
1982,5,1,6
1982,8,6,14
1982,5,1,6
1982,5,2,7
1982,7,4,11
1982,3,2,5
1982,7,2,9
1982,9,2,11
1982,4,2,6
1982,5,2,7
1982,7,3,10
1982,3,1,4
1982,4,0,4
1982,6,3,9
1982,4,2,6
1982,5,2,7
1982,6,0,6
1982,5,4,9
1982,4,1,5
1982,6,0,6
1982,7,3,10
1982,7,3,10
1982,2,0,2
1982,9,11,20
1982,7,6,13
1982,5,3,8
1982,6,5,11
1982,7,3,10
1982,3,2,5
1982,4,3,7
1982,7,4,11
1982,7,6,13
1982,7,1,8
1982,9,1,10
1982,5,2,7
1982,4,1,5
1982,3,1,4
1982,9,2,11
1982,9,5,14
1982,6,10,16
1982,6,12,18
1982,8,5,13
1982,7,6,13
1982,7,4,11
1982,7,4,11
1982,2,0,2
1982,5,2,7
1982,6,4,10
1982,8,5,13
1982,4,1,5
1982,3,1,4
1982,9,5,14
1982,3,2,5
1982,8,3,11
1982,2,1,3
1982,9,5,14
1982,9,7,16
1982,2,12,14
1982,3,2,5
1982,9,1,10
1982,9,2,11
1982,7,2,9
1982,4,3,7
1982,9,6,15
1982,4,3,7
1982,9,4,13
1982,5,0,5
1982,4,2,6
1982,9,4,13
1982,10,1,11
1982,5,1,6
1982,3,11,14
1982,3,11,14
1982,5,2,7
1982,5,3,8
1982,7,2,9
1982,9,5,14
1982,4,1,5
1982,4,2,6
1982,3,2,5
1982,4,0,4
1982,4,1,5
1982,3,2,5
1982,8,0,8
1982,2,1,3
1982,6,3,9
1982,6,3,9
1982,3,0,3
1982,4,1,5
1982,3,0,3
1982,7,4,11
1982,8,6,14
1982,4,3,7
1982,2,1,3
1982,6,2,8
1982,7,1,8
1982,4,3,7
1982,3,1,4
1982,6,3,9
1982,8,7,15
1982,6,13,19
1982,3,2,5
1982,8,2,10
1982,5,2,7
1982,4,3,7
1982,3,0,3
1982,10,1,11
1982,6,1,7
1982,3,1,4
1982,3,1,4
1982,3,2,5
1982,6,4,10
1982,9,0,9
1982,7,4,11
1982,7,4,11
1982,8,7,15
1982,5,2,7
1982,6,0,6
1982,2,0,2
1982,1,0,1
1982,4,2,6
1982,4,2,6
1982,3,1,4
1982,15,11,26
1982,7,4,11
1982,10,1,11
1982,4,1,5
1982,6,5,11
1982,3,2,5
1982,8,0,8
1982,6,4,10
1982,7,3,10
1982,6,1,7
1982,8,6,14
1982,3,2,5
1982,2,10,12
1982,3,1,4
1982,5,4,9
1982,6,5,11
1982,3,2,5
1982,5,12,17
1982,5,2,7
1982,6,5,11
1982,6,4,10
1982,9,4,13
1982,3,2,5
1982,3,1,4
1982,2,0,2
1982,4,3,7
1982,8,4,12
1982,6,1,7
1982,2,1,3
1982,7,13,20
1982,3,2,5
1982,2,10,12
1982,2,1,3
1982,9,2,11
1982,5,4,9
1982,3,2,5
1982,2,0,2
1982,8,4,12
1982,8,4,12
1982,6,10,16
1982,4,1,5
1982,3,2,5
1982,4,3,7
1982,6,5,11
1982,9,5,14
1982,2,12,14
1982,4,1,5
1982,7,4,11
1982,7,6,13
1982,7,2,9
1982,5,3,8
1982,6,5,11
1982,9,2,11
1982,3,2,5
1982,9,16,25
1982,2,1,3
1982,11,1,12
1982,5,4,9
1982,8,5,13
1982,8,2,10
1982,3,1,4
1982,7,6,13
1982,3,0,3
1982,9,3,12
1982,6,10,16
1982,6,1,7
1982,4,3,7
1982,2,1,3
1982,8,6,14
1982,3,2,5
1982,9,2,11
1982,7,5,12
1982,4,3,7
1982,5,13,18
1982,4,2,6
1982,4,3,7
1982,1,0,1
1982,6,5,11
1982,8,7,15
1982,4,2,6
1982,6,5,11
1982,13,1,14
1982,2,0,2
1982,3,10,13
1982,4,3,7
1982,5,3,8
1982,4,3,7
1982,3,1,4
1982,5,12,17
1982,2,1,3
1982,3,2,5
1982,7,6,13
1982,8,6,14
1982,9,10,19
1982,6,5,11
1982,8,7,15
1982,8,2,10
1982,4,3,7
1982,5,0,5
1982,3,12,15
1982,3,1,4
1982,4,2,6
1982,4,3,7
1982,8,5,13
1982,5,4,9
1982,3,10,13
1982,4,3,7
1982,5,3,8
1982,8,5,13
1982,6,2,8
1982,5,4,9
1982,2,0,2
1982,4,3,7
1982,5,1,6
1982,8,6,14
1982,5,3,8
1982,4,3,7
1982,3,11,14
1982,5,2,7
1982,9,7,16
1982,7,3,10
1982,7,3,10
1982,8,4,12
1982,5,1,6
1982,7,14,21
1982,5,4,9
1982,5,0,5
1982,3,0,3
1982,6,5,11
1982,5,4,9
1982,5,2,7
1982,5,3,8
1982,9,11,20
1982,8,3,11
1982,4,2,6
1982,1,0,1
1982,5,1,6
1982,5,4,9
1982,8,1,9
1982,7,6,13
1982,3,11,14
1982,4,3,7
1982,5,12,17
1982,10,1,11
1982,4,3,7
1982,3,10,13
1982,3,2,5
1982,5,3,8
1982,7,2,9
1982,5,4,9
1982,5,3,8
1982,3,1,4
1982,4,3,7
1982,7,6,13
1982,7,1,8
1982,9,4,13
1982,5,4,9
1982,5,3,8
1982,9,8,17
1982,8,1,9
1982,2,1,3
1982,6,1,7
1982,3,2,5
1982,3,10,13
1982,8,3,11
1982,7,6,13
1982,10,1,11
1982,7,1,8
1982,7,6,13
1982,10,0,10
1982,2,0,2
1982,4,3,7
1982,7,1,8
1982,4,3,7
1982,4,2,6
1982,3,2,5
1982,3,2,5
1982,9,3,12
1982,7,4,11
1982,7,2,9
1982,8,1,9
1982,6,3,9
1982,5,3,8
1982,9,4,13
1982,3,1,4
1982,9,4,13
1982,5,3,8
1982,6,2,8
1982,4,3,7
1982,8,2,10
1982,9,7,16
1982,4,1,5
1982,8,3,11
1982,3,2,5
1982,3,2,5
1982,8,2,10
1982,3,1,4
1982,4,2,6
1982,6,1,7
1982,9,11,20
1982,2,1,3
1982,6,3,9
1982,4,0,4
1982,6,14,20
1982,11,0,11
1982,6,0,6
1982,4,1,5
1982,8,2,10
1982,3,1,4
1982,2,1,3
1982,4,0,4
1982,3,0,3
1982,7,1,8
1982,4,3,7
1982,1,0,1
1982,7,4,11
1982,6,0,6
1982,5,3,8
1982,7,3,10
1982,6,5,11
1982,7,3,10
1982,7,2,9
1982,2,1,3
1982,5,1,6
1982,4,0,4
1982,4,1,5
1982,7,6,13
1982,5,2,7
1982,6,5,11
1982,6,3,9
1982,2,1,3
1982,4,2,6
1982,4,2,6
1982,8,10,18
1982,7,5,12
1982,3,2,5
1982,6,3,9
1982,5,3,8
1982,3,2,5
1982,5,2,7
1982,4,3,7
1982,1,0,1
1982,2,1,3
1982,3,0,3
1982,3,2,5
1982,3,0,3
1982,4,3,7
1982,4,0,4
1982,4,3,7
1982,4,3,7
1982,3,2,5
1982,1,0,1
1982,8,2,10
1982,4,1,5
1982,3,2,5
1982,4,2,6
1982,4,1,5
1982,5,4,9
1982,5,4,9
1982,6,5,11
1982,7,10,17
1982,6,5,11
1982,8,1,9
1982,7,18,25
1982,2,1,3
1982,8,5,13
1982,2,1,3
1982,2,10,12
1982,4,3,7
1982,5,1,6
1982,5,1,6
1982,8,2,10
1982,8,6,14
1982,4,3,7
1982,7,2,9
1982,3,10,13
1982,4,2,6
1982,6,5,11
1982,8,2,10
1982,3,1,4
1982,6,1,7
1982,6,2,8
1982,1,0,1
1982,4,3,7
1982,7,11,18
1982,3,2,5
1982,7,4,11
1982,7,5,12
1982,8,4,12
1982,5,4,9
1982,4,3,7
1982,4,0,4
1982,7,2,9
1982,2,1,3
1982,9,5,14
1982,5,2,7
1982,7,4,11
1982,8,1,9
1982,12,11,23
1982,5,3,8
1982,4,3,7
1982,9,4,13
1982,2,0,2
1982,8,1,9
1982,9,7,16
1982,5,10,15
1982,6,5,11
1982,9,1,10
1982,6,2,8
1982,1,0,1
1982,2,0,2
1982,3,10,13
1982,4,1,5
1982,3,0,3
1982,5,1,6
1982,5,4,9
1982,8,2,10
1982,6,4,10
1982,6,2,8
1982,7,2,9
1982,3,2,5
1982,3,2,5
1982,5,0,5
1982,5,3,8
1982,9,3,12
1982,7,5,12
1982,5,1,6
1982,2,1,3
1982,5,2,7
1982,4,3,7
1982,3,13,16
1982,4,1,5
1982,6,10,16
1982,8,1,9
1982,5,3,8
1982,9,3,12
1982,2,14,16
1982,2,0,2
1982,9,10,19
1982,8,3,11
1982,6,3,9
1982,5,2,7
1982,4,3,7
1982,7,10,17
1982,3,2,5
1982,3,11,14
1982,3,0,3
1982,7,3,10
1982,7,18,25
1982,9,8,17
1982,4,2,6
1982,4,2,6
1982,4,1,5
1982,1,0,1
1982,5,3,8
1982,8,7,15
1982,3,1,4
1982,4,3,7
1982,6,4,10
1982,4,3,7
1982,8,0,8
1982,4,3,7
1982,2,0,2
1982,2,0,2
1982,7,3,10
1982,5,4,9
1982,4,0,4
1982,5,4,9
1982,5,3,8
1982,12,1,13
1982,7,0,7
1982,6,3,9
1982,5,2,7
1982,1,0,1
1982,3,2,5
1982,3,1,4
1982,2,0,2
1982,5,15,20
1982,2,1,3
1982,5,4,9
1982,8,5,13
1982,7,4,11
1982,8,3,11
1982,5,3,8
1982,5,4,9
1982,5,0,5
1982,2,10,12
1982,6,5,11
1982,8,0,8
1982,7,2,9
1982,5,4,9
1982,3,2,5
1982,12,11,23
1982,3,1,4
1982,6,3,9
1982,4,2,6
1982,4,2,6
1982,8,2,10
1982,9,4,13
1982,9,3,12
1982,2,1,3
1982,5,3,8
1982,5,2,7
1982,5,1,6
1982,9,2,11
1982,14,0,14
1982,5,4,9
1982,3,1,4
1982,3,2,5
1982,7,1,8
1982,4,2,6
1982,6,0,6
1982,4,2,6
1982,6,2,8
1982,5,2,7
1982,2,1,3
1982,5,4,9
1982,5,4,9
1982,6,2,8
1982,2,0,2
1982,6,4,10
1982,5,11,16
1982,7,10,17
1982,2,0,2
1982,6,2,8
1982,5,4,9
1982,4,10,14
1982,4,1,5
1982,8,6,14
1982,4,2,6
1982,8,3,11
1982,6,1,7
1982,6,4,10
1982,5,4,9
1982,14,1,15
1982,9,4,13
1982,7,5,12
1982,3,1,4
1982,8,1,9
1982,9,7,16
1982,4,3,7
1982,5,1,6
1982,3,1,4
1982,3,2,5
1982,3,1,4
1982,4,3,7
1982,4,3,7
1982,4,1,5
1982,3,10,13
1982,5,2,7
1982,4,1,5
1982,11,1,12
1982,2,1,3
1982,1,0,1
1982,6,5,11
1982,5,3,8
1982,4,3,7
1982,5,1,6
1982,9,8,17
1982,6,2,8
1982,2,1,3
1982,5,1,6
1982,6,1,7
1982,3,0,3
1982,5,4,9
1982,5,2,7
1982,8,5,13
1982,5,2,7
1982,2,0,2
1982,3,2,5
1982,3,1,4
1982,3,2,5
1982,4,11,15
1982,5,0,5
1982,5,3,8
1982,2,1,3
1982,8,4,12
1982,2,1,3
1982,5,10,15
1982,5,4,9
1982,7,11,18
1982,2,0,2
1982,4,12,16
1982,5,3,8
1982,5,4,9
1982,6,11,17
1982,4,2,6
1982,3,2,5
1982,2,0,2
1982,6,2,8
1982,3,2,5
1982,6,15,21
1982,6,4,10
1982,2,1,3
1982,7,4,11
1982,3,2,5
1982,3,1,4
1982,10,1,11
1982,6,12,18
1982,6,2,8
1982,13,1,14
1982,3,1,4
1982,4,0,4
1982,5,4,9
1982,7,2,9
1982,9,4,13
1982,2,1,3
1982,3,10,13
1982,7,0,7
1982,5,1,6
1982,6,5,11
1982,3,2,5
1982,5,2,7
1982,2,1,3
1982,4,0,4
1982,4,3,7
1982,3,2,5
1982,5,2,7
1982,3,0,3
1982,6,4,10
1982,5,4,9
1982,6,2,8
1982,6,1,7
1982,7,5,12
1982,3,10,13
1982,8,4,12
1982,4,1,5
1982,3,2,5
1982,6,1,7
1982,4,2,6
1982,4,1,5
1982,8,1,9
1982,7,3,10
1982,7,0,7
1982,4,1,5
1982,9,3,12
1982,3,1,4
1982,6,4,10
1982,9,6,15
1982,5,4,9
1982,4,3,7
1982,5,4,9
1982,3,2,5
1982,3,2,5
1982,3,0,3
1982,8,3,11
1982,5,4,9
1982,3,0,3
1982,4,3,7
1982,6,3,9
1982,6,5,11
1982,6,13,19
1982,3,2,5
1982,6,5,11
1982,4,3,7
1982,4,1,5
1982,4,0,4
1982,7,3,10
1982,3,2,5
1982,6,1,7
1982,5,3,8
1982,8,0,8
1982,9,4,13
1982,7,5,12
1982,6,5,11
1982,4,11,15
1982,3,10,13
1982,3,1,4
1982,5,4,9
1982,7,2,9
1982,6,4,10
1982,7,6,13
1982,6,4,10
1982,8,3,11
1982,7,1,8
1982,4,0,4
1982,3,2,5
1982,4,2,6
1982,4,2,6
1982,7,12,19
1982,3,2,5
1982,3,2,5
1982,1,0,1
1982,8,5,13
1982,4,0,4
1982,4,0,4
1982,2,0,2
1982,3,11,14
1982,6,4,10
1982,8,4,12
1982,2,0,2
1982,4,1,5
1982,4,2,6
1982,5,4,9
1982,5,3,8
1982,5,0,5
1982,4,3,7
1982,2,1,3
1982,4,2,6
1982,2,15,17
1982,3,0,3
1982,2,10,12
1982,7,6,13
1982,5,4,9
1982,9,1,10
1982,3,0,3
1982,6,3,9
1982,6,1,7
1982,5,3,8
1982,4,1,5
1982,6,1,7
1982,5,1,6
1982,5,3,8
1982,5,2,7
1982,8,3,11
1982,4,2,6
1982,7,0,7
1982,5,3,8
1982,9,5,14
1982,4,3,7
1982,6,2,8
1982,4,3,7
1982,10,0,10
1982,5,4,9
1982,6,2,8
1982,7,5,12
1982,6,4,10
1982,13,1,14
1982,6,3,9
1983,7,2,9
1983,5,4,9
1983,8,5,13
1983,5,3,8
1983,7,1,8
1983,3,2,5
1983,7,16,23
1983,3,11,14
1983,2,0,2
1983,5,4,9
1983,16,13,29
1983,7,1,8
1983,4,1,5
1983,11,1,12
1983,4,3,7
1983,3,0,3
1983,5,1,6
1983,4,2,6
1983,9,5,14
1983,5,3,8
1983,6,2,8
1983,5,3,8
1983,4,1,5
1983,7,4,11
1983,5,3,8
1983,7,3,10
1983,3,2,5
1983,5,4,9
1983,6,2,8
1983,9,1,10
1983,8,1,9
1983,4,2,6
1983,7,3,10
1983,6,3,9
1983,5,3,8
1983,8,3,11
1983,5,3,8
1983,5,4,9
1983,3,2,5
1983,8,5,13
1983,6,5,11
1983,8,4,12
1983,8,4,12
1983,1,0,1
1983,5,2,7
1983,7,2,9
1983,5,0,5
1983,2,10,12
1983,3,2,5
1983,5,4,9
1983,3,10,13
1983,7,4,11
1983,4,3,7
1983,7,2,9
1983,2,13,15
1983,7,5,12
1983,8,10,18
1983,9,5,14
1983,3,0,3
1983,4,11,15
1983,6,3,9
1983,2,10,12
1983,9,7,16
1983,3,0,3
1983,4,0,4
1983,6,1,7
1983,5,1,6
1983,6,2,8
1983,4,3,7
1983,4,1,5
1983,8,1,9
1983,8,10,18
1983,2,1,3
1983,5,1,6
1983,3,1,4
1983,5,0,5
1983,2,13,15
1983,4,3,7
1983,4,3,7
1983,4,3,7
1983,6,5,11
1983,6,5,11
1983,6,1,7
1983,6,1,7
1983,4,3,7
1983,4,18,22
1983,5,3,8
1983,7,5,12
1983,5,4,9
1983,9,10,19
1983,9,1,10
1983,2,1,3
1983,7,2,9
1983,12,11,23
1983,4,3,7
1983,6,3,9
1983,6,4,10
1983,5,3,8
1983,7,1,8
1983,5,4,9
1983,4,1,5
1983,6,0,6
1983,7,6,13
1983,6,2,8
1983,4,3,7
1983,8,2,10
1983,6,5,11
1983,5,1,6
1983,3,1,4
1983,5,2,7
1983,2,0,2
1983,7,4,11
1983,2,1,3
1983,3,1,4
1983,2,0,2
1983,8,5,13
1983,9,5,14
1983,8,4,12
1983,6,5,11
1983,5,2,7
1983,8,3,11
1983,6,2,8
1983,6,1,7
1983,1,0,1
1983,6,1,7
1983,6,3,9
1983,9,1,10
1983,6,3,9
1983,8,11,19
1983,7,5,12
1983,3,1,4
1983,7,0,7
1983,7,4,11
1983,3,0,3
1983,3,12,15
1983,4,1,5
1983,14,0,14
1983,5,3,8
1983,8,5,13
1983,3,0,3
1983,8,2,10
1983,3,10,13
1983,4,3,7
1983,4,2,6
1983,3,13,16
1983,6,5,11
1983,6,2,8
1983,9,2,11
1983,9,7,16
1983,2,11,13
1983,5,4,9
1983,6,4,10
1983,8,7,15
1983,6,4,10
1983,2,11,13
1983,6,0,6
1983,7,5,12
1983,2,0,2
1983,3,2,5
1983,4,1,5
1983,3,2,5
1983,6,2,8
1983,6,5,11
1983,4,3,7
1983,2,0,2
1983,6,5,11
1983,5,4,9
1983,6,5,11
1983,7,2,9
1983,4,0,4
1983,5,1,6
1983,4,0,4
1983,6,3,9
1983,6,5,11
1983,5,3,8
1983,3,1,4
1983,4,2,6
1983,4,1,5
1983,3,2,5
1983,3,1,4
1983,5,0,5
1983,6,3,9
1983,4,0,4
1983,7,3,10
1983,5,4,9
1983,7,4,11
1983,3,2,5
1983,9,5,14
1983,3,0,3
1983,6,3,9
1983,5,3,8
1983,7,3,10
1983,5,1,6
1983,5,4,9
1983,9,3,12
1983,4,2,6
1983,3,2,5
1983,7,1,8
1983,4,2,6
1983,2,0,2
1983,3,1,4
1983,2,1,3
1983,8,0,8
1983,4,10,14
1983,8,10,18
1983,7,0,7
1983,7,1,8
1983,4,3,7
1983,2,0,2
1983,4,10,14
1983,4,3,7
1983,3,0,3
1983,7,6,13
1983,3,1,4
1983,2,1,3
1983,6,2,8
1983,3,13,16
1983,5,4,9
1983,2,1,3
1983,5,3,8
1983,6,2,8
1983,4,2,6
1983,6,0,6
1983,6,0,6
1983,3,2,5
1983,2,1,3
1983,7,6,13
1983,3,2,5
1983,3,1,4
1983,6,5,11
1983,4,3,7
1983,6,5,11
1983,7,4,11
1983,9,6,15
1983,6,5,11
1983,5,4,9
1983,6,3,9
1983,9,1,10
1983,6,5,11
1983,8,3,11
1983,9,3,12
1983,4,1,5
1983,7,2,9
1983,5,1,6
1983,9,7,16
1983,4,3,7
1983,6,1,7
1983,8,0,8
1983,8,4,12
1983,2,1,3
1983,6,2,8
1983,5,0,5
1983,6,3,9
1983,9,10,19
1983,3,2,5
1983,2,1,3
1983,8,4,12
1983,5,4,9
1983,6,3,9
1983,2,1,3
1983,8,3,11
1983,2,0,2
1983,3,11,14
1983,8,2,10
1983,9,10,19
1983,8,4,12
1983,8,0,8
1983,8,4,12
1983,4,1,5
1983,5,1,6
1983,3,2,5
1983,5,2,7
1983,6,5,11
1983,4,2,6
1983,3,1,4
1983,7,6,13
1983,5,2,7
1983,5,4,9
1983,3,1,4
1983,5,2,7
1983,7,4,11
1983,7,13,20
1983,4,3,7
1983,2,1,3
1983,5,4,9
1983,7,2,9
1983,8,16,24
1983,7,1,8
1983,3,2,5
1983,8,1,9
1983,3,2,5
1983,7,11,18
1983,4,1,5
1983,4,3,7
1983,9,4,13
1983,10,0,10
1983,5,1,6
1983,7,4,11
1983,7,1,8
1983,6,3,9
1983,7,5,12
1983,4,3,7
1983,6,0,6
1983,9,2,11
1983,6,4,10
1983,8,3,11
1983,4,2,6
1983,16,10,26
1983,9,4,13
1983,8,4,12
1983,5,2,7
1983,7,4,11
1983,3,2,5
1983,2,1,3
1983,6,1,7
1983,10,1,11
1983,8,6,14
1983,8,0,8
1983,4,3,7
1983,6,5,11
1983,5,3,8
1983,8,7,15
1983,3,2,5
1983,7,5,12
1983,6,4,10
1983,5,1,6
1983,7,4,11
1983,4,3,7
1983,1,0,1
1983,4,2,6
1983,6,13,19
1983,5,1,6
1983,6,4,10
1983,6,3,9
1983,6,5,11
1983,5,10,15
1983,5,3,8
1983,12,1,13
1983,6,1,7
1983,5,3,8
1983,6,4,10
1983,8,2,10
1983,6,1,7
1983,6,4,10
1983,4,3,7
1983,5,3,8
1983,5,4,9
1983,4,2,6
1983,2,13,15
1983,6,5,11
1983,3,1,4
1983,4,1,5
1983,4,3,7
1983,5,4,9
1983,3,2,5
1983,4,1,5
1983,4,2,6
1983,4,1,5
1983,8,4,12
1983,8,5,13
1983,1,0,1
1983,3,1,4
1983,3,1,4
1983,2,0,2
1983,2,0,2
1983,5,2,7
1983,3,0,3
1983,4,1,5
1983,3,1,4
1983,6,3,9
1983,4,2,6
1983,6,3,9
1983,4,11,15
1983,4,3,7
1983,5,3,8
1983,6,2,8
1983,4,3,7
1983,4,0,4
1983,5,4,9
1983,2,10,12
1983,8,5,13
1983,5,1,6
1983,5,2,7
1983,5,2,7
1983,3,1,4
1983,9,2,11
1983,2,1,3
1983,6,4,10
1983,5,4,9
1983,8,1,9
1983,2,1,3
1983,8,7,15
1983,8,1,9
1983,4,3,7
1983,11,10,21
1983,8,7,15
1983,8,5,13
1983,4,1,5
1983,6,2,8
1983,4,1,5
1983,3,2,5
1983,14,11,25
1983,8,6,14
1983,5,3,8
1983,5,2,7
1983,9,4,13
1983,6,4,10
1983,6,1,7
1983,7,3,10
1983,3,0,3
1983,3,2,5
1983,4,2,6
1983,2,1,3
1983,7,0,7
1983,2,1,3
1983,7,6,13
1983,4,11,15
1983,3,1,4
1983,7,2,9
1983,5,0,5
1983,4,1,5
1983,4,3,7
1983,7,5,12
1983,9,6,15
1983,7,6,13
1983,3,2,5
1983,6,4,10
1983,2,1,3
1983,2,1,3
1983,3,1,4
1983,8,4,12
1983,6,5,11
1983,1,0,1
1983,2,1,3
1983,5,3,8
1983,6,4,10
1983,7,6,13
1983,5,16,21
1983,3,13,16
1983,2,1,3
1983,8,1,9
1983,2,1,3
1983,2,1,3
1983,9,5,14
1983,3,2,5
1983,4,1,5
1983,2,1,3
1983,3,2,5
1983,1,0,1
1983,2,1,3
1983,4,10,14
1983,5,4,9
1983,9,5,14
1983,4,0,4
1983,9,6,15
1983,7,1,8
1983,4,0,4
1983,8,4,12
1983,5,0,5
1983,4,3,7
1983,4,3,7
1983,2,1,3
1983,7,5,12
1983,4,11,15
1983,9,3,12
1983,8,4,12
1983,5,3,8
1983,8,4,12
1983,5,2,7
1983,1,0,1
1983,6,4,10
1983,5,4,9
1983,4,1,5
1983,6,0,6
1983,4,3,7
1983,9,0,9
1983,4,3,7
1983,5,12,17
1983,3,11,14
1983,2,0,2
1983,5,0,5
1983,4,2,6
1983,6,0,6
1983,7,5,12
1983,5,0,5
1983,6,3,9
1983,4,12,16
1983,3,0,3
1983,6,4,10
1983,2,1,3
1983,3,2,5
1983,5,2,7
1983,3,1,4
1983,4,3,7
1983,5,4,9
1983,2,0,2
1983,3,2,5
1983,4,0,4
1983,6,5,11
1983,6,1,7
1983,7,6,13
1983,4,12,16
1983,7,1,8
1983,5,4,9
1983,2,2,4
1983,5,4,9
1983,6,2,8
1983,8,7,15
1983,3,0,3
1983,6,4,10
1983,7,6,13
1983,6,0,6
1983,7,4,11
1983,7,1,8
1983,2,0,2
1983,7,2,9
1983,1,0,1
1983,5,2,7
1983,2,0,2
1983,7,6,13
1983,7,6,13
1983,6,1,7
1983,2,1,3
1983,6,2,8
1983,5,1,6
1983,3,1,4
1983,6,4,10
1983,5,3,8
1983,8,2,10
1983,5,3,8
1983,7,2,9
1983,8,6,14
1983,3,2,5
1983,9,0,9
1983,5,4,9
1983,7,4,11
1983,2,1,3
1983,3,1,4
1983,7,4,11
1983,6,3,9
1983,7,5,12
1983,4,2,6
1983,7,4,11
1983,4,0,4
1983,2,0,2
1983,6,4,10
1983,8,3,11
1983,4,3,7
1983,7,4,11
1983,6,1,7
1983,9,2,11
1983,1,0,1
1983,5,0,5
1983,4,3,7
1983,5,2,7
1983,5,3,8
1983,5,4,9
1983,9,5,14
1983,6,2,8
1983,8,3,11
1983,8,5,13
1983,6,4,10
1983,7,6,13
1983,7,3,10
1983,4,0,4
1983,6,4,10
1983,6,4,10
1983,5,0,5
1983,5,2,7
1983,3,2,5
1983,6,1,7
1983,6,4,10
1983,9,7,16
1983,6,5,11
1983,6,4,10
1983,5,2,7
1983,6,3,9
1983,6,1,7
1983,5,10,15
1983,8,6,14
1983,5,4,9
1983,5,0,5
1983,9,1,10
1983,2,1,3
1983,12,10,22
1983,5,2,7
1983,4,1,5
1983,5,2,7
1983,3,10,13
1983,5,3,8
1983,2,10,12
1983,5,3,8
1983,2,1,3
1983,2,1,3
1983,6,5,11
1983,8,3,11
1983,3,2,5
1983,5,2,7
1983,3,1,4
1983,1,0,1
1983,7,5,12
1983,6,3,9
1983,3,0,3
1983,6,3,9
1983,8,6,14
1983,4,2,6
1983,8,3,11
1983,7,4,11
1983,8,1,9
1983,6,3,9
1983,3,2,5
1983,3,1,4
1983,6,1,7
1983,5,4,9
1983,6,1,7
1983,9,8,17
1983,4,1,5
1983,4,11,15
1983,5,3,8
1983,3,2,5
1983,2,0,2
1983,9,3,12
1983,3,1,4
1983,5,2,7
1983,3,0,3
1983,6,3,9
1983,5,0,5
1983,8,5,13
1983,9,2,11
1983,12,1,13
1983,6,4,10
1983,6,4,10
1983,7,1,8
1983,5,2,7
1983,13,0,13
1983,6,3,9
1983,2,1,3
1983,8,3,11
1983,8,6,14
1983,5,4,9
1983,5,4,9
1983,4,2,6
1983,5,2,7
1983,8,3,11
1983,5,2,7
1983,7,5,12
1983,5,2,7
1983,3,1,4
1983,6,3,9
1983,8,3,11
1983,9,2,11
1983,4,2,6
1983,5,4,9
1983,4,10,14
1983,8,7,15
1983,2,1,3
1983,9,12,21
1983,5,4,9
1983,8,1,9
1983,6,11,17
1983,9,7,16
1983,6,2,8
1983,4,1,5
1983,6,4,10
1983,4,2,6
1983,12,11,23
1983,6,1,7
1983,7,3,10
1983,4,2,6
1983,9,4,13
1983,3,2,5
1983,2,1,3
1983,5,3,8
1983,2,1,3
1983,10,0,10
1983,5,11,16
1983,7,3,10
1983,6,3,9
1983,7,4,11
1983,2,1,3
1983,5,3,8
1983,1,0,1
1983,9,2,11
1983,5,4,9
1983,6,5,11
1983,5,2,7
1983,7,4,11
1983,1,0,1
1983,4,2,6
1983,7,10,17
1983,8,2,10
1983,3,2,5
1983,6,4,10
1983,8,1,9
1983,3,0,3
1983,6,5,11
1983,6,3,9
1983,3,1,4
1983,6,5,11
1983,3,2,5
1983,6,4,10
1983,7,3,10
1983,3,0,3
1983,5,3,8
1983,7,0,7
1983,3,2,5
1983,7,1,8
1983,2,1,3
1983,7,1,8
1983,4,2,6
1983,4,2,6
1983,2,1,3
1983,4,3,7
1983,2,0,2
1983,7,6,13
1983,6,10,16
1983,3,2,5
1983,5,4,9
1983,3,2,5
1983,9,1,10
1983,8,4,12
1983,6,2,8
1983,11,0,11
1983,5,2,7
1983,5,4,9
1983,9,7,16
1983,4,1,5
1983,3,2,5
1983,7,6,13
1983,6,5,11
1983,6,3,9
1983,3,1,4
1983,4,1,5
1983,3,1,4
1983,2,0,2
1983,6,5,11
1983,4,3,7
1983,9,1,10
1983,12,10,22
1983,8,1,9
1983,5,4,9
1983,8,1,9
1983,7,4,11
1983,5,1,6
1983,9,0,9
1983,2,0,2
1983,3,2,5
1983,9,4,13
1983,7,3,10
1983,4,3,7
1983,6,2,8
1983,5,2,7
1983,9,6,15
1983,6,2,8
1983,4,3,7
1983,8,1,9
1983,4,3,7
1983,7,3,10
1983,4,3,7
1983,3,2,5
1983,5,4,9
1983,7,1,8
1983,7,13,20
1983,5,2,7
1983,8,5,13
1983,4,2,6
1983,3,2,5
1983,8,11,19
1983,6,2,8
1983,7,4,11
1983,7,4,11
1983,5,1,6
1983,7,1,8
1983,7,6,13
1983,6,4,10
1983,10,1,11
1983,8,1,9
1983,2,10,12
1983,6,1,7
1983,2,1,3
1983,3,1,4
1983,7,2,9
1983,4,3,7
1983,9,1,10
1983,5,3,8
1983,6,3,9
1983,4,11,15
1983,3,1,4
1983,1,0,1
1983,7,2,9
1983,7,2,9
1983,2,1,3
1983,4,1,5
1983,2,1,3
1983,7,2,9
1983,10,1,11
1983,6,3,9
1983,3,2,5
1983,3,1,4
1983,8,12,20
1983,6,5,11
1983,3,2,5
1983,6,1,7
1983,5,4,9
1983,6,4,10
1983,2,1,3
1983,5,4,9
1983,10,1,11
1983,8,4,12
1983,7,6,13
1983,6,3,9
1983,1,0,1
1983,7,2,9
1983,4,2,6
1983,5,1,6
1983,4,3,7
1983,8,3,11
1983,2,14,16
1983,6,4,10
1983,9,6,15
1983,4,1,5
1983,4,1,5
1983,6,1,7
1983,6,3,9
1983,7,3,10
1983,4,1,5
1983,7,1,8
1983,7,2,9
1983,4,1,5
1983,5,0,5
1983,3,1,4
1983,6,4,10
1983,5,4,9
1983,6,5,11
1983,4,3,7
1983,9,10,19
1983,2,1,3
1983,5,2,7
1983,3,1,4
1983,4,2,6
1983,3,10,13
1983,5,0,5
1983,4,2,6
1983,2,0,2
1983,8,1,9
1983,5,4,9
1983,6,0,6
1983,8,4,12
1983,6,5,11
1983,3,2,5
1983,8,3,11
1983,5,2,7
1983,9,4,13
1983,6,3,9
1983,6,2,8
1983,4,3,7
1983,7,6,13
1983,5,2,7
1983,4,0,4
1983,6,4,10
1983,2,1,3
1983,5,2,7
1983,4,2,6
1983,9,1,10
1983,4,3,7
1983,5,4,9
1983,8,6,14
1983,7,2,9
1983,7,5,12
1983,4,3,7
1983,7,5,12
1983,5,2,7
1983,5,4,9
1983,9,0,9
1983,5,4,9
1983,5,1,6
1983,3,0,3
1983,5,10,15
1983,3,11,14
1983,7,2,9
1983,6,2,8
1983,4,3,7
1983,6,3,9
1983,4,2,6
1983,5,0,5
1983,8,2,10
1983,6,5,11
1983,6,2,8
1983,9,3,12
1983,4,1,5
1983,8,3,11
1983,8,2,10
1983,9,2,11
1983,2,1,3
1983,7,2,9
1983,2,1,3
1983,4,2,6
1983,5,2,7
1983,3,2,5
1983,3,10,13
1983,8,3,11
1983,3,1,4
1983,5,12,17
1983,9,7,16
1983,5,1,6
1983,9,7,16
1983,4,3,7
1983,9,5,14
1983,8,4,12
1983,5,1,6
1983,7,19,26
1983,2,0,2
1983,4,3,7
1983,5,0,5
1983,4,1,5
1983,8,0,8
1983,2,1,3
1983,3,1,4
1983,4,3,7
1983,7,1,8
1983,7,4,11
1983,6,1,7
1983,4,3,7
1983,3,1,4
1983,8,7,15
1983,5,4,9
1983,3,11,14
1983,5,4,9
1983,5,2,7
1983,4,3,7
1983,5,5,10
1983,9,5,14
1983,6,2,8
1983,10,1,11
1983,8,1,9
1983,11,1,12
1983,2,1,3
1983,5,0,5
1983,7,6,13
1983,5,3,8
1983,11,10,21
1983,4,3,7
1983,4,2,6
1983,7,0,7
1983,6,11,17
1983,5,2,7
1983,3,2,5
1983,2,13,15
1983,5,3,8
1983,4,3,7
1983,6,4,10
1983,4,2,6
1983,4,3,7
1983,5,15,20
1983,4,1,5
1983,3,11,14
1983,4,3,7
1983,7,4,11
1983,3,1,4
1983,7,6,13
1983,6,1,7
1983,5,2,7
1983,7,6,13
1983,7,5,12
1983,11,10,21
1983,9,5,14
1983,5,2,7
1983,6,3,9
1983,8,12,20
1983,8,5,13
1983,5,1,6
1983,6,13,19
1983,4,3,7
1983,2,11,13
1983,4,2,6
1983,5,3,8
1983,5,2,7
1983,6,5,11
1983,7,2,9
1983,3,1,4
1983,4,2,6
1983,4,10,14
1983,3,13,16
1983,6,5,11
1983,4,3,7
1983,3,1,4
1983,5,4,9
1983,7,6,13
1983,2,1,3
1983,5,2,7
1983,7,4,11
1983,5,2,7
1983,10,1,11
1983,8,1,9
1983,4,3,7
1983,7,3,10
1983,4,16,20
1983,6,4,10
1983,4,3,7
1983,4,1,5
1983,4,1,5
1983,9,5,14
1983,5,1,6
1983,6,3,9
1983,4,2,6
1983,8,3,11
1983,5,4,9
1983,6,12,18
1983,4,0,4
1983,4,3,7
1983,4,0,4
1983,7,2,9
1983,4,11,15
1983,4,3,7
1983,3,0,3
1983,9,3,12
1983,4,3,7
1983,3,1,4
1983,3,2,5
1983,9,2,11
1983,4,3,7
1983,4,10,14
1983,6,5,11
1983,6,3,9
1983,3,2,5
1983,4,1,5
1983,8,5,13
1983,3,2,5
1983,3,10,13
1983,8,3,11
1983,2,1,3
1983,3,1,4
1983,3,2,5
1983,3,0,3
1983,3,2,5
1983,8,5,13
1983,7,3,10
1983,4,12,16
1983,4,2,6
1983,5,1,6
1983,2,0,2
1983,5,3,8
1983,9,12,21
1983,2,0,2
1983,5,3,8
1983,6,4,10
1983,3,10,13
1983,6,4,10
1983,7,6,13
1983,7,5,12
1983,4,2,6
1983,8,10,18
1983,4,2,6
1983,6,4,10
1983,7,6,13
1983,6,5,11
1983,9,2,11
1983,7,11,18
1983,6,12,18
1983,7,4,11
1983,7,6,13
1983,4,2,6
1983,6,4,10
1983,6,5,11
1983,3,2,5
1983,5,4,9
1983,3,1,4
1983,3,2,5
1983,8,0,8
1983,5,4,9
1983,7,5,12
1983,9,6,15
1983,3,1,4
1983,4,3,7
1983,6,2,8
1983,4,1,5
1983,7,6,13
1983,5,3,8
1983,6,2,8
1983,9,2,11
1983,6,2,8
1983,6,4,10
1983,5,1,6
1983,7,1,8
1983,9,4,13
1983,5,4,9
1983,6,5,11
1983,6,1,7
1983,3,1,4
1983,5,2,7
1983,5,4,9
1983,7,6,13
1983,6,2,8
1983,5,1,6
1983,9,4,13
1983,8,0,8
1983,4,3,7
1983,3,0,3
1983,8,4,12
1983,5,1,6
1983,2,11,13
1983,7,4,11
1983,5,2,7
1983,8,6,14
1983,4,2,6
1983,6,5,11
1983,9,3,12
1983,4,10,14
1983,7,10,17
1983,3,2,5
1983,10,0,10
1983,6,0,6
1983,8,4,12
1983,6,3,9
1983,7,5,12
1983,3,2,5
1983,4,2,6
1983,7,2,9
1983,5,4,9
1983,6,3,9
1983,8,5,13
1983,5,12,17
1983,7,5,12
1983,3,17,20
1983,3,1,4
1983,7,4,11
1983,5,0,5
1983,3,1,4
1983,9,3,12
1983,3,2,5
1983,1,0,1
1983,9,3,12
1983,3,1,4
1983,11,1,12
1983,9,13,22
1983,3,2,5
1983,7,2,9
1983,3,1,4
1983,10,0,10
1983,6,10,16
1983,8,6,14
1983,5,2,7
1983,4,3,7
1983,8,1,9
1983,3,1,4
1983,7,4,11
1983,7,2,9
1983,5,3,8
1983,4,3,7
1983,5,4,9
1983,4,2,6
1983,4,2,6
1983,8,2,10
1983,9,4,13
1983,8,2,10
1983,7,11,18
1983,6,1,7
1983,4,3,7
1983,5,4,9
1983,3,1,4
1983,5,2,7
1983,4,0,4
1983,4,3,7
1983,7,3,10
1983,4,1,5
1983,3,2,5
1983,8,1,9
1983,4,0,4
1983,6,2,8
1983,3,2,5
1983,6,4,10
1983,4,3,7
1983,8,2,10
1983,4,3,7
1983,6,4,10
1983,6,4,10
1983,9,2,11
1983,3,10,13
1983,7,3,10
1983,4,2,6
1983,5,4,9
1983,8,14,22
1983,6,10,16
1983,5,1,6
1983,3,2,5
1983,3,2,5
1983,6,1,7
1983,7,6,13
1983,9,4,13
1983,9,7,16
1983,5,4,9
1983,14,13,27
1983,4,2,6
1983,3,2,5
1983,6,1,7
1983,13,11,24
1983,7,3,10
1983,3,2,5
1983,8,5,13
1983,2,1,3
1983,8,11,19
1983,7,6,13
1983,3,2,5
1983,4,3,7
1983,5,3,8
1983,5,4,9
1983,9,4,13
1983,5,10,15
1983,6,5,11
1983,7,2,9
1983,4,2,6
1983,7,3,10
1983,5,2,7
1983,8,7,15
1983,4,1,5
1983,5,1,6
1983,7,3,10
1983,5,2,7
1983,5,0,5
1983,5,10,15
1983,3,2,5
1983,4,12,16
1983,4,3,7
1983,5,2,7
1983,4,2,6
1983,7,5,12
1983,5,4,9
1983,8,7,15
1983,7,3,10
1983,5,4,9
1983,4,3,7
1983,3,1,4
1983,8,5,13
1983,6,0,6
1983,3,0,3
1983,3,0,3
1983,5,2,7
1983,9,3,12
1983,4,2,6
1983,8,1,9
1983,6,1,7
1983,3,17,20
1983,5,4,9
1983,3,0,3
1983,6,3,9
1983,9,4,13
1983,6,5,11
1983,7,4,11
1983,5,4,9
1983,5,2,7
1983,5,0,5
1983,8,3,11
1983,1,0,1
1983,2,0,2
1983,6,5,11
1983,2,1,3
1983,9,2,11
1983,5,3,8
1983,6,1,7
1983,5,10,15
1983,6,5,11
1983,5,0,5
1983,6,4,10
1983,4,3,7
1983,4,10,14
1983,2,1,3
1983,6,3,9
1983,5,3,8
1983,3,1,4
1983,5,4,9
1983,9,13,22
1983,6,3,9
1983,7,6,13
1983,10,1,11
1983,7,6,13
1983,4,3,7
1983,3,11,14
1983,6,1,7
1983,6,5,11
1983,3,2,5
1983,10,1,11
1983,6,2,8
1983,8,6,14
1983,5,11,16
1983,5,2,7
1983,7,2,9
1983,10,1,11
1983,4,1,5
1983,4,3,7
1983,7,2,9
1983,2,1,3
1983,3,2,5
1983,2,1,3
1983,6,5,11
1983,5,2,7
1983,4,2,6
1983,7,4,11
1983,5,10,15
1983,8,13,21
1983,2,1,3
1983,5,1,6
1983,4,1,5
1983,3,2,5
1983,7,3,10
1983,3,2,5
1983,6,3,9
1983,4,3,7
1983,4,3,7
1983,5,2,7
1983,8,0,8
1983,6,5,11
1983,6,0,6
1983,7,5,12
1983,4,0,4
1983,6,12,18
1983,8,6,14
1983,7,5,12
1983,9,2,11
1983,3,2,5
1983,6,5,11
1983,7,6,13
1983,1,0,1
1983,5,2,7
1983,5,2,7
1983,2,1,3
1983,8,6,14
1983,16,11,27
1983,6,2,8
1983,4,1,5
1983,3,2,5
1983,4,2,6
1983,6,12,18
1983,7,0,7
1983,2,1,3
1983,7,4,11
1983,4,3,7
1983,8,3,11
1983,6,0,6
1983,7,5,12
1983,3,1,4
1983,4,3,7
1983,3,1,4
1983,5,1,6
1983,3,2,5
1983,2,1,3
1983,5,2,7
1983,3,10,13
1983,4,2,6
1983,15,12,27
1983,7,3,10
1983,5,3,8
1983,6,5,11
1983,9,10,19
1983,6,13,19
1983,6,3,9
1983,8,2,10
1983,7,4,11
1983,8,5,13
1983,7,5,12
1983,2,1,3
1983,7,2,9
1983,1,0,1
1983,6,1,7
1983,6,4,10
1983,4,0,4
1983,5,4,9
1983,6,2,8
1983,4,2,6
1983,4,3,7
1983,4,3,7
1983,6,2,8
1983,4,3,7
1983,2,1,3
1983,5,1,6
1983,4,2,6
1983,5,11,16
1983,8,1,9
1983,9,6,15
1983,6,1,7
1983,3,1,4
1983,5,4,9
1983,9,4,13
1983,2,0,2
1983,5,4,9
1983,2,1,3
1983,7,0,7
1983,3,2,5
1983,3,12,15
1983,7,1,8
1983,4,3,7
1983,3,1,4
1983,7,1,8
1983,7,10,17
1983,6,4,10
1983,4,1,5
1983,6,1,7
1983,4,0,4
1983,4,2,6
1983,3,0,3
1983,6,4,10
1983,3,13,16
1983,7,3,10
1983,4,11,15
1983,6,2,8
1983,2,1,3
1983,4,2,6
1983,1,0,1
1983,4,3,7
1983,6,4,10
1983,4,3,7
1983,7,0,7
1983,1,0,1
1983,5,2,7
1983,9,6,15
1983,6,0,6
1983,8,5,13
1983,6,0,6
1983,5,3,8
1983,4,3,7
1983,2,1,3
1983,5,2,7
1983,9,4,13
1983,7,12,19
1983,4,2,6
1983,5,4,9
1983,7,2,9
1983,5,4,9
1983,8,5,13
1983,6,5,11
1983,8,3,11
1983,3,11,14
1983,2,1,3
1983,5,14,19
1983,7,2,9
1983,4,3,7
1983,6,4,10
1983,8,2,10
1983,5,3,8
1983,5,4,9
1983,6,5,11
1983,3,2,5
1983,8,2,10
1983,7,3,10
1983,8,0,8
1983,7,6,13
1983,3,1,4
1983,7,4,11
1983,4,3,7
1983,4,2,6
1983,4,1,5
1983,9,5,14
1983,9,2,11
1983,4,3,7
1983,4,0,4
1983,5,3,8
1983,8,3,11
1983,7,5,12
1983,4,2,6
1983,6,4,10
1983,9,3,12
1983,5,10,15
1983,4,3,7
1983,6,5,11
1983,5,1,6
1983,6,0,6
1983,6,4,10
1983,5,3,8
1983,7,6,13
1983,2,1,3
1983,6,5,11
1983,7,6,13
1983,5,2,7
1983,6,3,9
1983,2,0,2
1983,5,3,8
1983,5,2,7
1983,6,2,8
1983,5,4,9
1983,8,7,15
1983,5,4,9
1983,3,12,15
1983,5,10,15
1983,5,2,7
1983,3,1,4
1983,6,3,9
1983,4,1,5
1983,2,0,2
1983,5,1,6
1983,7,3,10
1983,6,2,8
1983,4,3,7
1983,3,1,4
1983,5,4,9
1983,4,3,7
1983,6,3,9
1983,7,2,9
1983,2,1,3
1983,9,10,19
1983,4,1,5
1983,5,2,7
1983,5,3,8
1983,5,2,7
1983,6,0,6
1983,5,1,6
1983,3,0,3
1983,4,3,7
1983,4,0,4
1983,5,0,5
1983,9,1,10
1983,3,2,5
1983,6,4,10
1983,7,3,10
1983,2,0,2
1983,1,0,1
1983,5,0,5
1983,4,2,6
1983,7,4,11
1983,5,1,6
1983,6,4,10
1983,3,2,5
1983,10,1,11
1983,6,2,8
1983,8,5,13
1983,3,2,5
1983,9,6,15
1983,7,18,25
1983,5,1,6
1983,4,3,7
1983,5,3,8
1983,4,0,4
1983,3,1,4
1983,5,1,6
1983,4,3,7
1983,2,0,2
1983,7,6,13
1983,6,5,11
1983,4,10,14
1983,4,1,5
1983,4,3,7
1983,5,1,6
1983,7,5,12
1983,6,5,11
1983,5,4,9
1983,7,4,11
1983,5,12,17
1983,4,2,6
1983,3,0,3
1983,6,5,11
1983,4,2,6
1983,5,3,8
1983,5,4,9
1983,5,4,9
1983,3,1,4
1983,8,7,15
1983,5,3,8
1983,6,5,11
1983,3,0,3
1983,9,1,10
1983,5,1,6
1983,6,11,17
1983,2,1,3
1983,6,5,11
1983,7,6,13
1983,2,0,2
1983,3,2,5
1983,6,1,7
1983,6,1,7
1983,5,2,7
1983,9,2,11
1983,3,2,5
1983,4,3,7
1983,3,1,4
1983,9,1,10
1983,6,2,8
1983,4,0,4
1983,7,2,9
1983,3,0,3
1983,6,1,7
1983,8,3,11
1983,7,3,10
1983,9,11,20
1983,7,2,9
1983,6,0,6
1983,7,1,8
1983,4,3,7
1983,2,1,3
1983,6,4,10
1983,3,0,3
1983,5,2,7
1983,4,3,7
1983,5,2,7
1983,3,1,4
1983,4,2,6
1983,2,0,2
1983,7,3,10
1983,3,1,4
1983,4,1,5
1983,3,2,5
1983,3,2,5
1983,4,3,7
1983,5,11,16
1983,3,1,4
1983,9,3,12
1983,4,2,6
1983,5,2,7
1983,2,10,12
1983,6,3,9
1983,5,0,5
1983,3,2,5
1983,9,3,12
1983,6,5,11
1983,2,1,3
1983,8,3,11
1983,3,1,4
1983,7,0,7
1983,2,0,2
1983,7,4,11
1983,3,0,3
1983,1,0,1
1983,4,2,6
1983,4,3,7
1983,3,2,5
1983,1,0,1
1983,8,7,15
1983,6,3,9
1983,4,10,14
1983,3,2,5
1983,5,3,8
1983,3,11,14
1983,5,2,7
1983,2,1,3
1983,6,0,6
1983,10,1,11
1983,3,1,4
1983,5,4,9
1983,7,0,7
1983,5,2,7
1983,7,4,11
1983,5,3,8
1983,2,1,3
1983,9,0,9
1983,3,2,5
1983,3,1,4
1983,7,3,10
1983,4,3,7
1983,1,0,1
1983,8,3,11
1983,4,10,14
1983,12,1,13
1983,4,3,7
1983,4,1,5
1983,9,1,10
1983,4,1,5
1983,5,3,8
1983,7,6,13
1983,2,1,3
1983,3,1,4
1983,7,4,11
1983,9,5,14
1983,2,0,2
1983,6,4,10
1983,6,3,9
1983,5,2,7
1983,6,1,7
1983,2,0,2
1983,6,3,9
1983,4,11,15
1983,7,3,10
1983,6,2,8
1983,5,4,9
1983,4,2,6
1983,4,2,6
1983,1,0,1
1983,8,0,8
1983,7,2,9
1983,4,2,6
1983,8,3,11
1983,2,1,3
1983,5,2,7
1983,7,5,12
1983,6,4,10
1983,2,1,3
1983,2,1,3
1983,5,4,9
1983,6,1,7
1983,9,2,11
1983,5,0,5
1983,6,1,7
1983,7,3,10
1983,6,5,11
1983,8,6,14
1983,2,1,3
1983,5,1,6
1983,8,7,15
1983,9,6,15
1983,6,10,16
1983,5,0,5
1983,5,3,8
1983,4,3,7
1983,3,1,4
1983,4,12,16
1983,2,13,15
1983,3,2,5
1983,2,1,3
1983,8,5,13
1983,6,0,6
1983,7,5,12
1983,3,2,5
1983,5,4,9
1983,6,3,9
1983,7,5,12
1983,7,3,10
1983,6,4,10
1983,5,1,6
1983,4,1,5
1983,4,3,7
1983,7,1,8
1983,6,4,10
1983,4,3,7
1983,4,1,5
1983,2,10,12
1983,8,3,11
1983,11,0,11
1983,9,3,12
1983,12,0,12
1983,3,1,4
1983,5,0,5
1983,3,0,3
1983,8,3,11
1983,2,0,2
1983,4,2,6
1983,5,3,8
1983,4,1,5
1983,5,1,6
1983,6,5,11
1983,6,5,11
1983,1,0,1
1983,4,1,5
1983,7,3,10
1983,4,2,6
1983,5,3,8
1983,5,4,9
1983,4,0,4
1983,7,0,7
1983,9,8,17
1983,8,7,15
1983,6,2,8
1983,9,6,15
1983,4,3,7
1983,9,3,12
1983,13,0,13
1983,4,0,4
1983,4,3,7
1983,6,13,19
1983,5,4,9
1983,5,3,8
1983,3,2,5
1983,5,0,5
1983,8,1,9
1983,7,4,11
1983,6,5,11
1983,6,2,8
1983,5,3,8
1983,9,7,16
1983,9,6,15
1983,3,2,5
1983,7,5,12
1983,9,2,11
1983,4,10,14
1983,4,3,7
1983,5,4,9
1983,3,2,5
1983,6,3,9
1983,7,5,12
1983,2,0,2
1983,11,1,12
1983,3,2,5
1983,6,13,19
1983,5,2,7
1983,3,1,4
1983,7,3,10
1983,6,5,11
1983,3,2,5
1983,7,4,11
1983,7,6,13
1983,7,3,10
1983,7,0,7
1983,8,1,9
1983,7,6,13
1983,3,1,4
1983,8,3,11
1983,6,3,9
1983,8,2,10
1983,2,0,2
1983,11,1,12
1983,5,0,5
1983,5,3,8
1983,6,4,10
1983,5,2,7
1983,8,7,15
1983,7,1,8
1983,7,3,10
1983,3,2,5
1983,7,3,10
1983,5,11,16
1983,6,1,7
1983,6,1,7
1983,8,7,15
1983,2,1,3
1983,5,2,7
1983,3,0,3
1983,9,6,15
1983,8,5,13
1983,5,2,7
1983,6,5,11
1983,3,2,5
1983,9,12,21
1983,11,0,11
1983,6,5,11
1983,6,4,10
1983,3,2,5
1983,2,1,3
1983,2,1,3
1983,7,6,13
1983,5,4,9
1983,5,3,8
1983,4,3,7
1983,8,2,10
1983,6,4,10
1983,7,4,11
1983,7,5,12
1983,7,6,13
1983,8,5,13
1983,8,6,14
1983,6,3,9
1983,4,0,4
1983,6,3,9
1983,9,10,19
1983,8,4,12
1983,3,1,4
1983,6,5,11
1983,4,2,6
1983,5,3,8
1983,7,5,12
1983,5,4,9
1983,2,1,3
1983,4,1,5
1983,7,6,13
1983,6,4,10
1983,3,1,4
1983,4,0,4
1983,5,3,8
1983,5,3,8
1983,4,2,6
1983,2,1,3
1983,3,2,5
1983,6,16,22
1983,8,0,8
1983,5,1,6
1983,1,0,1
1983,2,1,3
1983,7,5,12
1983,7,4,11
1983,7,1,8
1983,4,3,7
1983,5,2,7
1983,6,0,6
1983,3,2,5
1983,5,1,6
1983,5,1,6
1983,2,1,3
1983,6,5,11
1983,5,1,6
1983,6,0,6
1983,4,3,7
1983,6,4,10
1983,5,0,5
1983,1,0,1
1983,6,4,10
1983,5,0,5
1983,4,2,6
1983,1,0,1
1983,4,1,5
1983,2,1,3
1983,4,2,6
1983,9,5,14
1983,5,0,5
1983,6,3,9
1983,7,4,11
1983,4,3,7
1983,7,1,8
1983,12,0,12
1983,6,0,6
1983,6,2,8
1983,6,4,10
1983,6,5,11
1983,4,1,5
1983,8,4,12
1983,6,0,6
1983,8,1,9
1983,6,1,7
1983,8,6,14
1983,7,0,7
1983,8,3,11
1983,6,5,11
1983,4,11,15
1983,7,4,11
1983,3,2,5
1983,9,0,9
1983,1,0,1
1983,2,1,3
1983,5,4,9
1983,3,2,5
1983,5,2,7
1983,4,3,7
1983,4,3,7
1983,7,6,13
1983,10,1,11
1983,3,13,16
1983,7,6,13
1983,4,1,5
1983,5,4,9
1983,4,1,5
1983,4,2,6
1983,9,10,19
1983,9,6,15
1983,7,6,13
1983,6,0,6
1983,4,1,5
1983,6,10,16
1983,8,13,21
1983,6,2,8
1983,6,5,11
1983,5,3,8
1983,5,2,7
1983,6,3,9
1983,8,7,15
1983,5,3,8
1983,7,5,12
1983,8,4,12
1983,7,6,13
1983,9,2,11
1983,3,0,3
1983,6,3,9
1983,5,4,9
1983,7,6,13
1983,4,2,6
1983,9,6,15
1983,3,2,5
1983,7,11,18
1983,14,1,15
1983,6,4,10
1983,2,15,17
1983,10,1,11
1983,4,0,4
1983,8,5,13
1983,8,1,9
1983,3,2,5
1983,7,3,10
1983,9,1,10
1983,4,3,7
1983,3,1,4
1983,2,1,3
1983,7,6,13
1983,7,6,13
1983,7,10,17
1983,6,0,6
1983,7,3,10
1983,3,0,3
1983,2,1,3
1983,5,4,9
1983,9,3,12
1983,4,2,6
1983,4,3,7
1983,6,4,10
1983,3,2,5
1983,8,2,10
1983,9,5,14
1983,5,4,9
1983,2,1,3
1983,9,7,16
1983,7,1,8
1983,3,2,5
1983,5,2,7
1983,2,11,13
1983,2,1,3
1983,4,1,5
1983,8,11,19
1983,7,0,7
1983,3,2,5
1983,3,2,5
1983,4,2,6
1983,10,1,11
1983,7,4,11
1983,2,0,2
1983,6,2,8
1983,2,1,3
1983,3,2,5
1983,2,0,2
1983,7,6,13
1983,3,2,5
1983,5,3,8
1983,6,5,11
1983,4,12,16
1983,5,2,7
1983,1,0,1
1983,9,1,10
1983,2,1,3
1983,9,6,15
1983,2,0,2
1983,7,1,8
1983,8,5,13
1983,7,11,18
1983,5,2,7
1983,3,2,5
1983,3,0,3
1983,7,1,8
1983,5,1,6
1983,5,3,8
1983,6,4,10
1983,8,6,14
1983,6,5,11
1983,2,1,3
1983,6,2,8
1983,3,2,5
1983,5,2,7
1983,9,12,21
1983,5,3,8
1983,7,0,7
1983,6,2,8
1983,3,0,3
1983,6,2,8
1983,9,2,11
1983,7,1,8
1983,3,0,3
1983,7,4,11
1983,8,5,13
1983,8,4,12
1983,6,1,7
1983,7,2,9
1983,5,4,9
1983,4,3,7
1983,4,0,4
1983,4,10,14
1983,9,5,14
1983,5,3,8
1983,6,13,19
1983,5,4,9
1983,3,1,4
1983,5,1,6
1983,6,4,10
1983,3,0,3
1983,3,2,5
1983,5,3,8
1983,4,2,6
1983,4,4,8
1983,8,11,19
1983,4,0,4
1983,9,4,13
1983,7,11,18
1983,5,4,9
1983,4,2,6
1983,2,0,2
1983,4,3,7
1983,3,0,3
1983,4,2,6
1983,7,1,8
1983,4,1,5
1983,5,4,9
1983,6,4,10
1983,3,2,5
1983,10,0,10
1983,6,2,8
1983,3,2,5
1983,4,3,7
1983,2,1,3
1983,3,2,5
1983,9,4,13
1983,9,2,11
1983,4,3,7
1983,8,0,8
1983,5,4,9
1983,3,1,4
1983,10,1,11
1983,6,4,10
1983,4,1,5
1983,5,4,9
1983,4,1,5
1983,7,3,10
1983,5,3,8
1983,4,3,7
1983,9,3,12
1983,3,2,5
1983,6,5,11
1983,4,3,7
1983,2,0,2
1983,3,1,4
1983,7,4,11
1983,3,2,5
1983,4,3,7
1983,1,0,1
1983,5,4,9
1983,8,4,12
1983,4,0,4
1983,4,3,7
1983,3,0,3
1983,9,6,15
1983,2,0,2
1983,9,3,12
1983,1,0,1
1983,2,1,3
1983,4,1,5
1983,4,0,4
1983,11,1,12
1983,7,2,9
1983,3,0,3
1983,7,2,9
1983,2,1,3
1983,4,1,5
1983,3,2,5
1983,5,4,9
1983,5,0,5
1984,5,2,7
1984,2,1,3
1984,8,1,9
1984,5,0,5
1984,4,2,6
1984,4,2,6
1984,7,11,18
1984,8,1,9
1984,6,5,11
1984,5,1,6
1984,5,3,8
1984,9,1,10
1984,4,0,4
1984,2,1,3
1984,2,0,2
1984,8,2,10
1984,4,3,7
1984,4,3,7
1984,3,2,5
1984,7,4,11
1984,4,15,19
1984,5,2,7
1984,7,3,10
1984,8,6,14
1984,5,13,18
1984,7,11,18
1984,7,3,10
1984,8,5,13
1984,5,11,16
1984,3,2,5
1984,8,4,12
1984,8,1,9
1984,2,0,2
1984,3,1,4
1984,9,4,13
1984,3,1,4
1984,3,2,5
1984,6,3,9
1984,2,0,2
1984,7,6,13
1984,7,2,9
1984,3,1,4
1984,4,0,4
1984,9,1,10
1984,3,2,5
1984,3,0,3
1984,4,13,17
1984,3,0,3
1984,7,6,13
1984,3,2,5
1984,11,0,11
1984,8,5,13
1984,6,2,8
1984,4,3,7
1984,7,3,10
1984,8,7,15
1984,3,1,4
1984,5,4,9
1984,5,2,7
1984,7,3,10
1984,2,14,16
1984,8,5,13
1984,5,4,9
1984,9,3,12
1984,4,3,7
1984,9,6,15
1984,4,2,6
1984,4,3,7
1984,4,2,6
1984,6,3,9
1984,10,1,11
1984,7,3,10
1984,8,6,14
1984,5,1,6
1984,4,1,5
1984,3,0,3
1984,3,1,4
1984,7,3,10
1984,5,1,6
1984,4,3,7
1984,6,1,7
1984,5,2,7
1984,9,5,14
1984,6,1,7
1984,9,3,12
1984,2,1,3
1984,7,6,13
1984,7,5,12
1984,5,4,9
1984,2,1,3
1984,9,4,13
1984,3,0,3
1984,3,2,5
1984,6,1,7
1984,9,13,22
1984,2,11,13
1984,1,0,1
1984,6,3,9
1984,2,0,2
1984,4,3,7
1984,5,1,6
1984,5,3,8
1984,2,1,3
1984,5,2,7
1984,4,1,5
1984,3,2,5
1984,5,2,7
1984,8,2,10
1984,9,1,10
1984,8,4,12
1984,8,4,12
1984,4,3,7
1984,4,3,7
1984,4,3,7
1984,5,1,6
1984,7,5,12
1984,6,2,8
1984,6,5,11
1984,6,5,11
1984,3,2,5
1984,8,6,14
1984,5,4,9
1984,2,1,3
1984,8,12,20
1984,6,4,10
1984,1,0,1
1984,2,1,3
1984,4,3,7
1984,5,4,9
1984,9,2,11
1984,9,6,15
1984,8,4,12
1984,1,0,1
1984,7,3,10
1984,6,3,9
1984,10,0,10
1984,4,1,5
1984,6,2,8
1984,2,1,3
1984,3,2,5
1984,4,3,7
1984,5,0,5
1984,6,1,7
1984,5,4,9
1984,5,0,5
1984,4,3,7
1984,3,0,3
1984,9,2,11
1984,5,4,9
1984,6,3,9
1984,5,4,9
1984,7,1,8
1984,7,4,11
1984,6,1,7
1984,5,2,7
1984,4,0,4
1984,3,1,4
1984,7,6,13
1984,3,1,4
1984,2,1,3
1984,8,7,15
1984,4,2,6
1984,3,1,4
1984,5,4,9
1984,6,4,10
1984,3,2,5
1984,8,2,10
1984,5,0,5
1984,4,1,5
1984,3,1,4
1984,6,4,10
1984,6,10,16
1984,4,3,7
1984,5,3,8
1984,5,2,7
1984,8,5,13
1984,3,2,5
1984,4,1,5
1984,9,6,15
1984,6,2,8
1984,1,0,1
1984,2,12,14
1984,5,4,9
1984,6,3,9
1984,4,0,4
1984,8,4,12
1984,3,1,4
1984,6,1,7
1984,8,12,20
1984,9,1,10
1984,7,15,22
1984,4,0,4
1984,5,12,17
1984,9,5,14
1984,4,2,6
1984,9,6,15
1984,2,0,2
1984,7,6,13
1984,3,1,4
1984,2,1,3
1984,6,4,10
1984,8,2,10
1984,6,2,8
1984,8,5,13
1984,4,2,6
1984,8,7,15
1984,8,3,11
1984,6,5,11
1984,4,3,7
1984,5,3,8
1984,3,2,5
1984,4,0,4
1984,3,2,5
1984,6,1,7
1984,3,2,5
1984,4,2,6
1984,4,3,7
1984,2,1,3
1984,9,2,11
1984,3,2,5
1984,4,2,6
1984,5,1,6
1984,8,6,14
1984,2,1,3
1984,8,7,15
1984,3,0,3
1984,7,5,12
1984,9,4,13
1984,11,0,11
1984,2,1,3
1984,6,5,11
1984,5,4,9
1984,3,11,14
1984,2,1,3
1984,4,2,6
1984,6,5,11
1984,7,5,12
1984,7,4,11
1984,4,3,7
1984,9,3,12
1984,5,3,8
1984,9,3,12
1984,8,4,12
1984,6,0,6
1984,1,0,1
1984,8,2,10
1984,12,0,12
1984,8,3,11
1984,5,3,8
1984,3,2,5
1984,1,0,1
1984,6,1,7
1984,10,1,11
1984,8,7,15
1984,7,6,13
1984,6,2,8
1984,5,3,8
1984,6,0,6
1984,6,1,7
1984,8,0,8
1984,4,3,7
1984,7,0,7
1984,7,1,8
1984,5,1,6
1984,3,2,5
1984,9,6,15
1984,6,4,10
1984,8,1,9
1984,7,3,10
1984,6,1,7
1984,8,5,13
1984,6,2,8
1984,6,5,11
1984,6,2,8
1984,5,2,7
1984,3,0,3
1984,2,1,3
1984,6,0,6
1984,6,3,9
1984,8,1,9
1984,5,3,8
1984,5,2,7
1984,5,3,8
1984,1,0,1
1984,3,2,5
1984,3,0,3
1984,4,1,5
1984,7,5,12
1984,2,1,3
1984,2,11,13
1984,3,0,3
1984,8,1,9
1984,7,4,11
1984,5,10,15
1984,8,11,19
1984,3,2,5
1984,4,10,14
1984,4,1,5
1984,9,7,16
1984,7,6,13
1984,3,0,3
1984,3,2,5
1984,5,4,9
1984,4,3,7
1984,3,2,5
1984,3,1,4
1984,8,6,14
1984,4,3,7
1984,7,6,13
1984,6,5,11
1984,1,0,1
1984,6,5,11
1984,6,2,8
1984,5,3,8
1984,7,6,13
1984,9,2,11
1984,1,0,1
1984,3,1,4
1984,2,0,2
1984,9,5,14
1984,4,1,5
1984,2,0,2
1984,2,0,2
1984,4,3,7
1984,8,5,13
1984,6,5,11
1984,6,5,11
1984,2,1,3
1984,5,4,9
1984,2,1,3
1984,6,10,16
1984,2,11,13
1984,8,7,15
1984,3,1,4
1984,7,0,7
1984,7,5,12
1984,10,1,11
1984,3,1,4
1984,8,5,13
1984,6,5,11
1984,8,4,12
1984,4,3,7
1984,2,0,2
1984,9,8,17
1984,10,1,11
1984,5,3,8
1984,6,4,10
1984,2,1,3
1984,3,1,4
1984,3,2,5
1984,6,1,7
1984,2,1,3
1984,11,1,12
1984,7,3,10
1984,7,10,17
1984,3,10,13
1984,4,1,5
1984,5,2,7
1984,2,11,13
1984,6,5,11
1984,8,6,14
1984,5,1,6
1984,5,0,5
1984,7,6,13
1984,12,11,23
1984,5,2,7
1984,3,2,5
1984,8,2,10
1984,2,1,3
1984,4,3,7
1984,7,4,11
1984,7,3,10
1984,5,2,7
1984,5,4,9
1984,7,0,7
1984,7,1,8
1984,3,1,4
1984,6,4,10
1984,4,11,15
1984,3,1,4
1984,4,1,5
1984,3,2,5
1984,2,0,2
1984,4,3,7
1984,8,6,14
1984,5,1,6
1984,4,2,6
1984,2,1,3
1984,7,6,13
1984,7,3,10
1984,4,2,6
1984,7,0,7
1984,4,2,6
1984,4,3,7
1984,6,1,7
1984,4,3,7
1984,8,2,10
1984,3,1,4
1984,6,4,10
1984,2,0,2
1984,4,1,5
1984,4,3,7
1984,6,4,10
1984,7,5,12
1984,4,3,7
1984,2,12,14
1984,6,4,10
1984,2,1,3
1984,8,4,12
1984,4,2,6
1984,5,4,9
1984,3,0,3
1984,4,3,7
1984,4,2,6
1984,5,0,5
1984,3,2,5
1984,8,7,15
1984,9,8,17
1984,5,1,6
1984,8,1,9
1984,6,2,8
1984,4,4,8
1984,1,0,1
1984,5,1,6
1984,5,3,8
1984,4,1,5
1984,7,0,7
1984,8,3,11
1984,4,3,7
1984,4,1,5
1984,2,0,2
1984,6,1,7
1984,7,5,12
1984,3,2,5
1984,3,1,4
1984,3,2,5
1984,7,6,13
1984,5,2,7
1984,3,2,5
1984,6,3,9
1984,7,5,12
1984,6,4,10
1984,12,1,13
1984,3,2,5
1984,5,2,7
1984,9,6,15
1984,3,2,5
1984,6,4,10
1984,7,6,13
1984,9,1,10
1984,5,0,5
1984,7,6,13
1984,4,10,14
1984,5,2,7
1984,10,1,11
1984,7,2,9
1984,5,1,6
1984,8,7,15
1984,7,6,13
1984,1,0,1
1984,3,2,5
1984,4,3,7
1984,4,2,6
1984,5,3,8
1984,11,10,21
1984,4,1,5
1984,5,4,9
1984,7,2,9
1984,3,2,5
1984,4,1,5
1984,7,6,13
1984,8,4,12
1984,2,1,3
1984,5,4,9
1984,8,4,12
1984,8,3,11
1984,4,3,7
1984,6,0,6
1984,5,4,9
1984,1,0,1
1984,5,3,8
1984,4,3,7
1984,6,5,11
1984,5,4,9
1984,5,4,9
1984,6,2,8
1984,5,1,6
1984,3,0,3
1984,7,0,7
1984,4,0,4
1984,4,2,6
1984,8,3,11
1984,6,2,8
1984,9,1,10
1984,1,0,1
1984,5,1,6
1984,3,10,13
1984,4,3,7
1984,3,2,5
1984,3,2,5
1984,3,2,5
1984,5,4,9
1984,3,0,3
1984,5,1,6
1984,4,2,6
1984,7,4,11
1984,3,2,5
1984,3,0,3
1984,6,3,9
1984,8,4,12
1984,3,2,5
1984,3,2,5
1984,7,1,8
1984,3,1,4
1984,7,6,13
1984,3,2,5
1984,5,4,9
1984,6,4,10
1984,3,1,4
1984,5,3,8
1984,5,3,8
1984,4,3,7
1984,7,1,8
1984,3,2,5
1984,5,4,9
1984,4,2,6
1984,3,1,4
1984,1,0,1
1984,2,1,3
1984,9,5,14
1984,1,0,1
1984,7,2,9
1984,3,0,3
1984,4,0,4
1984,6,1,7
1984,4,1,5
1984,5,1,6
1984,7,10,17
1984,7,5,12
1984,3,2,5
1984,3,2,5
1984,4,3,7
1984,5,1,6
1984,2,0,2
1984,4,3,7
1984,8,4,12
1984,8,5,13
1984,2,10,12
1984,3,0,3
1984,6,2,8
1984,7,4,11
1984,3,2,5
1984,2,1,3
1984,7,10,17
1984,7,3,10
1984,7,3,10
1984,11,0,11
1984,5,1,6
1984,7,3,10
1984,7,11,18
1984,9,5,14
1984,7,6,13
1984,2,0,2
1984,7,6,13
1984,4,2,6
1984,2,1,3
1984,8,4,12
1984,7,2,9
1984,9,5,14
1984,5,1,6
1984,2,1,3
1984,9,12,21
1984,6,0,6
1984,8,0,8
1984,4,3,7
1984,2,1,3
1984,5,4,9
1984,6,2,8
1984,3,2,5
1984,7,1,8
1984,4,0,4
1984,6,1,7
1984,3,11,14
1984,6,1,7
1984,6,5,11
1984,6,2,8
1984,6,2,8
1984,7,0,7
1984,6,1,7
1984,5,4,9
1984,6,2,8
1984,7,4,11
1984,6,1,7
1984,7,4,11
1984,6,5,11
1984,8,1,9
1984,5,4,9
1984,5,3,8
1984,1,0,1
1984,8,5,13
1984,3,2,5
1984,7,5,12
1984,6,2,8
1984,2,0,2
1984,10,1,11
1984,2,1,3
1984,6,4,10
1984,9,1,10
1984,3,2,5
1984,6,4,10
1984,4,1,5
1984,2,1,3
1984,3,2,5
1984,8,2,10
1984,7,3,10
1984,7,1,8
1984,7,2,9
1984,5,2,7
1984,2,10,12
1984,2,1,3
1984,6,4,10
1984,4,2,6
1984,7,3,10
1984,5,2,7
1984,2,14,16
1984,6,2,8
1984,3,1,4
1984,7,1,8
1984,5,1,6
1984,3,12,15
1984,2,0,2
1984,7,11,18
1984,5,3,8
1984,2,10,12
1984,6,3,9
1984,9,3,12
1984,6,4,10
1984,5,0,5
1984,9,3,12
1984,6,3,9
1984,7,6,13
1984,5,2,7
1984,3,2,5
1984,2,1,3
1984,3,2,5
1984,7,10,17
1984,9,8,17
1984,3,2,5
1984,4,0,4
1984,7,4,11
1984,2,1,3
1984,5,3,8
1984,6,3,9
1984,5,2,7
1984,1,0,1
1984,2,11,13
1984,4,0,4
1984,7,5,12
1984,7,6,13
1984,4,10,14
1984,2,15,17
1984,6,2,8
1984,6,4,10
1984,7,3,10
1984,6,3,9
1984,7,1,8
1984,3,1,4
1984,6,2,8
1984,8,3,11
1984,4,2,6
1984,3,0,3
1984,2,1,3
1984,4,3,7
1984,8,3,11
1984,6,1,7
1984,4,2,6
1984,8,4,12
1984,4,3,7
1984,2,1,3
1984,2,1,3
1984,3,2,5
1984,5,4,9
1984,3,0,3
1984,3,0,3
1984,8,3,11
1984,5,3,8
1984,3,0,3
1984,4,0,4
1984,7,6,13
1984,6,3,9
1984,5,2,7
1984,3,2,5
1984,2,1,3
1984,8,1,9
1984,5,3,8
1984,2,1,3
1984,4,3,7
1984,5,4,9
1984,4,3,7
1984,6,3,9
1984,11,10,21
1984,5,3,8
1984,9,8,17
1984,8,1,9
1984,5,4,9
1984,2,1,3
1984,12,1,13
1984,5,14,19
1984,3,2,5
1984,3,11,14
1984,6,1,7
1984,4,3,7
1984,5,3,8
1984,4,1,5
1984,4,3,7
1984,5,4,9
1984,2,1,3
1984,6,0,6
1984,5,4,9
1984,5,4,9
1984,8,4,12
1984,4,0,4
1984,6,15,21
1984,8,4,12
1984,8,7,15
1984,4,1,5
1984,4,3,7
1984,5,3,8
1984,6,5,11
1984,2,1,3
1984,6,5,11
1984,2,12,14
1984,6,5,11
1984,5,0,5
1984,4,3,7
1984,4,10,14
1984,8,0,8
1984,5,4,9
1984,5,12,17
1984,3,1,4
1984,4,3,7
1984,2,0,2
1984,3,2,5
1984,3,2,5
1984,5,3,8
1984,6,12,18
1984,7,5,12
1984,7,4,11
1984,2,0,2
1984,3,1,4
1984,9,6,15
1984,2,1,3
1984,3,2,5
1984,8,4,12
1984,3,1,4
1984,3,1,4
1984,6,4,10
1984,5,4,9
1984,6,3,9
1984,5,4,9
1984,9,8,17
1984,3,2,5
1984,4,11,15
1984,7,0,7
1984,8,7,15
1984,5,4,9
1984,6,3,9
1984,5,11,16
1984,7,2,9
1984,7,6,13
1984,3,2,5
1984,6,2,8
1984,3,12,15
1984,4,2,6
1984,2,1,3
1984,7,4,11
1984,5,4,9
1984,5,10,15
1984,6,1,7
1984,2,0,2
1984,3,1,4
1984,4,1,5
1984,6,4,10
1984,3,0,3
1984,7,3,10
1984,3,0,3
1984,12,11,23
1984,9,3,12
1984,2,11,13
1984,3,1,4
1984,3,2,5
1984,3,2,5
1984,7,6,13
1984,5,2,7
1984,4,1,5
1984,6,0,6
1984,3,2,5
1984,6,1,7
1984,5,2,7
1984,5,2,7
1984,3,2,5
1984,3,0,3
1984,3,2,5
1984,1,0,1
1984,2,1,3
1984,2,1,3
1984,3,2,5
1984,4,3,7
1984,5,0,5
1984,4,3,7
1984,2,1,3
1984,7,2,9
1984,8,2,10
1984,7,5,12
1984,6,1,7
1984,6,0,6
1984,3,2,5
1984,8,3,11
1984,6,4,10
1984,6,3,9
1984,5,1,6
1984,4,1,5
1984,7,0,7
1984,6,5,11
1984,4,3,7
1984,9,7,16
1984,1,0,1
1984,3,1,4
1984,7,4,11
1984,5,3,8
1984,6,2,8
1984,9,4,13
1984,5,3,8
1984,5,2,7
1984,6,3,9
1984,5,3,8
1984,6,2,8
1984,2,1,3
1984,2,10,12
1984,8,4,12
1984,6,11,17
1984,9,7,16
1984,4,2,6
1984,4,10,14
1984,7,6,13
1984,2,0,2
1984,7,4,11
1984,6,3,9
1984,6,4,10
1984,6,2,8
1984,4,3,7
1984,8,2,10
1984,6,5,11
1984,6,5,11
1984,4,1,5
1984,3,2,5
1984,4,2,6
1984,9,6,15
1984,6,2,8
1984,8,2,10
1984,2,0,2
1984,7,4,11
1984,8,1,9
1984,5,1,6
1984,5,4,9
1984,5,4,9
1984,5,3,8
1984,5,3,8
1984,5,2,7
1984,9,7,16
1984,4,3,7
1984,5,11,16
1984,7,0,7
1984,7,10,17
1984,8,6,14
1984,4,10,14
1984,5,4,9
1984,8,1,9
1984,8,1,9
1984,9,3,12
1984,8,7,15
1984,7,3,10
1984,3,10,13
1984,8,6,14
1984,2,1,3
1984,4,0,4
1984,3,10,13
1984,7,6,13
1984,3,13,16
1984,2,10,12
1984,5,4,9
1984,9,3,12
1984,6,5,11
1984,12,11,23
1984,5,2,7
1984,5,1,6
1984,7,5,12
1984,4,3,7
1984,2,0,2
1984,5,1,6
1984,7,5,12
1984,4,11,15
1984,5,2,7
1984,5,3,8
1984,3,2,5
1984,5,0,5
1984,8,3,11
1984,7,1,8
1984,8,3,11
1984,3,2,5
1984,5,3,8
1984,4,2,6
1984,4,2,6
1984,5,0,5
1984,8,5,13
1984,6,4,10
1984,7,4,11
1984,6,1,7
1984,3,0,3
1984,16,0,16
1984,9,4,13
1984,2,1,3
1984,9,4,13
1984,7,3,10
1984,5,10,15
1984,2,1,3
1984,5,4,9
1984,5,4,9
1984,5,10,15
1984,5,2,7
1984,5,0,5
1984,9,0,9
1984,9,8,17
1984,8,3,11
1984,8,4,12
1984,6,1,7
1984,5,0,5
1984,6,3,9
1984,9,7,16
1984,3,0,3
1984,4,2,6
1984,6,3,9
1984,3,2,5
1984,6,4,10
1984,3,1,4
1984,9,7,16
1984,8,7,15
1984,6,4,10
1984,9,5,14
1984,5,4,9
1984,5,1,6
1984,5,4,9
1984,5,1,6
1984,9,14,23
1984,4,2,6
1984,2,1,3
1984,9,6,15
1984,2,0,2
1984,6,10,16
1984,7,2,9
1984,5,3,8
1984,7,3,10
1984,5,3,8
1984,7,6,13
1984,7,3,10
1984,4,3,7
1984,9,6,15
1984,5,3,8
1984,2,1,3
1984,7,3,10
1984,13,12,25
1984,5,3,8
1984,7,5,12
1984,3,2,5
1984,7,1,8
1984,1,0,1
1984,5,3,8
1984,7,2,9
1984,5,0,5
1984,3,0,3
1984,2,1,3
1984,2,1,3
1984,5,4,9
1984,4,1,5
1984,2,1,3
1984,4,3,7
1984,6,2,8
1984,4,14,18
1984,2,0,2
1984,7,0,7
1984,4,1,5
1984,7,5,12
1984,6,1,7
1984,1,0,1
1984,8,3,11
1984,4,1,5
1984,5,13,18
1984,9,0,9
1984,8,0,8
1984,4,3,7
1984,7,6,13
1984,2,1,3
1984,3,2,5
1984,13,1,14
1984,3,1,4
1984,7,4,11
1984,7,6,13
1984,5,4,9
1984,9,6,15
1984,7,1,8
1984,9,3,12
1984,4,3,7
1984,5,4,9
1984,3,2,5
1984,6,4,10
1984,6,4,10
1984,4,2,6
1984,4,0,4
1984,5,1,6
1984,7,6,13
1984,6,3,9
1984,5,3,8
1984,6,5,11
1984,9,5,14
1984,3,15,18
1984,6,0,6
1984,6,11,17
1984,3,1,4
1984,4,3,7
1984,6,5,11
1984,3,2,5
1984,6,2,8
1984,5,4,9
1984,4,0,4
1984,7,4,11
1984,9,13,22
1984,8,2,10
1984,4,0,4
1984,9,0,9
1984,4,2,6
1984,6,4,10
1984,5,10,15
1984,5,4,9
1984,2,1,3
1984,4,3,7
1984,5,1,6
1984,5,0,5
1984,6,3,9
1984,7,12,19
1984,7,6,13
1984,3,0,3
1984,7,5,12
1984,5,4,9
1984,2,1,3
1984,4,3,7
1984,1,0,1
1984,2,1,3
1984,9,3,12
1984,7,4,11
1984,8,10,18
1984,6,2,8
1984,8,7,15
1984,6,11,17
1984,3,2,5
1984,7,6,13
1984,11,0,11
1984,9,4,13
1984,8,2,10
1984,7,5,12
1984,1,0,1
1984,6,5,11
1984,5,0,5
1984,7,3,10
1984,5,4,9
1984,5,3,8
1984,9,2,11
1984,6,2,8
1984,8,0,8
1984,4,2,6
1984,3,0,3
1984,8,2,10
1984,4,11,15
1984,3,2,5
1984,4,14,18
1984,5,2,7
1984,1,0,1
1984,7,2,9
1984,5,2,7
1984,8,4,12
1984,6,1,7
1984,3,2,5
1984,4,0,4
1984,9,8,17
1984,8,6,14
1984,4,1,5
1984,4,3,7
1984,8,5,13
1984,7,3,10
1984,7,0,7
1984,4,3,7
1984,6,3,9
1984,9,7,16
1984,7,1,8
1984,8,6,14
1984,2,1,3
1984,3,0,3
1984,5,2,7
1984,3,2,5
1984,5,3,8
1984,4,2,6
1984,3,1,4
1984,5,2,7
1984,7,4,11
1984,6,3,9
1984,3,2,5
1984,4,1,5
1984,7,2,9
1984,5,4,9
1984,7,5,12
1984,5,4,9
1984,7,5,12
1984,7,3,10
1984,5,3,8
1984,7,2,9
1984,7,1,8
1984,8,1,9
1984,6,3,9
1984,8,2,10
1984,4,3,7
1984,9,5,14
1984,7,4,11
1984,5,0,5
1984,7,0,7
1984,3,2,5
1984,2,1,3
1984,8,0,8
1984,4,3,7
1984,6,5,11
1984,6,2,8
1984,4,1,5
1984,2,1,3
1984,6,2,8
1984,5,4,9
1984,7,6,13
1984,5,0,5
1984,8,3,11
1984,6,4,10
1984,7,6,13
1984,4,1,5
1984,3,2,5
1984,6,2,8
1984,3,2,5
1984,4,1,5
1984,6,3,9
1984,9,3,12
1984,3,11,14
1984,6,1,7
1984,5,4,9
1984,3,1,4
1984,3,0,3
1984,4,0,4
1984,7,2,9
1984,7,1,8
1984,3,13,16
1984,3,1,4
1984,3,1,4
1984,9,8,17
1984,4,1,5
1984,4,1,5
1984,2,11,13
1984,7,6,13
1984,3,1,4
1984,5,3,8
1984,6,5,11
1984,4,3,7
1984,3,2,5
1984,3,2,5
1984,9,7,16
1984,6,2,8
1984,2,0,2
1984,4,10,14
1984,6,1,7
1984,5,0,5
1984,3,1,4
1984,7,2,9
1984,3,1,4
1984,8,2,10
1984,4,1,5
1984,7,5,12
1984,6,10,16
1984,3,1,4
1984,2,1,3
1984,3,2,5
1984,3,1,4
1984,7,2,9
1984,5,2,7
1984,5,2,7
1984,8,4,12
1984,9,1,10
1984,6,4,10
1984,9,6,15
1984,3,0,3
1984,9,2,11
1984,3,2,5
1984,6,3,9
1984,2,1,3
1984,4,1,5
1984,5,1,6
1984,8,1,9
1984,10,0,10
1984,13,1,14
1984,4,3,7
1984,3,2,5
1984,3,2,5
1984,6,3,9
1984,3,1,4
1984,8,4,12
1984,4,3,7
1984,4,3,7
1984,9,7,16
1984,4,3,7
1984,3,2,5
1984,7,12,19
1984,5,10,15
1984,5,3,8
1984,4,16,20
1984,4,3,7
1984,2,1,3
1984,4,3,7
1984,7,6,13
1984,4,2,6
1984,4,3,7
1984,5,2,7
1984,7,4,11
1984,6,4,10
1984,9,3,12
1984,3,1,4
1984,6,2,8
1984,3,0,3
1984,5,11,16
1984,7,6,13
1984,4,1,5
1984,2,0,2
1984,6,1,7
1984,8,4,12
1984,6,5,11
1984,5,4,9
1984,5,1,6
1984,3,2,5
1984,5,3,8
1984,7,6,13
1984,7,1,8
1984,4,1,5
1984,9,8,17
1984,7,2,9
1984,6,4,10
1984,4,14,18
1984,4,3,7
1984,3,2,5
1984,9,5,14
1984,3,2,5
1984,4,3,7
1984,9,5,14
1984,5,4,9
1984,4,2,6
1984,2,1,3
1984,6,4,10
1984,5,12,17
1984,9,8,17
1984,3,2,5
1984,4,2,6
1984,3,10,13
1984,3,2,5
1984,3,2,5
1984,1,0,1
1984,4,1,5
1984,5,4,9
1984,2,1,3
1984,3,0,3
1984,1,0,1
1984,3,1,4
1984,9,3,12
1984,9,4,13
1984,6,5,11
1984,7,3,10
1984,3,1,4
1984,7,0,7
1984,5,1,6
1984,5,4,9
1984,8,2,10
1984,3,2,5
1984,4,3,7
1984,8,6,14
1984,9,1,10
1984,4,0,4
1984,4,0,4
1984,8,12,20
1984,3,1,4
1984,2,0,2
1984,2,1,3
1984,6,1,7
1984,3,2,5
1984,7,3,10
1984,2,12,14
1984,6,0,6
1984,4,2,6
1984,6,3,9
1984,3,2,5
1984,3,2,5
1984,1,0,1
1984,3,2,5
1984,6,1,7
1984,4,11,15
1984,4,1,5
1984,5,1,6
1984,3,1,4
1984,1,0,1
1984,2,1,3
1984,4,3,7
1984,5,4,9
1984,3,1,4
1984,5,4,9
1984,3,0,3
1984,1,0,1
1984,5,1,6
1984,6,5,11
1984,3,0,3
1984,5,1,6
1984,6,4,10
1984,4,3,7
1984,9,0,9
1984,4,1,5
1984,4,3,7
1984,6,2,8
1984,5,1,6
1984,7,0,7
1984,3,2,5
1984,4,3,7
1984,9,5,14
1984,4,3,7
1984,5,4,9
1984,3,1,4
1984,12,0,12
1984,3,1,4
1984,7,4,11
1984,7,6,13
1984,4,14,18
1984,2,1,3
1984,3,0,3
1984,5,1,6
1984,6,4,10
1984,6,3,9
1984,9,2,11
1984,7,4,11
1984,7,3,10
1984,5,3,8
1984,1,0,1
1984,6,3,9
1984,6,5,11
1984,7,2,9
1984,5,3,8
1984,5,4,9
1984,6,3,9
1984,4,2,6
1984,6,5,11
1984,5,1,6
1984,7,3,10
1984,6,4,10
1984,4,0,4
1984,4,3,7
1984,2,11,13
1984,4,1,5
1984,2,14,16
1984,3,2,5
1984,5,2,7
1984,2,1,3
1984,6,4,10
1984,6,4,10
1984,3,2,5
1984,2,1,3
1984,5,2,7
1984,4,3,7
1984,4,2,6
1984,6,5,11
1984,5,2,7
1984,9,6,15
1984,6,2,8
1984,5,1,6
1984,9,0,9
1984,3,2,5
1984,5,3,8
1984,7,11,18
1984,4,1,5
1984,4,3,7
1984,9,2,11
1984,6,2,8
1984,5,2,7
1984,4,2,6
1984,4,1,5
1984,5,3,8
1984,9,5,14
1984,5,2,7
1984,7,3,10
1984,8,5,13
1984,4,2,6
1984,4,3,7
1984,3,2,5
1984,7,4,11
1984,4,3,7
1984,4,2,6
1984,4,2,6
1984,4,3,7
1984,2,1,3
1984,5,4,9
1984,4,0,4
1984,9,5,14
1984,7,0,7
1984,4,0,4
1984,5,4,9
1984,3,1,4
1984,6,3,9
1984,2,0,2
1984,9,7,16
1984,2,10,12
1984,9,3,12
1984,1,0,1
1984,4,2,6
1984,8,0,8
1984,5,3,8
1984,4,1,5
1984,7,4,11
1984,8,4,12
1984,3,2,5
1984,5,4,9
1984,2,1,3
1984,7,12,19
1984,7,5,12
1984,8,6,14
1984,8,4,12
1984,8,7,15
1984,5,4,9
1984,9,2,11
1984,8,5,13
1984,6,2,8
1984,3,2,5
1984,6,3,9
1984,7,0,7
1984,2,1,3
1984,7,6,13
1984,2,1,3
1984,7,6,13
1984,5,1,6
1984,8,0,8
1984,7,6,13
1984,4,2,6
1984,7,4,11
1984,7,6,13
1984,3,2,5
1984,3,1,4
1984,5,4,9
1984,5,0,5
1984,7,2,9
1984,6,4,10
1984,7,2,9
1984,1,0,1
1984,5,4,9
1984,8,0,8
1984,7,5,12
1984,6,0,6
1984,5,4,9
1984,1,0,1
1984,7,6,13
1984,11,0,11
1984,2,1,3
1984,6,5,11
1984,7,3,10
1984,3,1,4
1984,4,10,14
1984,7,6,13
1984,4,2,6
1984,5,4,9
1984,7,11,18
1984,6,4,10
1984,10,1,11
1984,5,4,9
1984,4,2,6
1984,4,1,5
1984,3,0,3
1984,7,13,20
1984,4,1,5
1984,8,4,12
1984,2,0,2
1984,4,1,5
1984,3,2,5
1984,5,10,15
1984,8,2,10
1984,10,1,11
1984,9,5,14
1984,2,1,3
1984,3,1,4
1984,6,1,7
1984,5,4,9
1984,4,2,6
1984,5,4,9
1984,3,2,5
1984,5,3,8
1984,9,10,19
1984,8,1,9
1984,6,1,7
1984,6,0,6
1984,8,4,12
1984,7,3,10
1984,6,3,9
1984,3,0,3
1984,5,4,9
1984,3,2,5
1984,5,4,9
1984,5,3,8
1984,6,5,11
1984,2,1,3
1984,6,1,7
1984,9,2,11
1984,5,1,6
1984,5,3,8
1984,2,1,3
1984,3,1,4
1984,4,3,7
1984,9,3,12
1984,8,1,9
1984,9,5,14
1984,6,4,10
1984,12,1,13
1984,7,6,13
1984,8,2,10
1984,4,0,4
1984,3,2,5
1984,2,1,3
1984,3,2,5
1984,7,6,13
1984,8,2,10
1984,7,3,10
1984,6,1,7
1984,6,5,11
1984,16,1,17
1984,4,3,7
1984,8,3,11
1984,6,2,8
1984,8,13,21
1984,3,2,5
1984,8,4,12
1984,3,2,5
1984,4,3,7
1984,8,3,11
1984,3,2,5
1984,5,2,7
1984,8,1,9
1984,7,5,12
1984,6,5,11
1984,8,7,15
1984,5,4,9
1984,8,3,11
1984,3,11,14
1984,6,3,9
1984,6,5,11
1984,6,5,11
1984,4,3,7
1984,6,4,10
1984,5,3,8
1984,6,2,8
1984,2,1,3
1984,7,3,10
1984,7,4,11
1984,8,4,12
1984,2,0,2
1984,3,1,4
1984,8,6,14
1984,1,0,1
1984,6,4,10
1984,3,1,4
1984,7,6,13
1984,13,11,24
1984,4,3,7
1984,6,5,11
1984,8,0,8
1984,5,0,5
1984,6,5,11
1984,8,3,11
1984,5,4,9
1984,4,10,14
1984,5,4,9
1984,7,4,11
1984,9,6,15
1984,8,6,14
1984,2,1,3
1984,4,1,5
1984,6,3,9
1984,9,6,15
1984,4,3,7
1984,3,0,3
1984,7,6,13
1984,4,2,6
1984,8,5,13
1984,6,4,10
1984,5,4,9
1984,8,5,13
1984,6,1,7
1984,9,7,16
1984,14,1,15
1984,3,1,4
1984,8,4,12
1984,4,1,5
1984,3,1,4
1984,6,4,10
1984,7,5,12
1984,4,3,7
1984,11,1,12
1984,5,11,16
1984,4,1,5
1984,6,12,18
1984,4,3,7
1984,8,2,10
1984,5,4,9
1984,7,4,11
1984,5,12,17
1984,4,3,7
1984,3,1,4
1984,4,0,4
1984,6,2,8
1984,8,3,11
1984,6,3,9
1984,4,11,15
1984,5,3,8
1984,5,2,7
1984,4,3,7
1984,2,1,3
1984,7,2,9
1984,5,2,7
1984,7,5,12
1984,3,1,4
1984,3,13,16
1984,9,6,15
1984,5,2,7
1984,6,1,7
1984,7,6,13
1984,5,3,8
1984,3,0,3
1984,7,2,9
1984,5,2,7
1984,3,10,13
1984,6,2,8
1984,4,1,5
1984,5,4,9
1984,7,6,13
1984,6,5,11
1984,4,2,6
1984,6,5,11
1984,2,0,2
1984,6,4,10
1984,6,11,17
1984,5,1,6
1984,3,2,5
1984,5,2,7
1984,3,0,3
1984,7,6,13
1984,5,4,9
1984,4,3,7
1984,5,4,9
1984,4,2,6
1984,7,4,11
1984,5,3,8
1984,14,1,15
1984,4,2,6
1984,6,12,18
1984,5,0,5
1984,3,2,5
1984,6,5,11
1984,6,3,9
1984,2,1,3
1984,2,1,3
1984,6,11,17
1984,6,13,19
1984,8,10,18
1984,7,1,8
1984,7,2,9
1984,7,6,13
1984,7,4,11
1984,7,1,8
1984,5,2,7
1984,5,4,9
1984,5,1,6
1984,8,7,15
1984,9,1,10
1984,5,3,8
1984,4,2,6
1984,5,2,7
1984,5,2,7
1984,3,2,5
1984,6,0,6
1984,8,5,13
1984,2,1,3
1984,3,2,5
1984,5,1,6
1984,4,3,7
1984,8,11,19
1984,5,4,9
1984,7,6,13
1984,6,10,16
1984,7,5,12
1984,7,2,9
1984,4,2,6
1984,4,1,5
1984,5,2,7
1984,4,0,4
1984,4,3,7
1984,3,2,5
1984,4,1,5
1984,2,0,2
1984,5,1,6
1984,8,5,13
1984,8,3,11
1984,4,3,7
1984,4,1,5
1984,4,3,7
1984,7,6,13
1984,9,3,12
1984,5,2,7
1984,6,5,11
1984,6,5,11
1984,2,1,3
1984,3,2,5
1984,4,3,7
1984,3,1,4
1984,6,2,8
1984,8,7,15
1984,5,2,7
1984,5,1,6
1984,4,0,4
1984,7,6,13
1984,6,5,11
1984,7,11,18
1984,7,5,12
1984,7,6,13
1984,7,0,7
1984,4,1,5
1984,6,11,17
1984,6,1,7
1984,7,5,12
1984,4,1,5
1984,4,3,7
1984,7,4,11
1984,6,10,16
1984,7,5,12
1984,7,2,9
1984,9,10,19
1984,8,4,12
1984,8,4,12
1984,4,12,16
1984,4,2,6
1984,5,3,8
1984,6,4,10
1984,7,1,8
1984,8,3,11
1984,4,0,4
1984,3,2,5
1984,6,3,9
1984,8,3,11
1984,4,3,7
1984,4,1,5
1984,6,0,6
1984,6,4,10
1984,8,2,10
1984,6,5,11
1984,7,4,11
1984,4,1,5
1984,4,3,7
1984,8,5,13
1984,3,0,3
1984,2,0,2
1984,4,3,7
1984,4,3,7
1984,7,3,10
1984,7,3,10
1984,8,7,15
1984,2,12,14
1984,5,3,8
1984,4,1,5
1984,4,1,5
1984,2,1,3
1984,3,1,4
1984,5,3,8
1984,6,4,10
1984,7,2,9
1984,8,3,11
1984,2,12,14
1984,6,3,9
1984,5,4,9
1984,4,11,15
1984,1,0,1
1984,4,1,5
1984,4,3,7
1984,7,5,12
1984,3,1,4
1984,4,3,7
1984,4,2,6
1984,15,11,26
1984,4,1,5
1984,6,5,11
1984,6,5,11
1984,7,3,10
1984,3,2,5
1984,4,1,5
1984,2,0,2
1984,3,10,13
1984,2,14,16
1984,6,5,11
1984,8,10,18
1984,4,2,6
1984,8,16,24
1984,2,13,15
1984,5,4,9
1984,1,0,1
1984,7,3,10
1984,7,1,8
1984,10,0,10
1984,4,1,5
1984,6,4,10
1984,5,4,9
1984,7,4,11
1984,5,3,8
1984,6,12,18
1984,6,5,11
1984,9,5,14
1984,5,4,9
1984,6,3,9
1984,5,4,9
1984,4,0,4
1984,6,0,6
1984,9,2,11
1984,4,0,4
1984,4,10,14
1984,4,0,4
1984,10,1,11
1984,8,2,10
1984,7,5,12
1984,6,5,11
1984,5,1,6
1984,9,3,12
1984,6,5,11
1984,5,1,6
1984,2,1,3
1984,8,4,12
1984,6,4,10
1984,7,2,9
1984,3,1,4
1984,7,4,11
1984,3,2,5
1984,3,1,4
1984,7,3,10
1984,3,2,5
1984,1,0,1
1984,8,5,13
1984,7,3,10
1984,6,2,8
1984,9,2,11
1984,6,14,20
1984,4,2,6
1984,6,3,9
1984,7,3,10
1984,6,4,10
1984,5,1,6
1984,9,5,14
1984,4,1,5
1984,5,1,6
1984,5,2,7
1984,4,3,7
1984,3,10,13
1984,3,1,4
1984,5,4,9
1984,7,1,8
1984,5,11,16
1984,7,4,11
1984,4,1,5
1984,3,2,5
1984,2,0,2
1984,4,2,6
1984,3,1,4
1984,6,5,11
1984,8,1,9
1984,8,1,9
1984,2,1,3
1984,7,3,10
1984,4,14,18
1984,2,10,12
1984,9,7,16
1984,6,1,7
1984,3,0,3
1984,5,0,5
1984,7,1,8
1984,6,5,11
1984,7,2,9
1984,4,2,6
1984,4,2,6
1984,7,1,8
1984,6,1,7
1984,9,5,14
1984,2,1,3
1984,8,7,15
1984,9,2,11
1984,4,1,5
1984,2,11,13
1984,5,4,9
1984,5,2,7
1984,2,1,3
1984,3,2,5
1984,7,0,7
1984,4,3,7
1984,6,3,9
1984,4,3,7
1984,8,5,13
1984,8,3,11
1984,1,0,1
1984,7,5,12
1984,4,2,6
1984,9,3,12
1984,7,5,12
1984,8,3,11
1984,9,10,19
1984,8,11,19
1984,5,3,8
1984,8,4,12
1984,8,4,12
1984,4,2,6
1984,8,7,15
1984,2,0,2
1984,9,0,9
1984,10,1,11
1984,3,2,5
1984,7,3,10
1984,5,3,8
1984,7,3,10
1984,7,12,19
1984,5,3,8
1984,2,1,3
1984,3,2,5
1984,5,4,9
1984,6,5,11
1984,10,0,10
1984,6,2,8
1984,2,0,2
1984,3,0,3
1984,5,4,9
1984,5,3,8
1984,2,10,12
1984,5,2,7
1984,8,5,13
1984,6,3,9
1984,7,4,11
1984,3,10,13
1984,4,2,6
1984,4,3,7
1984,6,11,17
1984,4,2,6
1984,3,1,4
1984,7,3,10
1984,6,5,11
1984,8,7,15
1984,5,13,18
1984,5,4,9
1984,4,3,7
1984,1,0,1
1984,4,10,14
1984,9,3,12
1984,15,1,16
1984,2,0,2
1984,7,6,13
1984,6,2,8
1984,5,4,9
1984,5,4,9
1984,3,2,5
1984,6,4,10
1984,8,0,8
1984,5,4,9
1984,5,1,6
1984,5,3,8
1984,5,2,7
1984,7,4,11
1984,7,3,10
1984,6,2,8
1984,5,1,6
1984,3,1,4
1984,5,1,6
1984,8,0,8
1984,5,1,6
1984,4,2,6
1984,9,7,16
1984,7,1,8
1984,6,0,6
1984,2,1,3
1984,4,2,6
1984,4,1,5
1984,4,2,6
1984,2,1,3
1984,5,2,7
1984,8,7,15
1984,2,1,3
1984,6,2,8
1984,2,1,3
1984,4,0,4
1984,4,1,5
1984,2,1,3
1984,5,1,6
1984,5,1,6
1984,6,1,7
1984,4,2,6
1984,2,1,3
1984,4,2,6
1984,8,1,9
1984,4,2,6
1984,8,5,13
1984,8,1,9
1984,7,6,13
1984,9,8,17
1984,8,4,12
1984,4,0,4
1984,4,12,16
1984,5,1,6
1984,7,3,10
1984,2,1,3
1984,7,5,12
1984,4,1,5
1984,7,1,8
1984,8,6,14
1984,6,10,16
1984,6,5,11
1984,6,14,20
1984,8,4,12
1984,4,2,6
1984,5,13,18
1984,6,5,11
1984,6,12,18
1984,9,1,10
1984,6,4,10
1984,6,4,10
1984,7,1,8
1984,4,3,7
1984,7,5,12
1984,3,1,4
1984,8,4,12
1984,9,3,12
1984,6,3,9
1984,1,0,1
1984,2,0,2
1984,3,1,4
1984,7,5,12
1984,5,0,5
1984,7,1,8
1984,5,2,7
1984,4,0,4
1984,7,5,12
1984,4,3,7
1984,2,1,3
1984,4,3,7
1984,6,3,9
1984,2,1,3
1984,7,2,9
1984,2,1,3
1984,4,2,6
1984,5,4,9
1984,4,1,5
1984,6,3,9
1984,11,10,21
1984,4,3,7
1984,4,3,7
1984,7,0,7
1984,4,2,6
1984,6,5,11
1984,7,1,8
1984,4,1,5
1984,6,2,8
1984,6,3,9
1984,9,5,14
1984,4,1,5
1984,6,4,10
1984,4,3,7
1984,5,4,9
1984,8,4,12
1984,3,11,14
1984,6,2,8
1984,4,0,4
1984,6,2,8
1984,4,0,4
1984,4,3,7
1984,5,3,8
1984,2,1,3
1984,7,6,13
1984,7,4,11
1984,7,2,9
1984,4,0,4
1984,5,4,9
1984,9,2,11
1984,8,2,10
1984,2,0,2
1984,7,2,9
1984,5,3,8
1984,1,0,1
1984,13,0,13
1984,8,1,9
1984,4,2,6
1984,5,3,8
1984,7,1,8
1984,1,0,1
1984,7,5,12
1984,6,3,9
1984,3,2,5
1984,5,3,8
1984,5,2,7
1984,4,2,6
1984,8,4,12
1985,4,2,6
1985,9,2,11
1985,4,1,5
1985,5,4,9
1985,2,1,3
1985,6,2,8
1985,2,1,3
1985,2,1,3
1985,4,2,6
1985,6,5,11
1985,6,0,6
1985,6,3,9
1985,4,3,7
1985,7,1,8
1985,5,14,19
1985,6,3,9
1985,4,1,5
1985,8,1,9
1985,5,4,9
1985,1,0,1
1985,5,4,9
1985,3,0,3
1985,6,4,10
1985,4,3,7
1985,4,1,5
1985,11,10,21
1985,4,3,7
1985,4,3,7
1985,8,1,9
1985,2,1,3
1985,6,3,9
1985,6,14,20
1985,7,3,10
1985,7,2,9
1985,5,1,6
1985,8,3,11
1985,4,1,5
1985,1,0,1
1985,6,15,21
1985,6,4,10
1985,2,1,3
1985,6,11,17
1985,7,5,12
1985,8,7,15
1985,7,2,9
1985,8,3,11
1985,6,3,9
1985,4,2,6
1985,3,1,4
1985,1,0,1
1985,2,1,3
1985,6,1,7
1985,4,3,7
1985,8,7,15
1985,6,5,11
1985,3,1,4
1985,5,3,8
1985,6,11,17
1985,4,2,6
1985,2,1,3
1985,5,3,8
1985,5,1,6
1985,8,4,12
1985,4,0,4
1985,8,1,9
1985,4,10,14
1985,5,1,6
1985,8,1,9
1985,9,8,17
1985,6,5,11
1985,2,1,3
1985,5,3,8
1985,5,0,5
1985,7,4,11
1985,4,1,5
1985,8,3,11
1985,6,1,7
1985,2,1,3
1985,1,0,1
1985,6,3,9
1985,2,1,3
1985,2,0,2
1985,7,3,10
1985,5,4,9
1985,9,7,16
1985,2,1,3
1985,2,1,3
1985,9,4,13
1985,6,1,7
1985,5,4,9
1985,6,3,9
1985,2,0,2
1985,6,1,7
1985,1,0,1
1985,4,3,7
1985,8,4,12
1985,6,10,16
1985,2,1,3
1985,3,1,4
1985,4,3,7
1985,5,11,16
1985,4,3,7
1985,9,8,17
1985,3,2,5
1985,5,0,5
1985,7,1,8
1985,4,2,6
1985,9,5,14
1985,9,1,10
1985,8,1,9
1985,4,2,6
1985,9,2,11
1985,4,1,5
1985,5,3,8
1985,2,1,3
1985,4,2,6
1985,1,0,1
1985,2,11,13
1985,5,4,9
1985,6,5,11
1985,8,1,9
1985,3,2,5
1985,8,12,20
1985,2,1,3
1985,4,3,7
1985,5,1,6
1985,4,0,4
1985,5,2,7
1985,6,2,8
1985,7,6,13
1985,4,3,7
1985,4,3,7
1985,3,2,5
1985,4,2,6
1985,9,2,11
1985,7,2,9
1985,1,0,1
1985,3,2,5
1985,5,2,7
1985,4,0,4
1985,3,0,3
1985,2,0,2
1985,6,10,16
1985,2,0,2
1985,6,0,6
1985,3,2,5
1985,6,1,7
1985,4,2,6
1985,6,4,10
1985,4,1,5
1985,9,5,14
1985,9,1,10
1985,5,3,8
1985,5,3,8
1985,3,2,5
1985,7,6,13
1985,6,1,7
1985,2,0,2
1985,9,14,23
1985,6,5,11
1985,4,3,7
1985,6,4,10
1985,4,2,6
1985,5,4,9
1985,5,4,9
1985,5,0,5
1985,4,2,6
1985,2,1,3
1985,8,3,11
1985,11,1,12
1985,7,6,13
1985,6,4,10
1985,3,2,5
1985,7,6,13
1985,8,3,11
1985,10,0,10
1985,7,6,13
1985,7,6,13
1985,5,2,7
1985,3,1,4
1985,4,2,6
1985,5,1,6
1985,2,1,3
1985,2,10,12
1985,7,1,8
1985,3,2,5
1985,6,3,9
1985,7,11,18
1985,5,4,9
1985,4,2,6
1985,5,1,6
1985,3,0,3
1985,7,3,10
1985,6,3,9
1985,5,2,7
1985,4,2,6
1985,3,2,5
1985,2,0,2
1985,1,0,1
1985,8,7,15
1985,5,10,15
1985,6,0,6
1985,7,3,10
1985,3,11,14
1985,7,6,13
1985,6,5,11
1985,4,10,14
1985,5,4,9
1985,5,4,9
1985,8,2,10
1985,4,3,7
1985,3,2,5
1985,8,6,14
1985,8,3,11
1985,3,2,5
1985,6,1,7
1985,6,1,7
1985,2,1,3
1985,9,8,17
1985,8,7,15
1985,5,2,7
1985,4,3,7
1985,2,1,3
1985,1,0,1
1985,5,0,5
1985,10,1,11
1985,5,3,8
1985,5,4,9
1985,3,2,5
1985,2,1,3
1985,2,1,3
1985,6,3,9
1985,7,6,13
1985,3,2,5
1985,2,1,3
1985,3,2,5
1985,9,7,16
1985,7,5,12
1985,9,7,16
1985,3,2,5
1985,3,1,4
1985,8,4,12
1985,2,11,13
1985,5,1,6
1985,4,1,5
1985,4,3,7
1985,11,0,11
1985,6,2,8
1985,4,2,6
1985,6,1,7
1985,8,4,12
1985,3,1,4
1985,6,3,9
1985,4,3,7
1985,9,17,26
1985,7,3,10
1985,6,5,11
1985,3,10,13
1985,7,4,11
1985,3,2,5
1985,6,4,10
1985,7,0,7
1985,2,1,3
1985,5,1,6
1985,3,2,5
1985,5,4,9
1985,2,1,3
1985,9,2,11
1985,7,0,7
1985,6,5,11
1985,9,4,13
1985,4,0,4
1985,7,1,8
1985,8,7,15
1985,7,1,8
1985,10,0,10
1985,3,2,5
1985,2,16,18
1985,5,4,9
1985,8,1,9
1985,9,3,12
1985,4,3,7
1985,8,12,20
1985,2,14,16
1985,3,1,4
1985,7,1,8
1985,8,6,14
1985,5,2,7
1985,5,4,9
1985,7,5,12
1985,6,5,11
1985,8,1,9
1985,6,4,10
1985,6,1,7
1985,5,1,6
1985,6,3,9
1985,3,2,5
1985,7,2,9
1985,4,3,7
1985,5,10,15
1985,6,2,8
1985,6,3,9
1985,4,3,7
1985,3,2,5
1985,4,1,5
1985,5,0,5
1985,5,4,9
1985,7,5,12
1985,5,2,7
1985,6,4,10
1985,4,2,6
1985,7,4,11
1985,4,2,6
1985,5,2,7
1985,8,6,14
1985,3,1,4
1985,5,3,8
1985,2,0,2
1985,5,3,8
1985,2,12,14
1985,10,1,11
1985,10,1,11
1985,6,1,7
1985,4,0,4
1985,9,8,17
1985,5,2,7
1985,4,2,6
1985,8,6,14
1985,1,0,1
1985,4,0,4
1985,8,2,10
1985,2,12,14
1985,1,0,1
1985,4,1,5
1985,6,4,10
1985,5,4,9
1985,1,0,1
1985,1,0,1
1985,6,5,11
1985,5,4,9
1985,3,1,4
1985,5,2,7
1985,6,4,10
1985,1,0,1
1985,5,4,9
1985,5,0,5
1985,5,0,5
1985,6,2,8
1985,9,3,12
1985,5,2,7
1985,8,3,11
1985,4,2,6
1985,12,1,13
1985,7,4,11
1985,7,10,17
1985,3,11,14
1985,5,2,7
1985,6,5,11
1985,3,0,3
1985,4,0,4
1985,3,1,4
1985,9,4,13
1985,4,1,5
1985,4,2,6
1985,7,3,10
1985,5,3,8
1985,4,0,4
1985,5,10,15
1985,6,5,11
1985,2,0,2
1985,7,4,11
1985,4,0,4
1985,3,2,5
1985,5,3,8
1985,5,4,9
1985,6,0,6
1985,9,5,14
1985,1,0,1
1985,5,2,7
1985,8,0,8
1985,7,3,10
1985,7,4,11
1985,3,2,5
1985,9,8,17
1985,3,1,4
1985,5,3,8
1985,5,0,5
1985,2,1,3
1985,7,1,8
1985,4,1,5
1985,10,0,10
1985,8,3,11
1985,6,3,9
1985,7,10,17
1985,6,2,8
1985,3,1,4
1985,6,3,9
1985,3,2,5
1985,7,1,8
1985,5,2,7
1985,5,1,6
1985,5,3,8
1985,3,2,5
1985,3,19,22
1985,5,4,9
1985,2,1,3
1985,6,5,11
1985,4,14,18
1985,3,2,5
1985,9,6,15
1985,6,3,9
1985,3,1,4
1985,7,1,8
1985,1,0,1
1985,7,5,12
1985,4,2,6
1985,6,5,11
1985,7,5,12
1985,6,0,6
1985,4,2,6
1985,5,0,5
1985,8,6,14
1985,3,0,3
1985,7,6,13
1985,2,1,3
1985,3,2,5
1985,2,10,12
1985,5,10,15
1985,6,3,9
1985,3,11,14
1985,4,3,7
1985,6,1,7
1985,7,2,9
1985,4,1,5
1985,6,5,11
1985,7,2,9
1985,3,1,4
1985,8,2,10
1985,8,2,10
1985,9,6,15
1985,7,5,12
1985,8,0,8
1985,8,7,15
1985,3,0,3
1985,4,1,5
1985,5,1,6
1985,2,1,3
1985,7,3,10
1985,11,10,21
1985,8,2,10
1985,8,3,11
1985,3,2,5
1985,9,7,16
1985,3,2,5
1985,7,1,8
1985,2,1,3
1985,7,2,9
1985,6,1,7
1985,5,2,7
1985,9,1,10
1985,2,0,2
1985,2,1,3
1985,3,1,4
1985,14,0,14
1985,8,7,15
1985,6,1,7
1985,2,1,3
1985,5,2,7
1985,6,4,10
1985,9,1,10
1985,6,1,7
1985,3,2,5
1985,6,5,11
1985,3,2,5
1985,11,1,12
1985,6,3,9
1985,5,0,5
1985,4,3,7
1985,3,2,5
1985,7,4,11
1985,6,5,11
1985,4,3,7
1985,4,0,4
1985,5,4,9
1985,3,0,3
1985,6,2,8
1985,5,3,8
1985,4,1,5
1985,5,3,8
1985,6,3,9
1985,10,0,10
1985,6,5,11
1985,4,2,6
1985,6,4,10
1985,7,6,13
1985,4,2,6
1985,4,3,7
1985,6,2,8
1985,7,6,13
1985,7,6,13
1985,8,4,12
1985,5,2,7
1985,2,0,2
1985,4,3,7
1985,3,10,13
1985,1,0,1
1985,4,3,7
1985,1,0,1
1985,8,2,10
1985,5,3,8
1985,5,4,9
1985,6,4,10
1985,7,10,17
1985,3,0,3
1985,9,7,16
1985,3,1,4
1985,6,2,8
1985,8,7,15
1985,4,1,5
1985,3,2,5
1985,3,10,13
1985,5,4,9
1985,4,10,14
1985,8,10,18
1985,7,2,9
1985,6,5,11
1985,3,2,5
1985,5,3,8
1985,3,1,4
1985,2,1,3
1985,13,1,14
1985,7,2,9
1985,6,0,6
1985,5,3,8
1985,9,2,11
1985,6,4,10
1985,4,3,7
1985,4,2,6
1985,4,2,6
1985,8,0,8
1985,6,1,7
1985,8,1,9
1985,2,1,3
1985,9,10,19
1985,5,2,7
1985,9,3,12
1985,6,1,7
1985,13,11,24
1985,4,3,7
1985,6,1,7
1985,3,2,5
1985,8,5,13
1985,5,3,8
1985,5,4,9
1985,7,0,7
1985,8,5,13
1985,1,0,1
1985,4,2,6
1985,8,3,11
1985,6,2,8
1985,6,1,7
1985,7,2,9
1985,7,2,9
1985,2,1,3
1985,4,3,7
1985,6,0,6
1985,8,2,10
1985,8,7,15
1985,4,3,7
1985,3,2,5
1985,6,1,7
1985,3,1,4
1985,5,4,9
1985,2,1,3
1985,9,2,11
1985,3,1,4
1985,8,3,11
1985,6,3,9
1985,6,2,8
1985,4,0,4
1985,6,4,10
1985,8,3,11
1985,8,2,10
1985,4,3,7
1985,4,3,7
1985,5,0,5
1985,7,2,9
1985,3,1,4
1985,6,0,6
1985,8,7,15
1985,9,2,11
1985,4,1,5
1985,4,2,6
1985,7,2,9
1985,8,2,10
1985,6,3,9
1985,5,3,8
1985,2,1,3
1985,9,3,12
1985,8,3,11
1985,10,1,11
1985,3,12,15
1985,4,1,5
1985,4,3,7
1985,4,3,7
1985,8,7,15
1985,5,4,9
1985,7,6,13
1985,5,0,5
1985,7,3,10
1985,3,1,4
1985,8,3,11
1985,5,4,9
1985,5,2,7
1985,7,5,12
1985,6,5,11
1985,9,8,17
1985,5,4,9
1985,5,2,7
1985,3,2,5
1985,4,2,6
1985,9,5,14
1985,7,3,10
1985,6,5,11
1985,5,0,5
1985,5,3,8
1985,9,3,12
1985,7,6,13
1985,4,3,7
1985,4,1,5
1985,2,0,2
1985,6,5,11
1985,5,1,6
1985,6,1,7
1985,7,3,10
1985,9,2,11
1985,4,0,4
1985,4,2,6
1985,9,11,20
1985,5,2,7
1985,2,10,12
1985,2,1,3
1985,3,1,4
1985,6,0,6
1985,8,3,11
1985,5,0,5
1985,3,2,5
1985,9,1,10
1985,5,1,6
1985,4,3,7
1985,2,0,2
1985,7,2,9
1985,8,4,12
1985,6,0,6
1985,1,0,1
1985,9,3,12
1985,3,2,5
1985,6,4,10
1985,4,1,5
1985,9,10,19
1985,6,3,9
1985,7,2,9
1985,4,2,6
1985,3,1,4
1985,9,2,11
1985,7,3,10
1985,2,1,3
1985,4,1,5
1985,7,3,10
1985,7,4,11
1985,8,12,20
1985,4,1,5
1985,2,1,3
1985,3,1,4
1985,1,0,1
1985,6,5,11
1985,4,3,7
1985,10,1,11
1985,3,10,13
1985,12,0,12
1985,1,0,1
1985,5,1,6
1985,5,3,8
1985,6,10,16
1985,5,0,5
1985,9,4,13
1985,5,1,6
1985,6,1,7
1985,8,2,10
1985,8,4,12
1985,6,5,11
1985,4,1,5
1985,8,3,11
1985,7,0,7
1985,4,2,6
1985,8,1,9
1985,7,4,11
1985,6,4,10
1985,8,7,15
1985,9,1,10
1985,5,4,9
1985,4,2,6
1985,2,1,3
1985,6,4,10
1985,6,1,7
1985,9,4,13
1985,5,4,9
1985,5,3,8
1985,6,4,10
1985,11,0,11
1985,5,3,8
1985,4,1,5
1985,4,3,7
1985,7,26,33
1985,2,13,15
1985,7,1,8
1985,5,2,7
1985,7,2,9
1985,3,2,5
1985,6,2,8
1985,3,2,5
1985,2,0,2
1985,3,2,5
1985,3,2,5
1985,7,3,10
1985,6,3,9
1985,9,2,11
1985,8,3,11
1985,8,7,15
1985,2,1,3
1985,9,7,16
1985,5,4,9
1985,2,1,3
1985,4,3,7
1985,3,0,3
1985,7,5,12
1985,6,4,10
1985,9,3,12
1985,4,1,5
1985,4,2,6
1985,11,10,21
1985,6,1,7
1985,2,10,12
1985,5,4,9
1985,4,0,4
1985,3,2,5
1985,5,13,18
1985,5,4,9
1985,4,2,6
1985,7,0,7
1985,7,5,12
1985,7,5,12
1985,3,2,5
1985,2,0,2
1985,8,6,14
1985,3,0,3
1985,3,2,5
1985,8,10,18
1985,3,13,16
1985,2,1,3
1985,1,0,1
1985,2,11,13
1985,6,5,11
1985,9,1,10
1985,7,6,13
1985,3,1,4
1985,5,2,7
1985,3,2,5
1985,6,11,17
1985,9,0,9
1985,7,2,9
1985,2,1,3
1985,3,2,5
1985,2,1,3
1985,7,3,10
1985,5,4,9
1985,4,1,5
1985,4,3,7
1985,10,0,10
1985,3,2,5
1985,3,10,13
1985,3,2,5
1985,2,1,3
1985,5,2,7
1985,2,0,2
1985,4,0,4
1985,3,2,5
1985,6,4,10
1985,4,3,7
1985,7,3,10
1985,9,8,17
1985,10,1,11
1985,4,0,4
1985,4,1,5
1985,4,1,5
1985,5,1,6
1985,6,1,7
1985,6,2,8
1985,8,5,13
1985,7,3,10
1985,10,0,10
1985,8,7,15
1985,2,0,2
1985,9,3,12
1985,3,2,5
1985,5,1,6
1985,5,1,6
1985,4,3,7
1985,1,0,1
1985,5,2,7
1985,1,0,1
1985,5,4,9
1985,2,0,2
1985,12,1,13
1985,4,0,4
1985,9,10,19
1985,8,11,19
1985,2,1,3
1985,5,3,8
1985,6,5,11
1985,5,0,5
1985,3,11,14
1985,6,5,11
1985,5,2,7
1985,4,2,6
1985,5,4,9
1985,6,4,10
1985,7,2,9
1985,13,10,23
1985,3,2,5
1985,6,3,9
1985,9,1,10
1985,4,3,7
1985,6,1,7
1985,7,5,12
1985,7,2,9
1985,6,3,9
1985,4,3,7
1985,4,0,4
1985,2,1,3
1985,6,3,9
1985,3,2,5
1985,3,2,5
1985,5,4,9
1985,6,4,10
1985,5,2,7
1985,2,1,3
1985,2,1,3
1985,5,3,8
1985,11,1,12
1985,2,1,3
1985,3,1,4
1985,8,2,10
1985,6,2,8
1985,6,3,9
1985,3,1,4
1985,5,1,6
1985,9,3,12
1985,3,2,5
1985,6,1,7
1985,7,0,7
1985,8,1,9
1985,9,2,11
1985,2,1,3
1985,8,4,12
1985,6,12,18
1985,5,4,9
1985,7,1,8
1985,2,0,2
1985,3,0,3
1985,7,3,10
1985,3,2,5
1985,7,6,13
1985,6,4,10
1985,3,0,3
1985,7,4,11
1985,5,4,9
1985,3,1,4
1985,3,2,5
1985,3,2,5
1985,2,1,3
1985,7,1,8
1985,3,0,3
1985,6,10,16
1985,7,3,10
1985,6,4,10
1985,3,1,4
1985,2,1,3
1985,4,3,7
1985,10,0,10
1985,6,4,10
1985,2,11,13
1985,4,10,14
1985,5,4,9
1985,5,4,9
1985,4,2,6
1985,7,6,13
1985,4,1,5
1985,4,3,7
1985,4,2,6
1985,5,4,9
1985,7,3,10
1985,6,1,7
1985,5,4,9
1985,2,0,2
1985,5,4,9
1985,2,11,13
1985,5,3,8
1985,5,2,7
1985,5,0,5
1985,9,11,20
1985,8,6,14
1985,3,1,4
1985,3,2,5
1985,7,5,12
1985,4,16,20
1985,1,0,1
1985,8,0,8
1985,7,1,8
1985,3,2,5
1985,6,2,8
1985,6,0,6
1985,6,5,11
1985,3,0,3
1985,3,2,5
1985,8,1,9
1985,6,0,6
1985,7,6,13
1985,3,0,3
1985,4,3,7
1985,6,5,11
1985,3,1,4
1985,4,3,7
1985,3,2,5
1985,7,5,12
1985,9,2,11
1985,3,2,5
1985,7,3,10
1985,6,2,8
1985,7,4,11
1985,2,1,3
1985,7,4,11
1985,7,1,8
1985,3,1,4
1985,4,3,7
1985,8,1,9
1985,5,1,6
1985,5,2,7
1985,3,2,5
1985,1,0,1
1985,3,1,4
1985,6,5,11
1985,4,1,5
1985,5,10,15
1985,4,1,5
1985,5,4,9
1985,4,12,16
1985,10,1,11
1985,3,0,3
1985,4,3,7
1985,8,7,15
1985,4,0,4
1985,5,4,9
1985,2,11,13
1985,3,2,5
1985,8,3,11
1985,7,2,9
1985,5,3,8
1985,4,3,7
1985,5,1,6
1985,3,0,3
1985,9,0,9
1985,7,0,7
1985,6,2,8
1985,4,3,7
1985,3,2,5
1985,3,2,5
1985,16,13,29
1985,5,4,9
1985,6,4,10
1985,5,0,5
1985,9,3,12
1985,5,3,8
1985,3,2,5
1985,3,2,5
1985,3,1,4
1985,9,1,10
1985,7,1,8
1985,3,2,5
1985,4,1,5
1985,6,1,7
1985,4,13,17
1985,6,12,18
1985,8,3,11
1985,4,2,6
1985,6,3,9
1985,6,3,9
1985,8,2,10
1985,5,2,7
1985,5,4,9
1985,7,6,13
1985,4,1,5
1985,3,1,4
1985,7,5,12
1985,6,4,10
1985,6,4,10
1985,8,7,15
1985,8,3,11
1985,5,1,6
1985,4,2,6
1985,8,7,15
1985,5,3,8
1985,8,3,11
1985,4,3,7
1985,4,0,4
1985,8,5,13
1985,8,3,11
1985,6,5,11
1985,3,10,13
1985,6,3,9
1985,8,4,12
1985,3,2,5
1985,2,14,16
1985,8,2,10
1985,3,2,5
1985,3,0,3
1985,2,1,3
1985,7,1,8
1985,5,3,8
1985,7,1,8
1985,7,4,11
1985,3,2,5
1985,8,4,12
1985,7,5,12
1985,4,0,4
1985,9,4,13
1985,7,4,11
1985,5,2,7
1985,2,1,3
1985,4,3,7
1985,4,0,4
1985,6,1,7
1985,5,1,6
1985,6,11,17
1985,5,4,9
1985,7,3,10
1985,2,11,13
1985,7,2,9
1985,6,5,11
1985,5,3,8
1985,6,4,10
1985,6,3,9
1985,8,3,11
1985,9,4,13
1985,3,1,4
1985,6,5,11
1985,2,1,3
1985,2,1,3
1985,4,3,7
1985,2,1,3
1985,4,1,5
1985,1,0,1
1985,10,0,10
1985,6,5,11
1985,5,4,9
1985,5,4,9
1985,11,1,12
1985,7,3,10
1985,3,2,5
1985,7,6,13
1985,5,3,8
1985,3,1,4
1985,2,0,2
1985,1,0,1
1985,5,1,6
1985,4,3,7
1985,7,11,18
1985,9,3,12
1985,6,4,10
1985,7,1,8
1985,6,0,6
1985,7,4,11
1985,3,10,13
1985,5,3,8
1985,7,4,11
1985,5,4,9
1985,5,4,9
1985,3,2,5
1985,3,2,5
1985,6,0,6
1985,5,3,8
1985,3,1,4
1985,5,4,9
1985,2,0,2
1985,5,13,18
1985,8,10,18
1985,4,3,7
1985,9,1,10
1985,6,3,9
1985,5,1,6
1985,6,4,10
1985,10,1,11
1985,3,1,4
1985,2,0,2
1985,4,1,5
1985,6,5,11
1985,7,3,10
1985,3,12,15
1985,5,3,8
1985,5,3,8
1985,4,10,14
1985,5,4,9
1985,9,5,14
1985,8,0,8
1985,1,0,1
1985,7,1,8
1985,2,11,13
1985,7,3,10
1985,6,2,8
1985,2,1,3
1985,8,3,11
1985,10,1,11
1985,10,0,10
1985,6,3,9
1985,3,2,5
1985,2,1,3
1985,5,2,7
1985,8,4,12
1985,3,0,3
1985,7,6,13
1985,3,2,5
1985,1,0,1
1985,6,4,10
1985,3,10,13
1985,3,2,5
1985,1,0,1
1985,3,2,5
1985,2,1,3
1985,5,2,7
1985,9,7,16
1985,6,4,10
1985,4,0,4
1985,1,0,1
1985,6,0,6
1985,4,3,7
1985,5,1,6
1985,7,5,12
1985,5,3,8
1985,8,6,14
1985,6,10,16
1985,6,5,11
1985,3,0,3
1985,13,10,23
1985,8,3,11
1985,6,1,7
1985,4,16,20
1985,4,2,6
1985,2,1,3
1985,5,1,6
1985,6,4,10
1985,8,4,12
1985,4,3,7
1985,7,6,13
1985,7,5,12
1985,4,2,6
1985,5,4,9
1985,5,2,7
1985,5,4,9
1985,15,10,25
1985,5,2,7
1985,2,1,3
1985,4,11,15
1985,6,4,10
1985,9,4,13
1985,5,4,9
1985,6,3,9
1985,3,16,19
1985,5,4,9
1985,7,1,8
1985,5,1,6
1985,7,6,13
1985,5,3,8
1985,4,3,7
1985,2,1,3
1985,3,1,4
1985,3,2,5
1985,5,3,8
1985,5,2,7
1985,6,0,6
1985,2,0,2
1985,5,2,7
1985,4,2,6
1985,4,0,4
1985,6,12,18
1985,8,1,9
1985,6,3,9
1985,8,4,12
1985,4,2,6
1985,6,5,11
1985,5,4,9
1985,5,3,8
1985,9,1,10
1985,8,4,12
1985,4,2,6
1985,3,1,4
1985,3,2,5
1985,3,1,4
1985,4,3,7
1985,4,0,4
1985,8,4,12
1985,3,1,4
1985,5,3,8
1985,5,1,6
1985,7,3,10
1985,2,11,13
1985,7,2,9
1985,1,0,1
1985,6,3,9
1985,3,2,5
1985,9,6,15
1985,4,3,7
1985,7,0,7
1985,6,2,8
1985,9,8,17
1985,7,1,8
1985,10,0,10
1985,7,3,10
1985,6,5,11
1985,7,6,13
1985,6,4,10
1985,2,1,3
1985,3,1,4
1985,9,8,17
1985,8,3,11
1985,3,10,13
1985,9,1,10
1985,6,3,9
1985,5,4,9
1985,4,3,7
1985,4,11,15
1985,7,6,13
1985,4,16,20
1985,7,3,10
1985,5,4,9
1985,2,0,2
1985,8,3,11
1985,2,14,16
1985,8,3,11
1985,7,2,9
1985,6,1,7
1985,7,4,11
1985,9,2,11
1985,5,2,7
1985,3,2,5
1985,6,0,6
1985,4,12,16
1985,7,3,10
1985,4,2,6
1985,3,2,5
1985,8,2,10
1985,5,1,6
1985,4,3,7
1985,8,2,10
1985,4,2,6
1985,5,10,15
1985,3,2,5
1985,3,2,5
1985,8,6,14
1985,5,4,9
1985,4,3,7
1985,7,5,12
1985,3,11,14
1985,4,1,5
1985,8,5,13
1985,3,2,5
1985,7,11,18
1985,4,2,6
1985,6,3,9
1985,2,0,2
1985,5,4,9
1985,2,0,2
1985,4,12,16
1985,5,4,9
1985,5,3,8
1985,1,1,2
1985,5,2,7
1985,9,2,11
1985,6,5,11
1985,5,2,7
1985,7,5,12
1985,5,2,7
1985,5,2,7
1985,8,5,13
1985,4,3,7
1985,3,12,15
1985,6,0,6
1985,9,3,12
1985,7,2,9
1985,4,3,7
1985,9,8,17
1985,5,2,7
1985,9,1,10
1985,3,1,4
1985,3,0,3
1985,7,12,19
1985,3,1,4
1985,2,1,3
1985,5,3,8
1985,5,2,7
1985,8,6,14
1985,4,1,5
1985,9,12,21
1985,4,3,7
1985,6,5,11
1985,3,1,4
1985,3,2,5
1985,3,2,5
1985,5,3,8
1985,7,5,12
1985,5,4,9
1985,5,4,9
1985,2,0,2
1985,4,10,14
1985,9,3,12
1985,4,3,7
1985,5,4,9
1985,8,4,12
1985,6,2,8
1985,6,5,11
1985,6,4,10
1985,4,1,5
1985,5,4,9
1985,6,5,11
1985,4,1,5
1985,5,4,9
1985,5,4,9
1985,7,4,11
1985,4,14,18
1985,2,1,3
1985,6,5,11
1985,4,1,5
1985,5,3,8
1985,4,3,7
1985,6,0,6
1985,8,4,12
1985,6,1,7
1985,3,1,4
1985,7,2,9
1985,8,7,15
1985,7,5,12
1985,8,4,12
1985,7,3,10
1985,5,1,6
1985,5,2,7
1985,9,1,10
1985,7,6,13
1985,6,1,7
1985,3,10,13
1985,6,4,10
1985,6,5,11
1985,4,2,6
1985,7,14,21
1985,8,1,9
1985,7,6,13
1985,7,3,10
1985,6,5,11
1985,2,11,13
1985,2,0,2
1985,8,0,8
1985,7,4,11
1985,3,1,4
1985,7,2,9
1985,7,4,11
1985,6,10,16
1985,8,7,15
1985,4,2,6
1985,4,2,6
1985,3,1,4
1985,6,1,7
1985,7,2,9
1985,6,4,10
1985,5,4,9
1985,6,4,10
1985,2,1,3
1985,6,4,10
1985,6,5,11
1985,5,2,7
1985,7,3,10
1985,5,2,7
1985,5,4,9
1985,4,3,7
1985,2,1,3
1985,9,1,10
1985,7,5,12
1985,8,3,11
1985,5,4,9
1985,4,13,17
1985,5,11,16
1985,6,5,11
1985,9,8,17
1985,5,3,8
1985,4,1,5
1985,7,2,9
1985,5,3,8
1985,4,0,4
1985,12,0,12
1985,6,5,11
1985,6,2,8
1985,4,1,5
1985,7,2,9
1985,9,6,15
1985,7,4,11
1985,9,4,13
1985,8,5,13
1985,3,2,5
1985,4,10,14
1985,8,7,15
1985,3,0,3
1985,4,3,7
1985,4,3,7
1985,5,4,9
1985,4,3,7
1985,2,0,2
1985,6,5,11
1985,4,3,7
1985,8,1,9
1985,5,4,9
1985,8,4,12
1985,6,3,9
1985,4,3,7
1985,4,1,5
1985,2,1,3
1985,5,4,9
1985,8,1,9
1985,4,2,6
1985,3,2,5
1985,4,11,15
1985,4,2,6
1985,6,5,11
1985,5,3,8
1985,8,4,12
1985,3,16,19
1985,7,10,17
1985,8,7,15
1985,5,0,5
1985,4,3,7
1985,5,0,5
1985,7,4,11
1985,2,1,3
1985,4,1,5
1985,3,1,4
1985,6,1,7
1985,7,5,12
1985,4,1,5
1985,9,1,10
1985,7,3,10
1985,7,6,13
1985,5,4,9
1985,7,5,12
1985,5,14,19
1985,7,10,17
1985,5,4,9
1985,4,1,5
1985,3,1,4
1985,4,3,7
1985,4,2,6
1985,5,2,7
1985,6,5,11
1985,3,2,5
1985,5,4,9
1985,3,2,5
1985,6,5,11
1985,5,4,9
1985,7,1,8
1985,6,3,9
1985,5,1,6
1985,6,1,7
1985,4,2,6
1985,9,2,11
1985,9,5,14
1985,4,10,14
1985,7,5,12
1985,8,0,8
1985,7,12,19
1985,2,0,2
1985,3,1,4
1985,4,3,7
1985,5,2,7
1985,5,4,9
1985,4,2,6
1985,4,3,7
1985,9,5,14
1985,4,0,4
1985,8,3,11
1985,8,4,12
1985,7,2,9
1985,4,2,6
1985,5,0,5
1985,2,1,3
1985,6,3,9
1985,2,1,3
1985,6,5,11
1985,6,10,16
1985,9,2,11
1985,5,4,9
1985,5,3,8
1985,2,1,3
1985,4,1,5
1985,1,0,1
1985,6,5,11
1985,5,2,7
1985,3,1,4
1985,8,5,13
1985,2,1,3
1985,3,2,5
1985,2,17,19
1985,3,2,5
1985,1,0,1
1985,3,0,3
1985,4,1,5
1985,5,4,9
1985,3,2,5
1985,4,3,7
1985,9,5,14
1985,5,3,8
1985,13,10,23
1985,2,1,3
1985,5,2,7
1985,7,4,11
1985,3,2,5
1985,6,2,8
1985,3,2,5
1985,4,3,7
1985,6,15,21
1985,8,5,13
1985,8,11,19
1985,3,2,5
1985,8,4,12
1985,3,2,5
1985,7,3,10
1985,2,1,3
1985,3,0,3
1985,7,0,7
1985,5,3,8
1985,2,0,2
1985,5,1,6
1985,4,0,4
1985,6,2,8
1985,5,2,7
1985,7,6,13
1985,6,3,9
1985,3,10,13
1985,3,2,5
1985,5,10,15
1985,4,3,7
1985,8,4,12
1985,6,1,7
1985,3,0,3
1985,7,2,9
1985,4,1,5
1985,2,0,2
1985,3,1,4
1985,7,0,7
1985,1,0,1
1985,2,13,15
1985,6,3,9
1985,4,0,4
1985,8,2,10
1985,5,2,7
1985,5,1,6
1985,4,3,7
1985,9,2,11
1985,4,3,7
1985,5,2,7
1985,7,1,8
1985,5,3,8
1985,5,3,8
1985,6,2,8
1985,2,0,2
1985,7,3,10
1985,6,1,7
1985,9,3,12
1985,4,10,14
1985,5,14,19
1985,9,3,12
1985,9,10,19
1985,8,5,13
1985,2,1,3
1985,3,17,20
1985,7,6,13
1985,3,0,3
1985,4,3,7
1985,8,3,11
1985,4,10,14
1985,9,2,11
1985,4,3,7
1985,7,4,11
1985,6,1,7
1985,3,2,5
1985,4,3,7
1985,6,3,9
1985,7,6,13
1985,7,3,10
1985,7,4,11
1985,6,4,10
1985,6,2,8
1985,4,11,15
1985,8,5,13
1985,8,0,8
1985,6,1,7
1985,2,1,3
1985,3,0,3
1985,4,1,5
1985,3,1,4
1985,6,1,7
1985,5,1,6
1985,7,6,13
1985,7,4,11
1985,3,0,3
1985,8,2,10
1985,6,5,11
1985,7,0,7
1985,6,5,11
1985,9,6,15
1985,6,0,6
1985,2,17,19
1985,3,2,5
1985,3,2,5
1985,4,0,4
1985,8,5,13
1985,6,3,9
1985,6,0,6
1985,8,1,9
1985,1,0,1
1985,8,3,11
1985,5,2,7
1985,9,6,15
1985,7,3,10
1985,4,1,5
1985,2,1,3
1985,7,5,12
1985,4,1,5
1985,5,3,8
1985,6,0,6
1985,5,4,9
1985,6,0,6
1985,4,1,5
1985,5,0,5
1985,8,10,18
1985,6,5,11
1985,5,4,9
1985,4,10,14
1985,7,1,8
1985,3,2,5
1985,3,1,4
1985,6,4,10
1985,6,2,8
1985,2,10,12
1985,2,15,17
1985,3,2,5
1985,3,14,17
1985,4,1,5
1985,4,11,15
1985,3,10,13
1985,5,3,8
1985,5,1,6
1985,4,3,7
1985,5,0,5
1985,5,3,8
1985,4,1,5
1985,4,12,16
1985,7,2,9
1985,11,1,12
1985,3,2,5
1985,5,4,9
1985,6,1,7
1985,8,7,15
1985,5,4,9
1985,4,12,16
1985,4,3,7
1985,4,1,5
1985,2,11,13
1985,3,2,5
1985,3,2,5
1985,8,7,15
1985,8,14,22
1985,3,2,5
1985,4,0,4
1985,4,3,7
1985,6,3,9
1985,2,0,2
1985,8,3,11
1985,4,3,7
1985,6,4,10
1985,6,4,10
1985,6,1,7
1985,6,11,17
1985,5,2,7
1985,6,5,11
1985,4,2,6
1985,11,10,21
1985,4,3,7
1985,2,0,2
1985,9,2,11
1985,4,3,7
1985,4,3,7
1985,5,4,9
1985,6,13,19
1985,9,5,14
1985,4,3,7
1985,4,1,5
1985,7,3,10
1985,6,1,7
1985,4,11,15
1985,7,0,7
1985,6,2,8
1985,7,5,12
1985,8,4,12
1985,4,3,7
1985,4,3,7
1985,7,1,8
1985,2,0,2
1985,8,4,12
1985,3,2,5
1985,8,3,11
1985,8,0,8
1985,12,1,13
1985,8,3,11
1985,4,3,7
1985,9,11,20
1985,7,4,11
1985,9,7,16
1985,5,12,17
1985,7,1,8
1985,7,4,11
1985,7,6,13
1985,3,2,5
1985,2,0,2
1985,7,1,8
1985,3,1,4
1985,3,2,5
1985,6,3,9
1985,7,4,11
1985,8,1,9
1985,5,5,10
1985,6,2,8
1985,13,11,24
1985,4,3,7
1985,9,6,15
1985,9,7,16
1985,9,6,15
1985,7,3,10
1985,7,6,13
1985,9,10,19
1985,9,7,16
1985,7,1,8
1985,5,0,5
1985,2,1,3
1985,4,2,6
1985,9,4,13
1985,3,1,4
1985,8,7,15
1985,3,1,4
1985,5,3,8
1985,10,1,11
1985,4,10,14
1985,7,5,12
1985,5,3,8
1985,6,0,6
1985,7,2,9
1985,3,2,5
1985,4,1,5
1985,13,10,23
1985,5,4,9
1985,3,10,13
1985,5,2,7
1985,2,1,3
1985,8,5,13
1985,2,1,3
1985,3,12,15
1985,4,1,5
1985,2,1,3
1985,5,0,5
1985,2,0,2
1985,4,11,15
1985,9,10,19
1985,4,3,7
1985,1,0,1
1985,6,3,9
1985,4,1,5
1985,3,1,4
1985,9,5,14
1985,3,2,5
1985,6,11,17
1985,3,1,4
1985,5,3,8
1985,4,2,6
1985,2,1,3
1985,5,2,7
1985,7,5,12
1985,7,6,13
1985,6,3,9
1985,2,10,12
1985,9,3,12
1985,2,0,2
1985,9,3,12
1985,8,2,10
1985,6,5,11
1985,3,2,5
1985,3,1,4
1985,6,4,10
1985,3,2,5
1985,6,3,9
1985,5,1,6
1985,7,2,9
1985,3,2,5
1985,5,2,7
1985,6,3,9
1985,6,1,7
1985,3,1,4
1985,8,5,13
1985,5,4,9
1985,7,0,7
1985,9,11,20
1985,5,3,8
1985,3,10,13
1985,5,4,9
1985,4,3,7
1985,8,10,18
1985,5,1,6
1985,7,4,11
1985,2,1,3
1985,6,3,9
1985,6,5,11
1985,4,1,5
1985,4,12,16
1985,5,1,6
1985,6,10,16
1985,5,2,7
1985,4,1,5
1985,2,1,3
1985,4,2,6
1985,6,2,8
1985,8,5,13
1985,4,2,6
1985,7,2,9
1985,5,4,9
1985,6,3,9
1985,7,2,9
1985,7,6,13
1985,7,14,21
1985,5,1,6
1985,5,3,8
1985,7,6,13
1985,8,5,13
1985,9,5,14
1985,9,0,9
1985,8,4,12
1985,3,1,4
1985,4,2,6
1985,6,10,16
1985,6,0,6
1985,6,5,11
1985,5,2,7
1985,6,1,7
1985,8,15,23
1985,9,1,10
1985,7,0,7
1985,7,2,9
1985,3,0,3
1985,5,1,6
1985,4,10,14
1985,7,1,8
1985,7,3,10
1985,4,2,6
1985,13,1,14
1985,9,3,12
1985,1,0,1
1985,5,2,7
1985,6,0,6
1985,7,2,9
1985,4,3,7
1985,6,10,16
1985,4,2,6
1985,7,0,7
1985,9,6,15
1985,5,15,20
1985,5,2,7
1985,8,0,8
1985,3,10,13
1985,6,4,10
1985,6,5,11
1985,8,6,14
1985,5,1,6
1985,6,3,9
1985,3,11,14
1985,4,2,6
1985,6,2,8
1985,7,5,12
1985,4,10,14
1985,5,3,8
1985,5,1,6
1985,7,5,12
1985,3,1,4
1985,11,1,12
1985,5,3,8
1985,5,3,8
1985,9,10,19
1985,7,5,12
1985,5,2,7
1985,7,6,13
1985,3,12,15
1985,8,3,11
1985,9,5,14
1985,6,5,11
1985,12,1,13
1985,9,2,11
1985,1,0,1
1985,2,11,13
1985,7,6,13
1985,7,2,9
1985,2,1,3
1985,5,4,9
1985,6,2,8
1985,9,10,19
1985,7,5,12
1985,6,5,11
1985,7,3,10
1985,5,3,8
1985,9,2,11
1985,7,5,12
1985,5,3,8
1985,6,5,11
1985,6,0,6
1985,2,1,3
1985,2,1,3
1985,6,5,11
1985,7,10,17
1985,5,3,8
1985,8,7,15
1985,4,1,5
1985,7,2,9
1985,5,4,9
1985,4,11,15
1985,5,1,6
1985,8,1,9
1985,17,15,32
1985,7,5,12
1985,7,2,9
1985,6,10,16
1985,9,1,10
1985,8,10,18
1985,7,1,8
1985,4,3,7
1985,5,2,7
1985,5,4,9
1985,5,0,5
1985,6,2,8
1985,7,4,11
1985,5,4,9
1985,4,2,6
1985,6,4,10
1985,3,0,3
1985,2,10,12
1985,7,2,9
1985,8,2,10
1985,7,4,11
1985,5,4,9
1985,6,3,9
1985,5,1,6
1985,4,2,6
1985,3,0,3
1985,6,1,7
1985,9,1,10
1985,7,11,18
1985,5,2,7
1985,5,0,5
1985,2,0,2
1985,4,1,5
1985,10,1,11
1985,9,7,16
1985,4,3,7
1985,7,3,10
1985,5,1,6
1985,6,2,8
1985,5,1,6
1985,4,1,5
1985,4,3,7
1985,8,7,15
1985,6,0,6
1985,6,5,11
1985,11,10,21
1985,5,2,7
1985,7,5,12
1985,2,0,2
1985,3,1,4
1985,6,1,7
1985,5,3,8
1985,2,0,2
1985,4,2,6
1985,6,5,11
1985,7,4,11
1985,3,1,4
1985,3,2,5
1985,3,2,5
1985,6,2,8
1985,5,0,5
1985,9,3,12
1985,8,4,12
1985,7,2,9
1985,5,13,18
1985,6,3,9
1985,7,5,12
1985,4,0,4
1985,9,2,11
1985,3,0,3
1985,9,7,16
1985,5,2,7
1985,6,3,9
1985,3,1,4
1985,6,4,10
1985,7,1,8
1985,5,4,9
1985,4,3,7
1985,5,3,8
1985,3,10,13
1985,4,3,7
1985,9,3,12
1985,6,1,7
1985,2,0,2
1985,4,2,6
1985,3,10,13
1985,6,12,18
1985,6,1,7
1985,7,6,13
1985,1,0,1
1985,4,2,6
1985,9,4,13
1985,2,12,14
1985,4,2,6
1985,4,0,4
1985,9,3,12
1985,3,1,4
1985,3,1,4
1985,3,2,5
1985,1,0,1
1985,5,4,9
1985,7,2,9
1985,5,2,7
1985,3,14,17
1985,6,2,8
1985,9,8,17
1985,5,4,9
1985,5,13,18
1985,2,0,2
1985,4,1,5
1985,5,0,5
1985,8,7,15
1985,3,0,3
1985,9,4,13
1985,7,2,9
1985,4,3,7
1985,5,2,7
1985,8,7,15
1985,7,5,12
1985,4,2,6
1985,4,2,6
1985,8,6,14
1985,9,4,13
1985,7,2,9
1985,8,5,13
1985,4,3,7
1985,1,0,1
1985,4,2,6
1985,6,0,6
1985,4,3,7
1985,7,6,13
1985,3,2,5
1985,4,10,14
1985,5,4,9
1985,3,1,4
1985,8,2,10
1985,8,3,11
1985,4,2,6
1985,5,0,5
1985,9,3,12
1985,7,1,8
1985,7,1,8
1985,3,1,4
1985,5,1,6
1985,3,11,14
1985,9,6,15
1985,3,2,5
1985,9,3,12
1985,6,5,11
1985,4,2,6
1985,2,1,3
1985,5,0,5
1985,6,4,10
1985,8,7,15
1985,8,2,10
1985,6,5,11
1985,8,0,8
1985,6,1,7
1985,4,1,5
1985,6,5,11
1985,8,2,10
1985,6,5,11
1985,3,1,4
1985,4,2,6
1985,2,0,2
1985,2,12,14
1985,3,2,5
1985,5,3,8
1985,7,5,12
1985,6,2,8
1985,3,1,4
1985,4,2,6
1985,6,1,7
1985,3,0,3
1985,6,1,7
1985,2,1,3
1985,11,0,11
1986,6,4,10
1986,5,3,8
1986,7,4,11
1986,6,5,11
1986,2,1,3
1986,6,0,6
1986,8,3,11
1986,1,0,1
1986,4,2,6
1986,3,2,5
1986,4,2,6
1986,8,4,12
1986,2,1,3
1986,6,3,9
1986,4,3,7
1986,4,3,7
1986,5,3,8
1986,6,5,11
1986,4,1,5
1986,1,0,1
1986,7,4,11
1986,5,4,9
1986,9,5,14
1986,3,1,4
1986,6,3,9
1986,5,1,6
1986,8,5,13
1986,4,2,6
1986,4,0,4
1986,3,2,5
1986,6,5,11
1986,3,0,3
1986,5,2,7
1986,4,2,6
1986,11,10,21
1986,7,2,9
1986,7,2,9
1986,2,1,3
1986,6,2,8
1986,9,8,17
1986,5,1,6
1986,3,2,5
1986,3,10,13
1986,9,7,16
1986,5,4,9
1986,4,3,7
1986,9,1,10
1986,5,4,9
1986,3,1,4
1986,6,2,8
1986,4,3,7
1986,1,0,1
1986,7,6,13
1986,4,10,14
1986,7,3,10
1986,9,3,12
1986,9,8,17
1986,3,1,4
1986,3,2,5
1986,6,3,9
1986,2,1,3
1986,2,12,14
1986,8,2,10
1986,8,7,15
1986,7,4,11
1986,3,2,5
1986,4,2,6
1986,3,2,5
1986,7,11,18
1986,4,2,6
1986,8,0,8
1986,7,6,13
1986,3,2,5
1986,3,2,5
1986,8,2,10
1986,7,6,13
1986,8,10,18
1986,10,1,11
1986,7,6,13
1986,6,2,8
1986,3,1,4
1986,4,3,7
1986,2,1,3
1986,5,3,8
1986,9,4,13
1986,6,2,8
1986,8,2,10
1986,4,3,7
1986,2,1,3
1986,8,3,11
1986,5,3,8
1986,1,0,1
1986,4,0,4
1986,4,10,14
1986,7,5,12
1986,2,1,3
1986,4,1,5
1986,6,2,8
1986,4,1,5
1986,6,10,16
1986,6,4,10
1986,7,5,12
1986,7,6,13
1986,4,1,5
1986,5,3,8
1986,7,4,11
1986,6,3,9
1986,3,12,15
1986,2,1,3
1986,6,5,11
1986,4,0,4
1986,6,4,10
1986,6,1,7
1986,6,5,11
1986,4,2,6
1986,5,2,7
1986,4,1,5
1986,6,1,7
1986,6,4,10
1986,3,0,3
1986,4,10,14
1986,3,2,5
1986,5,4,9
1986,8,14,22
1986,4,3,7
1986,8,6,14
1986,4,3,7
1986,9,6,15
1986,3,2,5
1986,7,2,9
1986,6,5,11
1986,6,5,11
1986,7,3,10
1986,6,1,7
1986,6,2,8
1986,8,5,13
1986,8,10,18
1986,6,4,10
1986,5,4,9
1986,2,0,2
1986,8,0,8
1986,9,3,12
1986,4,0,4
1986,6,4,10
1986,8,2,10
1986,5,4,9
1986,6,2,8
1986,7,0,7
1986,8,4,12
1986,6,5,11
1986,5,2,7
1986,5,1,6
1986,7,6,13
1986,3,2,5
1986,6,4,10
1986,5,1,6
1986,3,2,5
1986,5,2,7
1986,5,1,6
1986,5,4,9
1986,8,2,10
1986,7,1,8
1986,7,1,8
1986,3,10,13
1986,10,1,11
1986,3,2,5
1986,3,1,4
1986,5,0,5
1986,6,0,6
1986,7,4,11
1986,5,1,6
1986,2,1,3
1986,2,1,3
1986,5,4,9
1986,4,3,7
1986,6,4,10
1986,9,8,17
1986,7,5,12
1986,3,0,3
1986,6,3,9
1986,2,1,3
1986,3,1,4
1986,4,2,6
1986,5,4,9
1986,2,1,3
1986,4,2,6
1986,9,7,16
1986,3,1,4
1986,6,0,6
1986,4,1,5
1986,7,4,11
1986,3,10,13
1986,2,11,13
1986,6,3,9
1986,9,8,17
1986,9,0,9
1986,11,1,12
1986,5,11,16
1986,4,2,6
1986,5,4,9
1986,1,0,1
1986,6,1,7
1986,5,4,9
1986,7,6,13
1986,3,2,5
1986,5,3,8
1986,6,5,11
1986,3,2,5
1986,4,3,7
1986,2,10,12
1986,8,0,8
1986,12,10,22
1986,4,1,5
1986,6,0,6
1986,7,4,11
1986,8,7,15
1986,9,7,16
1986,1,0,1
1986,5,13,18
1986,6,4,10
1986,5,3,8
1986,6,2,8
1986,2,1,3
1986,4,3,7
1986,5,4,9
1986,5,10,15
1986,3,1,4
1986,8,1,9
1986,7,4,11
1986,2,1,3
1986,5,4,9
1986,5,4,9
1986,14,11,25
1986,4,12,16
1986,5,4,9
1986,2,0,2
1986,6,5,11
1986,4,3,7
1986,8,1,9
1986,9,4,13
1986,8,6,14
1986,8,0,8
1986,7,3,10
1986,4,0,4
1986,5,1,6
1986,3,2,5
1986,1,0,1
1986,5,0,5
1986,6,5,11
1986,6,4,10
1986,6,4,10
1986,7,2,9
1986,2,12,14
1986,4,0,4
1986,7,2,9
1986,7,4,11
1986,4,3,7
1986,6,2,8
1986,7,4,11
1986,4,1,5
1986,7,5,12
1986,8,7,15
1986,10,1,11
1986,5,0,5
1986,3,2,5
1986,5,4,9
1986,6,3,9
1986,7,0,7
1986,7,1,8
1986,4,0,4
1986,6,5,11
1986,3,2,5
1986,4,3,7
1986,8,7,15
1986,4,1,5
1986,7,4,11
1986,3,2,5
1986,3,0,3
1986,4,3,7
1986,7,6,13
1986,9,4,13
1986,4,10,14
1986,7,6,13
1986,6,5,11
1986,4,2,6
1986,4,1,5
1986,6,4,10
1986,7,2,9
1986,4,1,5
1986,11,1,12
1986,3,1,4
1986,5,3,8
1986,7,6,13
1986,4,3,7
1986,5,1,6
1986,5,2,7
1986,2,1,3
1986,2,1,3
1986,3,2,5
1986,3,0,3
1986,4,1,5
1986,4,3,7
1986,5,4,9
1986,3,1,4
1986,6,4,10
1986,3,10,13
1986,6,10,16
1986,6,2,8
1986,6,10,16
1986,7,6,13
1986,2,0,2
1986,6,1,7
1986,10,0,10
1986,5,3,8
1986,4,0,4
1986,8,0,8
1986,7,2,9
1986,3,2,5
1986,4,2,6
1986,3,17,20
1986,6,2,8
1986,5,1,6
1986,8,4,12
1986,7,1,8
1986,5,2,7
1986,3,2,5
1986,7,6,13
1986,8,2,10
1986,7,5,12
1986,5,11,16
1986,4,3,7
1986,2,1,3
1986,7,6,13
1986,6,5,11
1986,5,10,15
1986,2,1,3
1986,8,2,10
1986,4,2,6
1986,3,13,16
1986,7,6,13
1986,7,4,11
1986,5,16,21
1986,6,2,8
1986,4,3,7
1986,8,7,15
1986,8,4,12
1986,2,1,3
1986,9,6,15
1986,3,2,5
1986,3,13,16
1986,2,1,3
1986,3,1,4
1986,5,2,7
1986,4,2,6
1986,6,5,11
1986,4,0,4
1986,2,12,14
1986,3,2,5
1986,5,1,6
1986,4,2,6
1986,6,3,9
1986,8,7,15
1986,6,3,9
1986,4,3,7
1986,2,1,3
1986,4,3,7
1986,5,1,6
1986,9,5,14
1986,5,4,9
1986,4,1,5
1986,4,3,7
1986,3,2,5
1986,6,5,11
1986,4,3,7
1986,4,3,7
1986,4,3,7
1986,6,3,9
1986,9,1,10
1986,4,3,7
1986,7,1,8
1986,2,19,21
1986,5,1,6
1986,6,5,11
1986,9,8,17
1986,4,3,7
1986,1,0,1
1986,5,3,8
1986,6,0,6
1986,3,1,4
1986,5,4,9
1986,6,5,11
1986,3,2,5
1986,3,2,5
1986,4,2,6
1986,6,4,10
1986,4,2,6
1986,6,3,9
1986,6,3,9
1986,4,2,6
1986,8,5,13
1986,6,5,11
1986,8,3,11
1986,8,5,13
1986,3,11,14
1986,8,2,10
1986,6,2,8
1986,5,0,5
1986,3,2,5
1986,3,2,5
1986,9,4,13
1986,8,6,14
1986,4,10,14
1986,9,6,15
1986,8,3,11
1986,5,3,8
1986,8,1,9
1986,6,2,8
1986,6,3,9
1986,7,4,11
1986,8,1,9
1986,6,5,11
1986,6,2,8
1986,8,4,12
1986,4,1,5
1986,4,2,6
1986,7,2,9
1986,11,1,12
1986,9,6,15
1986,4,3,7
1986,7,6,13
1986,7,3,10
1986,3,2,5
1986,3,0,3
1986,7,6,13
1986,2,0,2
1986,8,2,10
1986,8,2,10
1986,7,6,13
1986,4,0,4
1986,4,10,14
1986,5,1,6
1986,6,2,8
1986,4,1,5
1986,6,11,17
1986,5,3,8
1986,7,12,19
1986,5,11,16
1986,5,2,7
1986,4,13,17
1986,5,4,9
1986,5,1,6
1986,7,3,10
1986,5,2,7
1986,8,4,12
1986,5,3,8
1986,3,11,14
1986,8,3,11
1986,4,1,5
1986,2,10,12
1986,8,7,15
1986,6,4,10
1986,6,4,10
1986,8,3,11
1986,6,4,10
1986,7,17,24
1986,2,1,3
1986,12,0,12
1986,4,2,6
1986,4,0,4
1986,9,12,21
1986,2,1,3
1986,4,3,7
1986,2,1,3
1986,5,3,8
1986,4,0,4
1986,9,8,17
1986,2,1,3
1986,3,2,5
1986,5,4,9
1986,6,4,10
1986,2,1,3
1986,6,1,7
1986,4,2,6
1986,4,10,14
1986,7,2,9
1986,7,4,11
1986,8,3,11
1986,2,1,3
1986,2,0,2
1986,6,3,9
1986,5,0,5
1986,5,3,8
1986,4,0,4
1986,5,2,7
1986,5,4,9
1986,4,3,7
1986,6,2,8
1986,2,10,12
1986,6,4,10
1986,5,4,9
1986,4,1,5
1986,3,1,4
1986,5,1,6
1986,4,1,5
1986,8,2,10
1986,8,7,15
1986,5,10,15
1986,9,12,21
1986,7,4,11
1986,7,5,12
1986,4,3,7
1986,3,2,5
1986,2,1,3
1986,4,3,7
1986,9,6,15
1986,4,1,5
1986,7,6,13
1986,6,0,6
1986,6,3,9
1986,7,6,13
1986,4,2,6
1986,5,4,9
1986,5,4,9
1986,7,4,11
1986,9,5,14
1986,3,2,5
1986,3,1,4
1986,8,1,9
1986,2,1,3
1986,2,1,3
1986,5,2,7
1986,4,3,7
1986,8,5,13
1986,7,4,11
1986,4,2,6
1986,6,3,9
1986,3,11,14
1986,6,2,8
1986,7,1,8
1986,9,6,15
1986,5,3,8
1986,5,4,9
1986,4,0,4
1986,9,1,10
1986,9,6,15
1986,8,7,15
1986,9,4,13
1986,7,6,13
1986,4,1,5
1986,7,2,9
1986,5,4,9
1986,2,0,2
1986,9,1,10
1986,7,6,13
1986,5,4,9
1986,8,1,9
1986,6,2,8
1986,6,2,8
1986,5,4,9
1986,6,3,9
1986,4,1,5
1986,5,0,5
1986,7,13,20
1986,4,3,7
1986,8,14,22
1986,10,1,11
1986,4,2,6
1986,9,5,14
1986,4,0,4
1986,4,3,7
1986,6,5,11
1986,4,3,7
1986,6,3,9
1986,7,4,11
1986,5,2,7
1986,8,6,14
1986,5,4,9
1986,2,0,2
1986,3,0,3
1986,6,1,7
1986,6,4,10
1986,7,11,18
1986,1,0,1
1986,2,12,14
1986,5,13,18
1986,8,7,15
1986,6,3,9
1986,2,0,2
1986,6,4,10
1986,8,7,15
1986,6,0,6
1986,2,0,2
1986,8,4,12
1986,2,11,13
1986,3,2,5
1986,4,3,7
1986,8,1,9
1986,7,2,9
1986,7,3,10
1986,4,3,7
1986,1,0,1
1986,4,0,4
1986,7,4,11
1986,4,3,7
1986,7,4,11
1986,7,3,10
1986,2,1,3
1986,9,7,16
1986,8,4,12
1986,5,3,8
1986,6,3,9
1986,7,3,10
1986,7,1,8
1986,5,16,21
1986,3,12,15
1986,9,1,10
1986,6,4,10
1986,9,2,11
1986,3,1,4
1986,8,7,15
1986,1,0,1
1986,8,6,14
1986,9,2,11
1986,7,2,9
1986,2,11,13
1986,7,1,8
1986,2,13,15
1986,3,1,4
1986,8,5,13
1986,4,2,6
1986,5,1,6
1986,4,2,6
1986,4,1,5
1986,5,3,8
1986,3,1,4
1986,4,1,5
1986,7,6,13
1986,5,4,9
1986,6,4,10
1986,4,11,15
1986,6,5,11
1986,3,12,15
1986,5,1,6
1986,6,4,10
1986,11,0,11
1986,5,2,7
1986,2,0,2
1986,4,2,6
1986,8,6,14
1986,4,2,6
1986,4,2,6
1986,8,5,13
1986,8,7,15
1986,4,10,14
1986,7,1,8
1986,9,5,14
1986,8,2,10
1986,1,0,1
1986,7,5,12
1986,7,3,10
1986,7,0,7
1986,4,2,6
1986,4,3,7
1986,6,4,10
1986,3,0,3
1986,2,12,14
1986,6,1,7
1986,3,2,5
1986,3,0,3
1986,9,10,19
1986,5,2,7
1986,7,1,8
1986,4,10,14
1986,3,2,5
1986,5,3,8
1986,9,3,12
1986,6,5,11
1986,3,10,13
1986,8,2,10
1986,2,1,3
1986,4,1,5
1986,7,5,12
1986,3,0,3
1986,3,1,4
1986,7,5,12
1986,6,4,10
1986,4,2,6
1986,6,2,8
1986,3,2,5
1986,7,5,12
1986,3,2,5
1986,8,5,13
1986,4,11,15
1986,4,2,6
1986,5,2,7
1986,3,2,5
1986,7,3,10
1986,12,0,12
1986,9,18,27
1986,4,3,7
1986,4,1,5
1986,7,3,10
1986,3,1,4
1986,2,14,16
1986,5,4,9
1986,3,0,3
1986,6,5,11
1986,9,7,16
1986,5,3,8
1986,6,5,11
1986,3,2,5
1986,3,2,5
1986,3,2,5
1986,6,5,11
1986,5,3,8
1986,5,4,9
1986,5,1,6
1986,7,3,10
1986,8,7,15
1986,6,3,9
1986,9,5,14
1986,1,0,1
1986,6,3,9
1986,14,10,24
1986,8,4,12
1986,6,4,10
1986,12,1,13
1986,3,0,3
1986,4,2,6
1986,4,3,7
1986,12,11,23
1986,7,4,11
1986,9,3,12
1986,2,12,14
1986,5,4,9
1986,4,3,7
1986,6,2,8
1986,5,3,8
1986,5,3,8
1986,7,11,18
1986,2,1,3
1986,4,3,7
1986,3,2,5
1986,7,5,12
1986,3,2,5
1986,4,1,5
1986,8,4,12
1986,9,0,9
1986,3,2,5
1986,3,1,4
1986,5,3,8
1986,2,10,12
1986,1,0,1
1986,3,2,5
1986,2,11,13
1986,3,1,4
1986,6,5,11
1986,2,1,3
1986,2,1,3
1986,6,2,8
1986,11,10,21
1986,5,10,15
1986,2,1,3
1986,4,2,6
1986,2,0,2
1986,6,5,11
1986,1,0,1
1986,9,3,12
1986,7,3,10
1986,5,1,6
1986,3,2,5
1986,7,6,13
1986,12,0,12
1986,7,3,10
1986,6,5,11
1986,9,7,16
1986,4,3,7
1986,7,3,10
1986,6,5,11
1986,4,3,7
1986,7,3,10
1986,7,2,9
1986,4,1,5
1986,8,5,13
1986,9,2,11
1986,2,0,2
1986,6,0,6
1986,5,10,15
1986,9,6,15
1986,4,3,7
1986,5,4,9
1986,2,1,3
1986,7,5,12
1986,9,2,11
1986,4,1,5
1986,10,1,11
1986,3,2,5
1986,4,2,6
1986,4,0,4
1986,4,3,7
1986,6,3,9
1986,4,0,4
1986,8,11,19
1986,5,4,9
1986,5,2,7
1986,2,1,3
1986,4,1,5
1986,4,2,6
1986,7,6,13
1986,2,1,3
1986,7,2,9
1986,8,5,13
1986,5,2,7
1986,6,1,7
1986,5,1,6
1986,5,4,9
1986,3,2,5
1986,5,1,6
1986,3,1,4
1986,9,10,19
1986,7,4,11
1986,5,2,7
1986,1,0,1
1986,2,1,3
1986,6,3,9
1986,9,4,13
1986,7,5,12
1986,6,2,8
1986,8,1,9
1986,9,8,17
1986,4,2,6
1986,5,3,8
1986,8,3,11
1986,3,2,5
1986,9,10,19
1986,3,14,17
1986,5,3,8
1986,6,4,10
1986,8,5,13
1986,6,2,8
1986,5,4,9
1986,1,0,1
1986,9,8,17
1986,7,2,9
1986,3,10,13
1986,9,2,11
1986,3,1,4
1986,7,10,17
1986,8,10,18
1986,7,2,9
1986,7,6,13
1986,7,6,13
1986,4,3,7
1986,8,7,15
1986,4,3,7
1986,7,5,12
1986,14,1,15
1986,8,6,14
1986,8,6,14
1986,2,1,3
1986,3,2,5
1986,4,2,6
1986,4,0,4
1986,4,10,14
1986,5,2,7
1986,7,4,11
1986,5,4,9
1986,5,4,9
1986,4,1,5
1986,2,1,3
1986,4,2,6
1986,7,4,11
1986,4,2,6
1986,3,2,5
1986,5,4,9
1986,15,1,16
1986,3,11,14
1986,2,11,13
1986,7,6,13
1986,6,3,9
1986,6,5,11
1986,5,4,9
1986,19,1,20
1986,8,6,14
1986,18,1,19
1986,2,1,3
1986,6,4,10
1986,5,3,8
1986,8,1,9
1986,2,1,3
1986,2,1,3
1986,8,4,12
1986,8,4,12
1986,6,2,8
1986,6,2,8
1986,7,6,13
1986,8,7,15
1986,3,0,3
1986,5,2,7
1986,3,12,15
1986,8,0,8
1986,5,4,9
1986,4,3,7
1986,2,11,13
1986,4,3,7
1986,5,4,9
1986,3,2,5
1986,5,2,7
1986,7,10,17
1986,6,1,7
1986,3,1,4
1986,2,1,3
1986,7,1,8
1986,5,1,6
1986,8,3,11
1986,9,2,11
1986,3,10,13
1986,5,4,9
1986,5,3,8
1986,6,3,9
1986,7,6,13
1986,4,2,6
1986,5,0,5
1986,6,4,10
1986,7,14,21
1986,8,6,14
1986,7,1,8
1986,6,5,11
1986,2,1,3
1986,5,3,8
1986,7,3,10
1986,9,3,12
1986,5,2,7
1986,5,1,6
1986,8,5,13
1986,6,4,10
1986,7,2,9
1986,7,4,11
1986,4,1,5
1986,3,2,5
1986,5,2,7
1986,7,4,11
1986,3,1,4
1986,8,3,11
1986,6,4,10
1986,7,4,11
1986,4,3,7
1986,9,5,14
1986,3,1,4
1986,2,1,3
1986,9,4,13
1986,6,3,9
1986,6,5,11
1986,6,4,10
1986,9,3,12
1986,8,7,15
1986,5,1,6
1986,5,2,7
1986,9,10,19
1986,4,3,7
1986,4,3,7
1986,6,5,11
1986,9,2,11
1986,3,2,5
1986,8,3,11
1986,3,2,5
1986,3,2,5
1986,7,0,7
1986,5,2,7
1986,9,6,15
1986,7,3,10
1986,9,7,16
1986,5,3,8
1986,1,0,1
1986,7,4,11
1986,5,4,9
1986,9,0,9
1986,5,4,9
1986,8,5,13
1986,2,1,3
1986,5,0,5
1986,7,4,11
1986,1,0,1
1986,4,2,6
1986,4,3,7
1986,5,4,9
1986,4,3,7
1986,8,1,9
1986,8,3,11
1986,7,3,10
1986,4,3,7
1986,5,3,8
1986,4,3,7
1986,2,10,12
1986,3,1,4
1986,8,5,13
1986,6,3,9
1986,7,11,18
1986,9,5,14
1986,6,5,11
1986,7,3,10
1986,4,1,5
1986,1,0,1
1986,5,11,16
1986,6,5,11
1986,2,1,3
1986,3,10,13
1986,6,4,10
1986,5,4,9
1986,7,12,19
1986,2,1,3
1986,4,1,5
1986,2,1,3
1986,6,1,7
1986,2,1,3
1986,9,1,10
1986,5,12,17
1986,9,5,14
1986,8,0,8
1986,5,10,15
1986,5,0,5
1986,2,1,3
1986,7,6,13
1986,2,1,3
1986,7,2,9
1986,3,2,5
1986,7,4,11
1986,9,3,12
1986,7,3,10
1986,8,11,19
1986,7,3,10
1986,5,2,7
1986,5,0,5
1986,4,3,7
1986,6,3,9
1986,1,0,1
1986,5,3,8
1986,5,12,17
1986,2,1,3
1986,8,3,11
1986,5,2,7
1986,8,2,10
1986,6,4,10
1986,4,3,7
1986,8,1,9
1986,1,0,1
1986,3,1,4
1986,8,10,18
1986,12,1,13
1986,7,6,13
1986,7,3,10
1986,3,1,4
1986,3,14,17
1986,7,5,12
1986,8,7,15
1986,6,2,8
1986,8,4,12
1986,1,0,1
1986,3,14,17
1986,5,1,6
1986,4,1,5
1986,5,4,9
1986,8,2,10
1986,4,2,6
1986,4,1,5
1986,6,1,7
1986,8,5,13
1986,7,6,13
1986,6,3,9
1986,3,0,3
1986,8,2,10
1986,6,1,7
1986,7,0,7
1986,2,1,3
1986,11,1,12
1986,7,3,10
1986,6,4,10
1986,4,3,7
1986,5,4,9
1986,6,5,11
1986,8,7,15
1986,5,3,8
1986,9,6,15
1986,4,11,15
1986,4,11,15
1986,4,1,5
1986,11,1,12
1986,8,6,14
1986,5,1,6
1986,4,3,7
1986,6,3,9
1986,8,4,12
1986,5,0,5
1986,4,2,6
1986,7,2,9
1986,4,1,5
1986,4,3,7
1986,8,7,15
1986,6,3,9
1986,9,3,12
1986,9,3,12
1986,3,2,5
1986,11,0,11
1986,4,2,6
1986,8,4,12
1986,6,5,11
1986,3,2,5
1986,6,3,9
1986,6,11,17
1986,4,3,7
1986,7,4,11
1986,7,4,11
1986,9,15,24
1986,8,0,8
1986,2,0,2
1986,10,1,11
1986,4,2,6
1986,3,1,4
1986,5,3,8
1986,3,12,15
1986,7,0,7
1986,5,3,8
1986,5,4,9
1986,5,0,5
1986,4,3,7
1986,5,0,5
1986,5,0,5
1986,2,10,12
1986,2,0,2
1986,6,13,19
1986,4,11,15
1986,5,10,15
1986,6,2,8
1986,8,5,13
1986,6,4,10
1986,7,6,13
1986,2,1,3
1986,2,13,15
1986,5,1,6
1986,4,2,6
1986,5,4,9
1986,2,1,3
1986,5,1,6
1986,2,12,14
1986,7,3,10
1986,2,0,2
1986,2,1,3
1986,6,5,11
1986,5,0,5
1986,3,0,3
1986,3,2,5
1986,5,4,9
1986,8,4,12
1986,6,1,7
1986,7,12,19
1986,4,10,14
1986,4,3,7
1986,1,0,1
1986,9,3,12
1986,6,11,17
1986,5,2,7
1986,5,3,8
1986,5,4,9
1986,6,4,10
1986,7,2,9
1986,8,3,11
1986,3,2,5
1986,4,3,7
1986,9,4,13
1986,2,1,3
1986,8,3,11
1986,6,3,9
1986,5,4,9
1986,9,3,12
1986,4,0,4
1986,9,8,17
1986,3,2,5
1986,8,0,8
1986,7,2,9
1986,4,2,6
1986,4,2,6
1986,9,5,14
1986,7,2,9
1986,3,1,4
1986,6,1,7
1986,5,3,8
1986,6,1,7
1986,4,2,6
1986,5,2,7
1986,1,0,1
1986,8,7,15
1986,8,4,12
1986,5,2,7
1986,8,3,11
1986,8,3,11
1986,5,4,9
1986,5,4,9
1986,6,2,8
1986,6,4,10
1986,6,3,9
1986,8,4,12
1986,3,0,3
1986,1,0,1
1986,9,1,10
1986,4,2,6
1986,4,3,7
1986,8,7,15
1986,7,10,17
1986,4,2,6
1986,7,3,10
1986,3,2,5
1986,7,5,12
1986,3,2,5
1986,7,2,9
1986,2,12,14
1986,4,3,7
1986,3,2,5
1986,9,2,11
1986,6,5,11
1986,6,2,8
1986,4,3,7
1986,6,12,18
1986,6,5,11
1986,1,0,1
1986,9,3,12
1986,9,2,11
1986,7,3,10
1986,6,2,8
1986,8,1,9
1986,8,3,11
1986,9,2,11
1986,9,2,11
1986,9,5,14
1986,6,5,11
1986,4,2,6
1986,7,3,10
1986,4,2,6
1986,3,2,5
1986,7,5,12
1986,4,3,7
1986,8,5,13
1986,2,1,3
1986,4,1,5
1986,9,4,13
1986,7,6,13
1986,4,3,7
1986,8,4,12
1986,2,0,2
1986,3,2,5
1986,9,0,9
1986,5,2,7
1986,4,2,6
1986,8,5,13
1986,5,1,6
1986,3,11,14
1986,3,0,3
1986,13,11,24
1986,9,7,16
1986,5,4,9
1986,4,1,5
1986,1,0,1
1986,3,2,5
1986,7,0,7
1986,8,1,9
1986,3,2,5
1986,8,3,11
1986,3,1,4
1986,5,1,6
1986,4,2,6
1986,6,0,6
1986,2,1,3
1986,5,4,9
1986,6,5,11
1986,7,4,11
1986,9,2,11
1986,6,3,9
1986,3,1,4
1986,5,2,7
1986,4,3,7
1986,4,1,5
1986,6,3,9
1986,1,0,1
1986,5,2,7
1986,2,1,3
1986,6,4,10
1986,4,2,6
1986,3,0,3
1986,2,1,3
1986,4,2,6
1986,7,12,19
1986,2,1,3
1986,6,5,11
1986,7,2,9
1986,3,11,14
1986,4,2,6
1986,7,2,9
1986,4,2,6
1986,5,0,5
1986,4,2,6
1986,3,2,5
1986,4,3,7
1986,6,2,8
1986,6,3,9
1986,9,3,12
1986,5,3,8
1986,8,7,15
1986,8,5,13
1986,3,2,5
1986,5,3,8
1986,5,4,9
1986,4,3,7
1986,5,3,8
1986,9,5,14
1986,7,2,9
1986,8,6,14
1986,10,1,11
1986,3,1,4
1986,4,3,7
1986,4,0,4
1986,6,3,9
1986,3,2,5
1986,3,1,4
1986,7,3,10
1986,2,13,15
1986,5,3,8
1986,6,5,11
1986,7,1,8
1986,9,8,17
1986,8,0,8
1986,4,1,5
1986,2,12,14
1986,7,3,10
1986,5,4,9
1986,7,3,10
1986,7,5,12
1986,5,2,7
1986,5,3,8
1986,10,1,11
1986,8,12,20
1986,2,1,3
1986,7,6,13
1986,5,4,9
1986,4,3,7
1986,6,2,8
1986,3,0,3
1986,5,1,6
1986,6,3,9
1986,4,2,6
1986,6,4,10
1986,1,0,1
1986,4,2,6
1986,7,3,10
1986,6,5,11
1986,5,4,9
1986,5,4,9
1986,4,1,5
1986,9,8,17
1986,2,1,3
1986,3,2,5
1986,2,12,14
1986,9,2,11
1986,3,1,4
1986,8,5,13
1986,6,5,11
1986,9,11,20
1986,2,10,12
1986,13,1,14
1986,2,1,3
1986,3,0,3
1986,3,2,5
1986,4,10,14
1986,6,11,17
1986,7,4,11
1986,8,6,14
1986,13,11,24
1986,9,0,9
1986,7,6,13
1986,7,6,13
1986,7,4,11
1986,5,2,7
1986,5,3,8
1986,3,2,5
1986,4,2,6
1986,7,5,12
1986,2,1,3
1986,2,1,3
1986,8,0,8
1986,9,8,17
1986,4,3,7
1986,3,12,15
1986,15,1,16
1986,6,2,8
1986,2,10,12
1986,5,4,9
1986,6,5,11
1986,5,4,9
1986,7,6,13
1986,3,0,3
1986,6,4,10
1986,2,1,3
1986,4,0,4
1986,5,1,6
1986,6,1,7
1986,5,0,5
1986,6,12,18
1986,5,3,8
1986,2,0,2
1986,5,2,7
1986,3,1,4
1986,9,7,16
1986,4,3,7
1986,8,2,10
1986,5,0,5
1986,4,2,6
1986,6,2,8
1986,8,7,15
1986,6,2,8
1986,1,0,1
1986,8,10,18
1986,3,2,5
1986,9,2,11
1986,8,5,13
1986,7,6,13
1986,4,3,7
1986,6,3,9
1986,4,0,4
1986,4,0,4
1986,5,0,5
1986,9,6,15
1986,5,3,8
1986,5,4,9
1986,7,2,9
1986,3,13,16
1986,6,2,8
1986,6,5,11
1986,5,4,9
1986,8,7,15
1986,6,11,17
1986,3,1,4
1986,2,0,2
1986,7,10,17
1986,4,13,17
1986,5,0,5
1986,7,6,13
1986,6,1,7
1986,5,4,9
1986,6,5,11
1986,6,4,10
1986,8,4,12
1986,4,3,7
1986,3,0,3
1986,5,4,9
1986,3,1,4
1986,2,1,3
1986,7,3,10
1986,3,0,3
1986,5,1,6
1986,6,5,11
1986,3,10,13
1986,6,4,10
1986,3,2,5
1986,3,1,4
1986,7,2,9
1986,8,7,15
1986,7,6,13
1986,6,2,8
1986,9,8,17
1986,8,6,14
1986,5,2,7
1986,5,3,8
1986,5,2,7
1986,6,2,8
1986,4,0,4
1986,4,1,5
1986,8,4,12
1986,5,4,9
1986,7,3,10
1986,2,0,2
1986,2,12,14
1986,8,2,10
1986,3,2,5
1986,6,11,17
1986,5,4,9
1986,4,3,7
1986,5,1,6
1986,8,7,15
1986,14,1,15
1986,8,2,10
1986,3,0,3
1986,8,5,13
1986,6,4,10
1986,4,3,7
1986,7,2,9
1986,7,1,8
1986,3,2,5
1986,7,4,11
1986,5,2,7
1986,5,1,6
1986,4,2,6
1986,6,5,11
1986,3,2,5
1986,1,0,1
1986,5,1,6
1986,6,1,7
1986,7,4,11
1986,6,12,18
1986,5,2,7
1986,6,5,11
1986,4,1,5
1986,2,1,3
1986,4,2,6
1986,5,0,5
1986,3,1,4
1986,6,1,7
1986,6,0,6
1986,7,6,13
1986,6,5,11
1986,13,1,14
1986,4,3,7
1986,7,5,12
1986,7,3,10
1986,7,4,11
1986,9,5,14
1986,6,11,17
1986,5,0,5
1986,2,1,3
1986,2,1,3
1986,9,2,11
1986,5,1,6
1986,11,1,12
1986,2,0,2
1986,8,7,15
1986,6,5,11
1986,4,10,14
1986,5,4,9
1986,3,1,4
1986,3,0,3
1986,4,1,5
1986,7,2,9
1986,6,1,7
1986,5,3,8
1986,5,2,7
1986,8,3,11
1986,9,8,17
1986,6,4,10
1986,5,1,6
1986,7,3,10
1986,1,0,1
1986,7,1,8
1986,6,5,11
1986,5,1,6
1986,8,3,11
1986,3,1,4
1986,6,3,9
1986,3,0,3
1986,7,1,8
1986,7,5,12
1986,9,1,10
1986,5,2,7
1986,4,1,5
1986,3,2,5
1986,1,0,1
1986,4,1,5
1986,5,2,7
1986,9,4,13
1986,5,24,29
1986,6,1,7
1986,4,3,7
1986,6,0,6
1986,7,6,13
1986,4,3,7
1986,8,7,15
1986,3,2,5
1986,6,3,9
1986,4,1,5
1986,2,1,3
1986,4,2,6
1986,4,3,7
1986,3,2,5
1986,5,16,21
1986,4,1,5
1986,5,3,8
1986,6,5,11
1986,3,11,14
1986,4,2,6
1986,7,3,10
1986,5,4,9
1986,14,0,14
1986,7,4,11
1986,8,4,12
1986,7,4,11
1986,2,1,3
1986,4,3,7
1986,4,3,7
1986,3,2,5
1986,7,1,8
1986,3,1,4
1986,4,3,7
1986,7,1,8
1986,5,2,7
1986,3,1,4
1986,3,2,5
1986,3,2,5
1986,7,5,12
1986,4,11,15
1986,4,3,7
1986,6,5,11
1986,10,1,11
1986,5,1,6
1986,3,2,5
1986,2,0,2
1986,8,4,12
1986,3,2,5
1986,3,1,4
1986,5,3,8
1986,5,4,9
1986,5,2,7
1986,6,5,11
1986,4,2,6
1986,4,2,6
1986,6,1,7
1986,6,6,12
1986,8,7,15
1986,5,3,8
1986,6,4,10
1986,6,5,11
1986,2,0,2
1986,5,4,9
1986,6,11,17
1986,5,2,7
1986,1,0,1
1986,7,1,8
1986,8,1,9
1986,3,1,4
1986,3,2,5
1986,6,3,9
1986,7,1,8
1986,2,1,3
1986,7,5,12
1986,9,5,14
1986,6,5,11
1986,4,1,5
1986,3,2,5
1986,2,1,3
1986,4,1,5
1986,4,2,6
1986,6,2,8
1986,9,1,10
1986,6,2,8
1986,5,4,9
1986,8,7,15
1986,4,2,6
1986,7,3,10
1986,7,3,10
1986,13,12,25
1986,5,2,7
1986,3,2,5
1986,3,1,4
1986,2,1,3
1986,4,3,7
1986,4,0,4
1986,6,4,10
1986,13,12,25
1986,2,0,2
1986,6,5,11
1986,4,3,7
1986,7,3,10
1986,5,4,9
1986,6,2,8
1986,3,13,16
1986,10,1,11
1986,10,1,11
1986,5,4,9
1986,6,3,9
1986,5,4,9
1986,5,3,8
1986,1,0,1
1986,3,0,3
1986,5,2,7
1986,8,1,9
1986,4,3,7
1986,4,3,7
1986,5,3,8
1986,3,1,4
1986,8,2,10
1986,6,1,7
1986,4,1,5
1986,7,4,11
1986,7,0,7
1986,4,3,7
1986,6,2,8
1986,9,3,12
1986,7,5,12
1986,5,2,7
1986,6,4,10
1986,9,3,12
1986,6,4,10
1986,6,5,11
1986,4,0,4
1986,9,3,12
1986,7,6,13
1986,5,2,7
1986,9,8,17
1986,5,4,9
1986,6,5,11
1986,5,4,9
1986,4,2,6
1986,8,6,14
1986,10,1,11
1986,8,7,15
1986,9,1,10
1986,3,0,3
1986,4,0,4
1986,1,0,1
1986,4,3,7
1986,9,8,17
1986,6,2,8
1986,7,5,12
1986,9,5,14
1986,5,3,8
1986,4,3,7
1986,5,2,7
1986,8,2,10
1986,5,3,8
1986,2,1,3
1986,5,11,16
1986,5,3,8
1986,4,2,6
1986,5,3,8
1986,7,5,12
1986,3,2,5
1986,3,1,4
1986,1,0,1
1986,4,15,19
1986,4,2,6
1986,4,3,7
1986,8,2,10
1986,2,12,14
1986,7,4,11
1986,5,0,5
1986,2,11,13
1986,8,5,13
1986,5,13,18
1986,8,4,12
1986,9,4,13
1986,4,0,4
1986,7,6,13
1986,4,2,6
1986,6,2,8
1986,3,2,5
1986,9,2,11
1986,4,0,4
1986,5,1,6
1986,7,6,13
1986,9,17,26
1986,3,1,4
1986,4,3,7
1986,5,4,9
1986,3,2,5
1986,6,4,10
1986,3,1,4
1986,8,0,8
1986,9,0,9
1986,7,2,9
1986,4,3,7
1986,3,11,14
1986,6,3,9
1986,7,2,9
1986,1,0,1
1986,7,1,8
1986,6,5,11
1986,8,4,12
1986,2,1,3
1986,5,2,7
1986,9,3,12
1986,7,4,11
1986,3,1,4
1986,5,0,5
1986,7,0,7
1986,9,1,10
1986,3,2,5
1986,4,3,7
1986,7,5,12
1986,4,1,5
1986,8,6,14
1986,8,1,9
1986,3,1,4
1986,9,2,11
1986,3,11,14
1986,9,5,14
1986,9,7,16
1986,3,1,4
1986,7,0,7
1986,3,1,4
1986,3,1,4
1986,9,4,13
1986,6,2,8
1986,8,7,15
1986,7,6,13
1986,7,11,18
1986,5,1,6
1986,6,1,7
1986,4,3,7
1986,9,4,13
1986,2,14,16
1986,3,2,5
1986,8,6,14
1986,2,1,3
1986,8,0,8
1986,7,6,13
1986,6,14,20
1986,6,2,8
1986,9,1,10
1986,2,1,3
1986,3,1,4
1986,7,5,12
1986,3,2,5
1986,9,3,12
1986,5,3,8
1986,4,2,6
1986,8,3,11
1986,4,1,5
1986,4,2,6
1986,7,2,9
1986,6,3,9
1986,9,8,17
1986,5,3,8
1986,2,11,13
1986,4,3,7
1986,3,2,5
1986,8,6,14
1986,7,2,9
1986,5,4,9
1986,3,0,3
1986,7,1,8
1986,14,1,15
1986,6,11,17
1986,6,5,11
1986,5,2,7
1986,4,3,7
1986,4,1,5
1986,5,1,6
1986,3,1,4
1986,5,2,7
1986,7,0,7
1986,3,10,13
1986,4,3,7
1986,5,0,5
1986,7,6,13
1986,5,11,16
1986,6,0,6
1986,9,2,11
1986,3,2,5
1986,7,6,13
1986,2,10,12
1986,6,5,11
1986,4,0,4
1986,5,2,7
1986,7,3,10
1986,5,3,8
1986,6,2,8
1986,5,0,5
1986,1,0,1
1986,3,1,4
1986,2,1,3
1986,9,3,12
1986,6,5,11
1986,6,1,7
1986,7,3,10
1986,4,1,5
1986,8,1,9
1986,6,10,16
1986,9,5,14
1986,4,1,5
1986,7,0,7
1986,4,2,6
1986,6,4,10
1986,4,1,5
1986,4,1,5
1986,3,1,4
1986,6,1,7
1986,5,2,7
1986,6,5,11
1986,4,1,5
1986,8,3,11
1986,4,2,6
1986,4,0,4
1986,8,5,13
1986,5,4,9
1986,3,0,3
1986,8,6,14
1986,4,3,7
1986,7,1,8
1986,3,18,21
1986,5,3,8
1986,3,1,4
1986,5,0,5
1986,4,3,7
1986,6,4,10
1986,4,0,4
1986,3,1,4
1986,7,1,8
1986,8,2,10
1986,9,7,16
1986,8,3,11
1986,5,4,9
1986,3,2,5
1986,4,3,7
1986,5,1,6
1986,6,5,11
1986,4,1,5
1986,6,4,10
1986,2,1,3
1986,4,3,7
1986,8,7,15
1986,1,0,1
1986,9,5,14
1986,5,2,7
1986,6,10,16
1986,3,1,4
1986,9,5,14
1986,6,5,11
1986,3,0,3
1986,3,2,5
1986,5,2,7
1986,8,2,10
1986,5,4,9
1986,3,0,3
1986,3,2,5
1986,8,4,12
1986,3,1,4
1986,5,0,5
1986,7,2,9
1986,7,1,8
1986,4,2,6
1986,8,1,9
1986,2,1,3
1986,3,2,5
1986,9,8,17
1986,4,2,6
1986,4,3,7
1986,7,0,7
1986,5,2,7
1986,7,10,17
1986,2,1,3
1986,9,2,11
1986,2,1,3
1986,5,2,7
1986,5,3,8
1986,8,4,12
1986,2,0,2
1986,5,2,7
1986,5,3,8
1986,5,2,7
1986,5,10,15
1986,6,5,11
1986,6,3,9
1986,4,0,4
1986,8,5,13
1986,9,2,11
1986,9,1,10
1986,4,3,7
1986,6,5,11
1986,6,12,18
1986,4,1,5
1986,8,2,10
1986,4,1,5
1986,8,2,10
1986,6,0,6
1986,2,1,3
1986,4,2,6
1986,2,1,3
1986,5,4,9
1986,7,1,8
1986,6,3,9
1986,6,5,11
1986,6,4,10
1986,4,2,6
1986,2,0,2
1986,4,3,7
1986,7,6,13
1986,9,3,12
1986,8,1,9
1986,8,4,12
1986,5,4,9
1986,5,4,9
1986,1,0,1
1986,8,3,11
1986,2,0,2
1986,5,0,5
1986,3,2,5
1986,3,1,4
1986,8,6,14
1986,9,7,16
1986,3,0,3
1986,4,1,5
1986,4,0,4
1986,2,0,2
1986,1,0,1
1986,5,2,7
1986,4,3,7
1986,6,3,9
1986,9,6,15
1986,7,0,7
1986,1,0,1
1986,1,0,1
1986,4,2,6
1986,7,4,11
1986,4,12,16
1986,8,3,11
1986,5,3,8
1986,2,0,2
1986,3,12,15
1986,4,3,7
1986,6,1,7
1986,6,2,8
1986,2,10,12
1986,5,2,7
1986,2,10,12
1986,4,1,5
1986,6,3,9
1986,5,4,9
1986,6,5,11
1986,4,1,5
1986,7,5,12
1986,2,1,3
1986,6,5,11
1986,8,1,9
1986,8,3,11
1986,10,0,10
1986,3,0,3
1986,8,7,15
1986,6,3,9
1986,5,4,9
1986,5,4,9
1986,8,4,12
1986,5,0,5
1986,9,10,19
1986,1,0,1
1986,5,2,7
1986,9,2,11
1986,8,11,19
1986,6,5,11
1986,5,3,8
1986,9,5,14
1986,6,5,11
1986,7,11,18
1986,3,1,4
1986,2,0,2
1986,2,1,3
1986,3,12,15
1986,6,4,10
1986,3,0,3
1986,3,2,5
1986,5,0,5
1986,4,3,7
1986,9,7,16
1986,6,4,10
1986,6,1,7
1986,2,1,3
1986,8,4,12
1986,8,2,10
1986,2,1,3
1986,5,1,6
1986,9,10,19
1986,6,3,9
1986,6,3,9
1986,6,5,11
1986,6,2,8
1986,8,2,10
1986,9,2,11
1986,8,4,12
1986,6,5,11
1986,6,1,7
1986,4,1,5
1986,4,11,15
1986,5,3,8
1986,3,1,4
1986,8,7,15
1986,7,10,17
1986,6,5,11
1986,3,2,5
1986,2,1,3
1986,7,3,10
1986,6,1,7
1986,5,2,7
1986,2,0,2
1986,5,4,9
1986,2,0,2
1986,6,3,9
1986,7,0,7
1986,8,1,9
1986,2,1,3
1986,4,2,6
1986,4,1,5
1986,2,11,13
1986,3,0,3
1986,9,0,9
1986,6,0,6
1986,2,1,3
1986,7,4,11
1986,2,1,3
1986,4,3,7
1986,8,1,9
1986,9,2,11
1986,1,0,1
1986,5,1,6
1986,5,3,8
1986,4,3,7
1986,6,5,11
1986,7,6,13
1986,3,1,4
1986,4,10,14
1986,2,1,3
1986,8,1,9
1986,7,6,13
1986,1,0,1
1986,9,3,12
1986,7,1,8
1986,6,2,8
1986,4,2,6
1986,6,5,11
1986,8,5,13
1987,2,1,3
1987,5,11,16
1987,2,1,3
1987,4,3,7
1987,5,4,9
1987,5,1,6
1987,4,3,7
1987,7,3,10
1987,6,0,6
1987,7,1,8
1987,9,3,12
1987,6,5,11
1987,5,4,9
1987,3,2,5
1987,4,3,7
1987,6,4,10
1987,7,1,8
1987,7,2,9
1987,6,5,11
1987,7,3,10
1987,9,3,12
1987,3,2,5
1987,4,1,5
1987,2,1,3
1987,5,1,6
1987,8,7,15
1987,8,6,14
1987,7,2,9
1987,4,2,6
1987,9,3,12
1987,6,0,6
1987,8,1,9
1987,12,11,23
1987,5,4,9
1987,4,2,6
1987,3,14,17
1987,3,0,3
1987,4,11,15
1987,6,3,9
1987,12,11,23
1987,6,1,7
1987,13,1,14
1987,5,4,9
1987,6,3,9
1987,6,4,10
1987,4,3,7
1987,4,3,7
1987,8,1,9
1987,8,11,19
1987,11,1,12
1987,7,1,8
1987,5,1,6
1987,7,3,10
1987,3,2,5
1987,2,15,17
1987,5,1,6
1987,4,3,7
1987,6,3,9
1987,9,1,10
1987,6,3,9
1987,6,5,11
1987,8,6,14
1987,8,3,11
1987,7,1,8
1987,5,2,7
1987,7,1,8
1987,1,0,1
1987,8,2,10
1987,7,5,12
1987,4,12,16
1987,7,1,8
1987,9,8,17
1987,7,4,11
1987,8,5,13
1987,7,5,12
1987,7,2,9
1987,6,3,9
1987,4,2,6
1987,3,11,14
1987,6,3,9
1987,5,2,7
1987,8,4,12
1987,6,13,19
1987,5,3,8
1987,6,3,9
1987,7,4,11
1987,4,1,5
1987,10,1,11
1987,3,2,5
1987,6,10,16
1987,9,8,17
1987,7,5,12
1987,3,2,5
1987,6,4,10
1987,9,4,13
1987,4,3,7
1987,4,3,7
1987,7,0,7
1987,5,4,9
1987,3,1,4
1987,2,1,3
1987,4,0,4
1987,4,3,7
1987,5,2,7
1987,4,1,5
1987,1,0,1
1987,4,0,4
1987,5,0,5
1987,6,0,6
1987,9,3,12
1987,3,2,5
1987,6,5,11
1987,4,3,7
1987,4,2,6
1987,4,1,5
1987,2,1,3
1987,7,0,7
1987,9,8,17
1987,3,1,4
1987,2,10,12
1987,6,2,8
1987,5,3,8
1987,4,2,6
1987,2,0,2
1987,4,3,7
1987,5,10,15
1987,3,16,19
1987,1,0,1
1987,4,2,6
1987,8,0,8
1987,3,2,5
1987,4,3,7
1987,7,6,13
1987,8,6,14
1987,5,2,7
1987,7,5,12
1987,2,1,3
1987,8,12,20
1987,6,4,10
1987,3,0,3
1987,8,7,15
1987,6,5,11
1987,3,1,4
1987,7,3,10
1987,6,2,8
1987,7,2,9
1987,6,4,10
1987,5,0,5
1987,1,0,1
1987,5,2,7
1987,9,1,10
1987,8,1,9
1987,4,3,7
1987,4,2,6
1987,4,1,5
1987,2,10,12
1987,5,10,15
1987,5,4,9
1987,8,7,15
1987,5,13,18
1987,4,3,7
1987,8,2,10
1987,9,6,15
1987,3,12,15
1987,4,3,7
1987,8,0,8
1987,8,5,13
1987,7,1,8
1987,5,0,5
1987,7,6,13
1987,6,1,7
1987,3,1,4
1987,9,6,15
1987,3,2,5
1987,8,11,19
1987,5,4,9
1987,6,4,10
1987,1,0,1
1987,7,6,13
1987,6,3,9
1987,6,0,6
1987,4,3,7
1987,7,3,10
1987,4,1,5
1987,8,7,15
1987,6,3,9
1987,5,3,8
1987,5,4,9
1987,3,2,5
1987,5,4,9
1987,5,3,8
1987,7,3,10
1987,6,5,11
1987,3,2,5
1987,5,2,7
1987,9,4,13
1987,7,5,12
1987,4,2,6
1987,6,5,11
1987,7,3,10
1987,4,3,7
1987,5,0,5
1987,6,4,10
1987,8,1,9
1987,6,4,10
1987,2,1,3
1987,6,3,9
1987,6,4,10
1987,5,3,8
1987,5,4,9
1987,2,1,3
1987,2,13,15
1987,3,0,3
1987,4,2,6
1987,8,2,10
1987,8,7,15
1987,9,4,13
1987,3,2,5
1987,7,3,10
1987,3,2,5
1987,2,1,3
1987,6,4,10
1987,5,2,7
1987,2,14,16
1987,6,1,7
1987,3,11,14
1987,4,0,4
1987,5,3,8
1987,5,10,15
1987,7,1,8
1987,7,4,11
1987,8,5,13
1987,6,4,10
1987,5,3,8
1987,7,3,10
1987,7,10,17
1987,11,1,12
1987,5,2,7
1987,6,4,10
1987,5,2,7
1987,5,10,15
1987,6,2,8
1987,7,3,10
1987,1,0,1
1987,3,0,3
1987,7,1,8
1987,7,1,8
1987,6,1,7
1987,6,4,10
1987,5,2,7
1987,3,1,4
1987,5,1,6
1987,2,1,3
1987,8,4,12
1987,5,2,7
1987,6,5,11
1987,5,4,9
1987,2,1,3
1987,8,7,15
1987,5,0,5
1987,2,10,12
1987,5,11,16
1987,6,10,16
1987,8,7,15
1987,8,1,9
1987,4,12,16
1987,5,4,9
1987,9,8,17
1987,3,11,14
1987,4,1,5
1987,5,4,9
1987,2,11,13
1987,5,4,9
1987,3,12,15
1987,5,1,6
1987,3,12,15
1987,7,5,12
1987,2,0,2
1987,7,4,11
1987,7,6,13
1987,2,1,3
1987,8,5,13
1987,4,2,6
1987,8,10,18
1987,5,4,9
1987,3,2,5
1987,4,12,16
1987,7,3,10
1987,4,2,6
1987,7,3,10
1987,5,4,9
1987,6,4,10
1987,7,11,18
1987,3,2,5
1987,8,3,11
1987,1,0,1
1987,6,4,10
1987,7,6,13
1987,9,8,17
1987,5,3,8
1987,4,3,7
1987,4,11,15
1987,4,2,6
1987,2,1,3
1987,4,3,7
1987,2,0,2
1987,2,0,2
1987,9,6,15
1987,7,3,10
1987,3,1,4
1987,7,10,17
1987,6,1,7
1987,5,4,9
1987,9,5,14
1987,7,10,17
1987,6,4,10
1987,6,0,6
1987,2,0,2
1987,3,1,4
1987,7,5,12
1987,6,4,10
1987,2,0,2
1987,5,4,9
1987,2,0,2
1987,5,1,6
1987,8,10,18
1987,6,10,16
1987,6,5,11
1987,6,2,8
1987,6,2,8
1987,4,1,5
1987,7,5,12
1987,6,3,9
1987,2,1,3
1987,3,0,3
1987,6,0,6
1987,3,2,5
1987,3,2,5
1987,3,0,3
1987,9,4,13
1987,7,2,9
1987,6,3,9
1987,5,2,7
1987,17,10,27
1987,11,1,12
1987,4,3,7
1987,6,4,10
1987,7,6,13
1987,4,3,7
1987,9,6,15
1987,7,2,9
1987,5,1,6
1987,4,3,7
1987,3,0,3
1987,7,11,18
1987,6,3,9
1987,4,2,6
1987,7,4,11
1987,5,4,9
1987,8,1,9
1987,6,15,21
1987,4,2,6
1987,4,0,4
1987,8,7,15
1987,4,2,6
1987,8,2,10
1987,3,1,4
1987,2,0,2
1987,5,2,7
1987,9,4,13
1987,4,15,19
1987,8,7,15
1987,7,0,7
1987,6,4,10
1987,4,3,7
1987,4,2,6
1987,7,6,13
1987,7,6,13
1987,5,1,6
1987,6,2,8
1987,6,1,7
1987,2,14,16
1987,4,1,5
1987,9,8,17
1987,4,10,14
1987,4,3,7
1987,2,12,14
1987,6,3,9
1987,5,1,6
1987,7,6,13
1987,6,3,9
1987,7,6,13
1987,3,2,5
1987,4,0,4
1987,7,10,17
1987,3,2,5
1987,6,2,8
1987,6,1,7
1987,2,15,17
1987,5,2,7
1987,7,0,7
1987,8,10,18
1987,5,2,7
1987,5,4,9
1987,5,12,17
1987,6,5,11
1987,3,1,4
1987,8,7,15
1987,5,4,9
1987,7,5,12
1987,7,10,17
1987,2,1,3
1987,5,0,5
1987,8,2,10
1987,7,0,7
1987,6,12,18
1987,8,6,14
1987,5,10,15
1987,9,5,14
1987,7,6,13
1987,4,3,7
1987,4,3,7
1987,5,4,9
1987,4,16,20
1987,9,10,19
1987,9,1,10
1987,5,4,9
1987,3,10,13
1987,7,6,13
1987,5,0,5
1987,4,3,7
1987,3,1,4
1987,4,3,7
1987,3,1,4
1987,6,3,9
1987,8,3,11
1987,3,2,5
1987,7,4,11
1987,9,3,12
1987,7,3,10
1987,5,4,9
1987,4,2,6
1987,7,2,9
1987,5,3,8
1987,2,1,3
1987,13,0,13
1987,6,1,7
1987,3,10,13
1987,5,4,9
1987,3,10,13
1987,9,0,9
1987,8,10,18
1987,8,10,18
1987,6,5,11
1987,3,2,5
1987,8,5,13
1987,8,4,12
1987,6,4,10
1987,3,2,5
1987,8,10,18
1987,8,3,11
1987,6,4,10
1987,3,0,3
1987,6,5,11
1987,6,5,11
1987,8,3,11
1987,2,10,12
1987,12,0,12
1987,4,2,6
1987,7,2,9
1987,7,5,12
1987,2,1,3
1987,5,3,8
1987,4,1,5
1987,6,0,6
1987,6,3,9
1987,6,5,11
1987,2,1,3
1987,9,2,11
1987,4,3,7
1987,4,1,5
1987,5,1,6
1987,6,2,8
1987,5,4,9
1987,4,2,6
1987,5,2,7
1987,4,15,19
1987,8,10,18
1987,5,4,9
1987,5,4,9
1987,6,2,8
1987,8,2,10
1987,7,1,8
1987,5,1,6
1987,9,7,16
1987,3,10,13
1987,7,5,12
1987,5,3,8
1987,6,2,8
1987,6,4,10
1987,7,2,9
1987,8,7,15
1987,6,3,9
1987,6,3,9
1987,4,3,7
1987,7,2,9
1987,9,5,14
1987,4,1,5
1987,7,5,12
1987,4,2,6
1987,3,2,5
1987,6,4,10
1987,6,10,16
1987,2,1,3
1987,5,3,8
1987,7,5,12
1987,8,1,9
1987,9,1,10
1987,3,0,3
1987,7,6,13
1987,3,2,5
1987,4,3,7
1987,6,2,8
1987,7,5,12
1987,4,2,6
1987,5,4,9
1987,9,8,17
1987,6,0,6
1987,6,2,8
1987,6,4,10
1987,4,1,5
1987,8,10,18
1987,3,2,5
1987,7,2,9
1987,8,2,10
1987,5,3,8
1987,7,2,9
1987,8,6,14
1987,4,3,7
1987,6,3,9
1987,2,1,3
1987,5,2,7
1987,5,2,7
1987,6,10,16
1987,6,3,9
1987,6,1,7
1987,5,4,9
1987,8,5,13
1987,7,2,9
1987,3,1,4
1987,4,3,7
1987,6,4,10
1987,6,5,11
1987,8,7,15
1987,5,14,19
1987,6,5,11
1987,5,4,9
1987,3,2,5
1987,8,7,15
1987,3,10,13
1987,8,3,11
1987,4,2,6
1987,3,1,4
1987,3,2,5
1987,5,4,9
1987,8,6,14
1987,1,0,1
1987,3,2,5
1987,4,1,5
1987,4,3,7
1987,7,2,9
1987,6,4,10
1987,7,2,9
1987,6,5,11
1987,6,4,10
1987,4,3,7
1987,4,1,5
1987,8,7,15
1987,8,12,20
1987,13,1,14
1987,5,2,7
1987,5,11,16
1987,4,3,7
1987,6,5,11
1987,7,3,10
1987,8,6,14
1987,9,6,15
1987,7,15,22
1987,5,16,21
1987,6,0,6
1987,5,13,18
1987,6,13,19
1987,5,4,9
1987,4,10,14
1987,8,2,10
1987,3,1,4
1987,6,11,17
1987,12,0,12
1987,3,2,5
1987,6,5,11
1987,7,12,19
1987,3,0,3
1987,4,3,7
1987,6,2,8
1987,3,0,3
1987,6,4,10
1987,3,2,5
1987,4,3,7
1987,2,1,3
1987,8,5,13
1987,9,10,19
1987,7,1,8
1987,9,5,14
1987,3,11,14
1987,3,2,5
1987,3,1,4
1987,9,5,14
1987,5,2,7
1987,1,0,1
1987,8,0,8
1987,8,7,15
1987,7,2,9
1987,9,6,15
1987,9,5,14
1987,6,5,11
1987,8,6,14
1987,9,6,15
1987,5,2,7
1987,3,2,5
1987,9,2,11
1987,9,2,11
1987,9,11,20
1987,2,0,2
1987,4,1,5
1987,9,2,11
1987,6,5,11
1987,2,13,15
1987,3,2,5
1987,6,3,9
1987,3,14,17
1987,6,2,8
1987,3,2,5
1987,7,6,13
1987,5,15,20
1987,4,3,7
1987,4,1,5
1987,7,3,10
1987,7,6,13
1987,7,22,29
1987,6,4,10
1987,3,15,18
1987,5,2,7
1987,4,2,6
1987,4,3,7
1987,9,3,12
1987,4,1,5
1987,3,14,17
1987,7,2,9
1987,8,3,11
1987,8,5,13
1987,3,2,5
1987,3,1,4
1987,9,3,12
1987,8,5,13
1987,6,1,7
1987,3,10,13
1987,4,2,6
1987,6,4,10
1987,5,1,6
1987,8,6,14
1987,6,1,7
1987,13,1,14
1987,9,15,24
1987,5,1,6
1987,4,3,7
1987,7,6,13
1987,7,2,9
1987,6,2,8
1987,5,3,8
1987,5,3,8
1987,2,1,3
1987,6,5,11
1987,5,2,7
1987,4,3,7
1987,7,6,13
1987,3,2,5
1987,4,2,6
1987,6,4,10
1987,4,3,7
1987,5,2,7
1987,8,5,13
1987,13,12,25
1987,8,18,26
1987,4,0,4
1987,9,13,22
1987,7,13,20
1987,3,0,3
1987,5,3,8
1987,7,4,11
1987,5,4,9
1987,9,10,19
1987,2,12,14
1987,3,1,4
1987,9,1,10
1987,3,2,5
1987,6,3,9
1987,6,2,8
1987,2,0,2
1987,4,2,6
1987,7,6,13
1987,5,4,9
1987,5,3,8
1987,7,1,8
1987,11,0,11
1987,9,3,12
1987,8,12,20
1987,6,0,6
1987,5,3,8
1987,2,1,3
1987,6,5,11
1987,6,5,11
1987,2,10,12
1987,8,5,13
1987,1,0,1
1987,5,2,7
1987,8,1,9
1987,7,2,9
1987,8,3,11
1987,3,2,5
1987,3,0,3
1987,7,1,8
1987,4,15,19
1987,7,10,17
1987,2,13,15
1987,9,4,13
1987,8,5,13
1987,10,1,11
1987,4,3,7
1987,4,3,7
1987,4,1,5
1987,5,2,7
1987,3,1,4
1987,9,5,14
1987,8,6,14
1987,6,4,10
1987,8,5,13
1987,1,0,1
1987,1,0,1
1987,8,5,13
1987,5,2,7
1987,7,4,11
1987,4,3,7
1987,4,11,15
1987,1,0,1
1987,5,1,6
1987,6,13,19
1987,8,3,11
1987,2,10,12
1987,6,10,16
1987,5,0,5
1987,4,1,5
1987,6,1,7
1987,8,2,10
1987,6,2,8
1987,5,2,7
1987,6,4,10
1987,4,0,4
1987,7,1,8
1987,7,5,12
1987,4,1,5
1987,4,3,7
1987,6,1,7
1987,2,11,13
1987,9,2,11
1987,8,10,18
1987,8,5,13
1987,6,3,9
1987,4,3,7
1987,2,1,3
1987,12,0,12
1987,4,1,5
1987,6,11,17
1987,6,4,10
1987,7,3,10
1987,4,3,7
1987,4,1,5
1987,3,2,5
1987,5,1,6
1987,9,7,16
1987,3,2,5
1987,4,0,4
1987,7,6,13
1987,5,0,5
1987,4,0,4
1987,9,2,11
1987,8,2,10
1987,3,1,4
1987,2,1,3
1987,7,2,9
1987,5,4,9
1987,7,2,9
1987,8,7,15
1987,4,1,5
1987,11,1,12
1987,7,3,10
1987,7,3,10
1987,6,5,11
1987,3,2,5
1987,8,6,14
1987,11,1,12
1987,4,10,14
1987,6,1,7
1987,6,1,7
1987,5,3,8
1987,4,0,4
1987,9,1,10
1987,5,10,15
1987,8,5,13
1987,9,1,10
1987,4,3,7
1987,8,7,15
1987,2,0,2
1987,4,1,5
1987,3,2,5
1987,8,4,12
1987,4,10,14
1987,9,7,16
1987,7,5,12
1987,6,4,10
1987,7,10,17
1987,6,3,9
1987,3,1,4
1987,8,6,14
1987,6,3,9
1987,5,16,21
1987,5,3,8
1987,5,10,15
1987,2,0,2
1987,4,0,4
1987,7,4,11
1987,3,2,5
1987,7,6,13
1987,8,1,9
1987,4,2,6
1987,7,6,13
1987,8,7,15
1987,6,15,21
1987,8,6,14
1987,9,5,14
1987,9,4,13
1987,8,4,12
1987,8,2,10
1987,9,2,11
1987,3,2,5
1987,5,10,15
1987,3,2,5
1987,7,6,13
1987,4,10,14
1987,7,5,12
1987,3,2,5
1987,6,5,11
1987,9,3,12
1987,4,2,6
1987,8,0,8
1987,6,3,9
1987,5,0,5
1987,6,1,7
1987,8,6,14
1987,8,3,11
1987,7,3,10
1987,3,13,16
1987,2,11,13
1987,7,3,10
1987,7,6,13
1987,7,3,10
1987,5,2,7
1987,3,0,3
1987,3,2,5
1987,2,0,2
1987,4,1,5
1987,7,3,10
1987,2,1,3
1987,9,5,14
1987,3,13,16
1987,8,7,15
1987,3,2,5
1987,9,4,13
1987,4,1,5
1987,4,0,4
1987,8,2,10
1987,4,1,5
1987,4,1,5
1987,4,1,5
1987,8,6,14
1987,4,0,4
1987,8,7,15
1987,7,10,17
1987,5,3,8
1987,5,4,9
1987,8,14,22
1987,2,1,3
1987,4,2,6
1987,9,6,15
1987,7,12,19
1987,5,4,9
1987,5,3,8
1987,4,1,5
1987,2,1,3
1987,4,3,7
1987,8,2,10
1987,7,2,9
1987,4,1,5
1987,7,6,13
1987,3,0,3
1987,3,1,4
1987,5,0,5
1987,9,0,9
1987,5,1,6
1987,6,0,6
1987,5,10,15
1987,5,1,6
1987,12,11,23
1987,5,2,7
1987,5,2,7
1987,5,1,6
1987,9,6,15
1987,1,0,1
1987,3,1,4
1987,3,13,16
1987,4,2,6
1987,6,0,6
1987,4,3,7
1987,8,1,9
1987,5,15,20
1987,9,1,10
1987,5,4,9
1987,7,0,7
1987,8,4,12
1987,6,5,11
1987,6,11,17
1987,7,2,9
1987,3,13,16
1987,10,0,10
1987,8,7,15
1987,8,3,11
1987,4,2,6
1987,5,11,16
1987,7,6,13
1987,6,2,8
1987,5,4,9
1987,6,2,8
1987,5,2,7
1987,8,4,12
1987,6,3,9
1987,3,14,17
1987,5,2,7
1987,4,11,15
1987,3,2,5
1987,3,0,3
1987,11,1,12
1987,9,5,14
1987,8,7,15
1987,6,5,11
1987,3,11,14
1987,1,0,1
1987,4,3,7
1987,15,14,29
1987,9,13,22
1987,3,12,15
1987,5,4,9
1987,2,1,3
1987,3,1,4
1987,4,0,4
1987,8,5,13
1987,5,4,9
1987,3,2,5
1987,6,4,10
1987,5,2,7
1987,5,2,7
1987,4,0,4
1987,6,2,8
1987,5,3,8
1987,6,4,10
1987,5,10,15
1987,4,3,7
1987,4,0,4
1987,2,13,15
1987,1,0,1
1987,9,6,15
1987,4,11,15
1987,8,3,11
1987,7,3,10
1987,6,1,7
1987,9,7,16
1987,5,0,5
1987,2,1,3
1987,3,10,13
1987,5,3,8
1987,7,6,13
1987,5,2,7
1987,9,1,10
1987,6,4,10
1987,3,1,4
1987,8,3,11
1987,9,14,23
1987,6,4,10
1987,5,4,9
1987,6,5,11
1987,2,1,3
1987,9,0,9
1987,3,1,4
1987,2,0,2
1987,2,1,3
1987,6,0,6
1987,5,2,7
1987,3,0,3
1987,2,1,3
1987,5,3,8
1987,7,3,10
1987,3,2,5
1987,9,1,10
1987,4,1,5
1987,4,3,7
1987,4,3,7
1987,9,5,14
1987,9,3,12
1987,4,2,6
1987,7,3,10
1987,4,1,5
1987,4,3,7
1987,7,5,12
1987,7,5,12
1987,17,0,17
1987,4,3,7
1987,4,3,7
1987,3,2,5
1987,4,10,14
1987,6,3,9
1987,8,2,10
1987,6,1,7
1987,7,5,12
1987,4,1,5
1987,7,10,17
1987,7,0,7
1987,9,6,15
1987,9,7,16
1987,9,3,12
1987,2,0,2
1987,5,3,8
1987,7,5,12
1987,7,4,11
1987,3,2,5
1987,6,4,10
1987,6,2,8
1987,5,1,6
1987,9,3,12
1987,9,4,13
1987,7,5,12
1987,8,10,18
1987,6,4,10
1987,2,0,2
1987,7,12,19
1987,6,4,10
1987,6,4,10
1987,9,5,14
1987,5,4,9
1987,5,4,9
1987,6,2,8
1987,5,3,8
1987,6,5,11
1987,5,3,8
1987,8,12,20
1987,7,2,9
1987,9,8,17
1987,1,0,1
1987,4,13,17
1987,9,5,14
1987,8,4,12
1987,5,2,7
1987,6,3,9
1987,8,7,15
1987,5,2,7
1987,6,11,17
1987,3,1,4
1987,5,2,7
1987,5,12,17
1987,7,2,9
1987,4,3,7
1987,6,3,9
1987,8,3,11
1987,5,11,16
1987,7,6,13
1987,4,10,14
1987,7,1,8
1987,5,2,7
1987,13,12,25
1987,9,4,13
1987,5,4,9
1987,5,1,6
1987,7,3,10
1987,9,5,14
1987,7,3,10
1987,6,5,11
1987,7,4,11
1987,7,5,12
1987,4,10,14
1987,7,0,7
1987,5,4,9
1987,2,1,3
1987,5,12,17
1987,7,0,7
1987,5,11,16
1987,9,6,15
1987,5,2,7
1987,6,5,11
1987,3,1,4
1987,4,10,14
1987,3,1,4
1987,6,2,8
1987,2,1,3
1987,9,3,12
1987,5,0,5
1987,5,4,9
1987,12,0,12
1987,4,2,6
1987,5,2,7
1987,6,2,8
1987,4,3,7
1987,4,2,6
1987,6,1,7
1987,3,2,5
1987,7,6,13
1987,3,2,5
1987,6,3,9
1987,4,3,7
1987,3,2,5
1987,2,1,3
1987,5,4,9
1987,7,0,7
1987,6,4,10
1987,5,2,7
1987,2,0,2
1987,9,0,9
1987,9,8,17
1987,4,1,5
1987,3,12,15
1987,6,11,17
1987,4,3,7
1987,7,0,7
1987,2,1,3
1987,3,1,4
1987,3,2,5
1987,2,12,14
1987,3,2,5
1987,5,4,9
1987,5,2,7
1987,4,3,7
1987,5,1,6
1987,8,4,12
1987,5,3,8
1987,6,3,9
1987,6,10,16
1987,4,2,6
1987,7,11,18
1987,4,2,6
1987,6,12,18
1987,7,5,12
1987,3,2,5
1987,7,3,10
1987,4,3,7
1987,9,2,11
1987,7,2,9
1987,5,3,8
1987,9,7,16
1987,5,4,9
1987,4,1,5
1987,5,1,6
1987,7,2,9
1987,8,5,13
1987,7,6,13
1987,2,1,3
1987,6,5,11
1987,5,4,9
1987,4,3,7
1987,3,20,23
1987,3,2,5
1987,4,1,5
1987,5,4,9
1987,9,5,14
1987,13,11,24
1987,7,1,8
1987,4,1,5
1987,9,2,11
1987,6,10,16
1987,7,4,11
1987,7,6,13
1987,5,3,8
1987,3,0,3
1987,6,11,17
1987,6,5,11
1987,3,2,5
1987,6,1,7
1987,6,4,10
1987,2,1,3
1987,4,2,6
1987,8,3,11
1987,4,3,7
1987,4,3,7
1987,7,0,7
1987,6,4,10
1987,6,5,11
1987,5,10,15
1987,10,1,11
1987,5,1,6
1987,3,1,4
1987,2,1,3
1987,3,1,4
1987,7,0,7
1987,4,3,7
1987,5,3,8
1987,6,3,9
1987,4,0,4
1987,5,3,8
1987,2,1,3
1987,4,2,6
1987,9,6,15
1987,5,12,17
1987,8,4,12
1987,5,1,6
1987,2,1,3
1987,4,3,7
1987,3,1,4
1987,5,4,9
1987,5,2,7
1987,6,3,9
1987,6,3,9
1987,6,4,10
1987,2,10,12
1987,3,2,5
1987,5,2,7
1987,7,4,11
1987,5,11,16
1987,3,2,5
1987,4,3,7
1987,8,6,14
1987,4,3,7
1987,5,11,16
1987,3,2,5
1987,7,3,10
1987,5,4,9
1987,7,2,9
1987,4,13,17
1987,4,3,7
1987,7,5,12
1987,2,1,3
1987,9,3,12
1987,5,4,9
1987,9,13,22
1987,4,0,4
1987,11,1,12
1987,5,2,7
1987,3,11,14
1987,6,2,8
1987,7,6,13
1987,7,4,11
1987,6,0,6
1987,5,2,7
1987,7,3,10
1987,7,4,11
1987,6,3,9
1987,5,2,7
1987,4,2,6
1987,4,1,5
1987,6,5,11
1987,6,1,7
1987,4,3,7
1987,5,4,9
1987,8,10,18
1987,6,1,7
1987,8,3,11
1987,8,7,15
1987,4,3,7
1987,3,1,4
1987,4,2,6
1987,2,1,3
1987,9,2,11
1987,5,2,7
1987,6,1,7
1987,6,4,10
1987,9,2,11
1987,5,4,9
1987,5,3,8
1987,3,11,14
1987,5,15,20
1987,7,4,11
1987,4,0,4
1987,2,16,18
1987,4,0,4
1987,5,4,9
1987,4,3,7
1987,8,3,11
1987,6,4,10
1987,9,8,17
1987,6,5,11
1987,8,5,13
1987,6,1,7
1987,8,12,20
1987,6,4,10
1987,6,1,7
1987,6,3,9
1987,1,0,1
1987,5,3,8
1987,9,5,14
1987,8,2,10
1987,8,5,13
1987,9,2,11
1987,6,2,8
1987,4,0,4
1987,8,6,14
1987,3,13,16
1987,6,5,11
1987,5,3,8
1987,4,3,7
1987,8,4,12
1987,8,3,11
1987,5,2,7
1987,4,3,7
1987,5,3,8
1987,7,3,10
1987,6,0,6
1987,4,0,4
1987,3,2,5
1987,4,12,16
1987,5,10,15
1987,3,2,5
1987,7,6,13
1987,7,1,8
1987,3,0,3
1987,5,10,15
1987,5,4,9
1987,3,2,5
1987,5,4,9
1987,6,0,6
1987,5,13,18
1987,7,3,10
1987,7,4,11
1987,8,5,13
1987,6,5,11
1987,9,1,10
1987,5,2,7
1987,5,11,16
1987,3,11,14
1987,5,14,19
1987,7,2,9
1987,2,0,2
1987,4,2,6
1987,5,3,8
1987,5,2,7
1987,3,2,5
1987,4,3,7
1987,6,4,10
1987,2,11,13
1987,7,12,19
1987,3,12,15
1987,4,1,5
1987,4,10,14
1987,3,15,18
1987,8,4,12
1987,5,4,9
1987,9,8,17
1987,5,10,15
1987,5,3,8
1987,9,3,12
1987,3,2,5
1987,8,6,14
1987,7,3,10
1987,6,1,7
1987,3,2,5
1987,6,3,9
1987,5,2,7
1987,4,2,6
1987,6,5,11
1987,5,1,6
1987,2,1,3
1987,3,13,16
1987,3,1,4
1987,10,0,10
1987,9,8,17
1987,7,4,11
1987,5,14,19
1987,5,12,17
1987,8,11,19
1987,9,4,13
1987,7,6,13
1987,5,2,7
1987,6,3,9
1987,4,15,19
1987,9,2,11
1987,4,3,7
1987,7,4,11
1987,15,1,16
1987,8,0,8
1987,4,3,7
1987,9,4,13
1987,7,1,8
1987,5,15,20
1987,9,3,12
1987,7,1,8
1987,14,0,14
1987,3,1,4
1987,5,11,16
1987,8,3,11
1987,5,3,8
1987,8,6,14
1987,3,1,4
1987,7,0,7
1987,9,7,16
1987,9,2,11
1987,5,3,8
1987,9,5,14
1987,5,2,7
1987,4,3,7
1987,5,3,8
1987,5,2,7
1987,5,4,9
1987,8,3,11
1987,8,4,12
1987,5,1,6
1987,4,15,19
1987,5,2,7
1987,7,5,12
1987,6,3,9
1987,8,7,15
1987,4,3,7
1987,4,3,7
1987,7,5,12
1987,3,2,5
1987,5,2,7
1987,4,3,7
1987,9,1,10
1987,8,4,12
1987,10,1,11
1987,4,3,7
1987,4,3,7
1987,2,1,3
1987,4,2,6
1987,6,0,6
1987,2,0,2
1987,4,15,19
1987,6,5,11
1987,6,3,9
1987,8,3,11
1987,9,6,15
1987,8,5,13
1987,7,2,9
1987,7,1,8
1987,7,2,9
1987,6,2,8
1987,9,8,17
1987,6,5,11
1987,7,6,13
1987,8,2,10
1987,7,3,10
1987,8,6,14
1987,4,10,14
1987,8,7,15
1987,2,1,3
1987,1,0,1
1987,3,12,15
1987,8,2,10
1987,4,2,6
1987,7,13,20
1987,11,0,11
1987,2,1,3
1987,4,3,7
1987,8,1,9
1987,5,4,9
1987,7,5,12
1987,4,1,5
1987,5,2,7
1987,5,1,6
1987,9,7,16
1987,5,3,8
1987,7,6,13
1987,4,2,6
1987,3,10,13
1987,6,2,8
1987,9,3,12
1987,9,4,13
1987,7,6,13
1987,6,1,7
1987,8,4,12
1987,7,5,12
1987,6,3,9
1987,4,3,7
1987,6,5,11
1987,2,0,2
1987,8,15,23
1987,4,3,7
1987,8,4,12
1987,3,2,5
1987,2,1,3
1987,7,6,13
1987,3,13,16
1987,7,3,10
1987,8,0,8
1987,8,4,12
1987,4,14,18
1987,6,3,9
1987,2,11,13
1987,5,0,5
1987,5,2,7
1987,1,0,1
1987,6,2,8
1987,2,12,14
1987,9,6,15
1987,23,10,33
1987,6,2,8
1987,6,10,16
1987,5,1,6
1987,7,10,17
1987,1,0,1
1987,2,0,2
1987,1,0,1
1987,4,3,7
1987,6,4,10
1987,6,4,10
1987,2,1,3
1987,5,3,8
1987,2,11,13
1987,4,2,6
1987,7,6,13
1987,9,5,14
1987,4,1,5
1987,8,14,22
1987,7,4,11
1987,9,8,17
1987,2,11,13
1987,4,0,4
1987,2,1,3
1987,7,2,9
1987,2,1,3
1987,9,4,13
1987,4,3,7
1987,3,1,4
1987,9,1,10
1987,2,1,3
1987,8,3,11
1987,9,10,19
1987,2,13,15
1987,7,1,8
1987,2,1,3
1987,9,10,19
1987,6,10,16
1987,7,3,10
1987,6,5,11
1987,8,0,8
1987,6,11,17
1987,4,13,17
1987,4,2,6
1987,5,3,8
1987,2,14,16
1987,8,0,8
1987,5,4,9
1987,7,2,9
1987,7,4,11
1987,7,6,13
1987,2,10,12
1987,4,3,7
1987,5,1,6
1987,5,4,9
1987,3,11,14
1987,3,1,4
1987,7,5,12
1987,2,1,3
1987,4,12,16
1987,8,3,11
1987,3,0,3
1987,6,3,9
1987,6,2,8
1987,6,4,10
1987,2,1,3
1987,7,3,10
1987,3,2,5
1987,5,1,6
1987,3,10,13
1987,6,5,11
1987,2,0,2
1987,5,4,9
1987,9,7,16
1987,8,6,14
1987,8,7,15
1987,5,4,9
1987,8,3,11
1987,6,0,6
1987,2,0,2
1987,6,14,20
1987,8,6,14
1987,6,2,8
1987,6,4,10
1987,5,2,7
1987,4,2,6
1987,6,12,18
1987,4,3,7
1987,5,10,15
1987,5,3,8
1987,9,2,11
1987,4,0,4
1987,5,1,6
1987,6,5,11
1987,8,1,9
1987,6,3,9
1987,3,2,5
1987,4,2,6
1987,5,4,9
1987,1,0,1
1987,7,3,10
1987,6,1,7
1987,5,4,9
1987,7,3,10
1987,5,2,7
1987,7,3,10
1987,5,1,6
1987,8,15,23
1987,9,10,19
1987,5,4,9
1987,3,1,4
1987,9,7,16
1987,3,2,5
1987,1,0,1
1987,5,1,6
1987,6,3,9
1987,7,1,8
1987,5,3,8
1987,3,0,3
1987,1,0,1
1987,8,10,18
1987,3,2,5
1987,2,0,2
1987,6,5,11
1987,6,5,11
1987,5,4,9
1987,9,5,14
1987,5,2,7
1987,8,6,14
1987,3,2,5
1987,4,3,7
1987,3,0,3
1987,9,4,13
1987,6,5,11
1987,9,3,12
1987,6,5,11
1987,5,3,8
1987,2,1,3
1987,1,0,1
1987,4,10,14
1987,4,2,6
1987,8,1,9
1987,4,0,4
1987,4,3,7
1987,3,2,5
1987,6,5,11
1987,7,2,9
1987,4,1,5
1987,7,2,9
1987,2,1,3
1987,4,1,5
1987,6,5,11
1987,3,12,15
1987,7,1,8
1987,4,2,6
1987,8,2,10
1987,3,1,4
1987,9,1,10
1987,4,2,6
1987,6,5,11
1987,6,2,8
1987,7,11,18
1987,3,1,4
1987,7,3,10
1987,7,0,7
1987,5,4,9
1987,6,10,16
1987,4,1,5
1987,7,0,7
1987,6,1,7
1987,5,3,8
1987,4,3,7
1987,3,13,16
1987,4,3,7
1987,5,3,8
1987,7,2,9
1987,4,3,7
1987,4,2,6
1987,4,1,5
1987,7,3,10
1987,6,5,11
1987,5,0,5
1987,4,0,4
1987,8,7,15
1987,5,0,5
1987,6,4,10
1987,6,5,11
1987,3,2,5
1987,2,0,2
1987,7,5,12
1987,9,0,9
1987,8,3,11
1987,4,0,4
1987,9,1,10
1987,4,14,18
1987,7,4,11
1987,4,3,7
1987,8,6,14
1987,5,0,5
1987,2,1,3
1987,10,1,11
1987,3,2,5
1987,6,2,8
1987,5,4,9
1987,3,2,5
1987,2,0,2
1987,4,3,7
1987,7,3,10
1987,3,1,4
1987,7,6,13
1987,5,2,7
1987,3,1,4
1987,8,2,10
1987,2,1,3
1987,7,4,11
1987,5,2,7
1987,5,2,7
1987,4,3,7
1987,2,0,2
1987,6,2,8
1987,5,1,6
1987,2,1,3
1987,8,4,12
1987,3,2,5
1987,4,2,6
1987,2,11,13
1987,6,5,11
1987,4,1,5
1987,7,2,9
1987,2,15,17
1987,5,10,15
1987,5,1,6
1987,4,2,6
1987,4,3,7
1987,2,1,3
1987,7,6,13
1987,6,3,9
1987,4,1,5
1987,8,7,15
1987,3,0,3
1987,5,2,7
1987,7,6,13
1987,3,1,4
1987,3,1,4
1987,4,3,7
1987,5,4,9
1987,3,2,5
1987,6,0,6
1987,3,1,4
1987,4,1,5
1987,6,4,10
1987,9,3,12
1987,3,2,5
1987,4,11,15
1987,4,12,16
1987,9,5,14
1987,5,2,7
1987,3,2,5
1987,3,2,5
1987,6,4,10
1987,4,2,6
1987,5,3,8
1987,8,1,9
1987,9,2,11
1987,5,3,8
1987,2,1,3
1987,4,2,6
1987,8,6,14
1987,4,2,6
1987,4,1,5
1987,5,3,8
1987,7,0,7
1987,6,4,10
1987,6,4,10
1987,4,3,7
1987,4,1,5
1987,5,2,7
1987,12,1,13
1987,3,2,5
1987,7,4,11
1987,6,0,6
1987,5,3,8
1987,4,3,7
1987,4,1,5
1987,9,4,13
1987,4,2,6
1987,6,4,10
1987,2,1,3
1987,8,3,11
1987,5,11,16
1987,7,11,18
1987,5,4,9
1987,8,7,15
1987,4,3,7
1987,3,2,5
1987,8,7,15
1987,5,2,7
1987,9,3,12
1987,7,2,9
1987,8,4,12
1987,4,3,7
1987,13,10,23
1987,5,2,7
1987,6,4,10
1987,9,0,9
1987,4,2,6
1987,11,0,11
1987,5,1,6
1987,6,5,11
1987,9,10,19
1987,4,3,7
1987,4,3,7
1987,7,1,8
1987,7,1,8
1987,5,4,9
1987,2,11,13
1987,8,1,9
1987,7,10,17
1987,4,12,16
1987,2,12,14
1987,13,1,14
1987,6,2,8
1987,8,2,10
1987,5,2,7
1987,6,1,7
1987,7,3,10
1987,5,1,6
1987,4,2,6
1987,6,5,11
1987,6,1,7
1987,2,10,12
1987,2,0,2
1987,8,5,13
1987,3,2,5
1987,8,2,10
1987,3,0,3
1987,8,5,13
1987,8,1,9
1987,6,4,10
1987,6,5,11
1987,3,2,5
1987,6,4,10
1987,8,11,19
1987,4,3,7
1987,2,1,3
1987,3,18,21
1987,6,21,27
1987,6,2,8
1987,9,8,17
1987,7,1,8
1987,3,2,5
1987,4,3,7
1987,4,12,16
1987,4,3,7
1987,5,1,6
1987,4,2,6
1987,3,13,16
1987,6,5,11
1987,6,2,8
1987,13,10,23
1987,4,1,5
1987,6,4,10
1987,10,0,10
1987,5,4,9
1987,8,5,13
1987,8,5,13
1987,3,0,3
1987,5,3,8
1987,7,1,8
1987,4,1,5
1987,7,0,7
1987,9,8,17
1987,7,6,13
1987,3,2,5
1987,6,3,9
1987,4,1,5
1987,6,5,11
1987,4,3,7
1987,1,0,1
1987,7,1,8
1987,4,0,4
1987,9,4,13
1987,7,10,17
1987,1,0,1
1987,7,6,13
1987,2,1,3
1987,4,0,4
1987,7,4,11
1987,9,4,13
1987,6,3,9
1987,6,3,9
1987,9,10,19
1987,8,1,9
1987,5,1,6
1987,8,10,18
1987,5,2,7
1987,2,1,3
1987,9,5,14
1987,7,10,17
1987,3,1,4
1987,4,12,16
1987,4,2,6
1987,5,4,9
1987,5,1,6
1987,5,3,8
1987,4,3,7
1987,5,1,6
1987,6,3,9
1987,5,3,8
1987,4,11,15
1987,3,2,5
1987,7,6,13
1987,5,3,8
1987,3,2,5
1987,4,1,5
1987,6,2,8
1987,9,8,17
1987,6,10,16
1987,2,10,12
1987,2,1,3
1987,2,1,3
1987,9,4,13
1987,5,3,8
1987,7,1,8
1987,6,3,9
1987,5,2,7
1987,5,1,6
1987,4,2,6
1987,3,1,4
1987,6,2,8
1987,8,4,12
1987,8,5,13
1987,5,3,8
1987,6,2,8
1987,5,3,8
1987,2,10,12
1987,7,2,9
1987,8,10,18
1987,6,4,10
1987,4,3,7
1987,4,3,7
1987,4,3,7
1987,3,2,5
1987,5,4,9
1987,6,1,7
1987,4,0,4
1987,6,10,16
1987,5,0,5
1987,6,4,10
1987,8,6,14
1987,8,7,15
1987,4,2,6
1987,4,3,7
1987,9,0,9
1987,9,8,17
1987,2,0,2
1987,8,7,15
1987,3,2,5
1987,5,4,9
1987,7,6,13
1987,4,0,4
1987,5,4,9
1987,4,2,6
1987,3,2,5
1987,4,3,7
1987,9,2,11
1987,8,4,12
1987,2,1,3
1987,4,1,5
1987,7,5,12
1987,5,3,8
1987,9,2,11
1987,6,4,10
1987,2,10,12
1987,2,1,3
1987,4,2,6
1987,3,12,15
1987,3,2,5
1987,5,10,15
1987,2,0,2
1987,5,3,8
1987,5,3,8
1987,11,10,21
1987,3,1,4
1987,3,2,5
1987,7,4,11
1987,8,2,10
1987,3,2,5
1987,7,4,11
1987,2,1,3
1987,9,10,19
1987,6,15,21
1987,9,5,14
1987,7,3,10
1987,4,2,6
1987,8,11,19
1987,4,3,7
1987,9,6,15
1987,8,1,9
1987,3,12,15
1987,5,0,5
1987,5,3,8
1987,5,3,8
1987,3,2,5
1987,6,5,11
1987,3,0,3
1987,5,11,16
1987,5,1,6
1987,9,7,16
1987,1,0,1
1987,5,4,9
1987,5,3,8
1987,6,4,10
1987,1,0,1
1987,5,4,9
1987,10,1,11
1987,6,1,7
1987,6,3,9
1987,6,0,6
1987,5,4,9
1987,3,0,3
1987,5,3,8
1987,1,0,1
1987,3,0,3
1987,7,5,12
1987,5,3,8
1987,5,2,7
1987,7,3,10
1987,3,1,4
1987,7,3,10
1987,3,0,3
1987,7,0,7
1987,4,3,7
1987,4,3,7
1987,5,3,8
1987,8,10,18
1987,3,1,4
1987,6,1,7
1987,2,1,3
1987,5,2,7
1987,6,3,9
1987,9,5,14
1987,6,5,11
1987,7,0,7
1987,7,5,12
1987,9,5,14
1987,3,12,15
1987,4,3,7
1987,8,2,10
1987,8,6,14
1987,3,2,5
1987,4,10,14
1987,4,3,7
1987,4,3,7
1987,7,12,19
1987,6,3,9
1987,7,1,8
1987,3,1,4
1987,6,4,10
1987,3,10,13
1987,6,4,10
1987,3,2,5
1987,5,4,9
1987,8,4,12
1987,5,12,17
1987,17,1,18
1987,3,2,5
1987,6,4,10
1987,4,2,6
1987,5,4,9
1987,6,2,8
1987,5,10,15
1987,1,0,1
1987,6,3,9
1987,7,1,8
1987,6,4,10
1987,4,0,4
1987,6,10,16
1987,5,2,7
1987,1,0,1
1987,2,1,3
1987,10,1,11
1987,7,5,12
1987,4,2,6
1987,4,2,6
1987,5,3,8
1987,5,4,9
1987,6,11,17
1987,7,4,11
1987,5,3,8
1987,8,5,13
1987,5,0,5
1987,6,3,9
1987,6,5,11
1987,7,6,13
1987,4,2,6
1987,5,3,8
1987,6,3,9
1987,9,5,14
1987,1,0,1
1987,6,0,6
1987,10,1,11
1987,8,4,12
1987,3,1,4
1987,7,2,9
1987,4,2,6
1987,5,11,16
1987,4,2,6
1988,12,0,12
1988,5,3,8
1988,8,5,13
1988,5,4,9
1988,5,3,8
1988,5,1,6
1988,6,10,16
1988,4,1,5
1988,4,3,7
1988,9,10,19
1988,6,3,9
1988,5,0,5
1988,8,0,8
1988,6,0,6
1988,5,3,8
1988,3,0,3
1988,3,1,4
1988,6,5,11
1988,4,2,6
1988,5,1,6
1988,4,11,15
1988,5,1,6
1988,5,3,8
1988,6,5,11
1988,6,5,11
1988,5,1,6
1988,5,2,7
1988,6,11,17
1988,2,1,3
1988,8,1,9
1988,7,4,11
1988,8,5,13
1988,6,1,7
1988,4,1,5
1988,6,3,9
1988,8,2,10
1988,3,2,5
1988,8,3,11
1988,3,0,3
1988,3,2,5
1988,6,3,9
1988,6,4,10
1988,6,4,10
1988,5,1,6
1988,5,1,6
1988,4,3,7
1988,4,0,4
1988,3,11,14
1988,8,6,14
1988,3,2,5
1988,5,4,9
1988,12,1,13
1988,4,11,15
1988,10,0,10
1988,6,10,16
1988,4,1,5
1988,9,3,12
1988,3,1,4
1988,3,0,3
1988,2,1,3
1988,3,1,4
1988,6,4,10
1988,7,4,11
1988,3,12,15
1988,6,3,9
1988,8,1,9
1988,4,2,6
1988,7,10,17
1988,7,6,13
1988,4,3,7
1988,6,4,10
1988,5,3,8
1988,4,1,5
1988,7,2,9
1988,5,1,6
1988,4,0,4
1988,6,1,7
1988,9,17,26
1988,8,3,11
1988,6,1,7
1988,3,1,4
1988,6,15,21
1988,7,6,13
1988,4,1,5
1988,3,0,3
1988,5,3,8
1988,6,4,10
1988,4,3,7
1988,7,5,12
1988,3,12,15
1988,4,0,4
1988,9,3,12
1988,6,3,9
1988,5,2,7
1988,6,3,9
1988,7,0,7
1988,4,3,7
1988,7,12,19
1988,5,4,9
1988,4,3,7
1988,5,1,6
1988,4,3,7
1988,2,0,2
1988,3,1,4
1988,2,1,3
1988,9,3,12
1988,1,0,1
1988,4,2,6
1988,2,0,2
1988,5,4,9
1988,7,3,10
1988,3,2,5
1988,3,2,5
1988,6,0,6
1988,4,2,6
1988,3,2,5
1988,7,1,8
1988,6,4,10
1988,3,0,3
1988,3,11,14
1988,8,3,11
1988,5,3,8
1988,1,0,1
1988,2,0,2
1988,4,0,4
1988,4,2,6
1988,8,2,10
1988,7,4,11
1988,9,2,11
1988,2,1,3
1988,6,4,10
1988,5,1,6
1988,2,1,3
1988,7,6,13
1988,3,2,5
1988,4,1,5
1988,2,15,17
1988,7,12,19
1988,8,6,14
1988,5,3,8
1988,3,1,4
1988,6,3,9
1988,5,2,7
1988,3,2,5
1988,7,6,13
1988,9,4,13
1988,7,4,11
1988,2,0,2
1988,4,3,7
1988,6,3,9
1988,4,2,6
1988,6,0,6
1988,5,18,23
1988,7,10,17
1988,5,4,9
1988,4,0,4
1988,9,1,10
1988,8,0,8
1988,3,0,3
1988,7,3,10
1988,5,4,9
1988,9,5,14
1988,7,6,13
1988,2,10,12
1988,8,3,11
1988,3,0,3
1988,7,2,9
1988,3,12,15
1988,5,1,6
1988,5,3,8
1988,2,1,3
1988,1,0,1
1988,8,6,14
1988,7,6,13
1988,6,2,8
1988,9,8,17
1988,8,1,9
1988,5,4,9
1988,3,0,3
1988,6,11,17
1988,6,3,9
1988,6,2,8
1988,7,6,13
1988,3,12,15
1988,8,0,8
1988,7,1,8
1988,9,3,12
1988,4,0,4
1988,7,4,11
1988,7,5,12
1988,13,1,14
1988,6,11,17
1988,6,4,10
1988,2,0,2
1988,8,4,12
1988,3,1,4
1988,4,0,4
1988,5,3,8
1988,4,11,15
1988,3,2,5
1988,4,3,7
1988,2,10,12
1988,3,2,5
1988,3,3,6
1988,5,4,9
1988,4,0,4
1988,3,10,13
1988,9,12,21
1988,7,6,13
1988,4,1,5
1988,4,2,6
1988,5,3,8
1988,3,1,4
1988,4,0,4
1988,7,13,20
1988,5,3,8
1988,3,1,4
1988,4,2,6
1988,3,0,3
1988,4,0,4
1988,5,4,9
1988,4,2,6
1988,5,1,6
1988,4,13,17
1988,6,12,18
1988,6,0,6
1988,3,1,4
1988,7,3,10
1988,4,2,6
1988,5,2,7
1988,5,4,9
1988,1,0,1
1988,2,0,2
1988,3,1,4
1988,6,1,7
1988,5,2,7
1988,6,4,10
1988,4,3,7
1988,3,2,5
1988,4,0,4
1988,7,6,13
1988,1,0,1
1988,3,1,4
1988,2,1,3
1988,6,4,10
1988,4,3,7
1988,5,3,8
1988,6,0,6
1988,3,1,4
1988,2,1,3
1988,5,1,6
1988,4,2,6
1988,6,3,9
1988,6,4,10
1988,2,1,3
1988,6,2,8
1988,6,5,11
1988,9,0,9
1988,5,4,9
1988,9,6,15
1988,6,4,10
1988,6,4,10
1988,7,2,9
1988,2,1,3
1988,6,3,9
1988,4,3,7
1988,9,5,14
1988,8,3,11
1988,4,1,5
1988,6,5,11
1988,3,11,14
1988,4,3,7
1988,3,0,3
1988,5,2,7
1988,4,1,5
1988,3,15,18
1988,7,5,12
1988,5,1,6
1988,2,1,3
1988,6,1,7
1988,2,0,2
1988,7,3,10
1988,11,0,11
1988,8,4,12
1988,3,2,5
1988,7,3,10
1988,9,0,9
1988,6,10,16
1988,5,1,6
1988,9,5,14
1988,4,2,6
1988,7,6,13
1988,6,4,10
1988,9,4,13
1988,2,0,2
1988,6,4,10
1988,3,2,5
1988,3,0,3
1988,4,2,6
1988,6,3,9
1988,4,3,7
1988,3,1,4
1988,7,1,8
1988,5,2,7
1988,7,5,12
1988,5,1,6
1988,4,2,6
1988,9,3,12
1988,4,1,5
1988,4,3,7
1988,8,4,12
1988,8,2,10
1988,6,14,20
1988,4,3,7
1988,8,0,8
1988,4,0,4
1988,5,13,18
1988,9,2,11
1988,2,0,2
1988,4,3,7
1988,6,2,8
1988,1,0,1
1988,3,1,4
1988,4,3,7
1988,8,5,13
1988,6,5,11
1988,7,5,12
1988,8,0,8
1988,3,2,5
1988,6,3,9
1988,5,4,9
1988,5,3,8
1988,3,16,19
1988,8,5,13
1988,4,10,14
1988,5,3,8
1988,9,1,10
1988,4,1,5
1988,8,5,13
1988,7,2,9
1988,7,3,10
1988,3,2,5
1988,3,2,5
1988,4,0,4
1988,5,0,5
1988,6,5,11
1988,4,3,7
1988,4,1,5
1988,8,4,12
1988,2,10,12
1988,7,6,13
1988,6,5,11
1988,7,11,18
1988,9,4,13
1988,2,1,3
1988,4,2,6
1988,5,2,7
1988,4,3,7
1988,2,1,3
1988,3,14,17
1988,3,2,5
1988,7,6,13
1988,2,1,3
1988,3,2,5
1988,5,1,6
1988,6,5,11
1988,8,1,9
1988,7,13,20
1988,6,2,8
1988,6,10,16
1988,7,2,9
1988,5,1,6
1988,5,1,6
1988,6,2,8
1988,9,3,12
1988,6,12,18
1988,8,10,18
1988,9,8,17
1988,3,0,3
1988,2,1,3
1988,6,2,8
1988,2,0,2
1988,9,6,15
1988,3,1,4
1988,2,0,2
1988,8,6,14
1988,7,1,8
1988,6,1,7
1988,7,1,8
1988,6,5,11
1988,5,2,7
1988,7,2,9
1988,9,3,12
1988,3,17,20
1988,8,2,10
1988,10,1,11
1988,6,2,8
1988,5,1,6
1988,5,13,18
1988,4,2,6
1988,3,2,5
1988,4,3,7
1988,1,0,1
1988,9,8,17
1988,2,1,3
1988,2,12,14
1988,8,4,12
1988,4,3,7
1988,2,1,3
1988,5,4,9
1988,8,0,8
1988,9,3,12
1988,2,1,3
1988,3,1,4
1988,7,4,11
1988,13,12,25
1988,2,1,3
1988,8,2,10
1988,4,1,5
1988,8,14,22
1988,4,1,5
1988,7,0,7
1988,8,2,10
1988,2,1,3
1988,4,3,7
1988,5,4,9
1988,6,5,11
1988,7,1,8
1988,3,2,5
1988,7,5,12
1988,2,1,3
1988,8,0,8
1988,3,0,3
1988,7,5,12
1988,7,0,7
1988,3,1,4
1988,3,2,5
1988,6,4,10
1988,6,2,8
1988,5,3,8
1988,3,2,5
1988,3,2,5
1988,7,5,12
1988,6,3,9
1988,7,4,11
1988,7,11,18
1988,6,5,11
1988,2,10,12
1988,2,1,3
1988,9,2,11
1988,9,5,14
1988,9,2,11
1988,7,6,13
1988,2,1,3
1988,5,1,6
1988,7,6,13
1988,5,4,9
1988,3,0,3
1988,5,1,6
1988,4,2,6
1988,9,2,11
1988,3,1,4
1988,3,1,4
1988,7,4,11
1988,3,0,3
1988,7,6,13
1988,7,12,19
1988,3,0,3
1988,6,2,8
1988,6,2,8
1988,3,2,5
1988,6,5,11
1988,8,4,12
1988,6,5,11
1988,6,2,8
1988,1,0,1
1988,8,1,9
1988,7,6,13
1988,8,7,15
1988,4,1,5
1988,4,1,5
1988,8,4,12
1988,2,1,3
1988,4,2,6
1988,3,0,3
1988,3,1,4
1988,8,2,10
1988,5,2,7
1988,5,1,6
1988,4,0,4
1988,2,1,3
1988,9,6,15
1988,5,1,6
1988,1,0,1
1988,2,0,2
1988,14,1,15
1988,9,4,13
1988,3,2,5
1988,4,2,6
1988,6,14,20
1988,7,2,9
1988,4,3,7
1988,5,2,7
1988,3,1,4
1988,3,11,14
1988,3,10,13
1988,4,3,7
1988,2,11,13
1988,5,3,8
1988,3,1,4
1988,8,4,12
1988,3,1,4
1988,6,11,17
1988,9,5,14
1988,4,0,4
1988,4,0,4
1988,3,2,5
1988,7,3,10
1988,4,3,7
1988,6,0,6
1988,7,4,11
1988,3,0,3
1988,7,2,9
1988,4,12,16
1988,3,1,4
1988,5,1,6
1988,8,7,15
1988,5,2,7
1988,7,1,8
1988,2,0,2
1988,6,4,10
1988,9,2,11
1988,7,2,9
1988,2,1,3
1988,5,15,20
1988,4,2,6
1988,5,2,7
1988,3,2,5
1988,7,5,12
1988,9,7,16
1988,7,3,10
1988,3,0,3
1988,3,14,17
1988,8,3,11
1988,5,3,8
1988,4,3,7
1988,3,0,3
1988,2,1,3
1988,7,0,7
1988,6,5,11
1988,7,6,13
1988,4,2,6
1988,6,0,6
1988,2,1,3
1988,5,4,9
1988,14,1,15
1988,3,2,5
1988,2,13,15
1988,4,2,6
1988,5,2,7
1988,2,1,3
1988,4,3,7
1988,4,2,6
1988,6,2,8
1988,6,3,9
1988,8,1,9
1988,4,0,4
1988,4,3,7
1988,4,0,4
1988,6,0,6
1988,5,1,6
1988,4,3,7
1988,6,2,8
1988,5,2,7
1988,8,10,18
1988,8,7,15
1988,5,2,7
1988,4,2,6
1988,3,2,5
1988,5,3,8
1988,6,3,9
1988,3,2,5
1988,7,1,8
1988,5,2,7
1988,2,0,2
1988,3,2,5
1988,5,2,7
1988,5,1,6
1988,4,3,7
1988,2,1,3
1988,5,0,5
1988,7,14,21
1988,5,2,7
1988,2,0,2
1988,8,6,14
1988,5,2,7
1988,3,2,5
1988,5,1,6
1988,7,5,12
1988,4,3,7
1988,6,1,7
1988,3,2,5
1988,3,1,4
1988,3,2,5
1988,7,1,8
1988,4,2,6
1988,7,2,9
1988,12,1,13
1988,6,3,9
1988,2,1,3
1988,6,3,9
1988,5,4,9
1988,4,2,6
1988,7,3,10
1988,4,2,6
1988,2,14,16
1988,5,2,7
1988,3,12,15
1988,4,1,5
1988,5,4,9
1988,6,1,7
1988,3,2,5
1988,3,2,5
1988,3,2,5
1988,7,3,10
1988,4,1,5
1988,4,1,5
1988,11,1,12
1988,4,3,7
1988,4,0,4
1988,6,3,9
1988,10,1,11
1988,9,7,16
1988,8,6,14
1988,9,2,11
1988,5,4,9
1988,5,0,5
1988,8,0,8
1988,5,12,17
1988,9,0,9
1988,2,14,16
1988,6,3,9
1988,5,4,9
1988,9,3,12
1988,3,2,5
1988,7,1,8
1988,2,1,3
1988,4,3,7
1988,4,3,7
1988,9,7,16
1988,4,3,7
1988,7,2,9
1988,5,4,9
1988,2,10,12
1988,3,0,3
1988,9,4,13
1988,2,1,3
1988,3,2,5
1988,7,3,10
1988,4,0,4
1988,6,3,9
1988,9,3,12
1988,6,3,9
1988,3,1,4
1988,5,13,18
1988,8,2,10
1988,8,5,13
1988,5,0,5
1988,5,4,9
1988,2,1,3
1988,7,5,12
1988,8,4,12
1988,7,6,13
1988,2,10,12
1988,8,10,18
1988,5,2,7
1988,4,3,7
1988,5,2,7
1988,1,0,1
1988,6,4,10
1988,6,5,11
1988,8,1,9
1988,7,3,10
1988,6,5,11
1988,8,2,10
1988,9,2,11
1988,4,12,16
1988,5,4,9
1988,6,2,8
1988,7,3,10
1988,5,4,9
1988,6,5,11
1988,4,3,7
1988,3,11,14
1988,6,3,9
1988,3,2,5
1988,3,1,4
1988,9,3,12
1988,5,2,7
1988,9,4,13
1988,6,3,9
1988,2,0,2
1988,4,10,14
1988,5,4,9
1988,3,2,5
1988,12,0,12
1988,2,0,2
1988,6,2,8
1988,6,4,10
1988,4,3,7
1988,8,10,18
1988,5,3,8
1988,6,0,6
1988,5,2,7
1988,5,10,15
1988,4,3,7
1988,8,5,13
1988,6,2,8
1988,5,4,9
1988,5,0,5
1988,4,1,5
1988,1,0,1
1988,4,12,16
1988,5,2,7
1988,4,2,6
1988,5,4,9
1988,11,1,12
1988,5,4,9
1988,4,3,7
1988,5,1,6
1988,7,1,8
1988,8,7,15
1988,5,4,9
1988,5,2,7
1988,5,2,7
1988,6,2,8
1988,4,2,6
1988,4,3,7
1988,3,1,4
1988,7,5,12
1988,6,4,10
1988,5,2,7
1988,1,0,1
1988,1,0,1
1988,2,1,3
1988,3,10,13
1988,5,2,7
1988,5,3,8
1988,12,10,22
1988,4,3,7
1988,3,1,4
1988,9,6,15
1988,7,3,10
1988,7,6,13
1988,3,0,3
1988,7,0,7
1988,5,3,8
1988,3,11,14
1988,5,4,9
1988,6,4,10
1988,8,6,14
1988,8,2,10
1988,2,1,3
1988,3,2,5
1988,7,2,9
1988,2,0,2
1988,4,13,17
1988,4,3,7
1988,6,4,10
1988,2,16,18
1988,5,4,9
1988,5,0,5
1988,4,3,7
1988,6,5,11
1988,5,4,9
1988,5,2,7
1988,6,2,8
1988,6,10,16
1988,4,3,7
1988,3,2,5
1988,8,2,10
1988,6,12,18
1988,5,3,8
1988,8,0,8
1988,6,4,10
1988,6,5,11
1988,3,1,4
1988,4,1,5
1988,2,1,3
1988,5,2,7
1988,7,3,10
1988,8,6,14
1988,5,4,9
1988,7,3,10
1988,3,0,3
1988,6,3,9
1988,7,1,8
1988,9,3,12
1988,5,1,6
1988,3,1,4
1988,5,0,5
1988,2,1,3
1988,9,0,9
1988,4,2,6
1988,8,5,13
1988,3,2,5
1988,7,5,12
1988,8,3,11
1988,6,3,9
1988,7,4,11
1988,5,3,8
1988,1,0,1
1988,5,1,6
1988,5,1,6
1988,6,4,10
1988,2,0,2
1988,6,2,8
1988,4,2,6
1988,3,15,18
1988,9,2,11
1988,8,4,12
1988,3,0,3
1988,7,4,11
1988,5,13,18
1988,3,1,4
1988,9,5,14
1988,4,3,7
1988,6,5,11
1988,3,2,5
1988,7,3,10
1988,6,0,6
1988,6,4,10
1988,5,12,17
1988,9,7,16
1988,7,4,11
1988,4,3,7
1988,7,2,9
1988,4,1,5
1988,3,1,4
1988,7,6,13
1988,7,3,10
1988,7,14,21
1988,5,0,5
1988,3,0,3
1988,3,2,5
1988,6,3,9
1988,6,1,7
1988,6,3,9
1988,3,0,3
1988,6,3,9
1988,6,2,8
1988,3,2,5
1988,2,1,3
1988,6,3,9
1988,6,4,10
1988,7,15,22
1988,9,3,12
1988,5,3,8
1988,3,11,14
1988,6,4,10
1988,5,0,5
1988,2,12,14
1988,5,4,9
1988,5,0,5
1988,3,1,4
1988,6,0,6
1988,5,4,9
1988,3,2,5
1988,5,3,8
1988,7,14,21
1988,2,1,3
1988,2,1,3
1988,7,3,10
1988,5,4,9
1988,6,5,11
1988,3,2,5
1988,8,5,13
1988,7,2,9
1988,2,1,3
1988,4,3,7
1988,5,2,7
1988,6,2,8
1988,6,10,16
1988,7,6,13
1988,3,1,4
1988,2,1,3
1988,4,2,6
1988,5,4,9
1988,7,0,7
1988,9,0,9
1988,6,1,7
1988,8,3,11
1988,6,0,6
1988,4,2,6
1988,5,4,9
1988,3,1,4
1988,3,2,5
1988,5,1,6
1988,4,1,5
1988,6,2,8
1988,3,1,4
1988,6,2,8
1988,3,0,3
1988,5,3,8
1988,8,7,15
1988,3,2,5
1988,4,2,6
1988,4,1,5
1988,6,4,10
1988,4,3,7
1988,2,0,2
1988,5,2,7
1988,4,3,7
1988,6,2,8
1988,5,4,9
1988,8,3,11
1988,5,3,8
1988,11,0,11
1988,5,3,8
1988,7,5,12
1988,5,11,16
1988,7,0,7
1988,7,6,13
1988,5,2,7
1988,6,3,9
1988,8,4,12
1988,3,10,13
1988,7,3,10
1988,5,2,7
1988,6,4,10
1988,4,1,5
1988,5,1,6
1988,4,1,5
1988,4,3,7
1988,7,3,10
1988,4,1,5
1988,5,10,15
1988,7,2,9
1988,2,1,3
1988,10,1,11
1988,4,2,6
1988,6,3,9
1988,9,6,15
1988,6,0,6
1988,3,0,3
1988,4,3,7
1988,11,0,11
1988,5,0,5
1988,8,0,8
1988,7,5,12
1988,7,5,12
1988,4,1,5
1988,9,10,19
1988,6,2,8
1988,9,5,14
1988,7,16,23
1988,2,1,3
1988,9,2,11
1988,4,0,4
1988,2,1,3
1988,6,3,9
1988,5,4,9
1988,2,1,3
1988,6,3,9
1988,6,3,9
1988,7,13,20
1988,7,0,7
1988,6,1,7
1988,8,2,10
1988,6,4,10
1988,4,3,7
1988,4,3,7
1988,4,3,7
1988,6,1,7
1988,4,1,5
1988,5,2,7
1988,6,0,6
1988,5,4,9
1988,7,2,9
1988,4,2,6
1988,5,1,6
1988,2,1,3
1988,4,2,6
1988,3,2,5
1988,2,0,2
1988,9,8,17
1988,7,3,10
1988,7,2,9
1988,8,7,15
1988,1,0,1
1988,3,2,5
1988,5,3,8
1988,4,3,7
1988,6,0,6
1988,6,12,18
1988,2,1,3
1988,3,11,14
1988,11,0,11
1988,8,7,15
1988,9,2,11
1988,5,4,9
1988,9,3,12
1988,3,2,5
1988,6,5,11
1988,5,3,8
1988,5,1,6
1988,5,2,7
1988,7,1,8
1988,2,1,3
1988,4,0,4
1988,7,10,17
1988,6,1,7
1988,3,1,4
1988,8,1,9
1988,8,2,10
1988,5,4,9
1988,7,2,9
1988,5,3,8
1988,7,5,12
1988,2,1,3
1988,7,4,11
1988,3,11,14
1988,4,3,7
1988,7,6,13
1988,4,10,14
1988,3,2,5
1988,2,1,3
1988,4,3,7
1988,9,2,11
1988,5,0,5
1988,3,2,5
1988,5,4,9
1988,4,0,4
1988,13,1,14
1988,9,8,17
1988,7,0,7
1988,5,1,6
1988,4,2,6
1988,5,3,8
1988,7,4,11
1988,9,2,11
1988,5,3,8
1988,3,1,4
1988,5,1,6
1988,4,3,7
1988,3,2,5
1988,2,13,15
1988,6,11,17
1988,5,10,15
1988,5,1,6
1988,3,0,3
1988,4,2,6
1988,5,4,9
1988,4,3,7
1988,3,1,4
1988,6,3,9
1988,6,4,10
1988,3,1,4
1988,3,2,5
1988,9,0,9
1988,5,3,8
1988,4,1,5
1988,3,2,5
1988,4,1,5
1988,8,6,14
1988,7,6,13
1988,4,2,6
1988,4,2,6
1988,7,3,10
1988,8,1,9
1988,5,4,9
1988,2,0,2
1988,4,2,6
1988,5,4,9
1988,6,0,6
1988,5,2,7
1988,7,1,8
1988,8,1,9
1988,7,3,10
1988,4,3,7
1988,2,0,2
1988,7,1,8
1988,8,5,13
1988,6,5,11
1988,7,10,17
1988,1,0,1
1988,6,10,16
1988,3,2,5
1988,4,2,6
1988,4,3,7
1988,5,3,8
1988,4,0,4
1988,4,2,6
1988,1,0,1
1988,3,2,5
1988,9,4,13
1988,4,1,5
1988,8,7,15
1988,8,2,10
1988,6,3,9
1988,8,5,13
1988,4,3,7
1988,6,3,9
1988,8,2,10
1988,5,4,9
1988,5,3,8
1988,4,2,6
1988,21,2,23
1988,9,3,12
1988,4,2,6
1988,2,1,3
1988,4,1,5
1988,5,4,9
1988,7,5,12
1988,8,2,10
1988,6,5,11
1988,7,2,9
1988,3,2,5
1988,5,3,8
1988,4,2,6
1988,2,1,3
1988,5,0,5
1988,9,8,17
1988,7,1,8
1988,8,2,10
1988,2,0,2
1988,1,0,1
1988,6,3,9
1988,1,0,1
1988,7,5,12
1988,7,1,8
1988,7,5,12
1988,9,2,11
1988,3,1,4
1988,3,1,4
1988,6,2,8
1988,4,3,7
1988,4,2,6
1988,3,1,4
1988,7,4,11
1988,6,4,10
1988,3,2,5
1988,6,3,9
1988,5,3,8
1988,1,0,1
1988,5,2,7
1988,8,5,13
1988,8,5,13
1988,7,3,10
1988,4,2,6
1988,3,2,5
1988,4,3,7
1988,7,6,13
1988,10,1,11
1988,2,2,4
1988,6,1,7
1988,7,4,11
1988,4,1,5
1988,6,10,16
1988,10,1,11
1988,8,2,10
1988,3,2,5
1988,4,3,7
1988,4,2,6
1988,7,2,9
1988,8,10,18
1988,4,0,4
1988,4,1,5
1988,5,2,7
1988,3,1,4
1988,7,3,10
1988,9,6,15
1988,4,10,14
1988,5,4,9
1988,7,4,11
1988,3,1,4
1988,3,0,3
1988,6,5,11
1988,2,12,14
1988,8,3,11
1988,2,1,3
1988,6,1,7
1988,6,1,7
1988,7,2,9
1988,7,2,9
1988,9,8,17
1988,4,1,5
1988,3,12,15
1988,1,0,1
1988,6,4,10
1988,2,0,2
1988,5,0,5
1988,7,6,13
1988,3,1,4
1988,2,11,13
1988,3,1,4
1988,4,3,7
1988,7,2,9
1988,4,2,6
1988,9,6,15
1988,6,4,10
1988,6,2,8
1988,9,5,14
1988,9,6,15
1988,3,2,5
1988,9,7,16
1988,7,6,13
1988,2,12,14
1988,4,0,4
1988,3,2,5
1988,5,4,9
1988,4,3,7
1988,3,2,5
1988,5,12,17
1988,8,7,15
1988,6,1,7
1988,3,1,4
1988,3,2,5
1988,2,0,2
1988,6,5,11
1988,6,1,7
1988,3,2,5
1988,6,2,8
1988,6,4,10
1988,4,3,7
1988,7,4,11
1988,5,4,9
1988,4,1,5
1988,5,3,8
1988,9,8,17
1988,2,1,3
1988,6,1,7
1988,6,1,7
1988,5,1,6
1988,4,1,5
1988,4,2,6
1988,9,10,19
1988,4,2,6
1988,5,11,16
1988,5,4,9
1988,3,2,5
1988,1,0,1
1988,7,6,13
1988,6,5,11
1988,7,4,11
1988,8,11,19
1988,6,1,7
1988,4,1,5
1988,6,2,8
1988,5,2,7
1988,6,5,11
1988,3,2,5
1988,9,2,11
1988,2,1,3
1988,5,3,8
1988,6,4,10
1988,8,10,18
1988,6,4,10
1988,6,1,7
1988,4,2,6
1988,1,0,1
1988,2,1,3
1988,6,0,6
1988,5,0,5
1988,2,1,3
1988,6,5,11
1988,5,4,9
1988,3,2,5
1988,3,2,5
1988,3,1,4
1988,5,1,6
1988,2,0,2
1988,3,2,5
1988,2,1,3
1988,6,2,8
1988,1,0,1
1988,7,3,10
1988,2,1,3
1988,6,3,9
1988,8,4,12
1988,3,2,5
1988,7,5,12
1988,5,1,6
1988,7,3,10
1988,6,5,11
1988,2,1,3
1988,9,8,17
1988,3,2,5
1988,9,8,17
1988,6,1,7
1988,2,12,14
1988,3,1,4
1988,4,1,5
1988,5,4,9
1988,3,16,19
1988,2,10,12
1988,4,1,5
1988,2,1,3
1988,3,2,5
1988,7,10,17
1988,5,2,7
1988,7,6,13
1988,5,2,7
1988,7,1,8
1988,4,3,7
1988,6,1,7
1988,7,0,7
1988,3,2,5
1988,6,2,8
1988,6,4,10
1988,5,4,9
1988,4,2,6
1988,7,0,7
1988,3,2,5
1988,2,1,3
1988,3,1,4
1988,7,5,12
1988,1,0,1
1988,8,3,11
1988,5,3,8
1988,5,3,8
1988,5,3,8
1988,7,1,8
1988,8,7,15
1988,3,2,5
1988,15,14,29
1988,4,2,6
1988,3,0,3
1988,6,14,20
1988,2,1,3
1988,3,0,3
1988,3,2,5
1988,2,0,2
1988,5,2,7
1988,2,1,3
1988,3,1,4
1988,4,1,5
1988,5,0,5
1988,7,5,12
1988,4,12,16
1988,5,1,6
1988,6,1,7
1988,2,0,2
1988,2,1,3
1988,6,3,9
1988,8,5,13
1988,6,2,8
1988,4,2,6
1988,3,2,5
1988,6,3,9
1988,2,10,12
1988,5,3,8
1988,4,3,7
1988,7,2,9
1988,6,3,9
1988,8,4,12
1988,4,1,5
1988,3,1,4
1988,5,2,7
1988,7,2,9
1988,7,5,12
1988,1,0,1
1988,2,0,2
1988,5,11,16
1988,3,1,4
1988,3,2,5
1988,4,1,5
1988,2,10,12
1988,13,10,23
1988,2,0,2
1988,11,1,12
1988,8,3,11
1988,5,4,9
1988,4,3,7
1988,2,1,3
1988,7,4,11
1988,6,5,11
1988,3,1,4
1988,6,4,10
1988,4,2,6
1988,8,7,15
1988,3,2,5
1988,4,2,6
1988,8,3,11
1988,5,0,5
1988,6,11,17
1988,4,3,7
1988,2,0,2
1988,3,2,5
1988,9,2,11
1988,2,1,3
1988,8,5,13
1988,4,1,5
1988,3,1,4
1988,6,5,11
1988,5,4,9
1988,9,3,12
1988,7,10,17
1988,3,1,4
1988,3,2,5
1988,6,4,10
1988,7,5,12
1988,2,11,13
1988,4,1,5
1988,3,2,5
1988,3,1,4
1988,8,4,12
1988,7,6,13
1988,7,2,9
1988,7,2,9
1988,7,5,12
1988,7,4,11
1988,4,1,5
1988,4,2,6
1988,5,3,8
1988,5,3,8
1988,5,4,9
1988,5,3,8
1988,5,4,9
1988,5,3,8
1988,11,1,12
1988,4,14,18
1988,7,2,9
1988,6,3,9
1988,7,4,11
1988,4,3,7
1988,3,0,3
1988,4,2,6
1988,5,1,6
1988,7,12,19
1988,6,2,8
1988,5,11,16
1988,2,0,2
1988,5,1,6
1988,5,2,7
1988,4,3,7
1988,10,0,10
1988,7,2,9
1988,9,5,14
1988,1,0,1
1988,4,2,6
1988,3,2,5
1988,5,1,6
1988,5,1,6
1988,4,1,5
1988,6,4,10
1988,6,0,6
1988,3,2,5
1988,5,4,9
1988,3,2,5
1988,5,1,6
1988,4,3,7
1988,8,10,18
1988,6,3,9
1988,8,1,9
1988,7,3,10
1988,6,2,8
1988,5,4,9
1988,2,1,3
1988,6,5,11
1988,8,5,13
1988,5,0,5
1988,4,3,7
1988,8,3,11
1988,4,10,14
1988,5,4,9
1988,5,0,5
1988,2,1,3
1988,1,0,1
1988,2,1,3
1988,2,1,3
1988,9,6,15
1988,9,8,17
1988,5,4,9
1988,6,0,6
1988,6,5,11
1988,4,0,4
1988,6,1,7
1988,6,5,11
1988,7,2,9
1988,1,0,1
1988,4,3,7
1988,9,4,13
1988,4,0,4
1988,9,4,13
1988,6,3,9
1988,4,3,7
1988,3,2,5
1988,7,3,10
1988,8,3,11
1988,6,4,10
1988,5,2,7
1988,4,0,4
1988,9,1,10
1988,6,4,10
1988,7,2,9
1988,4,16,20
1988,5,1,6
1988,3,1,4
1988,3,12,15
1988,1,0,1
1988,2,0,2
1988,2,1,3
1988,5,0,5
1988,2,12,14
1988,7,4,11
1988,6,2,8
1988,4,10,14
1988,7,4,11
1988,6,18,24
1988,8,3,11
1988,2,0,2
1988,3,0,3
1988,6,1,7
1988,6,0,6
1988,4,15,19
1988,9,11,20
1988,9,6,15
1988,4,3,7
1988,4,2,6
1988,6,4,10
1988,9,8,17
1988,11,0,11
1988,2,1,3
1988,7,3,10
1988,3,12,15
1988,1,0,1
1988,4,1,5
1988,4,3,7
1988,6,3,9
1988,7,0,7
1988,5,4,9
1988,6,4,10
1988,6,5,11
1988,4,1,5
1988,5,4,9
1988,7,5,12
1988,6,15,21
1988,4,2,6
1988,6,2,8
1988,6,13,19
1988,3,0,3
1988,4,10,14
1988,7,2,9
1988,5,1,6
1988,5,0,5
1988,7,11,18
1988,2,1,3
1988,9,6,15
1988,7,2,9
1988,7,11,18
1988,2,1,3
1988,4,2,6
1988,4,0,4
1988,1,0,1
1988,10,1,11
1988,6,1,7
1988,9,1,10
1988,4,3,7
1988,6,4,10
1988,2,1,3
1988,4,2,6
1988,7,1,8
1988,5,4,9
1988,4,1,5
1988,2,1,3
1988,3,1,4
1988,7,6,13
1988,8,7,15
1988,4,2,6
1988,5,4,9
1988,2,0,2
1988,5,0,5
1988,5,3,8
1988,6,1,7
1988,5,1,6
1988,3,2,5
1988,6,2,8
1988,4,10,14
1988,7,4,11
1988,3,2,5
1988,7,5,12
1988,5,4,9
1988,4,2,6
1988,2,1,3
1988,4,3,7
1988,3,2,5
1988,9,5,14
1988,2,1,3
1988,4,3,7
1988,6,2,8
1988,8,1,9
1988,3,2,5
1988,5,4,9
1988,1,0,1
1988,3,1,4
1988,5,0,5
1988,4,0,4
1988,2,12,14
1988,4,2,6
1988,2,1,3
1988,1,0,1
1988,6,3,9
1988,7,1,8
1988,8,4,12
1988,7,3,10
1988,6,2,8
1988,9,7,16
1988,7,1,8
1988,7,3,10
1988,7,0,7
1988,9,2,11
1988,2,0,2
1988,6,5,11
1988,3,2,5
1988,5,3,8
1988,9,5,14
1988,6,3,9
1988,2,10,12
1988,9,3,12
1988,5,1,6
1988,6,2,8
1988,7,5,12
1988,5,4,9
1988,2,0,2
1988,9,1,10
1988,2,1,3
1988,7,0,7
1988,7,11,18
1988,7,2,9
1988,4,3,7
1988,4,3,7
1988,4,3,7
1988,3,2,5
1988,2,1,3
1988,7,2,9
1988,8,2,10
1988,7,6,13
1988,6,2,8
1988,5,2,7
1988,7,5,12
1988,5,3,8
1988,7,4,11
1988,6,4,10
1988,6,1,7
1988,4,1,5
1988,4,1,5
1988,4,0,4
1988,7,6,13
1988,7,6,13
1988,4,2,6
1988,2,0,2
1988,4,3,7
1988,3,2,5
1988,4,3,7
1988,3,0,3
1988,8,5,13
1988,7,2,9
1988,5,3,8
1988,5,1,6
1988,5,0,5
1988,12,0,12
1988,4,1,5
1988,3,2,5
1988,3,1,4
1988,4,1,5
1988,6,5,11
1988,4,0,4
1988,2,1,3
1988,5,1,6
1988,4,2,6
1988,8,6,14
1988,5,3,8
1988,4,2,6
1988,2,13,15
1988,5,4,9
1988,5,3,8
1988,4,3,7
1988,3,12,15
1988,12,10,22
1988,5,3,8
1988,7,4,11
1988,2,1,3
1988,5,0,5
1988,7,2,9
1988,6,5,11
1988,3,2,5
1988,4,2,6
1988,3,2,5
1988,8,1,9
1988,2,1,3
1988,6,3,9
1988,6,1,7
1988,2,1,3
1988,6,0,6
1988,3,1,4
1988,3,0,3
1988,9,6,15
1988,3,2,5
1988,9,1,10
1988,5,2,7
1988,4,1,5
1988,6,4,10
1988,7,4,11
1988,4,1,5
1988,6,2,8
1988,4,2,6
1988,1,0,1
1988,1,0,1
1988,7,5,12
1988,7,1,8
1988,8,6,14
1988,6,4,10
1988,7,5,12
1988,9,3,12
1988,4,1,5
1988,3,1,4
1988,1,0,1
1988,4,2,6
1988,4,3,7
1988,6,3,9
1988,7,2,9
1988,3,2,5
1988,4,1,5
1988,10,1,11
1988,4,2,6
1988,6,2,8
1988,5,2,7
1988,5,1,6
1988,2,1,3
1988,3,2,5
1988,6,5,11
1988,4,3,7
1988,5,0,5
1988,2,0,2
1988,6,3,9
1988,10,0,10
1988,8,0,8
1988,4,1,5
1988,7,4,11
1988,4,3,7
1988,7,6,13
1988,2,1,3
1988,6,4,10
1988,7,3,10
1988,10,1,11
1988,8,6,14
1988,6,4,10
1988,2,1,3
1988,5,4,9
1988,5,2,7
1988,1,0,1
1988,7,4,11
1988,6,5,11
1988,17,0,17
1988,3,2,5
1988,5,2,7
1988,6,1,7
1988,4,3,7
1988,3,2,5
1988,3,2,5
1988,2,11,13
1988,6,4,10
1988,9,7,16
1988,3,0,3
1988,4,1,5
1988,3,14,17
1988,4,3,7
1988,5,4,9
1988,3,0,3
1988,4,2,6
1988,5,2,7
1988,2,0,2
1988,7,2,9
1988,7,5,12
1988,7,4,11
1988,6,2,8
1988,4,11,15
1988,2,1,3
1988,6,1,7
1988,3,2,5
1988,7,3,10
1988,3,10,13
1988,3,2,5
1988,8,3,11
1988,1,0,1
1988,3,2,5
1988,4,3,7
1988,1,0,1
1988,3,1,4
1988,4,3,7
1988,9,8,17
1988,4,3,7
1988,4,2,6
1988,4,1,5
1988,7,2,9
1988,2,1,3
1988,5,4,9
1988,5,4,9
1988,1,0,1
1988,4,1,5
1988,5,0,5
1988,6,3,9
1988,6,13,19
1988,5,1,6
1988,2,1,3
1988,7,4,11
1988,5,4,9
1988,2,1,3
1988,3,2,5
1988,1,0,1
1988,4,3,7
1988,8,1,9
1988,7,4,11
1988,1,0,1
1988,6,14,20
1988,5,2,7
1988,2,1,3
1988,7,3,10
1988,3,2,5
1988,5,2,7
1988,5,4,9
1988,4,3,7
1988,6,2,8
1988,5,3,8
1988,7,4,11
1988,6,0,6
1988,6,5,11
1988,9,4,13
1988,5,0,5
1988,1,0,1
1988,6,0,6
1988,9,4,13
1988,5,1,6
1988,6,2,8
1988,3,2,5
1988,9,3,12
1988,3,2,5
1988,4,2,6
1988,4,2,6
1988,3,2,5
1988,8,7,15
1988,5,3,8
1988,5,3,8
1988,3,0,3
1988,5,4,9
1988,7,4,11
1988,8,2,10
1988,4,1,5
1988,3,2,5
1988,8,3,11
1988,6,1,7
1988,2,1,3
1988,8,6,14
1988,5,4,9
1988,2,14,16
1988,3,2,5
1988,5,1,6
1988,4,2,6
1988,3,1,4
1988,6,5,11
1988,6,4,10
1988,4,3,7
1988,4,0,4
1988,5,2,7
1988,5,4,9
1988,2,0,2
1988,7,1,8
1988,1,0,1
1988,2,1,3
1988,9,2,11
1988,4,1,5
1988,2,1,3
1988,9,1,10
1988,4,3,7
1988,4,2,6
1988,4,2,6
1988,7,1,8
1988,7,5,12
1988,1,0,1
1988,4,1,5
1988,3,1,4
1988,9,1,10
1988,9,2,11
1988,6,5,11
1988,2,0,2
1988,3,2,5
1988,5,3,8
1988,2,1,3
1988,7,5,12
1988,3,10,13
1988,9,4,13
1988,4,1,5
1988,6,2,8
1988,3,1,4
1988,3,0,3
1988,7,4,11
1988,7,2,9
1988,3,0,3
1988,1,0,1
1988,8,7,15
1988,5,4,9
1988,5,4,9
1988,4,3,7
1988,3,0,3
1988,7,5,12
1988,5,1,6
1988,4,3,7
1988,9,4,13
1988,6,3,9
1988,3,1,4
1988,7,4,11
1988,6,4,10
1988,4,3,7
1988,7,3,10
1988,4,2,6
1988,3,1,4
1988,6,2,8
1988,3,2,5
1988,7,2,9
1988,11,0,11
1988,3,12,15
1988,6,5,11
1988,9,4,13
1988,6,5,11
1988,5,4,9
1988,2,0,2
1988,2,0,2
1988,3,10,13
1988,8,5,13
1988,5,3,8
1988,3,2,5
1988,6,5,11
1988,2,10,12
1988,4,0,4
1988,4,3,7
1988,4,2,6
1988,7,2,9
1988,4,3,7
1988,1,0,1
1988,3,2,5
1988,5,3,8
1988,4,0,4
1988,5,4,9
1988,7,3,10
1988,5,4,9
1988,7,4,11
1988,6,5,11
1988,5,4,9
1988,9,1,10
1988,7,2,9
1988,3,1,4
1988,6,0,6
1988,7,1,8
1988,6,4,10
1988,3,12,15
1988,11,10,21
1988,5,1,6
1988,4,1,5
1988,2,13,15
1988,3,10,13
1988,8,5,13
1988,5,1,6
1988,3,2,5
1988,1,0,1
1988,9,3,12
1988,6,5,11
1988,3,2,5
1988,4,3,7
1988,6,3,9
1988,5,4,9
1988,5,0,5
1988,6,1,7
1988,1,0,1
1988,7,4,11
1988,6,2,8
1988,3,1,4
1988,3,2,5
1988,5,4,9
1988,3,1,4
1988,5,4,9
1988,5,4,9
1988,7,1,8
1988,2,0,2
1988,4,2,6
1988,9,8,17
1988,9,10,19
1988,3,2,5
1988,5,3,8
1988,4,3,7
1988,3,0,3
1988,2,1,3
1988,3,2,5
1988,2,1,3
1988,3,2,5
1988,6,2,8
1988,1,0,1
1988,5,2,7
1988,5,4,9
1988,1,0,1
1988,2,1,3
1988,3,0,3
1988,7,3,10
1988,14,1,15
1988,3,0,3
1988,2,1,3
1988,2,1,3
1988,7,4,11
1988,6,2,8
1988,6,5,11
1988,4,3,7
1988,4,2,6
1988,6,0,6
1988,8,5,13
1988,7,4,11
1988,9,1,10
1988,2,0,2
1988,9,7,16
1988,8,5,13
1988,5,4,9
1988,11,1,12
1988,5,3,8
1988,6,3,9
1988,5,0,5
1988,3,2,5
1988,4,10,14
1988,7,1,8
1988,3,2,5
1988,5,2,7
1988,3,2,5
1988,5,1,6
1988,9,15,24
1988,3,2,5
1988,4,0,4
1988,3,10,13
1988,6,5,11
1988,5,0,5
1988,5,3,8
1988,5,4,9
1988,3,2,5
1988,8,4,12
1988,6,3,9
1988,4,3,7
1988,2,0,2
1988,1,0,1
1988,3,2,5
1988,4,2,6
1988,4,3,7
1988,5,2,7
1988,3,1,4
1988,9,3,12
1988,2,1,3
1988,2,1,3
1988,6,1,7
1988,5,4,9
1988,5,1,6
1988,12,0,12
1988,7,6,13
1988,6,2,8
1988,5,4,9
1988,5,1,6
1988,9,10,19
1988,8,7,15
1988,4,2,6
1988,6,2,8
1988,5,1,6
1988,4,2,6
1988,6,4,10
1988,8,5,13
1988,2,1,3
1988,4,2,6
1988,7,1,8
1988,6,11,17
1988,4,0,4
1988,9,7,16
1988,4,2,6
1988,1,0,1
1988,6,5,11
1988,6,3,9
1988,3,0,3
1988,2,1,3
1988,5,10,15
1988,5,4,9
1988,6,3,9
1988,8,3,11
1988,4,3,7
1988,7,3,10
1988,8,4,12
1988,1,0,1
1988,6,5,11
1988,4,3,7
1988,5,1,6
1988,5,1,6
1988,1,0,1
1988,3,2,5
1988,3,1,4
1988,7,5,12
1988,4,0,4
1988,7,2,9
1988,9,3,12
1988,3,2,5
1988,2,1,3
1988,6,3,9
1988,4,3,7
1988,8,4,12
1988,6,10,16
1988,5,4,9
1988,4,1,5
1988,7,4,11
1988,5,1,6
1988,6,0,6
1988,5,4,9
1988,6,0,6
1988,2,1,3
1988,4,3,7
1988,5,2,7
1989,5,4,9
1989,6,4,10
1989,2,1,3
1989,4,3,7
1989,8,4,12
1989,3,2,5
1989,5,3,8
1989,9,2,11
1989,5,4,9
1989,3,10,13
1989,4,2,6
1989,6,5,11
1989,8,3,11
1989,4,0,4
1989,6,2,8
1989,4,12,16
1989,4,3,7
1989,8,4,12
1989,2,1,3
1989,2,12,14
1989,3,0,3
1989,3,1,4
1989,11,1,12
1989,4,3,7
1989,6,4,10
1989,3,2,5
1989,8,3,11
1989,4,1,5
1989,3,0,3
1989,3,2,5
1989,3,2,5
1989,7,1,8
1989,3,2,5
1989,3,11,14
1989,5,4,9
1989,6,1,7
1989,2,1,3
1989,6,5,11
1989,4,3,7
1989,3,10,13
1989,5,3,8
1989,9,8,17
1989,8,3,11
1989,7,3,10
1989,4,2,6
1989,7,1,8
1989,9,10,19
1989,7,0,7
1989,5,3,8
1989,5,2,7
1989,6,2,8
1989,2,1,3
1989,6,5,11
1989,3,2,5
1989,11,1,12
1989,7,4,11
1989,5,4,9
1989,5,4,9
1989,4,2,6
1989,5,13,18
1989,8,3,11
1989,9,1,10
1989,5,4,9
1989,8,6,14
1989,8,1,9
1989,2,1,3
1989,4,3,7
1989,4,2,6
1989,3,15,18
1989,3,2,5
1989,5,2,7
1989,4,0,4
1989,8,3,11
1989,3,0,3
1989,6,4,10
1989,8,0,8
1989,7,6,13
1989,5,2,7
1989,6,5,11
1989,7,4,11
1989,7,1,8
1989,5,4,9
1989,14,0,14
1989,5,3,8
1989,6,5,11
1989,6,11,17
1989,6,2,8
1989,4,3,7
1989,3,2,5
1989,8,6,14
1989,8,3,11
1989,6,10,16
1989,5,0,5
1989,3,2,5
1989,3,1,4
1989,5,4,9
1989,8,1,9
1989,5,3,8
1989,6,3,9
1989,5,0,5
1989,9,1,10
1989,3,1,4
1989,9,1,10
1989,5,0,5
1989,3,0,3
1989,4,2,6
1989,6,1,7
1989,4,2,6
1989,4,1,5
1989,7,4,11
1989,7,4,11
1989,4,2,6
1989,3,2,5
1989,8,4,12
1989,8,5,13
1989,6,4,10
1989,7,6,13
1989,6,5,11
1989,9,5,14
1989,7,5,12
1989,9,4,13
1989,3,0,3
1989,4,12,16
1989,7,4,11
1989,4,1,5
1989,3,1,4
1989,5,1,6
1989,6,4,10
1989,6,3,9
1989,9,2,11
1989,1,0,1
1989,3,2,5
1989,5,10,15
1989,3,2,5
1989,9,6,15
1989,2,1,3
1989,4,3,7
1989,9,4,13
1989,5,3,8
1989,5,4,9
1989,5,0,5
1989,10,0,10
1989,7,2,9
1989,6,1,7
1989,5,3,8
1989,8,15,23
1989,6,4,10
1989,3,0,3
1989,3,2,5
1989,2,1,3
1989,5,2,7
1989,7,2,9
1989,9,0,9
1989,4,2,6
1989,8,1,9
1989,7,2,9
1989,5,4,9
1989,7,4,11
1989,6,0,6
1989,9,8,17
1989,2,11,13
1989,7,1,8
1989,5,3,8
1989,4,2,6
1989,4,3,7
1989,6,2,8
1989,2,0,2
1989,4,3,7
1989,6,5,11
1989,7,2,9
1989,8,4,12
1989,3,0,3
1989,3,2,5
1989,3,2,5
1989,4,2,6
1989,7,5,12
1989,4,3,7
1989,7,5,12
1989,5,1,6
1989,4,2,6
1989,4,3,7
1989,2,0,2
1989,5,2,7
1989,5,2,7
1989,7,2,9
1989,4,3,7
1989,9,4,13
1989,5,2,7
1989,5,3,8
1989,7,1,8
1989,7,4,11
1989,11,1,12
1989,7,0,7
1989,6,5,11
1989,8,2,10
1989,2,1,3
1989,8,4,12
1989,6,10,16
1989,3,2,5
1989,1,0,1
1989,6,3,9
1989,5,1,6
1989,4,1,5
1989,7,3,10
1989,1,0,1
1989,5,4,9
1989,3,1,4
1989,5,4,9
1989,6,3,9
1989,3,1,4
1989,4,3,7
1989,4,3,7
1989,5,2,7
1989,4,2,6
1989,9,4,13
1989,3,0,3
1989,10,0,10
1989,6,10,16
1989,5,2,7
1989,5,0,5
1989,7,6,13
1989,3,11,14
1989,4,2,6
1989,2,0,2
1989,6,4,10
1989,9,3,12
1989,4,1,5
1989,5,2,7
1989,3,2,5
1989,6,3,9
1989,1,0,1
1989,8,4,12
1989,5,4,9
1989,5,4,9
1989,11,0,11
1989,8,1,9
1989,4,0,4
1989,6,1,7
1989,7,11,18
1989,5,2,7
1989,4,1,5
1989,5,3,8
1989,4,10,14
1989,2,1,3
1989,3,1,4
1989,1,0,1
1989,4,0,4
1989,5,4,9
1989,1,0,1
1989,3,1,4
1989,6,5,11
1989,3,2,5
1989,6,5,11
1989,5,3,8
1989,12,0,12
1989,6,1,7
1989,2,1,3
1989,3,1,4
1989,7,6,13
1989,3,1,4
1989,3,1,4
1989,3,10,13
1989,1,0,1
1989,3,2,5
1989,9,4,13
1989,8,1,9
1989,6,1,7
1989,10,1,11
1989,9,0,9
1989,3,1,4
1989,7,3,10
1989,8,1,9
1989,9,7,16
1989,4,10,14
1989,3,1,4
1989,2,1,3
1989,3,0,3
1989,1,0,1
1989,5,11,16
1989,6,3,9
1989,7,6,13
1989,4,3,7
1989,5,4,9
1989,5,1,6
1989,4,3,7
1989,4,1,5
1989,9,7,16
1989,8,2,10
1989,3,2,5
1989,8,0,8
1989,4,3,7
1989,4,3,7
1989,1,0,1
1989,8,5,13
1989,1,0,1
1989,7,3,10
1989,7,6,13
1989,2,0,2
1989,2,1,3
1989,9,6,15
1989,5,2,7
1989,7,2,9
1989,5,3,8
1989,11,1,12
1989,4,3,7
1989,4,3,7
1989,2,1,3
1989,3,1,4
1989,6,0,6
1989,1,0,1
1989,6,13,19
1989,6,19,25
1989,6,0,6
1989,5,3,8
1989,4,3,7
1989,11,1,12
1989,7,1,8
1989,4,3,7
1989,6,1,7
1989,7,0,7
1989,4,2,6
1989,6,4,10
1989,5,3,8
1989,4,12,16
1989,7,1,8
1989,7,2,9
1989,4,0,4
1989,8,3,11
1989,8,5,13
1989,6,3,9
1989,2,0,2
1989,8,4,12
1989,6,2,8
1989,4,3,7
1989,7,2,9
1989,6,5,11
1989,6,4,10
1989,5,4,9
1989,3,2,5
1989,5,3,8
1989,4,1,5
1989,2,0,2
1989,3,0,3
1989,5,4,9
1989,3,1,4
1989,12,0,12
1989,3,2,5
1989,5,4,9
1989,3,2,5
1989,4,0,4
1989,6,3,9
1989,7,11,18
1989,3,2,5
1989,6,1,7
1989,7,6,13
1989,7,5,12
1989,7,0,7
1989,3,2,5
1989,5,3,8
1989,4,2,6
1989,5,4,9
1989,4,2,6
1989,3,1,4
1989,5,3,8
1989,3,13,16
1989,2,1,3
1989,6,5,11
1989,7,0,7
1989,5,2,7
1989,7,4,11
1989,6,3,9
1989,3,0,3
1989,1,0,1
1989,2,1,3
1989,4,2,6
1989,9,0,9
1989,5,4,9
1989,7,1,8
1989,5,3,8
1989,9,5,14
1989,6,2,8
1989,5,0,5
1989,5,4,9
1989,12,1,13
1989,5,4,9
1989,4,2,6
1989,8,2,10
1989,5,0,5
1989,3,1,4
1989,5,1,6
1989,6,1,7
1989,4,2,6
1989,3,0,3
1989,9,2,11
1989,4,1,5
1989,2,13,15
1989,10,1,11
1989,6,2,8
1989,4,2,6
1989,3,1,4
1989,5,1,6
1989,4,2,6
1989,3,1,4
1989,10,1,11
1989,5,3,8
1989,7,2,9
1989,4,3,7
1989,4,3,7
1989,4,3,7
1989,4,11,15
1989,3,2,5
1989,10,1,11
1989,3,2,5
1989,2,12,14
1989,3,1,4
1989,3,2,5
1989,6,2,8
1989,6,3,9
1989,8,3,11
1989,6,5,11
1989,9,6,15
1989,5,2,7
1989,3,1,4
1989,6,3,9
1989,4,3,7
1989,6,5,11
1989,2,1,3
1989,4,3,7
1989,5,4,9
1989,3,0,3
1989,2,10,12
1989,2,0,2
1989,5,0,5
1989,8,2,10
1989,6,1,7
1989,1,0,1
1989,3,1,4
1989,4,1,5
1989,8,10,18
1989,5,4,9
1989,4,3,7
1989,4,3,7
1989,2,0,2
1989,8,3,11
1989,6,14,20
1989,3,2,5
1989,8,5,13
1989,5,0,5
1989,5,1,6
1989,8,3,11
1989,3,2,5
1989,13,1,14
1989,4,3,7
1989,2,1,3
1989,2,1,3
1989,9,0,9
1989,5,2,7
1989,4,3,7
1989,5,2,7
1989,4,3,7
1989,4,0,4
1989,6,5,11
1989,3,2,5
1989,4,3,7
1989,6,5,11
1989,3,1,4
1989,2,12,14
1989,3,2,5
1989,5,3,8
1989,7,2,9
1989,4,3,7
1989,5,0,5
1989,9,7,16
1989,8,7,15
1989,8,1,9
1989,5,2,7
1989,3,2,5
1989,5,13,18
1989,6,5,11
1989,7,6,13
1989,5,0,5
1989,4,0,4
1989,5,4,9
1989,7,10,17
1989,3,2,5
1989,4,3,7
1989,6,5,11
1989,4,3,7
1989,8,3,11
1989,6,0,6
1989,9,6,15
1989,8,2,10
1989,6,3,9
1989,3,2,5
1989,5,2,7
1989,4,3,7
1989,5,3,8
1989,6,2,8
1989,9,5,14
1989,6,5,11
1989,3,2,5
1989,4,1,5
1989,3,1,4
1989,9,3,12
1989,8,2,10
1989,2,0,2
1989,3,0,3
1989,8,0,8
1989,3,2,5
1989,7,4,11
1989,8,2,10
1989,9,5,14
1989,4,2,6
1989,1,0,1
1989,5,1,6
1989,5,3,8
1989,11,1,12
1989,7,3,10
1989,2,1,3
1989,5,4,9
1989,3,2,5
1989,3,0,3
1989,6,3,9
1989,3,2,5
1989,6,4,10
1989,3,19,22
1989,6,1,7
1989,2,0,2
1989,9,12,21
1989,9,3,12
1989,7,2,9
1989,4,2,6
1989,5,17,22
1989,3,1,4
1989,6,10,16
1989,5,4,9
1989,3,1,4
1989,6,2,8
1989,6,1,7
1989,5,1,6
1989,7,3,10
1989,5,3,8
1989,4,1,5
1989,6,2,8
1989,5,2,7
1989,6,5,11
1989,9,3,12
1989,6,4,10
1989,7,2,9
1989,5,4,9
1989,4,1,5
1989,9,1,10
1989,3,2,5
1989,4,2,6
1989,8,10,18
1989,2,1,3
1989,4,1,5
1989,6,5,11
1989,8,0,8
1989,5,1,6
1989,2,1,3
1989,3,1,4
1989,4,2,6
1989,6,2,8
1989,4,11,15
1989,3,0,3
1989,1,0,1
1989,6,4,10
1989,4,10,14
1989,7,3,10
1989,10,0,10
1989,9,5,14
1989,7,6,13
1989,4,1,5
1989,8,6,14
1989,2,1,3
1989,2,0,2
1989,5,0,5
1989,8,10,18
1989,5,2,7
1989,6,3,9
1989,8,2,10
1989,7,2,9
1989,5,3,8
1989,4,0,4
1989,4,2,6
1989,5,0,5
1989,6,1,7
1989,3,0,3
1989,3,11,14
1989,5,3,8
1989,5,1,6
1989,5,1,6
1989,2,1,3
1989,3,2,5
1989,5,3,8
1989,3,0,3
1989,5,4,9
1989,5,0,5
1989,6,2,8
1989,4,1,5
1989,5,3,8
1989,3,0,3
1989,6,1,7
1989,1,0,1
1989,9,5,14
1989,4,3,7
1989,6,4,10
1989,8,6,14
1989,4,3,7
1989,9,2,11
1989,2,10,12
1989,8,5,13
1989,3,3,6
1989,7,5,12
1989,2,1,3
1989,6,1,7
1989,3,2,5
1989,4,2,6
1989,5,3,8
1989,7,1,8
1989,3,2,5
1989,3,12,15
1989,6,3,9
1989,3,12,15
1989,1,0,1
1989,3,2,5
1989,3,2,5
1989,3,2,5
1989,6,2,8
1989,4,2,6
1989,3,10,13
1989,6,2,8
1989,7,1,8
1989,5,4,9
1989,3,2,5
1989,3,2,5
1989,2,0,2
1989,9,3,12
1989,3,10,13
1989,8,4,12
1989,3,2,5
1989,8,5,13
1989,4,3,7
1989,4,3,7
1989,7,4,11
1989,7,1,8
1989,9,4,13
1989,4,1,5
1989,9,5,14
1989,4,3,7
1989,2,1,3
1989,3,1,4
1989,4,3,7
1989,8,3,11
1989,7,2,9
1989,5,0,5
1989,3,2,5
1989,7,6,13
1989,7,2,9
1989,4,0,4
1989,8,0,8
1989,9,4,13
1989,4,1,5
1989,1,0,1
1989,3,2,5
1989,3,2,5
1989,5,3,8
1989,2,1,3
1989,9,5,14
1989,5,2,7
1989,4,0,4
1989,2,10,12
1989,4,3,7
1989,5,4,9
1989,2,1,3
1989,6,2,8
1989,4,2,6
1989,5,4,9
1989,2,0,2
1989,9,3,12
1989,7,0,7
1989,7,5,12
1989,6,1,7
1989,6,5,11
1989,6,3,9
1989,13,11,24
1989,5,1,6
1989,2,1,3
1989,5,3,8
1989,7,4,11
1989,7,6,13
1989,9,12,21
1989,4,3,7
1989,4,0,4
1989,7,4,11
1989,2,1,3
1989,3,11,14
1989,7,0,7
1989,5,2,7
1989,7,3,10
1989,3,15,18
1989,8,11,19
1989,5,2,7
1989,2,10,12
1989,5,4,9
1989,3,16,19
1989,2,1,3
1989,3,3,6
1989,5,3,8
1989,4,2,6
1989,5,3,8
1989,3,0,3
1989,2,1,3
1989,8,4,12
1989,4,3,7
1989,3,2,5
1989,5,1,6
1989,8,7,15
1989,3,2,5
1989,4,0,4
1989,1,0,1
1989,9,4,13
1989,5,2,7
1989,3,1,4
1989,6,4,10
1989,5,4,9
1989,1,0,1
1989,5,10,15
1989,5,12,17
1989,6,1,7
1989,3,2,5
1989,5,2,7
1989,3,2,5
1989,7,5,12
1989,9,6,15
1989,6,4,10
1989,4,2,6
1989,6,2,8
1989,5,4,9
1989,3,2,5
1989,7,6,13
1989,7,2,9
1989,8,7,15
1989,15,11,26
1989,7,11,18
1989,7,1,8
1989,1,0,1
1989,5,4,9
1989,6,5,11
1989,6,1,7
1989,4,0,4
1989,8,3,11
1989,5,0,5
1989,4,3,7
1989,2,12,14
1989,8,11,19
1989,2,0,2
1989,6,0,6
1989,6,0,6
1989,3,1,4
1989,1,0,1
1989,5,4,9
1989,5,0,5
1989,8,11,19
1989,9,1,10
1989,8,14,22
1989,6,5,11
1989,1,0,1
1989,5,1,6
1989,8,11,19
1989,3,1,4
1989,7,10,17
1989,6,3,9
1989,6,10,16
1989,5,3,8
1989,3,1,4
1989,5,2,7
1989,7,2,9
1989,4,2,6
1989,8,7,15
1989,6,1,7
1989,3,1,4
1989,5,1,6
1989,4,0,4
1989,5,3,8
1989,3,10,13
1989,2,1,3
1989,9,2,11
1989,4,0,4
1989,5,4,9
1989,5,2,7
1989,8,7,15
1989,9,6,15
1989,5,3,8
1989,3,2,5
1989,4,3,7
1989,4,3,7
1989,4,2,6
1989,2,10,12
1989,9,6,15
1989,3,2,5
1989,2,0,2
1989,2,1,3
1989,7,3,10
1989,3,1,4
1989,2,1,3
1989,3,0,3
1989,6,1,7
1989,8,10,18
1989,2,0,2
1989,6,4,10
1989,4,2,6
1989,10,1,11
1989,10,0,10
1989,5,1,6
1989,6,3,9
1989,3,2,5
1989,5,4,9
1989,2,1,3
1989,6,4,10
1989,9,5,14
1989,4,3,7
1989,5,3,8
1989,1,0,1
1989,2,1,3
1989,4,3,7
1989,7,5,12
1989,5,1,6
1989,2,0,2
1989,1,0,1
1989,9,4,13
1989,6,1,7
1989,8,6,14
1989,8,5,13
1989,8,3,11
1989,6,1,7
1989,15,11,26
1989,3,1,4
1989,5,4,9
1989,6,2,8
1989,4,3,7
1989,4,2,6
1989,6,1,7
1989,4,3,7
1989,6,3,9
1989,2,1,3
1989,7,3,10
1989,3,2,5
1989,5,3,8
1989,1,0,1
1989,2,1,3
1989,8,1,9
1989,7,2,9
1989,3,2,5
1989,4,2,6
1989,7,4,11
1989,4,1,5
1989,3,1,4
1989,5,3,8
1989,8,6,14
1989,5,4,9
1989,5,2,7
1989,6,5,11
1989,5,2,7
1989,2,1,3
1989,4,12,16
1989,8,2,10
1989,8,1,9
1989,8,2,10
1989,8,11,19
1989,5,3,8
1989,6,4,10
1989,5,1,6
1989,9,5,14
1989,3,2,5
1989,6,3,9
1989,6,2,8
1989,7,4,11
1989,8,2,10
1989,6,13,19
1989,8,5,13
1989,6,4,10
1989,6,4,10
1989,5,3,8
1989,5,4,9
1989,2,0,2
1989,8,6,14
1989,4,0,4
1989,4,3,7
1989,1,0,1
1989,3,10,13
1989,6,1,7
1989,5,1,6
1989,6,0,6
1989,7,3,10
1989,2,0,2
1989,6,3,9
1989,1,0,1
1989,6,2,8
1989,8,6,14
1989,2,0,2
1989,6,1,7
1989,9,1,10
1989,6,5,11
1989,9,8,17
1989,3,2,5
1989,7,10,17
1989,4,2,6
1989,2,11,13
1989,8,0,8
1989,5,2,7
1989,10,0,10
1989,5,1,6
1989,5,1,6
1989,3,1,4
1989,3,0,3
1989,5,17,22
1989,6,4,10
1989,9,3,12
1989,8,10,18
1989,3,2,5
1989,8,7,15
1989,5,4,9
1989,4,0,4
1989,5,4,9
1989,6,2,8
1989,2,11,13
1989,8,3,11
1989,5,0,5
1989,3,10,13
1989,5,12,17
1989,5,3,8
1989,4,2,6
1989,7,1,8
1989,5,2,7
1989,3,1,4
1989,3,1,4
1989,7,3,10
1989,6,12,18
1989,7,0,7
1989,7,6,13
1989,5,0,5
1989,7,0,7
1989,5,4,9
1989,3,1,4
1989,5,1,6
1989,6,3,9
1989,5,3,8
1989,7,10,17
1989,5,3,8
1989,4,2,6
1989,2,1,3
1989,5,3,8
1989,4,3,7
1989,4,3,7
1989,5,1,6
1989,5,4,9
1989,4,3,7
1989,6,16,22
1989,5,1,6
1989,5,4,9
1989,9,3,12
1989,2,1,3
1989,6,5,11
1989,7,5,12
1989,8,0,8
1989,5,3,8
1989,5,4,9
1989,5,11,16
1989,3,2,5
1989,4,2,6
1989,2,1,3
1989,5,10,15
1989,3,1,4
1989,4,3,7
1989,2,1,3
1989,6,5,11
1989,7,3,10
1989,7,12,19
1989,2,1,3
1989,5,12,17
1989,2,0,2
1989,4,3,7
1989,2,1,3
1989,11,1,12
1989,5,12,17
1989,2,1,3
1989,7,6,13
1989,5,3,8
1989,2,1,3
1989,3,10,13
1989,8,3,11
1989,2,12,14
1989,2,0,2
1989,5,16,21
1989,6,3,9
1989,11,1,12
1989,5,0,5
1989,4,3,7
1989,7,2,9
1989,6,1,7
1989,4,3,7
1989,4,2,6
1989,3,1,4
1989,6,4,10
1989,4,3,7
1989,4,3,7
1989,3,1,4
1989,8,1,9
1989,6,4,10
1989,6,2,8
1989,6,4,10
1989,1,0,1
1989,6,1,7
1989,4,1,5
1989,5,1,6
1989,4,2,6
1989,3,2,5
1989,9,3,12
1989,1,0,1
1989,3,1,4
1989,7,3,10
1989,7,3,10
1989,7,2,9
1989,3,11,14
1989,3,2,5
1989,2,1,3
1989,2,13,15
1989,2,10,12
1989,3,1,4
1989,4,3,7
1989,5,2,7
1989,4,1,5
1989,3,0,3
1989,4,11,15
1989,5,2,7
1989,4,2,6
1989,3,1,4
1989,4,2,6
1989,8,5,13
1989,1,0,1
1989,2,1,3
1989,3,2,5
1989,9,3,12
1989,4,3,7
1989,5,2,7
1989,5,1,6
1989,3,2,5
1989,3,10,13
1989,1,0,1
1989,10,1,11
1989,2,1,3
1989,5,3,8
1989,3,2,5
1989,2,1,3
1989,8,0,8
1989,7,5,12
1989,2,1,3
1989,5,3,8
1989,4,2,6
1989,6,5,11
1989,9,0,9
1989,9,12,21
1989,3,2,5
1989,6,4,10
1989,7,3,10
1989,3,2,5
1989,5,4,9
1989,4,0,4
1989,5,4,9
1989,3,0,3
1989,7,3,10
1989,6,5,11
1989,2,10,12
1989,3,1,4
1989,2,1,3
1989,7,5,12
1989,2,14,16
1989,4,1,5
1989,5,3,8
1989,6,4,10
1989,5,2,7
1989,6,4,10
1989,6,4,10
1989,8,11,19
1989,4,2,6
1989,6,4,10
1989,7,1,8
1989,6,3,9
1989,3,0,3
1989,4,3,7
1989,6,4,10
1989,4,3,7
1989,7,5,12
1989,4,1,5
1989,8,2,10
1989,8,3,11
1989,3,2,5
1989,4,3,7
1989,5,2,7
1989,8,3,11
1989,5,4,9
1989,2,0,2
1989,4,3,7
1989,8,5,13
1989,4,3,7
1989,5,10,15
1989,9,3,12
1989,4,11,15
1989,2,0,2
1989,6,1,7
1989,5,4,9
1989,7,2,9
1989,6,3,9
1989,7,1,8
1989,5,3,8
1989,8,0,8
1989,6,4,10
1989,5,1,6
1989,5,13,18
1989,5,4,9
1989,6,3,9
1989,9,3,12
1989,5,4,9
1989,3,2,5
1989,3,1,4
1989,6,0,6
1989,4,11,15
1989,3,0,3
1989,7,3,10
1989,3,2,5
1989,7,11,18
1989,3,2,5
1989,6,4,10
1989,6,4,10
1989,1,0,1
1989,5,11,16
1989,13,0,13
1989,7,2,9
1989,5,0,5
1989,5,14,19
1989,9,7,16
1989,4,2,6
1989,7,4,11
1989,7,4,11
1989,4,1,5
1989,6,4,10
1989,9,11,20
1989,2,1,3
1989,5,3,8
1989,7,1,8
1989,9,3,12
1989,2,0,2
1989,3,2,5
1989,7,1,8
1989,9,6,15
1989,3,2,5
1989,8,3,11
1989,6,1,7
1989,6,2,8
1989,3,2,5
1989,2,0,2
1989,6,3,9
1989,5,11,16
1989,8,5,13
1989,3,2,5
1989,4,3,7
1989,10,1,11
1989,4,3,7
1989,3,1,4
1989,6,2,8
1989,8,4,12
1989,7,3,10
1989,4,1,5
1989,2,1,3
1989,3,2,5
1989,6,3,9
1989,5,2,7
1989,5,2,7
1989,6,0,6
1989,3,12,15
1989,4,1,5
1989,8,4,12
1989,6,12,18
1989,6,4,10
1989,5,4,9
1989,4,3,7
1989,6,5,11
1989,7,2,9
1989,9,4,13
1989,4,1,5
1989,5,4,9
1989,7,6,13
1989,9,0,9
1989,4,17,21
1989,7,3,10
1989,8,1,9
1989,1,0,1
1989,7,0,7
1989,5,11,16
1989,9,4,13
1989,7,1,8
1989,4,0,4
1989,10,1,11
1989,3,2,5
1989,8,2,10
1989,9,1,10
1989,7,5,12
1989,4,0,4
1989,4,3,7
1989,4,3,7
1989,4,0,4
1989,4,1,5
1989,4,1,5
1989,5,2,7
1989,7,1,8
1989,5,2,7
1989,6,2,8
1989,1,0,1
1989,8,7,15
1989,4,3,7
1989,4,2,6
1989,6,1,7
1989,5,3,8
1989,3,1,4
1989,6,4,10
1989,3,2,5
1989,4,1,5
1989,7,3,10
1989,5,0,5
1989,8,1,9
1989,5,2,7
1989,6,10,16
1989,5,4,9
1989,5,2,7
1989,1,0,1
1989,4,3,7
1989,1,0,1
1989,6,1,7
1989,6,5,11
1989,7,5,12
1989,3,1,4
1989,8,4,12
1989,5,2,7
1989,7,1,8
1989,2,1,3
1989,8,2,10
1989,5,4,9
1989,9,5,14
1989,3,2,5
1989,5,17,22
1989,4,1,5
1989,4,12,16
1989,7,2,9
1989,3,2,5
1989,4,3,7
1989,2,1,3
1989,3,2,5
1989,5,2,7
1989,5,4,9
1989,2,0,2
1989,5,4,9
1989,7,3,10
1989,10,0,10
1989,4,3,7
1989,5,4,9
1989,7,4,11
1989,3,2,5
1989,6,3,9
1989,5,4,9
1989,10,0,10
1989,7,6,13
1989,6,2,8
1989,5,1,6
1989,6,0,6
1989,7,2,9
1989,9,3,12
1989,2,0,2
1989,4,2,6
1989,4,0,4
1989,4,2,6
1989,4,0,4
1989,5,4,9
1989,7,4,11
1989,5,3,8
1989,5,3,8
1989,9,7,16
1989,6,2,8
1989,3,2,5
1989,5,4,9
1989,4,3,7
1989,3,2,5
1989,9,5,14
1989,2,0,2
1989,11,1,12
1989,10,1,11
1989,7,2,9
1989,8,5,13
1989,6,1,7
1989,7,5,12
1989,11,1,12
1989,6,10,16
1989,8,10,18
1989,4,2,6
1989,6,5,11
1989,6,5,11
1989,3,2,5
1989,2,1,3
1989,6,4,10
1989,7,3,10
1989,3,2,5
1989,4,3,7
1989,2,0,2
1989,6,2,8
1989,8,7,15
1989,5,10,15
1989,6,1,7
1989,2,1,3
1989,3,15,18
1989,4,1,5
1989,2,1,3
1989,3,10,13
1989,5,0,5
1989,3,2,5
1989,8,1,9
1989,5,0,5
1989,2,0,2
1989,7,2,9
1989,6,14,20
1989,6,2,8
1989,9,4,13
1989,8,2,10
1989,5,2,7
1989,3,2,5
1989,6,4,10
1989,5,2,7
1989,3,14,17
1989,6,2,8
1989,7,6,13
1989,8,3,11
1989,7,6,13
1989,5,3,8
1989,8,6,14
1989,10,1,11
1989,9,3,12
1989,9,6,15
1989,6,1,7
1989,6,5,11
1989,3,2,5
1989,2,10,12
1989,7,4,11
1989,4,2,6
1989,6,5,11
1989,3,2,5
1989,5,2,7
1989,5,3,8
1989,6,2,8
1989,5,0,5
1989,4,3,7
1989,5,2,7
1989,4,2,6
1989,5,4,9
1989,2,0,2
1989,4,1,5
1989,5,4,9
1989,8,1,9
1989,11,0,11
1989,2,1,3
1989,9,7,16
1989,9,8,17
1989,5,2,7
1989,6,4,10
1989,7,4,11
1989,1,0,1
1989,7,6,13
1989,4,3,7
1989,2,0,2
1989,6,0,6
1989,3,1,4
1989,7,0,7
1989,4,3,7
1989,8,0,8
1989,6,5,11
1989,4,2,6
1989,2,18,20
1989,9,6,15
1989,6,3,9
1989,8,1,9
1989,6,4,10
1989,2,0,2
1989,1,0,1
1989,6,0,6
1989,6,5,11
1989,5,0,5
1989,6,4,10
1989,4,3,7
1989,5,4,9
1989,5,4,9
1989,6,3,9
1989,6,2,8
1989,5,1,6
1989,5,11,16
1989,3,2,5
1989,5,3,8
1989,4,2,6
1989,6,3,9
1989,2,1,3
1989,5,2,7
1989,2,10,12
1989,7,6,13
1989,7,1,8
1989,4,2,6
1989,5,2,7
1989,6,4,10
1989,3,2,5
1989,4,2,6
1989,5,11,16
1989,7,0,7
1989,7,3,10
1989,5,4,9
1989,3,2,5
1989,6,4,10
1989,4,3,7
1989,3,2,5
1989,4,2,6
1989,6,0,6
1989,3,2,5
1989,2,1,3
1989,5,4,9
1989,2,1,3
1989,3,2,5
1989,5,4,9
1989,6,5,11
1989,4,2,6
1989,5,2,7
1989,5,3,8
1989,5,2,7
1989,6,4,10
1989,1,0,1
1989,9,0,9
1989,2,1,3
1989,4,0,4
1989,5,2,7
1989,5,1,6
1989,2,10,12
1989,2,1,3
1989,6,1,7
1989,6,4,10
1989,3,2,5
1989,4,2,6
1989,6,3,9
1989,8,1,9
1989,2,10,12
1989,3,1,4
1989,9,0,9
1989,7,3,10
1989,3,12,15
1989,4,10,14
1989,7,0,7
1989,7,0,7
1989,4,1,5
1989,3,2,5
1989,3,0,3
1989,6,1,7
1989,6,2,8
1989,6,3,9
1989,7,4,11
1989,6,0,6
1989,5,2,7
1989,2,1,3
1989,10,1,11
1989,4,3,7
1989,3,2,5
1989,4,1,5
1989,16,13,29
1989,3,10,13
1989,5,1,6
1989,6,4,10
1989,3,13,16
1989,4,3,7
1989,4,1,5
1989,6,4,10
1989,4,1,5
1989,5,0,5
1989,9,2,11
1989,5,0,5
1989,8,7,15
1989,6,1,7
1989,6,2,8
1989,3,11,14
1989,4,1,5
1989,3,0,3
1989,6,5,11
1989,2,0,2
1989,9,6,15
1989,2,10,12
1989,7,3,10
1989,8,10,18
1989,8,3,11
1989,9,7,16
1989,5,1,6
1989,6,5,11
1989,2,0,2
1989,6,3,9
1989,5,2,7
1989,3,1,4
1989,5,4,9
1989,4,3,7
1989,5,1,6
1989,6,5,11
1989,6,1,7
1989,4,3,7
1989,5,3,8
1989,5,4,9
1989,5,0,5
1989,8,3,11
1989,9,7,16
1989,6,4,10
1989,3,2,5
1989,6,4,10
1989,3,2,5
1989,4,2,6
1989,4,2,6
1989,6,3,9
1989,4,3,7
1989,4,1,5
1989,5,4,9
1989,6,1,7
1989,7,4,11
1989,5,2,7
1989,7,2,9
1989,3,2,5
1989,6,10,16
1989,5,2,7
1989,2,0,2
1989,3,2,5
1989,1,0,1
1989,3,2,5
1989,3,2,5
1989,5,2,7
1989,7,6,13
1989,2,0,2
1989,9,1,10
1989,7,3,10
1989,7,3,10
1989,5,4,9
1989,5,1,6
1989,4,0,4
1989,5,4,9
1989,5,1,6
1989,4,2,6
1989,7,2,9
1989,6,3,9
1989,6,2,8
1989,3,1,4
1989,3,2,5
1989,6,11,17
1989,6,1,7
1989,3,2,5
1989,2,1,3
1989,5,3,8
1989,8,4,12
1989,5,10,15
1989,6,2,8
1989,1,0,1
1989,4,10,14
1989,4,2,6
1989,6,13,19
1989,9,2,11
1989,6,5,11
1989,6,5,11
1989,6,2,8
1989,8,3,11
1989,7,3,10
1989,6,5,11
1989,5,2,7
1989,5,2,7
1989,3,2,5
1989,4,3,7
1989,5,2,7
1989,3,1,4
1989,4,3,7
1989,5,1,6
1989,7,4,11
1989,7,6,13
1989,5,1,6
1989,5,4,9
1989,8,4,12
1989,3,1,4
1989,6,4,10
1989,4,1,5
1989,5,4,9
1989,1,0,1
1989,5,13,18
1989,7,6,13
1989,7,2,9
1989,1,0,1
1989,7,1,8
1989,8,1,9
1989,7,6,13
1989,8,4,12
1989,6,3,9
1989,5,2,7
1989,5,4,9
1989,5,0,5
1989,5,2,7
1989,5,4,9
1989,5,0,5
1989,6,5,11
1989,6,1,7
1989,4,2,6
1989,6,1,7
1989,6,4,10
1989,4,1,5
1989,8,2,10
1989,5,10,15
1989,4,2,6
1989,7,2,9
1989,3,2,5
1989,4,2,6
1989,2,10,12
1989,4,2,6
1989,4,3,7
1989,5,0,5
1989,4,2,6
1989,4,1,5
1989,2,0,2
1989,3,2,5
1989,3,0,3
1989,3,1,4
1989,8,5,13
1989,5,3,8
1989,6,4,10
1989,8,7,15
1989,1,0,1
1989,4,1,5
1989,5,0,5
1989,7,3,10
1989,6,1,7
1989,5,4,9
1989,4,11,15
1989,4,1,5
1989,5,2,7
1989,5,0,5
1989,6,4,10
1989,5,1,6
1989,9,2,11
1989,3,2,5
1989,6,2,8
1989,3,11,14
1989,4,2,6
1989,3,11,14
1989,4,3,7
1989,3,12,15
1989,5,4,9
1989,7,4,11
1989,3,1,4
1989,3,2,5
1989,2,1,3
1989,3,1,4
1989,5,3,8
1989,2,12,14
1989,4,1,5
1989,3,1,4
1989,5,2,7
1989,5,3,8
1989,6,4,10
1989,4,3,7
1989,5,3,8
1989,2,0,2
1989,4,0,4
1989,1,0,1
1989,6,4,10
1989,9,4,13
1989,8,3,11
1989,3,2,5
1989,7,0,7
1989,7,1,8
1989,3,2,5
1989,1,0,1
1989,9,3,12
1989,6,3,9
1989,6,0,6
1989,8,1,9
1989,8,5,13
1989,8,5,13
1989,7,13,20
1989,6,3,9
1989,5,4,9
1989,5,4,9
1989,6,3,9
1989,6,1,7
1989,1,0,1
1989,5,4,9
1989,7,3,10
1989,5,2,7
1989,9,4,13
1989,9,1,10
1989,3,2,5
1989,8,2,10
1989,8,4,12
1989,5,13,18
1989,9,10,19
1989,3,1,4
1989,8,12,20
1989,2,1,3
1989,5,3,8
1989,4,2,6
1989,5,19,24
1989,5,4,9
1989,2,1,3
1989,6,1,7
1989,4,2,6
1989,3,2,5
1989,4,0,4
1989,8,4,12
1989,7,4,11
1989,6,1,7
1989,9,3,12
1989,7,3,10
1989,7,3,10
1989,8,5,13
1989,7,5,12
1989,5,1,6
1989,3,2,5
1989,2,0,2
1989,2,1,3
1989,5,2,7
1989,11,0,11
1989,3,0,3
1989,6,1,7
1989,8,6,14
1989,5,1,6
1989,5,1,6
1989,5,1,6
1989,7,2,9
1989,10,1,11
1989,2,1,3
1989,2,0,2
1989,6,5,11
1989,5,11,16
1989,5,11,16
1989,7,1,8
1989,6,3,9
1989,5,3,8
1989,7,3,10
1989,3,10,13
1989,6,5,11
1989,2,1,3
1989,4,10,14
1989,4,3,7
1989,7,2,9
1989,2,1,3
1989,6,2,8
1989,3,2,5
1989,6,2,8
1989,5,13,18
1989,6,3,9
1989,4,2,6
1989,8,5,13
1989,3,2,5
1989,4,2,6
1989,3,12,15
1989,4,0,4
1989,5,0,5
1989,5,2,7
1989,3,1,4
1989,9,5,14
1989,4,0,4
1989,4,3,7
1989,2,13,15
1989,9,4,13
1989,9,10,19
1989,5,4,9
1989,5,2,7
1989,9,8,17
1989,5,1,6
1989,7,5,12
1989,2,1,3
1989,7,3,10
1989,8,5,13
1989,7,5,12
1989,4,1,5
1989,8,5,13
1989,7,5,12
1989,3,1,4
1989,8,4,12
1989,6,1,7
1989,6,5,11
1989,2,10,12
1989,3,2,5
1989,3,2,5
1989,13,1,14
1989,3,2,5
1989,2,12,14
1989,6,2,8
1989,8,4,12
1989,7,2,9
1989,9,0,9
1989,7,4,11
1989,4,2,6
1989,9,5,14
1989,5,11,16
1989,3,2,5
1989,6,11,17
1989,3,2,5
1989,7,5,12
1989,9,1,10
1989,5,3,8
1989,3,2,5
1989,7,5,12
1989,7,1,8
1989,8,2,10
1989,4,12,16
1989,2,1,3
1989,7,4,11
1989,13,1,14
1989,6,2,8
1989,6,4,10
1989,8,3,11
1989,9,6,15
1989,2,1,3
1989,8,11,19
1989,5,1,6
1989,5,4,9
1989,7,5,12
1989,5,2,7
1989,6,0,6
1989,4,3,7
1989,7,2,9
1989,5,1,6
1989,1,0,1
1989,7,3,10
1989,3,1,4
1989,8,5,13
1989,3,2,5
1989,2,1,3
1989,7,5,12
1989,3,13,16
1989,4,1,5
1989,3,1,4
1989,6,5,11
1989,8,5,13
1989,7,0,7
1989,3,1,4
1989,7,3,10
1989,4,2,6
1989,2,1,3
1989,4,1,5
1989,5,4,9
1989,5,4,9
1989,6,5,11
1989,5,3,8
1989,8,2,10
1989,4,2,6
1989,4,1,5
1989,6,2,8
1989,8,14,22
1989,7,1,8
1989,8,1,9
1989,6,3,9
1989,4,3,7
1989,6,1,7
1989,8,2,10
1989,5,2,7
1989,7,3,10
1989,2,1,3
1989,3,2,5
1989,3,1,4
1989,11,1,12
1989,7,6,13
1989,2,0,2
1989,1,0,1
1989,6,5,11
1989,5,4,9
1989,8,2,10
1989,7,6,13
1989,2,1,3
1989,9,0,9
1989,5,3,8
1989,6,5,11
1989,5,2,7
1989,3,0,3
1989,4,3,7
1989,3,1,4
1989,3,1,4
1989,3,2,5
1989,3,1,4
1989,3,2,5
1989,7,6,13
1989,4,10,14
1989,3,2,5
1989,7,4,11
1989,8,7,15
1989,4,0,4
1989,4,10,14
1989,3,11,14
1989,2,0,2
1989,4,13,17
1989,4,3,7
1989,4,3,7
1989,5,2,7
1989,7,2,9
1989,3,1,4
1989,2,1,3
1989,4,1,5
1989,5,0,5
1989,6,2,8
1989,8,4,12
1989,5,0,5
1989,3,1,4
1989,2,0,2
1989,7,6,13
1989,7,2,9
1989,5,3,8
1989,5,2,7
1989,7,5,12
1989,5,2,7
1989,2,1,3
1989,3,1,4
1989,1,0,1
1989,5,3,8
1989,8,7,15
1989,10,1,11
1989,4,1,5
1989,8,6,14
1989,3,2,5
1989,7,0,7
1989,7,6,13
1989,6,3,9
1989,1,0,1
1989,4,3,7
1989,4,2,6
1989,9,2,11
1989,1,0,1
1989,3,0,3
1989,9,5,14
1989,2,0,2
1989,2,0,2
1989,5,3,8
1989,6,1,7
1989,2,1,3
1989,6,10,16
1989,4,2,6
1989,4,2,6
1989,6,3,9
1989,3,2,5
1989,6,2,8
1989,5,2,7
1989,6,3,9
1989,3,0,3
1989,6,2,8
1989,5,2,7
1989,5,1,6
1989,5,1,6
1989,5,3,8
1989,7,3,10
1989,5,0,5
1989,4,2,6
1989,3,2,5
1989,5,3,8
1989,6,5,11
1989,7,6,13
1989,9,2,11
1989,9,8,17
1989,3,1,4
1989,8,6,14
1989,7,2,9
1989,9,1,10
1989,9,1,10
1989,8,7,15
1989,5,3,8
1989,3,2,5
1989,3,10,13
1989,3,0,3
1989,9,1,10
1989,7,11,18
1989,5,4,9
1989,2,1,3
1989,14,1,15
1989,5,4,9
1989,6,5,11
1989,4,3,7
1989,6,1,7
1989,8,3,11
1989,8,3,11
1989,5,4,9
1989,4,2,6
1989,9,7,16
1989,9,2,11
1989,2,0,2
1989,2,1,3
1989,7,3,10
1989,5,2,7
1989,3,2,5
1989,3,1,4
1989,2,1,3
1989,9,6,15
1989,5,11,16
1989,2,10,12
1989,3,2,5
1989,4,3,7
1989,6,2,8
1989,6,1,7
1989,8,0,8
1989,7,1,8
1989,4,1,5
1989,5,3,8
1989,6,13,19
1989,3,1,4
1989,5,11,16
1989,6,4,10
1989,6,2,8
1989,2,0,2
1989,4,2,6
1989,5,4,9
1989,4,2,6
1989,4,1,5
1989,1,0,1
1989,8,3,11
1989,9,3,12
1989,6,5,11
1989,2,10,12
1989,2,1,3
1989,5,4,9
1989,7,4,11
1989,2,10,12
1989,2,0,2
1989,5,3,8
1989,5,2,7
1989,5,3,8
1989,4,3,7
1989,2,1,3
1989,3,2,5
1989,4,2,6
1989,5,3,8
1989,9,5,14
1989,4,0,4
1989,7,1,8
1989,4,3,7
1989,3,2,5
1989,2,1,3
1989,7,3,10
1989,3,2,5
1989,3,0,3
1989,4,3,7
1989,4,1,5
1989,3,1,4
1989,3,2,5
1989,3,0,3
1989,8,3,11
1989,6,1,7
1989,8,1,9
1989,5,4,9
1989,1,0,1
1989,4,0,4
1989,7,2,9
1989,5,3,8
1989,5,0,5
1989,1,0,1
1989,2,1,3
1989,4,1,5
1989,6,12,18
1989,2,0,2
1989,5,3,8
1989,6,2,8
1989,5,4,9
1989,5,0,5
1989,2,1,3
1989,4,3,7
1989,5,1,6
1989,4,3,7
1989,2,0,2
1989,6,2,8
1989,7,0,7
1989,7,2,9
1989,7,10,17
1989,7,5,12
1989,2,1,3
1989,3,1,4
1989,2,0,2
1989,8,2,10
1989,9,2,11
1989,9,2,11
1989,6,1,7
1989,6,3,9
1989,7,2,9
1989,5,11,16
1989,2,1,3
1989,6,4,10
1989,4,3,7
1989,3,1,4
1989,5,1,6
1989,4,3,7
1989,1,0,1
1989,2,0,2
1989,5,3,8
1989,4,3,7
1989,5,3,8
1989,7,3,10
1989,3,0,3
1989,3,1,4
1989,5,1,6
1989,7,5,12
1989,7,3,10
1989,3,11,14
1989,6,3,9
1989,9,5,14
1989,7,3,10
1989,5,4,9
1989,6,5,11
1989,6,4,10
1989,4,3,7
1989,3,2,5
1989,5,0,5
1989,5,1,6
1989,7,13,20
1989,9,6,15
1990,5,2,7
1990,7,4,11
1990,2,1,3
1990,8,4,12
1990,7,6,13
1990,4,2,6
1990,3,12,15
1990,8,3,11
1990,6,5,11
1990,4,2,6
1990,4,2,6
1990,7,0,7
1990,2,1,3
1990,3,2,5
1990,5,3,8
1990,5,3,8
1990,1,0,1
1990,4,2,6
1990,2,1,3
1990,8,0,8
1990,4,3,7
1990,3,2,5
1990,1,0,1
1990,5,0,5
1990,2,1,3
1990,3,0,3
1990,3,0,3
1990,3,1,4
1990,6,4,10
1990,5,11,16
1990,4,13,17
1990,3,1,4
1990,5,4,9
1990,6,3,9
1990,7,11,18
1990,6,4,10
1990,6,2,8
1990,8,6,14
1990,7,1,8
1990,5,2,7
1990,9,5,14
1990,7,4,11
1990,6,2,8
1990,6,10,16
1990,6,1,7
1990,3,1,4
1990,4,1,5
1990,3,0,3
1990,11,0,11
1990,2,0,2
1990,7,15,22
1990,8,3,11
1990,4,3,7
1990,7,5,12
1990,9,4,13
1990,7,4,11
1990,7,3,10
1990,3,1,4
1990,6,5,11
1990,8,4,12
1990,6,2,8
1990,4,1,5
1990,5,2,7
1990,5,3,8
1990,6,13,19
1990,4,1,5
1990,4,1,5
1990,6,4,10
1990,5,4,9
1990,5,4,9
1990,3,1,4
1990,3,1,4
1990,4,0,4
1990,4,3,7
1990,3,0,3
1990,4,3,7
1990,5,3,8
1990,18,0,18
1990,10,1,11
1990,6,3,9
1990,3,1,4
1990,5,4,9
1990,6,4,10
1990,6,3,9
1990,4,2,6
1990,7,5,12
1990,2,1,3
1990,2,1,3
1990,4,1,5
1990,5,3,8
1990,4,2,6
1990,2,1,3
1990,8,6,14
1990,7,2,9
1990,6,5,11
1990,5,10,15
1990,6,2,8
1990,8,2,10
1990,3,1,4
1990,7,5,12
1990,7,11,18
1990,8,4,12
1990,5,10,15
1990,7,0,7
1990,4,3,7
1990,8,5,13
1990,3,0,3
1990,4,3,7
1990,6,2,8
1990,6,11,17
1990,8,5,13
1990,4,2,6
1990,1,0,1
1990,7,3,10
1990,4,1,5
1990,5,2,7
1990,5,0,5
1990,5,1,6
1990,11,0,11
1990,6,0,6
1990,9,4,13
1990,4,2,6
1990,5,0,5
1990,13,1,14
1990,2,1,3
1990,6,1,7
1990,9,2,11
1990,3,0,3
1990,6,5,11
1990,6,17,23
1990,3,2,5
1990,4,3,7
1990,8,1,9
1990,8,4,12
1990,6,5,11
1990,2,0,2
1990,8,0,8
1990,5,4,9
1990,7,6,13
1990,6,4,10
1990,7,6,13
1990,9,6,15
1990,5,1,6
1990,3,2,5
1990,3,2,5
1990,3,1,4
1990,5,2,7
1990,2,0,2
1990,4,2,6
1990,5,2,7
1990,5,0,5
1990,5,2,7
1990,3,1,4
1990,5,3,8
1990,4,10,14
1990,7,1,8
1990,8,5,13
1990,6,3,9
1990,3,13,16
1990,7,4,11
1990,9,12,21
1990,7,1,8
1990,4,2,6
1990,5,3,8
1990,3,0,3
1990,7,3,10
1990,4,16,20
1990,6,2,8
1990,2,1,3
1990,6,3,9
1990,3,13,16
1990,4,1,5
1990,5,4,9
1990,4,3,7
1990,4,3,7
1990,3,1,4
1990,1,0,1
1990,5,1,6
1990,1,0,1
1990,6,4,10
1990,5,2,7
1990,8,5,13
1990,7,12,19
1990,3,0,3
1990,7,4,11
1990,5,4,9
1990,5,3,8
1990,3,0,3
1990,6,4,10
1990,5,4,9
1990,7,1,8
1990,3,2,5
1990,6,2,8
1990,3,1,4
1990,2,1,3
1990,1,0,1
1990,4,3,7
1990,7,1,8
1990,4,3,7
1990,7,6,13
1990,6,1,7
1990,3,2,5
1990,7,2,9
1990,9,6,15
1990,1,0,1
1990,7,6,13
1990,5,0,5
1990,5,4,9
1990,9,4,13
1990,3,12,15
1990,2,1,3
1990,4,3,7
1990,3,12,15
1990,5,4,9
1990,6,4,10
1990,3,0,3
1990,5,13,18
1990,8,4,12
1990,9,2,11
1990,5,4,9
1990,3,2,5
1990,4,3,7
1990,5,0,5
1990,3,1,4
1990,5,4,9
1990,1,0,1
1990,3,10,13
1990,6,3,9
1990,6,4,10
1990,6,1,7
1990,2,1,3
1990,5,2,7
1990,4,0,4
1990,4,3,7
1990,10,1,11
1990,9,7,16
1990,7,4,11
1990,2,1,3
1990,11,0,11
1990,5,4,9
1990,6,2,8
1990,4,10,14
1990,6,1,7
1990,8,4,12
1990,4,2,6
1990,6,0,6
1990,5,2,7
1990,7,1,8
1990,8,2,10
1990,5,1,6
1990,4,2,6
1990,4,3,7
1990,9,5,14
1990,6,4,10
1990,4,1,5
1990,2,1,3
1990,4,2,6
1990,2,1,3
1990,7,4,11
1990,3,0,3
1990,9,2,11
1990,6,3,9
1990,3,0,3
1990,8,2,10
1990,6,2,8
1990,8,1,9
1990,2,0,2
1990,5,0,5
1990,4,14,18
1990,4,3,7
1990,9,6,15
1990,3,1,4
1990,9,5,14
1990,4,1,5
1990,5,10,15
1990,5,0,5
1990,3,10,13
1990,8,10,18
1990,5,2,7
1990,5,4,9
1990,5,4,9
1990,8,3,11
1990,8,3,11
1990,9,8,17
1990,8,3,11
1990,3,1,4
1990,3,11,14
1990,3,2,5
1990,6,5,11
1990,9,5,14
1990,6,0,6
1990,9,5,14
1990,4,1,5
1990,9,5,14
1990,5,1,6
1990,3,0,3
1990,5,2,7
1990,4,2,6
1990,5,1,6
1990,4,2,6
1990,8,3,11
1990,9,5,14
1990,3,0,3
1990,7,6,13
1990,4,0,4
1990,7,0,7
1990,7,4,11
1990,7,6,13
1990,4,2,6
1990,9,5,14
1990,6,4,10
1990,4,2,6
1990,5,4,9
1990,5,1,6
1990,7,11,18
1990,6,5,11
1990,9,8,17
1990,4,2,6
1990,5,4,9
1990,7,6,13
1990,7,1,8
1990,5,1,6
1990,4,1,5
1990,5,4,9
1990,3,0,3
1990,6,1,7
1990,6,0,6
1990,8,10,18
1990,3,2,5
1990,7,5,12
1990,6,5,11
1990,9,1,10
1990,4,1,5
1990,5,0,5
1990,2,10,12
1990,2,1,3
1990,5,10,15
1990,4,1,5
1990,9,1,10
1990,4,0,4
1990,10,1,11
1990,2,1,3
1990,7,3,10
1990,5,3,8
1990,4,2,6
1990,2,1,3
1990,6,2,8
1990,4,1,5
1990,5,11,16
1990,9,3,12
1990,4,3,7
1990,5,10,15
1990,3,2,5
1990,8,2,10
1990,4,10,14
1990,5,2,7
1990,9,1,10
1990,6,2,8
1990,3,2,5
1990,6,4,10
1990,7,5,12
1990,4,2,6
1990,6,3,9
1990,9,4,13
1990,5,0,5
1990,6,10,16
1990,4,3,7
1990,5,3,8
1990,8,5,13
1990,5,2,7
1990,5,4,9
1990,7,1,8
1990,6,3,9
1990,4,2,6
1990,5,2,7
1990,7,0,7
1990,3,2,5
1990,6,2,8
1990,3,1,4
1990,5,2,7
1990,4,1,5
1990,4,3,7
1990,2,1,3
1990,8,4,12
1990,4,3,7
1990,9,13,22
1990,6,3,9
1990,8,6,14
1990,4,1,5
1990,4,1,5
1990,5,1,6
1990,15,0,15
1990,5,10,15
1990,3,1,4
1990,4,1,5
1990,3,2,5
1990,5,3,8
1990,8,3,11
1990,9,5,14
1990,3,2,5
1990,6,2,8
1990,5,1,6
1990,4,2,6
1990,2,12,14
1990,3,2,5
1990,5,4,9
1990,5,4,9
1990,3,2,5
1990,8,3,11
1990,7,3,10
1990,2,1,3
1990,6,5,11
1990,4,0,4
1990,3,2,5
1990,4,3,7
1990,4,0,4
1990,4,2,6
1990,7,6,13
1990,7,1,8
1990,3,2,5
1990,5,13,18
1990,6,5,11
1990,4,3,7
1990,6,10,16
1990,12,0,12
1990,4,2,6
1990,6,1,7
1990,7,3,10
1990,3,0,3
1990,5,4,9
1990,6,3,9
1990,4,1,5
1990,7,5,12
1990,6,14,20
1990,9,3,12
1990,13,1,14
1990,6,0,6
1990,8,2,10
1990,1,0,1
1990,5,0,5
1990,7,0,7
1990,4,2,6
1990,5,0,5
1990,4,1,5
1990,6,3,9
1990,7,2,9
1990,4,2,6
1990,2,1,3
1990,5,3,8
1990,13,1,14
1990,6,4,10
1990,4,0,4
1990,4,3,7
1990,4,1,5
1990,15,12,27
1990,9,1,10
1990,5,4,9
1990,6,4,10
1990,7,4,11
1990,9,11,20
1990,13,11,24
1990,4,0,4
1990,5,4,9
1990,3,2,5
1990,6,2,8
1990,8,7,15
1990,5,1,6
1990,6,3,9
1990,5,2,7
1990,4,3,7
1990,3,1,4
1990,6,5,11
1990,5,1,6
1990,6,5,11
1990,7,3,10
1990,4,2,6
1990,4,3,7
1990,5,3,8
1990,6,11,17
1990,3,2,5
1990,3,12,15
1990,9,4,13
1990,6,5,11
1990,5,2,7
1990,4,1,5
1990,4,3,7
1990,2,10,12
1990,5,4,9
1990,2,1,3
1990,8,3,11
1990,9,8,17
1990,8,4,12
1990,8,3,11
1990,3,2,5
1990,6,1,7
1990,5,2,7
1990,4,2,6
1990,5,4,9
1990,6,3,9
1990,4,1,5
1990,5,4,9
1990,4,3,7
1990,5,1,6
1990,7,3,10
1990,12,0,12
1990,4,0,4
1990,5,12,17
1990,4,1,5
1990,6,1,7
1990,5,3,8
1990,4,1,5
1990,4,3,7
1990,6,15,21
1990,3,2,5
1990,5,4,9
1990,7,1,8
1990,5,4,9
1990,13,1,14
1990,8,4,12
1990,5,3,8
1990,3,2,5
1990,5,4,9
1990,2,1,3
1990,6,3,9
1990,16,0,16
1990,5,0,5
1990,5,4,9
1990,5,2,7
1990,5,4,9
1990,9,8,17
1990,3,1,4
1990,4,1,5
1990,2,12,14
1990,3,10,13
1990,8,1,9
1990,3,12,15
1990,4,10,14
1990,9,4,13
1990,6,5,11
1990,5,3,8
1990,11,0,11
1990,6,3,9
1990,3,12,15
1990,4,10,14
1990,4,11,15
1990,8,0,8
1990,7,5,12
1990,7,3,10
1990,6,11,17
1990,2,1,3
1990,6,2,8
1990,3,1,4
1990,5,3,8
1990,8,4,12
1990,6,1,7
1990,5,2,7
1990,5,1,6
1990,7,14,21
1990,9,2,11
1990,4,1,5
1990,3,0,3
1990,2,1,3
1990,5,1,6
1990,5,1,6
1990,3,2,5
1990,6,4,10
1990,1,0,1
1990,9,5,14
1990,6,5,11
1990,4,3,7
1990,4,3,7
1990,2,1,3
1990,5,4,9
1990,6,2,8
1990,2,1,3
1990,3,2,5
1990,5,3,8
1990,5,1,6
1990,2,1,3
1990,9,5,14
1990,5,3,8
1990,2,1,3
1990,9,6,15
1990,4,2,6
1990,5,2,7
1990,4,1,5
1990,2,1,3
1990,4,3,7
1990,3,12,15
1990,8,5,13
1990,8,3,11
1990,5,3,8
1990,2,1,3
1990,4,3,7
1990,3,2,5
1990,6,4,10
1990,2,1,3
1990,2,1,3
1990,5,3,8
1990,2,1,3
1990,4,3,7
1990,4,3,7
1990,5,2,7
1990,4,3,7
1990,4,0,4
1990,4,1,5
1990,16,11,27
1990,9,7,16
1990,6,5,11
1990,6,4,10
1990,4,3,7
1990,7,1,8
1990,2,1,3
1990,7,5,12
1990,4,10,14
1990,8,3,11
1990,4,2,6
1990,5,4,9
1990,4,3,7
1990,9,0,9
1990,2,0,2
1990,5,4,9
1990,7,6,13
1990,6,3,9
1990,7,6,13
1990,5,2,7
1990,8,2,10
1990,8,2,10
1990,2,0,2
1990,4,3,7
1990,8,3,11
1990,4,3,7
1990,4,2,6
1990,2,0,2
1990,7,3,10
1990,7,4,11
1990,7,4,11
1990,7,4,11
1990,5,3,8
1990,6,0,6
1990,6,4,10
1990,5,3,8
1990,6,2,8
1990,2,10,12
1990,10,1,11
1990,3,2,5
1990,1,0,1
1990,9,8,17
1990,6,10,16
1990,6,2,8
1990,6,4,10
1990,6,4,10
1990,6,4,10
1990,6,5,11
1990,6,5,11
1990,2,11,13
1990,6,1,7
1990,9,6,15
1990,7,4,11
1990,7,3,10
1990,4,1,5
1990,5,0,5
1990,6,4,10
1990,6,2,8
1990,7,5,12
1990,8,7,15
1990,4,3,7
1990,6,1,7
1990,3,2,5
1990,3,2,5
1990,12,11,23
1990,5,4,9
1990,5,12,17
1990,3,0,3
1990,2,1,3
1990,3,1,4
1990,8,0,8
1990,6,1,7
1990,2,1,3
1990,5,2,7
1990,3,2,5
1990,5,4,9
1990,3,1,4
1990,3,10,13
1990,8,23,31
1990,5,4,9
1990,4,3,7
1990,6,10,16
1990,2,15,17
1990,5,2,7
1990,6,3,9
1990,3,1,4
1990,5,11,16
1990,3,2,5
1990,2,18,20
1990,7,1,8
1990,3,1,4
1990,6,12,18
1990,5,3,8
1990,10,1,11
1990,6,11,17
1990,8,3,11
1990,4,3,7
1990,5,2,7
1990,4,1,5
1990,7,3,10
1990,4,2,6
1990,3,1,4
1990,9,3,12
1990,5,0,5
1990,5,4,9
1990,9,3,12
1990,5,2,7
1990,4,0,4
1990,2,1,3
1990,7,3,10
1990,4,3,7
1990,4,2,6
1990,5,13,18
1990,5,3,8
1990,5,3,8
1990,8,3,11
1990,3,2,5
1990,2,1,3
1990,8,3,11
1990,4,3,7
1990,3,2,5
1990,8,5,13
1990,5,3,8
1990,4,1,5
1990,5,0,5
1990,5,0,5
1990,3,2,5
1990,3,1,4
1990,8,7,15
1990,4,3,7
1990,3,0,3
1990,8,19,27
1990,8,3,11
1990,3,2,5
1990,7,3,10
1990,5,4,9
1990,5,4,9
1990,5,4,9
1990,6,5,11
1990,7,2,9
1990,7,2,9
1990,5,2,7
1990,6,3,9
1990,7,2,9
1990,4,11,15
1990,15,10,25
1990,9,6,15
1990,4,13,17
1990,5,4,9
1990,5,1,6
1990,10,1,11
1990,4,1,5
1990,3,2,5
1990,4,3,7
1990,6,0,6
1990,2,11,13
1990,6,5,11
1990,8,5,13
1990,3,2,5
1990,4,3,7
1990,7,3,10
1990,7,1,8
1990,3,1,4
1990,6,2,8
1990,5,4,9
1990,3,2,5
1990,4,3,7
1990,5,4,9
1990,6,3,9
1990,5,3,8
1990,2,1,3
1990,5,1,6
1990,3,1,4
1990,5,4,9
1990,6,5,11
1990,7,0,7
1990,7,5,12
1990,4,3,7
1990,8,2,10
1990,7,4,11
1990,6,3,9
1990,3,12,15
1990,6,2,8
1990,9,10,19
1990,6,2,8
1990,5,3,8
1990,5,2,7
1990,2,1,3
1990,2,1,3
1990,6,11,17
1990,5,0,5
1990,7,0,7
1990,5,3,8
1990,6,5,11
1990,5,2,7
1990,7,1,8
1990,4,12,16
1990,7,3,10
1990,4,1,5
1990,6,3,9
1990,8,1,9
1990,5,3,8
1990,4,3,7
1990,6,3,9
1990,9,7,16
1990,7,1,8
1990,7,2,9
1990,4,1,5
1990,7,2,9
1990,6,2,8
1990,5,2,7
1990,4,2,6
1990,5,1,6
1990,2,1,3
1990,7,1,8
1990,4,2,6
1990,3,0,3
1990,5,3,8
1990,5,4,9
1990,7,6,13
1990,2,1,3
1990,5,1,6
1990,5,1,6
1990,2,1,3
1990,6,0,6
1990,2,1,3
1990,4,3,7
1990,5,4,9
1990,4,2,6
1990,9,8,17
1990,2,1,3
1990,3,1,4
1990,7,12,19
1990,3,2,5
1990,3,2,5
1990,5,4,9
1990,3,2,5
1990,6,3,9
1990,7,2,9
1990,4,3,7
1990,8,0,8
1990,11,0,11
1990,4,3,7
1990,6,4,10
1990,4,3,7
1990,4,14,18
1990,7,6,13
1990,4,3,7
1990,1,0,1
1990,7,0,7
1990,7,6,13
1990,4,3,7
1990,9,7,16
1990,3,2,5
1990,4,3,7
1990,5,1,6
1990,5,0,5
1990,5,2,7
1990,8,7,15
1990,7,5,12
1990,4,3,7
1990,9,4,13
1990,8,7,15
1990,6,11,17
1990,4,2,6
1990,11,1,12
1990,5,1,6
1990,6,1,7
1990,3,0,3
1990,5,3,8
1990,8,6,14
1990,8,4,12
1990,11,10,21
1990,2,0,2
1990,2,10,12
1990,3,2,5
1990,6,10,16
1990,8,2,10
1990,9,5,14
1990,2,11,13
1990,5,3,8
1990,6,5,11
1990,3,2,5
1990,5,11,16
1990,8,3,11
1990,5,2,7
1990,8,10,18
1990,2,0,2
1990,7,3,10
1990,5,2,7
1990,5,3,8
1990,5,10,15
1990,9,1,10
1990,4,3,7
1990,5,0,5
1990,3,2,5
1990,4,2,6
1990,5,3,8
1990,3,0,3
1990,9,11,20
1990,6,5,11
1990,3,2,5
1990,7,0,7
1990,5,4,9
1990,8,2,10
1990,3,2,5
1990,1,0,1
1990,4,1,5
1990,8,6,14
1990,4,0,4
1990,6,3,9
1990,9,5,14
1990,5,2,7
1990,5,3,8
1990,8,3,11
1990,9,1,10
1990,9,2,11
1990,5,4,9
1990,5,4,9
1990,5,3,8
1990,3,2,5
1990,5,2,7
1990,7,4,11
1990,4,3,7
1990,3,2,5
1990,2,1,3
1990,8,6,14
1990,3,2,5
1990,5,4,9
1990,6,4,10
1990,5,1,6
1990,4,3,7
1990,1,0,1
1990,7,2,9
1990,3,2,5
1990,6,0,6
1990,6,2,8
1990,4,2,6
1990,4,2,6
1990,2,0,2
1990,3,2,5
1990,4,2,6
1990,7,3,10
1990,5,0,5
1990,6,5,11
1990,7,10,17
1990,4,1,5
1990,5,3,8
1990,6,5,11
1990,6,0,6
1990,7,6,13
1990,7,4,11
1990,8,3,11
1990,7,3,10
1990,6,2,8
1990,4,3,7
1990,9,4,13
1990,4,15,19
1990,4,0,4
1990,5,3,8
1990,9,4,13
1990,6,5,11
1990,4,3,7
1990,5,1,6
1990,3,2,5
1990,8,4,12
1990,11,10,21
1990,6,5,11
1990,8,5,13
1990,4,3,7
1990,3,2,5
1990,5,4,9
1990,2,1,3
1990,5,11,16
1990,3,1,4
1990,6,3,9
1990,5,1,6
1990,4,3,7
1990,3,2,5
1990,3,2,5
1990,7,13,20
1990,9,4,13
1990,6,1,7
1990,7,6,13
1990,5,0,5
1990,7,3,10
1990,2,0,2
1990,12,0,12
1990,5,1,6
1990,5,3,8
1990,4,0,4
1990,7,2,9
1990,5,2,7
1990,7,10,17
1990,3,2,5
1990,6,13,19
1990,5,3,8
1990,7,1,8
1990,4,3,7
1990,5,3,8
1990,7,4,11
1990,4,1,5
1990,5,4,9
1990,9,2,11
1990,9,4,13
1990,4,2,6
1990,9,8,17
1990,4,1,5
1990,3,15,18
1990,9,6,15
1990,4,3,7
1990,7,4,11
1990,11,0,11
1990,9,2,11
1990,4,1,5
1990,3,2,5
1990,9,2,11
1990,7,10,17
1990,4,2,6
1990,6,1,7
1990,12,1,13
1990,4,0,4
1990,6,3,9
1990,9,8,17
1990,3,2,5
1990,2,0,2
1990,5,3,8
1990,4,1,5
1990,5,3,8
1990,5,2,7
1990,4,0,4
1990,1,0,1
1990,4,3,7
1990,4,1,5
1990,1,0,1
1990,4,0,4
1990,4,2,6
1990,4,3,7
1990,3,1,4
1990,5,4,9
1990,5,0,5
1990,3,1,4
1990,9,10,19
1990,7,4,11
1990,4,2,6
1990,2,1,3
1990,8,6,14
1990,8,3,11
1990,4,10,14
1990,7,2,9
1990,7,20,27
1990,5,3,8
1990,6,3,9
1990,4,3,7
1990,4,1,5
1990,5,3,8
1990,4,10,14
1990,4,3,7
1990,6,3,9
1990,7,5,12
1990,9,12,21
1990,7,11,18
1990,2,1,3
1990,3,0,3
1990,5,0,5
1990,6,3,9
1990,3,10,13
1990,3,2,5
1990,11,1,12
1990,7,4,11
1990,8,0,8
1990,5,3,8
1990,4,3,7
1990,5,4,9
1990,4,2,6
1990,8,5,13
1990,3,1,4
1990,5,3,8
1990,2,0,2
1990,5,2,7
1990,4,2,6
1990,7,6,13
1990,4,2,6
1990,3,2,5
1990,2,0,2
1990,4,1,5
1990,7,13,20
1990,6,1,7
1990,3,2,5
1990,6,2,8
1990,3,2,5
1990,2,1,3
1990,8,7,15
1990,8,7,15
1990,7,0,7
1990,6,3,9
1990,5,3,8
1990,8,12,20
1990,8,7,15
1990,3,1,4
1990,8,4,12
1990,3,0,3
1990,2,1,3
1990,16,14,30
1990,3,10,13
1990,4,13,17
1990,3,2,5
1990,5,1,6
1990,2,1,3
1990,3,2,5
1990,6,1,7
1990,8,5,13
1990,4,1,5
1990,4,1,5
1990,7,0,7
1990,5,3,8
1990,7,2,9
1990,7,6,13
1990,3,2,5
1990,3,1,4
1990,4,3,7
1990,8,3,11
1990,5,4,9
1990,4,1,5
1990,3,2,5
1990,3,0,3
1990,6,1,7
1990,4,3,7
1990,5,2,7
1990,14,10,24
1990,5,3,8
1990,1,0,1
1990,8,1,9
1990,7,2,9
1990,6,2,8
1990,7,3,10
1990,6,2,8
1990,7,10,17
1990,4,2,6
1990,6,3,9
1990,7,5,12
1990,3,0,3
1990,4,3,7
1990,7,1,8
1990,5,4,9
1990,3,2,5
1990,4,2,6
1990,8,7,15
1990,7,5,12
1990,1,0,1
1990,5,3,8
1990,4,1,5
1990,5,2,7
1990,2,11,13
1990,5,2,7
1990,6,1,7
1990,4,1,5
1990,5,2,7
1990,1,0,1
1990,4,3,7
1990,4,0,4
1990,2,1,3
1990,6,2,8
1990,8,3,11
1990,3,2,5
1990,9,4,13
1990,5,4,9
1990,5,1,6
1990,6,12,18
1990,5,0,5
1990,3,1,4
1990,6,4,10
1990,2,1,3
1990,6,1,7
1990,8,6,14
1990,4,2,6
1990,4,2,6
1990,5,3,8
1990,2,0,2
1990,5,2,7
1990,3,2,5
1990,6,1,7
1990,3,2,5
1990,4,2,6
1990,3,10,13
1990,2,1,3
1990,4,2,6
1990,2,1,3
1990,6,0,6
1990,4,2,6
1990,8,1,9
1990,9,3,12
1990,8,1,9
1990,4,2,6
1990,6,2,8
1990,3,2,5
1990,2,1,3
1990,4,3,7
1990,6,10,16
1990,3,2,5
1990,3,0,3
1990,6,11,17
1990,6,4,10
1990,5,3,8
1990,3,1,4
1990,3,1,4
1990,3,13,16
1990,11,1,12
1990,13,0,13
1990,5,0,5
1990,7,6,13
1990,7,4,11
1990,9,2,11
1990,3,1,4
1990,3,2,5
1990,9,3,12
1990,9,8,17
1990,8,3,11
1990,8,2,10
1990,9,2,11
1990,6,5,11
1990,8,2,10
1990,5,3,8
1990,5,3,8
1990,7,4,11
1990,10,0,10
1990,9,4,13
1990,4,1,5
1990,5,3,8
1990,5,1,6
1990,6,1,7
1990,4,3,7
1990,7,2,9
1990,2,0,2
1990,6,0,6
1990,8,7,15
1990,3,13,16
1990,9,10,19
1990,2,1,3
1990,4,10,14
1990,9,0,9
1990,9,7,16
1990,6,1,7
1990,4,10,14
1990,8,1,9
1990,6,4,10
1990,3,2,5
1990,6,1,7
1990,3,1,4
1990,4,2,6
1990,4,12,16
1990,8,2,10
1990,4,3,7
1990,7,5,12
1990,7,4,11
1990,3,0,3
1990,4,1,5
1990,1,0,1
1990,9,2,11
1990,5,4,9
1990,9,4,13
1990,2,0,2
1990,10,1,11
1990,5,3,8
1990,6,2,8
1990,8,1,9
1990,4,3,7
1990,1,0,1
1990,5,4,9
1990,2,1,3
1990,9,17,26
1990,9,10,19
1990,3,1,4
1990,8,7,15
1990,4,1,5
1990,9,4,13
1990,7,10,17
1990,1,0,1
1990,4,3,7
1990,5,3,8
1990,2,1,3
1990,3,2,5
1990,3,2,5
1990,9,8,17
1990,8,5,13
1990,4,3,7
1990,3,13,16
1990,4,1,5
1990,4,3,7
1990,6,5,11
1990,2,1,3
1990,6,0,6
1990,2,1,3
1990,4,3,7
1990,6,2,8
1990,4,0,4
1990,8,10,18
1990,9,2,11
1990,3,0,3
1990,7,6,13
1990,4,1,5
1990,3,1,4
1990,7,3,10
1990,6,2,8
1990,6,2,8
1990,4,3,7
1990,6,1,7
1990,6,4,10
1990,7,2,9
1990,9,1,10
1990,8,4,12
1990,5,2,7
1990,3,11,14
1990,2,13,15
1990,7,4,11
1990,4,10,14
1990,7,2,9
1990,4,2,6
1990,7,6,13
1990,3,2,5
1990,7,4,11
1990,9,5,14
1990,5,0,5
1990,4,1,5
1990,2,1,3
1990,8,2,10
1990,5,11,16
1990,6,4,10
1990,4,15,19
1990,1,0,1
1990,11,10,21
1990,6,3,9
1990,5,1,6
1990,7,5,12
1990,8,5,13
1990,8,5,13
1990,3,1,4
1990,4,3,7
1990,4,2,6
1990,5,1,6
1990,6,5,11
1990,4,3,7
1990,7,2,9
1990,3,1,4
1990,5,4,9
1990,14,1,15
1990,5,14,19
1990,8,6,14
1990,4,10,14
1990,3,2,5
1990,3,0,3
1990,6,2,8
1990,6,4,10
1990,11,0,11
1990,6,2,8
1990,2,11,13
1990,5,4,9
1990,9,1,10
1990,9,1,10
1990,3,1,4
1990,6,5,11
1990,2,10,12
1990,7,3,10
1990,6,2,8
1990,9,6,15
1990,3,17,20
1990,3,1,4
1990,4,3,7
1990,2,1,3
1990,7,5,12
1990,3,2,5
1990,7,2,9
1990,4,1,5
1990,3,1,4
1990,6,2,8
1990,6,2,8
1990,6,1,7
1990,5,3,8
1990,8,6,14
1990,4,0,4
1990,6,12,18
1990,8,3,11
1990,6,4,10
1990,4,1,5
1990,5,4,9
1990,6,0,6
1990,2,1,3
1990,10,1,11
1990,4,3,7
1990,5,1,6
1990,4,3,7
1990,7,2,9
1990,9,11,20
1990,6,3,9
1990,5,3,8
1990,1,0,1
1990,8,4,12
1990,4,0,4
1990,5,3,8
1990,5,3,8
1990,9,0,9
1990,3,2,5
1990,4,3,7
1990,3,1,4
1990,5,11,16
1990,7,1,8
1990,8,6,14
1990,4,3,7
1990,4,2,6
1990,5,3,8
1990,8,4,12
1990,5,1,6
1990,4,2,6
1990,8,4,12
1990,4,1,5
1990,6,2,8
1990,6,4,10
1990,8,3,11
1990,7,0,7
1990,3,14,17
1990,3,1,4
1990,3,10,13
1990,5,13,18
1990,5,3,8
1990,5,4,9
1990,5,2,7
1990,7,6,13
1990,1,0,1
1990,5,4,9
1990,3,2,5
1990,2,1,3
1990,5,2,7
1990,5,1,6
1990,7,0,7
1990,5,2,7
1990,2,0,2
1990,6,5,11
1990,9,4,13
1990,4,3,7
1990,5,1,6
1990,3,0,3
1990,8,3,11
1990,4,1,5
1990,7,3,10
1990,6,4,10
1990,4,12,16
1990,7,5,12
1990,4,2,6
1990,4,13,17
1990,6,3,9
1990,5,11,16
1990,5,4,9
1990,6,3,9
1990,10,1,11
1990,3,2,5
1990,4,2,6
1990,7,4,11
1990,7,3,10
1990,6,11,17
1990,6,4,10
1990,9,5,14
1990,9,0,9
1990,7,1,8
1990,6,3,9
1990,2,10,12
1990,6,1,7
1990,6,0,6
1990,7,2,9
1990,5,4,9
1990,9,5,14
1990,4,2,6
1990,4,3,7
1990,7,2,9
1990,6,5,11
1990,6,5,11
1990,5,3,8
1990,4,0,4
1990,3,2,5
1990,9,5,14
1990,4,12,16
1990,5,2,7
1990,5,4,9
1990,7,6,13
1990,1,0,1
1990,9,8,17
1990,2,1,3
1990,2,0,2
1990,4,3,7
1990,3,1,4
1990,6,4,10
1990,8,3,11
1990,7,1,8
1990,9,4,13
1990,8,1,9
1990,4,3,7
1990,8,4,12
1990,5,4,9
1990,7,3,10
1990,2,1,3
1990,3,2,5
1990,6,2,8
1990,6,0,6
1990,8,1,9
1990,5,3,8
1990,2,0,2
1990,3,1,4
1990,7,5,12
1990,8,4,12
1990,4,1,5
1990,6,4,10
1990,4,3,7
1990,3,2,5
1990,4,2,6
1990,8,3,11
1990,1,0,1
1990,7,0,7
1990,7,1,8
1990,4,3,7
1990,3,0,3
1990,7,6,13
1990,2,1,3
1990,5,1,6
1990,3,2,5
1990,2,1,3
1990,3,2,5
1990,5,0,5
1990,1,0,1
1990,4,2,6
1990,3,1,4
1990,4,3,7
1990,6,17,23
1990,3,1,4
1990,6,3,9
1990,3,2,5
1990,10,1,11
1990,3,0,3
1990,6,0,6
1990,4,2,6
1990,9,2,11
1990,3,2,5
1990,8,3,11
1990,3,2,5
1990,4,1,5
1990,5,4,9
1990,6,3,9
1990,2,1,3
1990,7,2,9
1990,9,1,10
1990,3,1,4
1990,3,2,5
1990,9,10,19
1990,7,3,10
1990,4,2,6
1990,2,1,3
1990,11,1,12
1990,3,1,4
1990,5,3,8
1990,7,1,8
1990,2,1,3
1990,4,3,7
1990,6,5,11
1990,7,1,8
1990,3,1,4
1990,4,2,6
1990,7,2,9
1990,6,5,11
1990,9,5,14
1990,4,1,5
1990,8,1,9
1990,6,2,8
1990,8,7,15
1990,12,11,23
1990,6,5,11
1990,3,2,5
1990,2,1,3
1990,7,0,7
1990,5,10,15
1990,7,2,9
1990,4,3,7
1990,2,13,15
1990,7,1,8
1990,4,1,5
1990,7,4,11
1990,6,2,8
1990,3,2,5
1990,4,2,6
1990,4,2,6
1990,4,2,6
1990,4,1,5
1990,2,1,3
1990,2,1,3
1990,5,4,9
1990,8,3,11
1990,4,2,6
1990,4,1,5
1990,4,2,6
1990,8,2,10
1990,9,3,12
1990,6,3,9
1990,4,3,7
1990,3,0,3
1990,5,4,9
1990,5,2,7
1990,6,4,10
1990,3,2,5
1990,4,3,7
1990,3,2,5
1990,2,1,3
1990,1,0,1
1990,4,3,7
1990,2,13,15
1990,2,0,2
1990,2,0,2
1990,6,3,9
1990,5,11,16
1990,3,2,5
1990,4,14,18
1990,6,4,10
1990,6,3,9
1990,3,2,5
1990,2,1,3
1990,5,3,8
1990,6,1,7
1990,4,2,6
1990,8,5,13
1990,1,0,1
1990,4,3,7
1990,8,3,11
1990,4,1,5
1990,7,3,10
1990,4,2,6
1990,8,2,10
1990,2,1,3
1990,4,2,6
1990,4,3,7
1990,6,2,8
1990,5,1,6
1990,1,0,1
1990,1,0,1
1990,4,0,4
1990,7,3,10
1990,4,12,16
1990,7,0,7
1990,4,1,5
1990,4,2,6
1990,9,0,9
1990,3,11,14
1990,2,0,2
1990,2,1,3
1990,6,5,11
1990,5,2,7
1990,6,12,18
1990,5,2,7
1990,4,0,4
1990,3,2,5
1990,5,1,6
1990,4,3,7
1990,6,2,8
1990,10,0,10
1990,3,2,5
1990,9,2,11
1990,9,1,10
1990,7,1,8
1990,1,0,1
1990,6,1,7
1990,6,5,11
1990,2,1,3
1990,6,0,6
1990,2,12,14
1990,4,2,6
1990,7,3,10
1990,5,3,8
1990,6,1,7
1990,6,5,11
1990,9,2,11
1990,4,3,7
1990,2,12,14
1990,6,5,11
1990,3,2,5
1990,3,2,5
1990,4,1,5
1990,7,3,10
1990,6,5,11
1990,4,3,7
1990,8,12,20
1990,3,2,5
1990,4,1,5
1990,6,12,18
1990,5,2,7
1990,4,3,7
1990,4,2,6
1990,4,2,6
1990,5,2,7
1990,4,3,7
1990,15,1,16
1990,9,5,14
1990,8,1,9
1990,8,0,8
1990,2,1,3
1990,4,3,7
1990,9,5,14
1990,6,0,6
1990,6,5,11
1990,3,2,5
1990,3,2,5
1990,2,1,3
1990,3,0,3
1990,5,0,5
1990,7,1,8
1990,1,0,1
1990,6,2,8
1990,3,0,3
1990,7,6,13
1990,4,2,6
1990,4,3,7
1990,5,12,17
1990,6,10,16
1990,4,2,6
1990,9,1,10
1990,8,0,8
1990,8,6,14
1990,6,2,8
1990,9,5,14
1990,4,2,6
1990,5,0,5
1990,7,3,10
1990,6,0,6
1990,9,5,14
1990,3,2,5
1990,7,0,7
1990,4,1,5
1990,5,4,9
1990,9,3,12
1990,6,2,8
1990,7,4,11
1990,7,2,9
1990,6,2,8
1990,6,3,9
1990,3,1,4
1990,8,10,18
1990,7,1,8
1990,3,1,4
1990,7,11,18
1990,6,4,10
1990,1,0,1
1990,7,5,12
1990,9,5,14
1990,10,0,10
1990,3,0,3
1990,7,3,10
1990,6,2,8
1990,7,4,11
1990,2,1,3
1990,4,1,5
1990,1,0,1
1990,3,1,4
1990,5,2,7
1990,5,3,8
1990,6,2,8
1990,3,2,5
1990,6,0,6
1990,5,0,5
1990,6,12,18
1990,5,2,7
1990,7,1,8
1990,3,0,3
1990,6,2,8
1990,4,2,6
1990,12,1,13
1990,6,2,8
1990,5,4,9
1990,4,3,7
1990,3,1,4
1990,6,5,11
1990,2,0,2
1990,7,1,8
1990,4,1,5
1990,4,1,5
1990,4,1,5
1990,2,1,3
1990,9,4,13
1990,3,1,4
1990,5,4,9
1990,2,10,12
1990,5,4,9
1990,8,4,12
1990,5,2,7
1990,6,1,7
1990,5,2,7
1990,2,12,14
1990,6,1,7
1990,5,11,16
1990,2,1,3
1990,2,1,3
1990,3,0,3
1990,3,1,4
1990,3,1,4
1990,9,2,11
1990,6,4,10
1990,5,0,5
1990,9,12,21
1990,7,3,10
1990,6,2,8
1990,9,5,14
1990,5,4,9
1990,5,1,6
1990,6,5,11
1990,6,1,7
1990,8,0,8
1990,5,4,9
1990,6,1,7
1990,3,1,4
1990,7,4,11
1990,3,2,5
1990,6,2,8
1990,6,1,7
1990,1,0,1
1990,10,1,11
1990,3,2,5
1990,5,2,7
1990,5,2,7
1990,7,6,13
1990,2,1,3
1990,4,2,6
1990,9,0,9
1990,6,11,17
1990,5,3,8
1990,4,3,7
1990,8,4,12
1990,5,4,9
1990,8,10,18
1990,5,1,6
1990,4,0,4
1990,2,10,12
1990,2,0,2
1990,2,1,3
1990,6,1,7
1990,8,6,14
1990,9,3,12
1990,3,1,4
1990,2,12,14
1990,7,5,12
1990,6,2,8
1990,5,4,9
1990,2,1,3
1990,3,10,13
1990,9,3,12
1990,8,3,11
1990,7,1,8
1990,9,6,15
1990,6,5,11
1990,7,5,12
1990,7,3,10
1990,6,4,10
1990,6,3,9
1990,3,1,4
1990,5,3,8
1990,7,3,10
1990,7,5,12
1990,4,0,4
1990,4,10,14
1990,5,2,7
1990,2,1,3
1990,6,4,10
1990,4,2,6
1990,4,1,5
1990,9,1,10
1990,4,2,6
1990,2,1,3
1990,8,7,15
1990,5,3,8
1990,7,2,9
1990,7,4,11
1990,3,0,3
1990,4,3,7
1990,3,2,5
1990,6,14,20
1990,4,3,7
1990,4,2,6
1990,4,1,5
1990,6,2,8
1990,6,3,9
1990,4,3,7
1990,9,4,13
1990,5,3,8
1990,4,2,6
1990,9,5,14
1990,5,2,7
1990,3,2,5
1990,9,6,15
1990,4,1,5
1990,8,3,11
1990,5,4,9
1990,8,4,12
1990,5,3,8
1990,6,5,11
1990,5,2,7
1990,7,3,10
1990,4,0,4
1990,4,2,6
1990,5,0,5
1990,1,0,1
1990,7,0,7
1990,4,10,14
1990,6,4,10
1990,6,2,8
1990,4,1,5
1990,3,2,5
1990,8,5,13
1990,5,3,8
1990,8,3,11
1990,8,1,9
1990,4,10,14
1990,4,3,7
1990,8,2,10
1990,7,3,10
1990,6,3,9
1990,3,2,5
1990,5,1,6
1990,8,4,12
1990,5,12,17
1990,8,7,15
1990,6,3,9
1990,5,2,7
1990,9,4,13
1990,1,0,1
1990,7,3,10
1990,6,5,11
1990,8,4,12
1990,7,6,13
1990,5,3,8
1990,2,11,13
1990,3,2,5
1990,7,2,9
1990,7,12,19
1990,6,4,10
1990,2,0,2
1990,7,3,10
1990,5,4,9
1990,4,3,7
1990,5,3,8
1990,4,3,7
1990,5,12,17
1990,3,16,19
1990,2,1,3
1990,3,0,3
1990,6,5,11
1990,5,4,9
1990,1,0,1
1990,10,1,11
1990,5,4,9
1990,2,1,3
1990,3,1,4
1990,3,2,5
1990,5,11,16
1990,4,3,7
1990,6,3,9
1990,2,0,2
1990,5,2,7
1990,5,1,6
1990,3,2,5
1990,3,2,5
1990,6,4,10
1990,9,5,14
1990,5,14,19
1990,5,2,7
1990,3,0,3
1990,2,1,3
1990,7,3,10
1990,4,0,4
1990,6,2,8
1990,6,4,10
1990,5,4,9
1990,6,0,6
1990,2,1,3
1990,7,2,9
1990,9,2,11
1990,2,1,3
1990,5,4,9
1990,4,3,7
1990,7,5,12
1990,3,10,13
1990,9,5,14
1990,6,3,9
1990,3,0,3
1990,3,1,4
1990,3,2,5
1990,5,2,7
1990,4,3,7
1990,10,0,10
1990,4,1,5
1990,3,1,4
1990,5,0,5
1990,8,4,12
1990,3,1,4
1990,3,15,18
1990,1,0,1
1990,5,3,8
1990,3,1,4
1990,8,2,10
1990,7,2,9
1990,3,1,4
1990,5,2,7
1990,8,4,12
1990,10,1,11
1990,3,2,5
1990,6,0,6
1990,4,0,4
1990,4,2,6
1990,8,1,9
1990,4,3,7
1990,7,6,13
1990,6,2,8
1990,7,6,13
1990,6,4,10
1990,4,2,6
1990,5,3,8
1990,3,2,5
1990,6,0,6
1990,4,3,7
1990,3,2,5
1990,8,6,14
1990,7,6,13
1990,2,1,3
1990,4,13,17
1990,2,1,3
1990,2,0,2
1990,3,1,4
1990,2,1,3
1990,7,2,9
1990,5,4,9
1990,7,1,8
1990,7,6,13
1990,6,4,10
1990,4,1,5
1990,7,5,12
1990,9,6,15
1990,5,2,7
1990,3,1,4
1990,2,0,2
1990,9,0,9
1990,8,1,9
1990,5,1,6
1990,3,2,5
1990,4,3,7
1990,8,0,8
1990,7,3,10
1990,5,10,15
1990,2,1,3
1990,2,1,3
1990,3,0,3
1990,6,3,9
1990,7,3,10
1990,1,0,1
1990,6,2,8
1990,7,2,9
1990,2,1,3
1990,6,5,11
1990,8,2,10
1990,2,0,2
1990,4,3,7
1990,6,3,9
1990,4,3,7
1990,4,3,7
1990,2,1,3
1990,4,2,6
1990,7,5,12
1990,9,15,24
1990,2,0,2
1990,2,0,2
1990,7,6,13
1990,4,1,5
1990,5,3,8
1990,2,1,3
1990,3,2,5
1990,3,2,5
1990,3,13,16
1990,8,7,15
1990,1,0,1
1990,3,0,3
1990,2,1,3
1990,4,1,5
1990,6,4,10
1990,3,1,4
1990,9,4,13
1990,7,16,23
1990,3,2,5
1990,3,1,4
1990,3,2,5
1990,5,2,7
1990,7,3,10
1990,6,3,9
1990,7,4,11
1990,9,2,11
1990,3,10,13
1990,6,11,17
1990,4,3,7
1990,6,3,9
1990,6,3,9
1990,4,3,7
1990,2,1,3
1990,9,1,10
1990,4,1,5
1990,6,3,9
1990,4,1,5
1990,5,3,8
1990,3,1,4
1990,3,2,5
1990,2,1,3
1990,7,0,7
1990,5,4,9
1990,8,3,11
1990,2,1,3
1991,9,1,10
1991,6,2,8
1991,6,4,10
1991,4,2,6
1991,2,1,3
1991,7,0,7
1991,5,4,9
1991,6,2,8
1991,4,1,5
1991,2,1,3
1991,2,1,3
1991,7,2,9
1991,4,3,7
1991,7,4,11
1991,3,2,5
1991,4,3,7
1991,6,4,10
1991,2,0,2
1991,2,0,2
1991,6,5,11
1991,4,0,4
1991,1,0,1
1991,8,7,15
1991,4,1,5
1991,6,3,9
1991,4,3,7
1991,5,3,8
1991,6,0,6
1991,5,3,8
1991,4,2,6
1991,6,4,10
1991,5,4,9
1991,4,1,5
1991,5,11,16
1991,6,3,9
1991,3,0,3
1991,9,11,20
1991,5,0,5
1991,7,3,10
1991,3,1,4
1991,4,1,5
1991,3,2,5
1991,9,5,14
1991,4,2,6
1991,6,0,6
1991,4,3,7
1991,6,1,7
1991,4,11,15
1991,3,0,3
1991,5,4,9
1991,4,0,4
1991,7,3,10
1991,7,5,12
1991,4,1,5
1991,2,16,18
1991,9,8,17
1991,6,3,9
1991,9,15,24
1991,5,3,8
1991,4,2,6
1991,4,2,6
1991,4,11,15
1991,7,3,10
1991,6,0,6
1991,6,4,10
1991,12,1,13
1991,7,2,9
1991,5,3,8
1991,5,3,8
1991,9,4,13
1991,7,1,8
1991,7,6,13
1991,7,11,18
1991,3,15,18
1991,9,0,9
1991,3,1,4
1991,1,0,1
1991,5,2,7
1991,5,4,9
1991,4,3,7
1991,7,2,9
1991,5,4,9
1991,6,5,11
1991,9,3,12
1991,3,2,5
1991,8,4,12
1991,2,1,3
1991,4,10,14
1991,5,2,7
1991,8,5,13
1991,4,3,7
1991,3,1,4
1991,6,2,8
1991,4,1,5
1991,4,3,7
1991,4,2,6
1991,1,0,1
1991,3,0,3
1991,8,6,14
1991,4,3,7
1991,6,2,8
1991,3,1,4
1991,4,1,5
1991,5,4,9
1991,7,3,10
1991,1,0,1
1991,10,1,11
1991,4,0,4
1991,5,1,6
1991,4,3,7
1991,6,2,8
1991,1,0,1
1991,7,1,8
1991,16,0,16
1991,7,0,7
1991,4,3,7
1991,3,2,5
1991,5,10,15
1991,8,3,11
1991,5,0,5
1991,2,0,2
1991,5,2,7
1991,2,1,3
1991,3,1,4
1991,5,4,9
1991,4,0,4
1991,7,11,18
1991,5,2,7
1991,3,1,4
1991,3,0,3
1991,1,0,1
1991,2,1,3
1991,2,1,3
1991,2,1,3
1991,4,2,6
1991,3,1,4
1991,5,2,7
1991,9,3,12
1991,5,3,8
1991,3,2,5
1991,4,0,4
1991,12,1,13
1991,6,5,11
1991,3,2,5
1991,4,3,7
1991,5,4,9
1991,8,11,19
1991,9,5,14
1991,13,12,25
1991,6,0,6
1991,7,2,9
1991,1,0,1
1991,7,6,13
1991,6,4,10
1991,4,3,7
1991,8,7,15
1991,4,10,14
1991,2,1,3
1991,7,1,8
1991,3,2,5
1991,5,10,15
1991,7,5,12
1991,3,2,5
1991,3,0,3
1991,2,0,2
1991,4,10,14
1991,6,0,6
1991,3,1,4
1991,4,0,4
1991,6,5,11
1991,7,5,12
1991,7,3,10
1991,5,0,5
1991,2,1,3
1991,7,6,13
1991,4,2,6
1991,6,1,7
1991,9,5,14
1991,5,1,6
1991,4,2,6
1991,1,0,1
1991,8,4,12
1991,8,2,10
1991,7,4,11
1991,2,1,3
1991,7,3,10
1991,6,1,7
1991,1,0,1
1991,6,4,10
1991,7,1,8
1991,9,1,10
1991,4,3,7
1991,8,0,8
1991,5,3,8
1991,3,2,5
1991,5,4,9
1991,3,2,5
1991,3,1,4
1991,7,2,9
1991,5,3,8
1991,9,0,9
1991,6,0,6
1991,2,0,2
1991,4,1,5
1991,4,0,4
1991,4,0,4
1991,5,2,7
1991,5,4,9
1991,5,2,7
1991,9,14,23
1991,8,3,11
1991,2,1,3
1991,6,4,10
1991,4,3,7
1991,7,2,9
1991,10,1,11
1991,4,3,7
1991,4,3,7
1991,2,1,3
1991,4,1,5
1991,4,2,6
1991,5,4,9
1991,4,1,5
1991,4,3,7
1991,2,0,2
1991,2,1,3
1991,7,3,10
1991,8,2,10
1991,7,3,10
1991,7,3,10
1991,9,2,11
1991,9,6,15
1991,4,2,6
1991,9,6,15
1991,10,1,11
1991,3,1,4
1991,7,2,9
1991,4,3,7
1991,6,3,9
1991,6,5,11
1991,3,10,13
1991,4,3,7
1991,7,13,20
1991,8,2,10
1991,7,5,12
1991,1,0,1
1991,6,3,9
1991,7,3,10
1991,9,11,20
1991,5,3,8
1991,8,5,13
1991,2,1,3
1991,5,1,6
1991,8,11,19
1991,6,4,10
1991,6,4,10
1991,9,10,19
1991,1,0,1
1991,9,3,12
1991,8,7,15
1991,7,4,11
1991,4,1,5
1991,5,4,9
1991,3,0,3
1991,3,1,4
1991,5,1,6
1991,5,2,7
1991,2,0,2
1991,7,2,9
1991,4,2,6
1991,7,6,13
1991,5,1,6
1991,6,5,11
1991,4,1,5
1991,3,0,3
1991,4,3,7
1991,7,1,8
1991,1,0,1
1991,5,0,5
1991,4,2,6
1991,6,3,9
1991,4,0,4
1991,3,1,4
1991,6,5,11
1991,6,5,11
1991,7,4,11
1991,6,5,11
1991,6,4,10
1991,6,20,26
1991,4,3,7
1991,8,3,11
1991,3,2,5
1991,9,6,15
1991,6,4,10
1991,9,1,10
1991,4,2,6
1991,8,7,15
1991,3,0,3
1991,5,2,7
1991,6,3,9
1991,2,0,2
1991,6,15,21
1991,3,2,5
1991,6,4,10
1991,5,4,9
1991,7,0,7
1991,4,3,7
1991,4,10,14
1991,3,1,4
1991,4,2,6
1991,9,2,11
1991,9,3,12
1991,7,4,11
1991,2,1,3
1991,5,4,9
1991,4,3,7
1991,3,2,5
1991,6,5,11
1991,3,11,14
1991,7,2,9
1991,4,2,6
1991,7,6,13
1991,3,2,5
1991,17,1,18
1991,8,3,11
1991,5,10,15
1991,2,1,3
1991,7,3,10
1991,4,2,6
1991,5,4,9
1991,3,1,4
1991,9,3,12
1991,7,2,9
1991,5,2,7
1991,6,2,8
1991,4,2,6
1991,8,4,12
1991,3,0,3
1991,9,6,15
1991,2,0,2
1991,5,3,8
1991,6,5,11
1991,2,12,14
1991,7,5,12
1991,3,1,4
1991,2,1,3
1991,5,2,7
1991,5,3,8
1991,5,2,7
1991,6,4,10
1991,3,1,4
1991,7,0,7
1991,5,3,8
1991,5,4,9
1991,2,12,14
1991,2,1,3
1991,6,1,7
1991,3,2,5
1991,4,2,6
1991,5,4,9
1991,2,10,12
1991,3,2,5
1991,5,1,6
1991,5,11,16
1991,6,2,8
1991,5,2,7
1991,5,12,17
1991,5,3,8
1991,4,1,5
1991,7,3,10
1991,7,3,10
1991,6,4,10
1991,8,3,11
1991,6,10,16
1991,6,1,7
1991,8,6,14
1991,5,4,9
1991,4,2,6
1991,4,2,6
1991,4,3,7
1991,5,3,8
1991,9,5,14
1991,8,3,11
1991,6,3,9
1991,5,2,7
1991,3,2,5
1991,1,0,1
1991,8,1,9
1991,4,2,6
1991,6,1,7
1991,4,1,5
1991,5,4,9
1991,2,1,3
1991,6,3,9
1991,6,2,8
1991,5,1,6
1991,7,1,8
1991,6,1,7
1991,9,0,9
1991,3,1,4
1991,5,3,8
1991,4,1,5
1991,6,3,9
1991,9,6,15
1991,6,1,7
1991,6,4,10
1991,8,7,15
1991,4,3,7
1991,4,2,6
1991,2,10,12
1991,7,1,8
1991,4,2,6
1991,8,2,10
1991,5,4,9
1991,6,4,10
1991,5,11,16
1991,3,1,4
1991,6,4,10
1991,6,3,9
1991,7,0,7
1991,5,4,9
1991,9,3,12
1991,5,1,6
1991,5,3,8
1991,7,3,10
1991,6,11,17
1991,8,1,9
1991,7,5,12
1991,4,2,6
1991,1,0,1
1991,1,0,1
1991,3,0,3
1991,5,4,9
1991,6,4,10
1991,4,2,6
1991,9,2,11
1991,5,2,7
1991,3,0,3
1991,4,1,5
1991,7,4,11
1991,4,3,7
1991,4,1,5
1991,5,2,7
1991,3,1,4
1991,2,12,14
1991,5,13,18
1991,7,1,8
1991,2,10,12
1991,5,4,9
1991,3,2,5
1991,9,4,13
1991,8,3,11
1991,4,2,6
1991,7,5,12
1991,3,2,5
1991,2,1,3
1991,5,4,9
1991,9,2,11
1991,4,12,16
1991,7,3,10
1991,3,0,3
1991,6,3,9
1991,3,1,4
1991,5,11,16
1991,4,1,5
1991,8,6,14
1991,1,0,1
1991,4,1,5
1991,6,10,16
1991,4,2,6
1991,3,2,5
1991,5,2,7
1991,5,4,9
1991,7,3,10
1991,4,3,7
1991,6,5,11
1991,3,0,3
1991,8,6,14
1991,7,11,18
1991,5,3,8
1991,7,2,9
1991,4,0,4
1991,5,3,8
1991,9,4,13
1991,8,1,9
1991,9,5,14
1991,3,2,5
1991,3,1,4
1991,5,2,7
1991,8,1,9
1991,5,2,7
1991,2,1,3
1991,5,3,8
1991,11,10,21
1991,6,2,8
1991,5,3,8
1991,2,0,2
1991,7,3,10
1991,6,10,16
1991,2,0,2
1991,4,3,7
1991,11,1,12
1991,8,2,10
1991,3,2,5
1991,7,1,8
1991,3,2,5
1991,4,3,7
1991,3,11,14
1991,9,10,19
1991,1,0,1
1991,1,0,1
1991,3,2,5
1991,6,2,8
1991,6,5,11
1991,9,1,10
1991,7,3,10
1991,7,6,13
1991,6,5,11
1991,5,0,5
1991,6,1,7
1991,8,1,9
1991,3,2,5
1991,4,2,6
1991,5,4,9
1991,2,11,13
1991,7,2,9
1991,5,3,8
1991,4,2,6
1991,8,6,14
1991,6,10,16
1991,2,1,3
1991,6,2,8
1991,8,6,14
1991,3,0,3
1991,9,4,13
1991,3,13,16
1991,7,6,13
1991,5,1,6
1991,4,14,18
1991,6,2,8
1991,5,2,7
1991,6,4,10
1991,3,2,5
1991,3,1,4
1991,4,1,5
1991,9,15,24
1991,6,5,11
1991,8,1,9
1991,3,1,4
1991,6,3,9
1991,3,2,5
1991,8,0,8
1991,4,11,15
1991,5,2,7
1991,6,5,11
1991,9,8,17
1991,8,2,10
1991,2,15,17
1991,6,2,8
1991,12,0,12
1991,8,6,14
1991,6,5,11
1991,6,2,8
1991,9,8,17
1991,3,0,3
1991,8,4,12
1991,2,1,3
1991,8,4,12
1991,8,1,9
1991,8,2,10
1991,6,2,8
1991,7,0,7
1991,2,1,3
1991,5,1,6
1991,8,0,8
1991,6,1,7
1991,6,0,6
1991,9,1,10
1991,8,3,11
1991,9,3,12
1991,7,6,13
1991,4,2,6
1991,7,2,9
1991,4,0,4
1991,7,2,9
1991,4,11,15
1991,8,6,14
1991,7,2,9
1991,5,4,9
1991,9,11,20
1991,4,1,5
1991,7,4,11
1991,7,2,9
1991,3,2,5
1991,5,1,6
1991,5,4,9
1991,5,2,7
1991,5,10,15
1991,7,6,13
1991,5,1,6
1991,3,1,4
1991,7,4,11
1991,3,1,4
1991,8,4,12
1991,6,5,11
1991,2,1,3
1991,6,3,9
1991,5,3,8
1991,7,2,9
1991,8,2,10
1991,6,5,11
1991,8,12,20
1991,8,11,19
1991,5,1,6
1991,4,3,7
1991,3,2,5
1991,4,1,5
1991,4,1,5
1991,4,3,7
1991,7,4,11
1991,5,3,8
1991,3,1,4
1991,2,1,3
1991,3,1,4
1991,7,2,9
1991,5,3,8
1991,2,0,2
1991,3,2,5
1991,5,3,8
1991,9,5,14
1991,3,0,3
1991,7,1,8
1991,4,2,6
1991,4,1,5
1991,8,6,14
1991,4,1,5
1991,4,1,5
1991,4,3,7
1991,5,3,8
1991,4,3,7
1991,5,3,8
1991,3,2,5
1991,12,11,23
1991,7,2,9
1991,3,0,3
1991,11,10,21
1991,2,1,3
1991,7,1,8
1991,8,2,10
1991,3,2,5
1991,4,3,7
1991,4,1,5
1991,6,4,10
1991,7,3,10
1991,2,0,2
1991,9,4,13
1991,6,4,10
1991,3,2,5
1991,6,2,8
1991,5,3,8
1991,2,1,3
1991,5,4,9
1991,9,8,17
1991,4,3,7
1991,9,8,17
1991,6,3,9
1991,1,0,1
1991,2,11,13
1991,6,4,10
1991,5,0,5
1991,3,2,5
1991,5,4,9
1991,6,3,9
1991,2,0,2
1991,2,0,2
1991,5,4,9
1991,3,1,4
1991,1,0,1
1991,2,1,3
1991,5,2,7
1991,7,6,13
1991,8,4,12
1991,4,3,7
1991,4,3,7
1991,4,1,5
1991,4,3,7
1991,7,14,21
1991,2,1,3
1991,7,10,17
1991,8,1,9
1991,11,0,11
1991,6,2,8
1991,3,2,5
1991,8,6,14
1991,3,2,5
1991,7,3,10
1991,6,3,9
1991,6,3,9
1991,1,0,1
1991,8,2,10
1991,9,2,11
1991,6,4,10
1991,8,0,8
1991,5,3,8
1991,6,1,7
1991,3,2,5
1991,7,1,8
1991,7,2,9
1991,5,13,18
1991,9,3,12
1991,6,4,10
1991,8,5,13
1991,6,12,18
1991,5,3,8
1991,6,2,8
1991,3,2,5
1991,3,2,5
1991,11,0,11
1991,4,3,7
1991,8,6,14
1991,2,1,3
1991,1,0,1
1991,5,3,8
1991,6,1,7
1991,2,1,3
1991,5,1,6
1991,4,10,14
1991,8,5,13
1991,2,0,2
1991,9,8,17
1991,8,0,8
1991,6,1,7
1991,1,0,1
1991,3,2,5
1991,6,3,9
1991,9,10,19
1991,6,1,7
1991,3,1,4
1991,2,1,3
1991,7,2,9
1991,5,3,8
1991,4,2,6
1991,6,4,10
1991,4,3,7
1991,1,0,1
1991,5,4,9
1991,3,10,13
1991,3,2,5
1991,3,2,5
1991,3,2,5
1991,12,1,13
1991,6,5,11
1991,8,4,12
1991,9,4,13
1991,9,3,12
1991,7,0,7
1991,2,1,3
1991,2,1,3
1991,4,1,5
1991,4,2,6
1991,7,3,10
1991,5,1,6
1991,3,2,5
1991,8,4,12
1991,9,1,10
1991,3,13,16
1991,5,3,8
1991,7,11,18
1991,5,4,9
1991,6,4,10
1991,7,3,10
1991,2,0,2
1991,6,0,6
1991,3,1,4
1991,6,2,8
1991,2,15,17
1991,4,0,4
1991,4,3,7
1991,8,4,12
1991,2,0,2
1991,9,4,13
1991,4,2,6
1991,7,2,9
1991,7,11,18
1991,7,6,13
1991,5,4,9
1991,8,6,14
1991,4,2,6
1991,7,3,10
1991,4,3,7
1991,4,3,7
1991,8,13,21
1991,6,5,11
1991,4,2,6
1991,6,4,10
1991,5,0,5
1991,3,2,5
1991,6,10,16
1991,4,3,7
1991,3,2,5
1991,5,4,9
1991,9,10,19
1991,9,2,11
1991,2,1,3
1991,6,5,11
1991,2,0,2
1991,6,5,11
1991,6,10,16
1991,3,2,5
1991,7,5,12
1991,8,4,12
1991,3,1,4
1991,3,1,4
1991,5,12,17
1991,4,2,6
1991,8,4,12
1991,4,3,7
1991,4,3,7
1991,5,4,9
1991,9,8,17
1991,4,1,5
1991,3,1,4
1991,7,6,13
1991,9,2,11
1991,6,5,11
1991,3,2,5
1991,2,15,17
1991,3,0,3
1991,9,7,16
1991,8,7,15
1991,7,3,10
1991,1,0,1
1991,7,5,12
1991,3,2,5
1991,3,2,5
1991,4,0,4
1991,7,3,10
1991,4,3,7
1991,6,1,7
1991,4,2,6
1991,3,2,5
1991,6,5,11
1991,7,3,10
1991,9,2,11
1991,5,1,6
1991,5,1,6
1991,5,4,9
1991,3,0,3
1991,4,2,6
1991,4,3,7
1991,8,4,12
1991,7,2,9
1991,9,5,14
1991,3,1,4
1991,7,4,11
1991,3,10,13
1991,1,0,1
1991,4,1,5
1991,5,0,5
1991,4,3,7
1991,4,3,7
1991,6,3,9
1991,4,3,7
1991,4,0,4
1991,4,3,7
1991,4,2,6
1991,6,5,11
1991,8,4,12
1991,4,3,7
1991,8,11,19
1991,9,8,17
1991,2,0,2
1991,5,2,7
1991,2,11,13
1991,6,4,10
1991,2,1,3
1991,3,2,5
1991,3,1,4
1991,6,2,8
1991,9,4,13
1991,5,0,5
1991,4,1,5
1991,4,3,7
1991,6,4,10
1991,4,0,4
1991,8,2,10
1991,5,3,8
1991,3,11,14
1991,1,0,1
1991,4,2,6
1991,9,4,13
1991,8,6,14
1991,8,5,13
1991,6,1,7
1991,5,1,6
1991,9,10,19
1991,5,1,6
1991,5,4,9
1991,6,2,8
1991,4,10,14
1991,8,7,15
1991,3,2,5
1991,5,10,15
1991,3,2,5
1991,5,2,7
1991,7,4,11
1991,8,1,9
1991,7,6,13
1991,14,1,15
1991,8,0,8
1991,5,2,7
1991,3,0,3
1991,7,2,9
1991,9,3,12
1991,3,0,3
1991,1,0,1
1991,4,3,7
1991,9,6,15
1991,4,3,7
1991,4,2,6
1991,3,2,5
1991,8,2,10
1991,9,3,12
1991,8,10,18
1991,6,14,20
1991,8,5,13
1991,7,1,8
1991,5,2,7
1991,4,2,6
1991,6,1,7
1991,6,2,8
1991,11,0,11
1991,5,3,8
1991,3,1,4
1991,2,1,3
1991,7,3,10
1991,7,4,11
1991,6,4,10
1991,6,2,8
1991,9,4,13
1991,9,8,17
1991,8,4,12
1991,2,1,3
1991,5,0,5
1991,6,3,9
1991,6,4,10
1991,4,0,4
1991,4,11,15
1991,6,4,10
1991,2,1,3
1991,7,4,11
1991,5,4,9
1991,4,1,5
1991,8,6,14
1991,3,0,3
1991,2,1,3
1991,9,10,19
1991,3,2,5
1991,8,7,15
1991,6,1,7
1991,2,10,12
1991,6,2,8
1991,6,5,11
1991,6,0,6
1991,5,4,9
1991,4,2,6
1991,6,2,8
1991,7,3,10
1991,1,0,1
1991,4,3,7
1991,6,3,9
1991,4,3,7
1991,3,10,13
1991,4,13,17
1991,4,14,18
1991,2,1,3
1991,8,5,13
1991,6,1,7
1991,4,1,5
1991,5,4,9
1991,8,4,12
1991,9,6,15
1991,4,3,7
1991,8,6,14
1991,8,2,10
1991,4,3,7
1991,7,11,18
1991,5,3,8
1991,4,0,4
1991,3,2,5
1991,4,3,7
1991,6,3,9
1991,3,2,5
1991,9,0,9
1991,5,0,5
1991,4,0,4
1991,4,10,14
1991,6,1,7
1991,5,12,17
1991,9,8,17
1991,3,0,3
1991,5,1,6
1991,3,2,5
1991,7,1,8
1991,5,4,9
1991,3,2,5
1991,6,14,20
1991,5,4,9
1991,1,0,1
1991,10,1,11
1991,4,2,6
1991,4,2,6
1991,1,0,1
1991,9,3,12
1991,4,1,5
1991,7,4,11
1991,3,1,4
1991,4,3,7
1991,2,1,3
1991,4,2,6
1991,5,1,6
1991,8,0,8
1991,7,4,11
1991,5,4,9
1991,2,0,2
1991,3,0,3
1991,9,7,16
1991,7,6,13
1991,5,13,18
1991,2,1,3
1991,2,1,3
1991,4,3,7
1991,4,1,5
1991,2,12,14
1991,4,3,7
1991,7,6,13
1991,4,3,7
1991,6,10,16
1991,7,3,10
1991,7,5,12
1991,5,3,8
1991,5,3,8
1991,8,2,10
1991,6,1,7
1991,5,2,7
1991,3,0,3
1991,8,7,15
1991,7,0,7
1991,4,1,5
1991,2,0,2
1991,6,4,10
1991,6,10,16
1991,9,5,14
1991,5,1,6
1991,7,3,10
1991,3,2,5
1991,4,3,7
1991,8,1,9
1991,3,2,5
1991,6,0,6
1991,2,0,2
1991,6,2,8
1991,2,1,3
1991,5,2,7
1991,7,2,9
1991,6,3,9
1991,8,6,14
1991,5,4,9
1991,6,5,11
1991,6,3,9
1991,6,3,9
1991,1,0,1
1991,7,0,7
1991,6,2,8
1991,5,10,15
1991,2,0,2
1991,4,3,7
1991,5,2,7
1991,8,5,13
1991,8,2,10
1991,3,1,4
1991,3,1,4
1991,2,0,2
1991,7,5,12
1991,6,3,9
1991,3,2,5
1991,2,1,3
1991,2,10,12
1991,4,3,7
1991,6,10,16
1991,4,18,22
1991,15,1,16
1991,5,3,8
1991,3,2,5
1991,7,4,11
1991,2,1,3
1991,3,2,5
1991,5,17,22
1991,3,14,17
1991,8,6,14
1991,6,4,10
1991,2,1,3
1991,7,1,8
1991,5,2,7
1991,8,7,15
1991,5,3,8
1991,7,11,18
1991,3,0,3
1991,4,3,7
1991,6,1,7
1991,9,8,17
1991,8,0,8
1991,5,1,6
1991,8,5,13
1991,2,1,3
1991,2,0,2
1991,8,7,15
1991,6,5,11
1991,2,1,3
1991,4,3,7
1991,4,3,7
1991,6,4,10
1991,7,6,13
1991,3,1,4
1991,6,4,10
1991,5,0,5
1991,2,12,14
1991,4,2,6
1991,6,5,11
1991,6,4,10
1991,9,8,17
1991,6,1,7
1991,7,5,12
1991,6,5,11
1991,2,1,3
1991,4,2,6
1991,2,10,12
1991,3,11,14
1991,5,4,9
1991,5,1,6
1991,12,0,12
1991,5,10,15
1991,3,2,5
1991,4,0,4
1991,4,1,5
1991,3,2,5
1991,4,2,6
1991,3,14,17
1991,5,2,7
1991,17,0,17
1991,6,0,6
1991,6,2,8
1991,3,0,3
1991,7,2,9
1991,4,1,5
1991,8,3,11
1991,7,2,9
1991,5,1,6
1991,5,0,5
1991,4,1,5
1991,7,6,13
1991,6,0,6
1991,8,4,12
1991,5,3,8
1991,7,11,18
1991,5,1,6
1991,3,2,5
1991,4,0,4
1991,2,1,3
1991,6,11,17
1991,6,4,10
1991,14,1,15
1991,5,2,7
1991,2,1,3
1991,4,2,6
1991,8,4,12
1991,3,2,5
1991,9,4,13
1991,4,2,6
1991,6,0,6
1991,5,2,7
1991,5,1,6
1991,6,5,11
1991,5,4,9
1991,7,3,10
1991,9,1,10
1991,2,1,3
1991,5,4,9
1991,3,2,5
1991,8,5,13
1991,7,10,17
1991,6,3,9
1991,8,7,15
1991,6,5,11
1991,6,1,7
1991,3,12,15
1991,2,1,3
1991,4,2,6
1991,5,1,6
1991,5,4,9
1991,5,2,7
1991,2,1,3
1991,3,12,15
1991,8,4,12
1991,6,3,9
1991,7,4,11
1991,2,1,3
1991,2,10,12
1991,7,4,11
1991,8,2,10
1991,8,4,12
1991,4,3,7
1991,2,1,3
1991,8,4,12
1991,7,1,8
1991,5,4,9
1991,8,7,15
1991,9,3,12
1991,2,0,2
1991,5,0,5
1991,6,3,9
1991,6,5,11
1991,8,1,9
1991,9,12,21
1991,6,2,8
1991,7,4,11
1991,8,1,9
1991,1,0,1
1991,6,3,9
1991,5,1,6
1991,8,2,10
1991,3,2,5
1991,5,1,6
1991,3,2,5
1991,6,5,11
1991,9,1,10
1991,8,10,18
1991,7,4,11
1991,7,5,12
1991,6,1,7
1991,5,11,16
1991,7,0,7
1991,7,4,11
1991,12,10,22
1991,4,0,4
1991,3,0,3
1991,13,1,14
1991,8,5,13
1991,5,2,7
1991,4,3,7
1991,5,2,7
1991,6,2,8
1991,6,5,11
1991,9,7,16
1991,2,0,2
1991,2,11,13
1991,8,4,12
1991,2,0,2
1991,2,1,3
1991,3,2,5
1991,6,10,16
1991,4,10,14
1991,7,5,12
1991,5,3,8
1991,7,2,9
1991,2,10,12
1991,6,2,8
1991,5,1,6
1991,6,3,9
1991,8,10,18
1991,4,11,15
1991,6,5,11
1991,4,12,16
1991,3,10,13
1991,6,11,17
1991,6,5,11
1991,4,2,6
1991,7,5,12
1991,3,1,4
1991,9,3,12
1991,9,7,16
1991,6,5,11
1991,2,1,3
1991,8,2,10
1991,3,10,13
1991,8,7,15
1991,8,6,14
1991,11,10,21
1991,8,10,18
1991,5,1,6
1991,3,1,4
1991,9,5,14
1991,6,3,9
1991,5,4,9
1991,3,12,15
1991,9,3,12
1991,4,2,6
1991,3,1,4
1991,4,2,6
1991,2,13,15
1991,8,1,9
1991,5,3,8
1991,6,5,11
1991,4,1,5
1991,8,3,11
1991,6,3,9
1991,7,5,12
1991,3,13,16
1991,5,3,8
1991,4,3,7
1991,3,0,3
1991,5,4,9
1991,6,4,10
1991,7,3,10
1991,9,8,17
1991,15,1,16
1991,6,5,11
1991,4,2,6
1991,3,1,4
1991,4,3,7
1991,3,2,5
1991,4,1,5
1991,9,3,12
1991,6,3,9
1991,7,3,10
1991,3,1,4
1991,7,6,13
1991,2,1,3
1991,5,14,19
1991,7,1,8
1991,9,2,11
1991,8,6,14
1991,6,5,11
1991,9,7,16
1991,2,1,3
1991,5,2,7
1991,1,0,1
1991,6,5,11
1991,2,0,2
1991,8,7,15
1991,2,1,3
1991,3,2,5
1991,3,2,5
1991,8,3,11
1991,6,2,8
1991,2,1,3
1991,5,2,7
1991,6,5,11
1991,7,4,11
1991,6,10,16
1991,7,5,12
1991,2,1,3
1991,5,3,8
1991,7,2,9
1991,3,0,3
1991,9,0,9
1991,6,10,16
1991,5,13,18
1991,7,4,11
1991,5,14,19
1991,5,2,7
1991,6,1,7
1991,6,0,6
1991,3,1,4
1991,3,0,3
1991,6,2,8
1991,7,6,13
1991,8,10,18
1991,2,1,3
1991,1,0,1
1991,4,2,6
1991,8,1,9
1991,2,10,12
1991,2,0,2
1991,7,4,11
1991,2,0,2
1991,7,1,8
1991,6,1,7
1991,5,4,9
1991,1,0,1
1991,12,10,22
1991,5,2,7
1991,8,1,9
1991,6,4,10
1991,4,1,5
1991,6,4,10
1991,5,3,8
1991,4,3,7
1991,11,1,12
1991,4,0,4
1991,7,2,9
1991,7,4,11
1991,5,4,9
1991,5,4,9
1991,4,2,6
1991,5,4,9
1991,5,1,6
1991,5,1,6
1991,5,2,7
1991,1,0,1
1991,8,10,18
1991,7,12,19
1991,4,0,4
1991,6,4,10
1991,3,1,4
1991,6,2,8
1991,1,0,1
1991,5,1,6
1991,4,0,4
1991,4,2,6
1991,5,11,16
1991,1,0,1
1991,8,0,8
1991,4,3,7
1991,5,2,7
1991,7,1,8
1991,3,1,4
1991,7,0,7
1991,3,2,5
1991,3,2,5
1991,3,2,5
1991,6,12,18
1991,8,10,18
1991,5,4,9
1991,6,4,10
1991,13,0,13
1991,5,2,7
1991,4,3,7
1991,5,4,9
1991,9,6,15
1991,5,4,9
1991,3,2,5
1991,3,2,5
1991,4,3,7
1991,2,1,3
1991,4,3,7
1991,6,5,11
1991,6,3,9
1991,2,1,3
1991,7,14,21
1991,8,11,19
1991,4,3,7
1991,8,7,15
1991,7,6,13
1991,8,6,14
1991,7,5,12
1991,9,11,20
1991,4,3,7
1991,4,3,7
1991,5,4,9
1991,8,3,11
1991,5,0,5
1991,8,1,9
1991,4,3,7
1991,9,12,21
1991,5,2,7
1991,9,2,11
1991,7,4,11
1991,2,10,12
1991,2,0,2
1991,2,1,3
1991,9,8,17
1991,4,1,5
1991,5,3,8
1991,7,4,11
1991,5,1,6
1991,5,3,8
1991,4,1,5
1991,4,0,4
1991,8,3,11
1991,5,4,9
1991,9,2,11
1991,7,6,13
1991,6,2,8
1991,6,4,10
1991,6,1,7
1991,4,1,5
1991,9,1,10
1991,5,1,6
1991,6,4,10
1991,1,0,1
1991,8,6,14
1991,4,1,5
1991,4,1,5
1991,3,2,5
1991,9,1,10
1991,5,3,8
1991,9,13,22
1991,5,2,7
1991,4,1,5
1991,8,5,13
1991,5,4,9
1991,4,2,6
1991,6,5,11
1991,8,2,10
1991,3,2,5
1991,5,3,8
1991,5,0,5
1991,4,3,7
1991,5,2,7
1991,2,0,2
1991,7,5,12
1991,8,7,15
1991,7,6,13
1991,4,12,16
1991,3,0,3
1991,4,2,6
1991,4,1,5
1991,2,1,3
1991,4,1,5
1991,7,0,7
1991,5,1,6
1991,7,6,13
1991,9,4,13
1991,4,2,6
1991,8,4,12
1991,2,1,3
1991,6,4,10
1991,4,1,5
1991,3,11,14
1991,9,2,11
1991,2,1,3
1991,4,3,7
1991,4,3,7
1991,3,2,5
1991,6,2,8
1991,3,2,5
1991,8,7,15
1991,3,2,5
1991,7,1,8
1991,4,1,5
1991,5,0,5
1991,8,2,10
1991,5,1,6
1991,9,3,12
1991,7,3,10
1991,6,4,10
1991,5,10,15
1991,4,2,6
1991,3,2,5
1991,6,5,11
1991,8,6,14
1991,3,1,4
1991,5,13,18
1991,5,4,9
1991,9,12,21
1991,9,10,19
1991,4,13,17
1991,7,4,11
1991,9,5,14
1991,9,1,10
1991,3,1,4
1991,7,3,10
1991,8,0,8
1991,2,0,2
1991,6,5,11
1991,4,3,7
1991,3,0,3
1991,7,6,13
1991,4,1,5
1991,8,11,19
1991,4,2,6
1991,5,4,9
1991,6,0,6
1991,2,1,3
1991,4,3,7
1991,8,7,15
1991,4,2,6
1991,5,4,9
1991,4,1,5
1991,5,4,9
1991,4,3,7
1991,8,6,14
1991,9,2,11
1991,6,1,7
1991,6,1,7
1991,4,13,17
1991,8,0,8
1991,2,1,3
1991,6,5,11
1991,6,5,11
1991,5,2,7
1991,1,0,1
1991,4,1,5
1991,2,1,3
1991,7,2,9
1991,5,1,6
1991,8,1,9
1991,7,0,7
1991,7,0,7
1991,5,1,6
1991,7,3,10
1991,6,5,11
1991,6,5,11
1991,7,3,10
1991,9,5,14
1991,9,12,21
1991,3,0,3
1991,4,3,7
1991,4,0,4
1991,8,4,12
1991,2,1,3
1991,8,2,10
1991,8,3,11
1991,5,2,7
1991,7,11,18
1991,9,14,23
1991,5,2,7
1991,5,1,6
1991,4,3,7
1991,5,4,9
1991,5,3,8
1991,6,4,10
1991,7,0,7
1991,2,10,12
1991,3,0,3
1991,7,5,12
1991,5,4,9
1991,7,6,13
1991,3,2,5
1991,6,1,7
1991,4,2,6
1991,2,1,3
1991,4,2,6
1991,2,1,3
1991,8,3,11
1991,3,2,5
1991,7,2,9
1991,6,4,10
1991,5,2,7
1991,6,4,10
1991,5,4,9
1991,3,1,4
1991,3,0,3
1991,1,0,1
1991,3,11,14
1991,4,2,6
1991,7,6,13
1991,6,4,10
1991,5,1,6
1991,9,3,12
1991,11,10,21
1991,7,6,13
1991,8,6,14
1991,2,1,3
1991,2,0,2
1991,7,2,9
1991,5,4,9
1991,4,1,5
1991,6,2,8
1991,5,1,6
1991,5,4,9
1991,1,0,1
1991,3,2,5
1991,3,2,5
1991,2,0,2
1991,6,2,8
1991,5,11,16
1991,3,1,4
1991,9,2,11
1991,6,3,9
1991,6,1,7
1991,4,1,5
1991,3,2,5
1991,8,3,11
1991,6,2,8
1991,5,10,15
1991,8,7,15
1991,3,2,5
1991,8,2,10
1991,5,2,7
1991,5,4,9
1991,5,0,5
1991,9,8,17
1991,5,0,5
1991,3,2,5
1991,4,1,5
1991,6,1,7
1991,3,2,5
1991,6,1,7
1991,9,4,13
1991,3,12,15
1991,3,1,4
1991,3,14,17
1991,6,1,7
1991,4,2,6
1991,5,2,7
1991,5,4,9
1991,7,4,11
1991,2,13,15
1991,14,1,15
1991,6,4,10
1991,5,1,6
1991,7,4,11
1991,7,6,13
1991,9,3,12
1991,4,3,7
1991,3,0,3
1991,8,5,13
1991,8,10,18
1991,5,12,17
1991,9,8,17
1991,7,2,9
1991,5,4,9
1991,2,0,2
1991,8,0,8
1991,5,4,9
1991,5,3,8
1991,4,1,5
1991,6,1,7
1991,8,5,13
1991,4,1,5
1991,1,0,1
1991,5,3,8
1991,5,1,6
1991,8,4,12
1991,2,0,2
1991,4,1,5
1991,8,3,11
1991,2,0,2
1991,8,4,12
1991,8,4,12
1991,8,3,11
1991,5,1,6
1991,5,1,6
1991,8,3,11
1991,3,2,5
1991,3,1,4
1991,4,3,7
1991,2,11,13
1991,13,1,14
1991,4,1,5
1991,3,1,4
1991,6,2,8
1991,6,5,11
1991,2,1,3
1991,3,2,5
1991,7,4,11
1991,2,11,13
1991,3,1,4
1991,3,1,4
1991,4,1,5
1991,4,2,6
1991,4,3,7
1991,3,1,4
1991,6,2,8
1991,6,11,17
1991,7,4,11
1991,11,10,21
1991,1,0,1
1991,2,1,3
1991,4,1,5
1991,3,1,4
1991,6,0,6
1991,3,2,5
1991,7,5,12
1991,6,1,7
1991,5,1,6
1991,1,0,1
1991,6,11,17
1991,3,2,5
1991,6,17,23
1991,1,0,1
1991,4,3,7
1991,5,11,16
1991,7,4,11
1991,5,0,5
1991,6,5,11
1991,4,2,6
1991,7,5,12
1991,5,1,6
1991,7,6,13
1991,8,3,11
1991,8,0,8
1991,4,2,6
1991,12,10,22
1991,4,10,14
1991,4,3,7
1991,3,0,3
1991,4,10,14
1991,4,3,7
1991,7,1,8
1991,4,2,6
1991,4,1,5
1991,6,3,9
1991,6,1,7
1991,6,2,8
1991,6,0,6
1991,4,0,4
1991,7,6,13
1991,7,2,9
1991,5,2,7
1991,9,0,9
1991,3,1,4
1991,5,2,7
1991,5,4,9
1991,1,0,1
1991,4,2,6
1991,9,11,20
1991,4,1,5
1991,4,2,6
1991,8,2,10
1991,9,1,10
1991,4,1,5
1991,6,5,11
1991,6,5,11
1991,3,1,4
1991,7,3,10
1991,5,1,6
1991,6,5,11
1991,7,4,11
1991,6,3,9
1991,7,3,10
1991,6,2,8
1991,7,0,7
1991,7,2,9
1991,6,2,8
1991,1,0,1
1991,4,3,7
1991,5,2,7
1991,5,4,9
1991,1,0,1
1991,3,2,5
1991,2,13,15
1991,3,2,5
1991,3,2,5
1991,5,4,9
1991,8,6,14
1991,2,13,15
1991,4,2,6
1991,7,3,10
1991,7,6,13
1991,3,2,5
1991,6,5,11
1991,3,2,5
1991,7,5,12
1991,7,3,10
1991,4,3,7
1991,6,4,10
1991,3,1,4
1991,5,3,8
1991,3,1,4
1991,2,1,3
1991,3,0,3
1991,6,0,6
1991,9,1,10
1991,4,3,7
1991,9,2,11
1991,6,5,11
1991,10,0,10
1991,7,14,21
1991,5,3,8
1991,5,4,9
1991,8,3,11
1991,7,2,9
1991,7,2,9
1991,4,2,6
1991,5,10,15
1991,9,2,11
1991,6,5,11
1991,9,0,9
1991,5,4,9
1991,3,0,3
1991,5,4,9
1991,6,1,7
1991,6,5,11
1991,8,5,13
1991,4,3,7
1991,1,0,1
1991,3,1,4
1991,5,3,8
1991,4,1,5
1991,2,0,2
1991,5,4,9
1991,3,2,5
1991,4,2,6
1991,9,2,11
1991,3,0,3
1991,5,4,9
1991,3,2,5
1991,7,2,9
1991,7,5,12
1991,6,0,6
1991,3,2,5
1991,5,4,9
1991,4,10,14
1991,2,1,3
1991,4,1,5
1991,1,0,1
1991,6,5,11
1991,6,4,10
1991,5,3,8
1991,7,2,9
1991,4,3,7
1991,5,4,9
1991,5,1,6
1991,4,2,6
1991,5,10,15
1991,4,1,5
1991,3,10,13
1991,5,2,7
1991,2,0,2
1991,3,2,5
1991,2,1,3
1991,8,5,13
1991,3,2,5
1991,3,0,3
1991,6,4,10
1991,1,0,1
1991,6,5,11
1991,8,3,11
1991,5,10,15
1991,3,0,3
1991,12,1,13
1991,4,3,7
1991,10,1,11
1991,5,2,7
1991,4,1,5
1991,2,1,3
1991,8,4,12
1991,5,3,8
1991,4,0,4
1991,7,0,7
1991,3,2,5
1991,4,1,5
1991,7,5,12
1991,4,2,6
1991,6,2,8
1991,5,3,8
1991,2,1,3
1991,9,5,14
1991,4,1,5
1991,3,0,3
1991,9,4,13
1991,2,1,3
1991,3,2,5
1991,2,1,3
1991,6,3,9
1991,2,1,3
1991,4,3,7
1991,9,10,19
1991,3,10,13
1991,2,1,3
1991,8,0,8
1991,9,8,17
1991,7,6,13
1991,4,11,15
1991,10,1,11
1991,5,1,6
1991,3,0,3
1991,4,2,6
1991,7,2,9
1991,9,7,16
1991,5,4,9
1991,9,2,11
1991,8,10,18
1991,5,4,9
1991,5,2,7
1991,8,7,15
1991,4,3,7
1991,2,1,3
1991,9,10,19
1991,7,2,9
1991,5,4,9
1991,6,4,10
1991,2,1,3
1991,8,6,14
1991,6,1,7
1991,8,4,12
1991,8,2,10
1991,7,1,8
1991,7,2,9
1991,8,0,8
1991,2,1,3
1991,6,5,11
1991,6,5,11
1991,3,2,5
1991,6,2,8
1991,4,3,7
1991,2,1,3
1991,10,0,10
1991,8,10,18
1991,8,3,11
1991,3,0,3
1991,9,7,16
1991,4,2,6
1991,4,1,5
1991,6,2,8
1991,7,5,12
1991,6,4,10
1991,3,0,3
1991,8,12,20
1991,5,4,9
1991,7,2,9
1991,5,2,7
1991,4,2,6
1991,5,4,9
1991,5,4,9
1991,5,4,9
1991,4,3,7
1991,4,1,5
1991,4,1,5
1991,6,2,8
1991,6,3,9
1991,3,2,5
1991,3,2,5
1991,5,0,5
1991,2,1,3
1991,8,1,9
1991,5,2,7
1991,7,4,11
1991,6,5,11
1991,8,4,12
1991,3,2,5
1991,5,4,9
1991,4,3,7
1991,5,19,24
1991,6,3,9
1991,5,3,8
1991,2,1,3
1991,8,3,11
1991,4,0,4
1991,3,0,3
1991,8,3,11
1991,8,4,12
1991,7,2,9
1991,9,8,17
1991,6,5,11
1991,6,5,11
1991,2,0,2
1991,11,1,12
1991,3,2,5
1991,2,0,2
1991,2,1,3
1991,8,5,13
1991,3,2,5
1991,7,6,13
1991,11,0,11
1991,6,2,8
1991,4,0,4
1991,3,1,4
1991,3,2,5
1991,6,5,11
1991,2,1,3
1991,6,4,10
1991,3,1,4
1991,8,1,9
1991,5,2,7
1991,5,3,8
1991,6,3,9
1991,4,11,15
1991,5,16,21
1991,9,4,13
1991,4,3,7
1991,1,0,1
1991,9,6,15
1991,7,5,12
1991,6,4,10
1991,4,3,7
1991,6,5,11
1991,5,10,15
1991,3,2,5
1991,13,12,25
1991,9,3,12
1991,9,6,15
1991,5,2,7
1991,4,2,6
1991,3,2,5
1991,6,2,8
1991,4,1,5
1991,3,2,5
1991,5,4,9
1991,3,1,4
1991,3,2,5
1991,6,4,10
1991,4,1,5
1991,4,3,7
1991,5,2,7
1991,7,3,10
1991,4,13,17
1991,5,1,6
1991,3,2,5
1991,7,5,12
1991,3,1,4
1991,7,5,12
1991,1,0,1
1991,4,3,7
1991,7,10,17
1991,10,0,10
1991,4,0,4
1991,5,12,17
1991,8,3,11
1991,7,1,8
1991,6,3,9
1991,3,1,4
1991,7,3,10
1991,3,2,5
1991,7,4,11
1991,7,0,7
1991,7,0,7
1991,3,1,4
1991,3,2,5
1991,2,0,2
1991,4,2,6
1991,5,4,9
1991,5,2,7
1991,5,1,6
1991,1,0,1
1991,3,2,5
1991,3,10,13
1991,9,3,12
1991,3,2,5
1991,8,5,13
1991,1,0,1
1991,1,0,1
1991,4,0,4
1991,5,2,7
1991,3,2,5
1991,5,4,9
1991,3,2,5
1991,5,14,19
1991,4,3,7
1991,1,0,1
1992,2,0,2
1992,4,3,7
1992,4,2,6
1992,8,1,9
1992,4,2,6
1992,5,3,8
1992,2,0,2
1992,12,10,22
1992,4,2,6
1992,4,10,14
1992,4,2,6
1992,2,0,2
1992,3,0,3
1992,4,3,7
1992,4,3,7
1992,4,0,4
1992,9,2,11
1992,4,0,4
1992,4,3,7
1992,2,1,3
1992,9,10,19
1992,3,1,4
1992,9,5,14
1992,4,3,7
1992,3,11,14
1992,4,2,6
1992,13,1,14
1992,7,15,22
1992,4,11,15
1992,2,0,2
1992,7,6,13
1992,3,1,4
1992,6,5,11
1992,3,1,4
1992,3,2,5
1992,5,2,7
1992,7,1,8
1992,8,3,11
1992,6,3,9
1992,9,1,10
1992,7,1,8
1992,5,3,8
1992,5,4,9
1992,2,1,3
1992,7,3,10
1992,8,5,13
1992,7,1,8
1992,4,0,4
1992,6,5,11
1992,3,2,5
1992,8,3,11
1992,9,3,12
1992,4,3,7
1992,3,0,3
1992,4,1,5
1992,5,1,6
1992,7,5,12
1992,8,1,9
1992,2,1,3
1992,8,10,18
1992,9,2,11
1992,7,6,13
1992,7,4,11
1992,3,2,5
1992,1,0,1
1992,7,2,9
1992,6,2,8
1992,9,13,22
1992,4,2,6
1992,2,1,3
1992,3,0,3
1992,5,1,6
1992,5,4,9
1992,4,3,7
1992,8,2,10
1992,6,4,10
1992,6,1,7
1992,5,4,9
1992,2,1,3
1992,3,1,4
1992,8,6,14
1992,1,0,1
1992,5,4,9
1992,7,5,12
1992,8,3,11
1992,6,1,7
1992,3,2,5
1992,3,2,5
1992,3,0,3
1992,5,2,7
1992,5,4,9
1992,8,7,15
1992,6,2,8
1992,3,1,4
1992,11,1,12
1992,3,1,4
1992,8,5,13
1992,3,2,5
1992,4,0,4
1992,8,1,9
1992,6,12,18
1992,6,5,11
1992,6,0,6
1992,3,1,4
1992,8,1,9
1992,5,4,9
1992,6,10,16
1992,7,4,11
1992,4,2,6
1992,7,2,9
1992,7,2,9
1992,5,3,8
1992,3,2,5
1992,2,0,2
1992,5,4,9
1992,4,13,17
1992,1,0,1
1992,3,0,3
1992,6,1,7
1992,3,2,5
1992,7,6,13
1992,8,0,8
1992,1,0,1
1992,7,0,7
1992,3,1,4
1992,8,1,9
1992,7,5,12
1992,5,1,6
1992,2,10,12
1992,11,1,12
1992,7,4,11
1992,7,3,10
1992,6,5,11
1992,6,1,7
1992,2,1,3
1992,4,3,7
1992,4,2,6
1992,5,3,8
1992,7,3,10
1992,5,3,8
1992,8,6,14
1992,14,0,14
1992,9,2,11
1992,7,3,10
1992,5,4,9
1992,5,3,8
1992,3,2,5
1992,5,4,9
1992,4,1,5
1992,1,0,1
1992,4,2,6
1992,9,12,21
1992,6,11,17
1992,5,3,8
1992,11,0,11
1992,8,2,10
1992,4,3,7
1992,6,4,10
1992,4,12,16
1992,6,4,10
1992,8,3,11
1992,3,2,5
1992,6,0,6
1992,11,1,12
1992,3,1,4
1992,4,3,7
1992,4,10,14
1992,2,0,2
1992,4,3,7
1992,7,5,12
1992,6,2,8
1992,4,10,14
1992,4,3,7
1992,3,1,4
1992,8,7,15
1992,4,2,6
1992,3,2,5
1992,4,2,6
1992,5,2,7
1992,4,2,6
1992,2,1,3
1992,4,3,7
1992,9,5,14
1992,3,1,4
1992,2,1,3
1992,4,3,7
1992,2,0,2
1992,3,2,5
1992,4,10,14
1992,9,4,13
1992,8,1,9
1992,8,12,20
1992,7,2,9
1992,8,2,10
1992,8,1,9
1992,3,2,5
1992,6,3,9
1992,1,0,1
1992,3,2,5
1992,5,11,16
1992,8,13,21
1992,4,2,6
1992,3,1,4
1992,7,2,9
1992,3,2,5
1992,5,0,5
1992,9,1,10
1992,6,5,11
1992,5,0,5
1992,4,3,7
1992,7,6,13
1992,5,3,8
1992,4,3,7
1992,4,3,7
1992,2,0,2
1992,6,10,16
1992,1,0,1
1992,8,4,12
1992,9,2,11
1992,3,2,5
1992,5,11,16
1992,7,6,13
1992,2,1,3
1992,6,4,10
1992,3,2,5
1992,3,1,4
1992,4,2,6
1992,7,5,12
1992,5,4,9
1992,9,4,13
1992,3,1,4
1992,7,6,13
1992,8,4,12
1992,3,1,4
1992,5,4,9
1992,2,1,3
1992,5,4,9
1992,6,0,6
1992,9,0,9
1992,5,0,5
1992,5,4,9
1992,4,1,5
1992,8,7,15
1992,9,12,21
1992,2,1,3
1992,1,0,1
1992,6,3,9
1992,3,2,5
1992,3,1,4
1992,4,1,5
1992,2,1,3
1992,3,2,5
1992,5,10,15
1992,1,0,1
1992,4,0,4
1992,7,6,13
1992,2,1,3
1992,9,5,14
1992,8,0,8
1992,6,1,7
1992,4,0,4
1992,5,2,7
1992,7,3,10
1992,5,3,8
1992,5,4,9
1992,5,1,6
1992,1,0,1
1992,7,2,9
1992,2,1,3
1992,1,0,1
1992,12,1,13
1992,8,5,13
1992,6,10,16
1992,3,2,5
1992,4,3,7
1992,9,3,12
1992,9,3,12
1992,8,7,15
1992,15,1,16
1992,6,5,11
1992,8,4,12
1992,4,0,4
1992,7,5,12
1992,7,6,13
1992,4,10,14
1992,4,3,7
1992,5,3,8
1992,7,5,12
1992,3,0,3
1992,4,2,6
1992,7,6,13
1992,4,1,5
1992,3,10,13
1992,3,2,5
1992,5,3,8
1992,6,0,6
1992,5,4,9
1992,7,6,13
1992,3,0,3
1992,2,1,3
1992,7,0,7
1992,8,6,14
1992,5,2,7
1992,5,3,8
1992,7,1,8
1992,6,3,9
1992,8,4,12
1992,1,0,1
1992,4,1,5
1992,4,2,6
1992,7,1,8
1992,3,12,15
1992,8,5,13
1992,6,1,7
1992,7,0,7
1992,6,1,7
1992,6,11,17
1992,6,2,8
1992,5,1,6
1992,7,3,10
1992,5,12,17
1992,7,5,12
1992,5,3,8
1992,4,1,5
1992,2,12,14
1992,4,3,7
1992,8,6,14
1992,2,1,3
1992,5,4,9
1992,5,2,7
1992,5,1,6
1992,6,2,8
1992,5,2,7
1992,7,4,11
1992,7,5,12
1992,6,2,8
1992,3,2,5
1992,7,5,12
1992,8,4,12
1992,5,3,8
1992,3,1,4
1992,4,3,7
1992,5,2,7
1992,3,1,4
1992,4,3,7
1992,4,12,16
1992,5,4,9
1992,7,2,9
1992,5,4,9
1992,6,0,6
1992,7,6,13
1992,9,2,11
1992,4,2,6
1992,6,4,10
1992,6,2,8
1992,4,2,6
1992,8,7,15
1992,2,0,2
1992,8,7,15
1992,4,3,7
1992,4,1,5
1992,7,10,17
1992,2,1,3
1992,7,4,11
1992,6,3,9
1992,4,3,7
1992,8,6,14
1992,6,5,11
1992,6,3,9
1992,7,6,13
1992,2,1,3
1992,3,2,5
1992,5,2,7
1992,2,1,3
1992,3,1,4
1992,5,0,5
1992,5,10,15
1992,9,3,12
1992,5,2,7
1992,5,3,8
1992,5,1,6
1992,3,0,3
1992,13,0,13
1992,12,11,23
1992,5,4,9
1992,5,2,7
1992,4,1,5
1992,6,0,6
1992,6,10,16
1992,6,10,16
1992,8,3,11
1992,3,0,3
1992,5,2,7
1992,9,3,12
1992,6,4,10
1992,6,2,8
1992,6,5,11
1992,6,2,8
1992,2,1,3
1992,6,5,11
1992,4,2,6
1992,8,7,15
1992,8,3,11
1992,4,2,6
1992,4,2,6
1992,3,2,5
1992,3,0,3
1992,6,2,8
1992,6,3,9
1992,2,0,2
1992,3,1,4
1992,7,3,10
1992,7,5,12
1992,6,4,10
1992,5,1,6
1992,3,0,3
1992,11,10,21
1992,7,5,12
1992,8,3,11
1992,5,3,8
1992,1,0,1
1992,4,3,7
1992,5,1,6
1992,4,12,16
1992,7,0,7
1992,5,3,8
1992,4,2,6
1992,4,2,6
1992,4,3,7
1992,4,3,7
1992,5,4,9
1992,4,2,6
1992,3,0,3
1992,2,0,2
1992,8,0,8
1992,5,0,5
1992,7,5,12
1992,8,2,10
1992,4,1,5
1992,7,3,10
1992,3,2,5
1992,9,2,11
1992,5,3,8
1992,2,1,3
1992,7,1,8
1992,3,0,3
1992,7,2,9
1992,6,5,11
1992,8,6,14
1992,3,2,5
1992,7,2,9
1992,2,0,2
1992,5,4,9
1992,6,3,9
1992,9,10,19
1992,2,0,2
1992,7,6,13
1992,5,4,9
1992,3,1,4
1992,14,10,24
1992,5,4,9
1992,9,5,14
1992,7,5,12
1992,2,1,3
1992,6,3,9
1992,2,1,3
1992,2,11,13
1992,6,5,11
1992,4,3,7
1992,3,2,5
1992,5,1,6
1992,8,4,12
1992,3,2,5
1992,6,1,7
1992,3,2,5
1992,9,1,10
1992,3,0,3
1992,2,1,3
1992,7,2,9
1992,4,2,6
1992,3,0,3
1992,6,2,8
1992,7,2,9
1992,5,3,8
1992,7,5,12
1992,2,1,3
1992,8,7,15
1992,3,0,3
1992,5,2,7
1992,7,4,11
1992,5,4,9
1992,4,3,7
1992,8,0,8
1992,7,2,9
1992,7,1,8
1992,6,3,9
1992,4,2,6
1992,6,4,10
1992,7,2,9
1992,1,0,1
1992,4,3,7
1992,5,3,8
1992,6,5,11
1992,3,2,5
1992,2,1,3
1992,6,12,18
1992,3,1,4
1992,8,7,15
1992,7,3,10
1992,8,3,11
1992,1,0,1
1992,7,5,12
1992,5,3,8
1992,5,3,8
1992,6,2,8
1992,6,3,9
1992,6,4,10
1992,7,1,8
1992,9,10,19
1992,8,2,10
1992,2,0,2
1992,2,1,3
1992,7,6,13
1992,3,1,4
1992,7,10,17
1992,6,2,8
1992,5,1,6
1992,5,2,7
1992,6,5,11
1992,5,4,9
1992,7,6,13
1992,5,4,9
1992,10,0,10
1992,7,2,9
1992,5,4,9
1992,6,3,9
1992,4,10,14
1992,4,2,6
1992,6,4,10
1992,4,0,4
1992,8,1,9
1992,15,0,15
1992,4,2,6
1992,2,1,3
1992,8,7,15
1992,8,3,11
1992,6,4,10
1992,5,4,9
1992,6,0,6
1992,4,3,7
1992,4,3,7
1992,8,10,18
1992,13,10,23
1992,3,0,3
1992,6,10,16
1992,4,1,5
1992,7,6,13
1992,7,3,10
1992,6,5,11
1992,4,1,5
1992,3,2,5
1992,8,1,9
1992,5,4,9
1992,9,4,13
1992,1,0,1
1992,5,2,7
1992,6,3,9
1992,8,13,21
1992,5,2,7
1992,6,5,11
1992,5,4,9
1992,4,3,7
1992,6,2,8
1992,2,11,13
1992,5,1,6
1992,8,5,13
1992,1,0,1
1992,4,2,6
1992,9,3,12
1992,8,7,15
1992,7,1,8
1992,9,2,11
1992,4,3,7
1992,8,4,12
1992,2,1,3
1992,5,0,5
1992,5,1,6
1992,4,2,6
1992,2,14,16
1992,1,0,1
1992,3,2,5
1992,2,1,3
1992,5,3,8
1992,8,3,11
1992,5,17,22
1992,5,1,6
1992,5,3,8
1992,3,13,16
1992,7,3,10
1992,2,1,3
1992,3,0,3
1992,3,1,4
1992,3,2,5
1992,9,4,13
1992,5,4,9
1992,8,2,10
1992,8,1,9
1992,7,5,12
1992,6,1,7
1992,7,6,13
1992,3,2,5
1992,3,0,3
1992,5,1,6
1992,2,1,3
1992,4,3,7
1992,6,2,8
1992,6,2,8
1992,6,3,9
1992,7,6,13
1992,2,1,3
1992,4,1,5
1992,4,2,6
1992,5,3,8
1992,7,1,8
1992,10,0,10
1992,3,2,5
1992,7,6,13
1992,8,2,10
1992,6,1,7
1992,7,1,8
1992,5,3,8
1992,6,2,8
1992,5,3,8
1992,14,1,15
1992,7,10,17
1992,8,6,14
1992,7,1,8
1992,5,3,8
1992,4,2,6
1992,3,2,5
1992,2,1,3
1992,4,3,7
1992,6,0,6
1992,2,1,3
1992,5,4,9
1992,7,5,12
1992,4,3,7
1992,5,4,9
1992,1,0,1
1992,8,2,10
1992,4,1,5
1992,4,3,7
1992,5,1,6
1992,8,7,15
1992,8,3,11
1992,5,3,8
1992,3,1,4
1992,4,10,14
1992,3,11,14
1992,7,6,13
1992,6,5,11
1992,4,3,7
1992,3,10,13
1992,7,4,11
1992,6,2,8
1992,7,2,9
1992,6,12,18
1992,15,12,27
1992,1,0,1
1992,3,10,13
1992,6,4,10
1992,6,2,8
1992,7,1,8
1992,4,10,14
1992,6,2,8
1992,7,5,12
1992,5,4,9
1992,3,2,5
1992,5,4,9
1992,5,4,9
1992,4,3,7
1992,5,1,6
1992,3,1,4
1992,6,4,10
1992,4,3,7
1992,5,4,9
1992,4,3,7
1992,6,2,8
1992,7,5,12
1992,15,1,16
1992,5,1,6
1992,6,12,18
1992,6,1,7
1992,7,1,8
1992,4,0,4
1992,6,1,7
1992,4,1,5
1992,1,0,1
1992,3,10,13
1992,3,2,5
1992,6,5,11
1992,5,4,9
1992,3,0,3
1992,9,4,13
1992,3,0,3
1992,5,4,9
1992,5,2,7
1992,5,1,6
1992,9,2,11
1992,9,6,15
1992,4,2,6
1992,6,2,8
1992,6,0,6
1992,3,16,19
1992,7,0,7
1992,3,2,5
1992,4,1,5
1992,5,2,7
1992,6,4,10
1992,3,14,17
1992,4,1,5
1992,4,2,6
1992,6,1,7
1992,4,2,6
1992,3,2,5
1992,6,1,7
1992,6,5,11
1992,2,1,3
1992,5,3,8
1992,5,4,9
1992,3,2,5
1992,6,5,11
1992,2,1,3
1992,3,1,4
1992,3,2,5
1992,4,2,6
1992,7,6,13
1992,2,1,3
1992,5,2,7
1992,8,2,10
1992,3,10,13
1992,2,1,3
1992,5,1,6
1992,6,2,8
1992,4,2,6
1992,5,3,8
1992,4,0,4
1992,7,5,12
1992,4,0,4
1992,6,4,10
1992,5,0,5
1992,5,2,7
1992,4,3,7
1992,3,0,3
1992,6,0,6
1992,3,2,5
1992,5,1,6
1992,3,2,5
1992,6,5,11
1992,4,1,5
1992,8,5,13
1992,5,0,5
1992,4,2,6
1992,5,4,9
1992,4,3,7
1992,11,1,12
1992,4,1,5
1992,15,1,16
1992,4,1,5
1992,4,2,6
1992,3,2,5
1992,7,1,8
1992,8,7,15
1992,4,1,5
1992,5,3,8
1992,4,2,6
1992,5,1,6
1992,5,1,6
1992,5,1,6
1992,4,3,7
1992,7,4,11
1992,7,15,22
1992,8,7,15
1992,5,4,9
1992,6,1,7
1992,4,14,18
1992,5,2,7
1992,6,2,8
1992,2,0,2
1992,1,0,1
1992,5,2,7
1992,7,1,8
1992,7,5,12
1992,6,5,11
1992,7,1,8
1992,7,0,7
1992,4,1,5
1992,3,2,5
1992,4,1,5
1992,4,1,5
1992,9,8,17
1992,4,3,7
1992,4,1,5
1992,2,1,3
1992,5,3,8
1992,7,5,12
1992,11,0,11
1992,7,5,12
1992,5,2,7
1992,10,0,10
1992,6,5,11
1992,9,6,15
1992,4,3,7
1992,4,3,7
1992,4,3,7
1992,3,0,3
1992,6,4,10
1992,3,2,5
1992,5,0,5
1992,4,2,6
1992,5,2,7
1992,2,10,12
1992,8,2,10
1992,2,1,3
1992,6,2,8
1992,7,5,12
1992,5,4,9
1992,4,1,5
1992,3,1,4
1992,8,3,11
1992,4,3,7
1992,4,0,4
1992,5,4,9
1992,9,4,13
1992,14,10,24
1992,3,2,5
1992,7,10,17
1992,8,12,20
1992,8,3,11
1992,2,1,3
1992,4,11,15
1992,5,3,8
1992,1,0,1
1992,4,3,7
1992,5,2,7
1992,2,1,3
1992,3,2,5
1992,4,1,5
1992,2,1,3
1992,9,5,14
1992,10,0,10
1992,3,1,4
1992,1,0,1
1992,6,1,7
1992,4,1,5
1992,5,3,8
1992,6,1,7
1992,4,1,5
1992,4,3,7
1992,3,1,4
1992,4,1,5
1992,2,0,2
1992,8,2,10
1992,4,2,6
1992,6,5,11
1992,2,0,2
1992,2,0,2
1992,4,2,6
1992,5,0,5
1992,6,2,8
1992,5,2,7
1992,5,4,9
1992,1,0,1
1992,3,2,5
1992,5,4,9
1992,7,1,8
1992,5,2,7
1992,4,2,6
1992,2,0,2
1992,5,3,8
1992,8,2,10
1992,7,2,9
1992,5,2,7
1992,4,2,6
1992,7,16,23
1992,7,0,7
1992,7,1,8
1992,6,10,16
1992,7,11,18
1992,2,1,3
1992,7,1,8
1992,5,3,8
1992,5,0,5
1992,4,1,5
1992,7,12,19
1992,6,4,10
1992,8,4,12
1992,5,0,5
1992,4,3,7
1992,9,6,15
1992,5,1,6
1992,6,3,9
1992,8,4,12
1992,11,0,11
1992,8,1,9
1992,3,2,5
1992,7,2,9
1992,4,1,5
1992,3,2,5
1992,5,2,7
1992,4,3,7
1992,8,5,13
1992,1,0,1
1992,9,2,11
1992,5,1,6
1992,8,0,8
1992,4,13,17
1992,6,5,11
1992,8,4,12
1992,3,0,3
1992,7,4,11
1992,6,1,7
1992,4,2,6
1992,6,5,11
1992,6,2,8
1992,2,1,3
1992,4,3,7
1992,6,2,8
1992,10,1,11
1992,4,3,7
1992,2,0,2
1992,8,7,15
1992,5,4,9
1992,3,12,15
1992,6,4,10
1992,8,10,18
1992,5,1,6
1992,4,12,16
1992,8,7,15
1992,2,12,14
1992,5,3,8
1992,2,1,3
1992,2,1,3
1992,9,2,11
1992,9,3,12
1992,5,3,8
1992,6,5,11
1992,7,6,13
1992,8,4,12
1992,8,2,10
1992,9,0,9
1992,6,3,9
1992,2,10,12
1992,7,3,10
1992,9,2,11
1992,3,2,5
1992,5,3,8
1992,8,3,11
1992,5,1,6
1992,5,2,7
1992,9,6,15
1992,4,3,7
1992,6,5,11
1992,7,3,10
1992,5,4,9
1992,5,4,9
1992,3,1,4
1992,4,11,15
1992,3,12,15
1992,8,5,13
1992,2,0,2
1992,3,1,4
1992,5,4,9
1992,5,1,6
1992,2,1,3
1992,6,0,6
1992,7,2,9
1992,4,2,6
1992,4,3,7
1992,2,0,2
1992,16,13,29
1992,7,4,11
1992,6,4,10
1992,2,1,3
1992,6,4,10
1992,8,5,13
1992,3,2,5
1992,6,2,8
1992,7,6,13
1992,6,3,9
1992,3,1,4
1992,2,1,3
1992,1,0,1
1992,3,2,5
1992,8,3,11
1992,8,2,10
1992,9,4,13
1992,2,1,3
1992,3,2,5
1992,1,0,1
1992,3,0,3
1992,2,1,3
1992,8,1,9
1992,6,4,10
1992,11,0,11
1992,7,3,10
1992,5,1,6
1992,2,0,2
1992,6,1,7
1992,7,3,10
1992,6,4,10
1992,4,1,5
1992,9,6,15
1992,10,1,11
1992,4,2,6
1992,2,1,3
1992,8,1,9
1992,4,3,7
1992,3,2,5
1992,3,2,5
1992,5,3,8
1992,3,1,4
1992,5,2,7
1992,3,2,5
1992,1,0,1
1992,4,1,5
1992,8,6,14
1992,8,0,8
1992,4,2,6
1992,5,2,7
1992,8,5,13
1992,2,1,3
1992,9,7,16
1992,9,3,12
1992,2,1,3
1992,2,0,2
1992,2,1,3
1992,4,3,7
1992,3,1,4
1992,5,4,9
1992,6,2,8
1992,3,1,4
1992,4,3,7
1992,6,3,9
1992,6,2,8
1992,4,13,17
1992,5,4,9
1992,8,3,11
1992,4,3,7
1992,5,10,15
1992,1,0,1
1992,4,0,4
1992,4,2,6
1992,3,1,4
1992,3,0,3
1992,5,4,9
1992,8,4,12
1992,3,2,5
1992,3,2,5
1992,3,1,4
1992,3,2,5
1992,4,1,5
1992,4,0,4
1992,2,1,3
1992,5,3,8
1992,6,3,9
1992,8,7,15
1992,6,10,16
1992,4,3,7
1992,4,3,7
1992,2,1,3
1992,5,3,8
1992,5,4,9
1992,3,2,5
1992,8,4,12
1992,6,3,9
1992,1,0,1
1992,4,1,5
1992,3,2,5
1992,3,2,5
1992,1,0,1
1992,4,3,7
1992,4,3,7
1992,6,0,6
1992,4,2,6
1992,3,10,13
1992,2,0,2
1992,5,2,7
1992,5,4,9
1992,4,0,4
1992,2,1,3
1992,3,2,5
1992,7,6,13
1992,3,1,4
1992,6,5,11
1992,4,14,18
1992,4,3,7
1992,5,2,7
1992,6,5,11
1992,4,0,4
1992,4,0,4
1992,6,1,7
1992,7,6,13
1992,3,1,4
1992,3,1,4
1992,5,2,7
1992,8,7,15
1992,3,2,5
1992,6,5,11
1992,5,1,6
1992,6,5,11
1992,2,11,13
1992,3,1,4
1992,9,3,12
1992,2,1,3
1992,8,2,10
1992,4,1,5
1992,5,1,6
1992,5,3,8
1992,3,2,5
1992,3,0,3
1992,5,1,6
1992,3,1,4
1992,9,4,13
1992,3,0,3
1992,7,4,11
1992,7,6,13
1992,5,4,9
1992,3,1,4
1992,9,0,9
1992,5,1,6
1992,7,6,13
1992,8,2,10
1992,4,0,4
1992,6,3,9
1992,8,0,8
1992,3,2,5
1992,5,4,9
1992,5,1,6
1992,4,2,6
1992,3,2,5
1992,7,6,13
1992,7,4,11
1992,6,4,10
1992,4,0,4
1992,7,5,12
1992,2,1,3
1992,7,2,9
1992,5,2,7
1992,4,12,16
1992,4,3,7
1992,8,1,9
1992,5,0,5
1992,4,3,7
1992,3,2,5
1992,3,0,3
1992,1,0,1
1992,4,3,7
1992,3,11,14
1992,2,1,3
1992,8,6,14
1992,8,0,8
1992,5,3,8
1992,3,1,4
1992,3,2,5
1992,3,0,3
1992,4,1,5
1992,1,0,1
1992,3,10,13
1992,3,0,3
1992,5,2,7
1992,3,14,17
1992,4,0,4
1992,3,0,3
1992,7,0,7
1992,8,3,11
1992,6,3,9
1992,5,4,9
1992,3,2,5
1992,4,3,7
1992,7,5,12
1992,9,2,11
1992,8,4,12
1992,6,2,8
1992,6,5,11
1992,4,2,6
1992,8,4,12
1992,3,2,5
1992,5,3,8
1992,3,2,5
1992,5,2,7
1992,8,11,19
1992,5,3,8
1992,5,4,9
1992,5,1,6
1992,2,1,3
1992,9,2,11
1992,1,0,1
1992,2,1,3
1992,6,4,10
1992,9,5,14
1992,7,10,17
1992,1,0,1
1992,4,3,7
1992,8,0,8
1992,6,3,9
1992,5,2,7
1992,5,1,6
1992,5,2,7
1992,5,1,6
1992,4,3,7
1992,6,2,8
1992,9,7,16
1992,5,4,9
1992,7,5,12
1992,3,0,3
1992,7,10,17
1992,6,4,10
1992,4,1,5
1992,2,1,3
1992,4,1,5
1992,7,5,12
1992,8,5,13
1992,4,0,4
1992,3,2,5
1992,2,0,2
1992,4,2,6
1992,5,2,7
1992,1,0,1
1992,6,2,8
1992,9,3,12
1992,5,4,9
1992,3,2,5
1992,4,3,7
1992,9,2,11
1992,5,0,5
1992,5,4,9
1992,6,3,9
1992,8,3,11
1992,1,0,1
1992,3,2,5
1992,4,3,7
1992,3,0,3
1992,6,5,11
1992,8,4,12
1992,8,7,15
1992,8,2,10
1992,1,0,1
1992,8,10,18
1992,3,2,5
1992,9,0,9
1992,6,5,11
1992,3,2,5
1992,3,0,3
1992,4,1,5
1992,2,0,2
1992,6,0,6
1992,6,2,8
1992,8,2,10
1992,9,1,10
1992,5,4,9
1992,6,2,8
1992,8,2,10
1992,4,3,7
1992,2,1,3
1992,8,5,13
1992,4,15,19
1992,4,3,7
1992,1,0,1
1992,9,1,10
1992,7,2,9
1992,8,5,13
1992,7,6,13
1992,5,1,6
1992,7,5,12
1992,3,0,3
1992,3,2,5
1992,4,0,4
1992,9,1,10
1992,5,0,5
1992,2,1,3
1992,5,1,6
1992,6,4,10
1992,7,5,12
1992,2,1,3
1992,8,1,9
1992,11,1,12
1992,4,2,6
1992,8,6,14
1992,5,3,8
1992,12,10,22
1992,5,2,7
1992,8,6,14
1992,4,1,5
1992,5,3,8
1992,7,4,11
1992,6,4,10
1992,5,3,8
1992,6,5,11
1992,8,0,8
1992,6,4,10
1992,4,3,7
1992,8,6,14
1992,5,4,9
1992,6,0,6
1992,6,3,9
1992,7,3,10
1992,6,1,7
1992,4,1,5
1992,5,2,7
1992,6,5,11
1992,6,5,11
1992,5,3,8
1992,7,2,9
1992,6,3,9
1992,4,0,4
1992,5,0,5
1992,3,0,3
1992,7,4,11
1992,4,3,7
1992,6,3,9
1992,6,1,7
1992,9,6,15
1992,6,5,11
1992,4,3,7
1992,4,1,5
1992,2,0,2
1992,3,2,5
1992,4,3,7
1992,5,3,8
1992,2,13,15
1992,9,3,12
1992,8,1,9
1992,9,0,9
1992,8,5,13
1992,8,4,12
1992,7,2,9
1992,9,6,15
1992,4,2,6
1992,3,0,3
1992,6,1,7
1992,4,1,5
1992,5,3,8
1992,6,1,7
1992,3,1,4
1992,2,1,3
1992,7,4,11
1992,5,4,9
1992,5,4,9
1992,8,4,12
1992,4,1,5
1992,5,0,5
1992,1,0,1
1992,4,2,6
1992,2,1,3
1992,3,0,3
1992,8,5,13
1992,5,1,6
1992,7,6,13
1992,6,3,9
1992,7,1,8
1992,4,0,4
1992,3,2,5
1992,8,6,14
1992,6,5,11
1992,2,1,3
1992,4,1,5
1992,7,5,12
1992,6,3,9
1992,9,4,13
1992,19,11,30
1992,5,1,6
1992,4,1,5
1992,7,2,9
1992,5,2,7
1992,8,6,14
1992,4,3,7
1992,3,2,5
1992,7,1,8
1992,9,5,14
1992,9,0,9
1992,5,1,6
1992,4,0,4
1992,5,4,9
1992,9,5,14
1992,5,2,7
1992,7,6,13
1992,8,1,9
1992,5,3,8
1992,4,3,7
1992,6,2,8
1992,4,1,5
1992,5,4,9
1992,4,3,7
1992,5,3,8
1992,5,3,8
1992,5,2,7
1992,15,11,26
1992,7,6,13
1992,4,2,6
1992,3,1,4
1992,7,4,11
1992,7,5,12
1992,3,2,5
1992,2,0,2
1992,6,2,8
1992,5,4,9
1992,3,1,4
1992,9,1,10
1992,4,3,7
1992,7,2,9
1992,7,5,12
1992,8,6,14
1992,3,1,4
1992,4,2,6
1992,7,6,13
1992,5,1,6
1992,2,12,14
1992,6,0,6
1992,8,2,10
1992,4,3,7
1992,4,3,7
1992,8,6,14
1992,4,0,4
1992,3,1,4
1992,4,2,6
1992,5,3,8
1992,6,1,7
1992,7,5,12
1992,7,3,10
1992,2,1,3
1992,3,10,13
1992,3,2,5
1992,8,12,20
1992,6,2,8
1992,7,1,8
1992,9,2,11
1992,4,2,6
1992,6,0,6
1992,5,2,7
1992,6,2,8
1992,4,3,7
1992,6,5,11
1992,7,5,12
1992,5,3,8
1992,4,1,5
1992,11,0,11
1992,8,5,13
1992,5,10,15
1992,7,5,12
1992,4,2,6
1992,5,3,8
1992,3,1,4
1992,4,1,5
1992,8,4,12
1992,8,4,12
1992,1,0,1
1992,3,2,5
1992,8,4,12
1992,3,1,4
1992,5,1,6
1992,3,2,5
1992,2,0,2
1992,6,10,16
1992,7,6,13
1992,9,6,15
1992,6,3,9
1992,3,0,3
1992,2,1,3
1992,3,1,4
1992,3,2,5
1992,8,5,13
1992,10,0,10
1992,5,3,8
1992,7,6,13
1992,2,1,3
1992,3,2,5
1992,6,3,9
1992,5,4,9
1992,4,11,15
1992,4,3,7
1992,4,3,7
1992,4,3,7
1992,4,2,6
1992,6,1,7
1992,4,1,5
1992,4,2,6
1992,6,2,8
1992,4,2,6
1992,5,1,6
1992,9,5,14
1992,3,1,4
1992,3,2,5
1992,8,7,15
1992,1,0,1
1992,4,1,5
1992,6,2,8
1992,2,1,3
1992,15,0,15
1992,9,6,15
1992,9,6,15
1992,4,2,6
1992,5,0,5
1992,5,4,9
1992,5,4,9
1992,2,1,3
1992,3,1,4
1992,6,4,10
1992,4,3,7
1992,9,5,14
1992,7,5,12
1992,3,2,5
1992,3,10,13
1992,4,2,6
1992,1,0,1
1992,2,12,14
1992,4,2,6
1992,6,2,8
1992,2,15,17
1992,2,1,3
1992,1,0,1
1992,5,2,7
1992,5,4,9
1992,4,2,6
1992,8,7,15
1992,6,0,6
1992,4,3,7
1992,6,5,11
1992,2,0,2
1992,5,4,9
1992,8,3,11
1992,8,0,8
1992,3,0,3
1992,8,1,9
1992,5,1,6
1992,4,0,4
1992,12,1,13
1992,5,1,6
1992,7,3,10
1992,6,0,6
1992,6,1,7
1992,5,1,6
1992,4,1,5
1992,7,6,13
1992,8,10,18
1992,3,2,5
1992,3,2,5
1992,5,1,6
1992,7,2,9
1992,2,1,3
1992,5,10,15
1992,4,2,6
1992,3,14,17
1992,9,3,12
1992,3,2,5
1992,9,1,10
1992,12,1,13
1992,2,1,3
1992,2,0,2
1992,6,1,7
1992,2,1,3
1992,4,11,15
1992,3,16,19
1992,3,2,5
1992,8,6,14
1992,7,1,8
1992,6,5,11
1992,3,1,4
1992,5,2,7
1992,4,2,6
1992,5,2,7
1992,4,3,7
1992,8,6,14
1992,3,2,5
1992,3,2,5
1992,5,1,6
1992,6,3,9
1992,9,5,14
1992,6,1,7
1992,6,5,11
1992,3,2,5
1992,5,3,8
1992,8,10,18
1992,3,2,5
1992,6,1,7
1992,5,4,9
1992,5,1,6
1992,4,2,6
1992,3,1,4
1992,3,0,3
1992,9,14,23
1992,4,2,6
1992,9,2,11
1992,8,3,11
1992,7,3,10
1992,9,3,12
1992,3,1,4
1992,4,14,18
1992,4,2,6
1992,3,2,5
1992,2,0,2
1992,1,0,1
1992,7,3,10
1992,3,1,4
1992,4,3,7
1992,5,2,7
1992,5,2,7
1992,9,3,12
1992,8,4,12
1992,8,5,13
1992,5,4,9
1992,6,2,8
1992,9,8,17
1992,6,3,9
1992,4,1,5
1992,6,0,6
1992,9,1,10
1992,5,4,9
1992,6,3,9
1992,7,1,8
1992,5,3,8
1992,3,10,13
1992,4,3,7
1992,5,1,6
1992,7,4,11
1992,6,0,6
1992,2,1,3
1992,6,2,8
1992,5,4,9
1992,6,4,10
1992,2,1,3
1992,9,0,9
1992,4,3,7
1992,6,5,11
1992,2,0,2
1992,1,0,1
1992,4,3,7
1992,3,0,3
1992,6,3,9
1992,5,3,8
1992,3,1,4
1992,5,1,6
1992,5,0,5
1992,6,2,8
1992,7,2,9
1992,5,4,9
1992,7,1,8
1992,3,2,5
1992,4,2,6
1992,8,1,9
1992,4,3,7
1992,4,3,7
1992,12,1,13
1992,7,6,13
1992,7,3,10
1992,6,11,17
1992,6,4,10
1992,1,0,1
1992,4,1,5
1992,22,2,24
1992,7,2,9
1992,7,2,9
1992,12,1,13
1992,8,2,10
1992,6,3,9
1992,6,5,11
1992,4,1,5
1992,7,6,13
1992,3,2,5
1992,4,0,4
1992,3,2,5
1992,6,4,10
1992,7,2,9
1992,4,2,6
1992,3,1,4
1992,9,4,13
1992,4,0,4
1992,5,3,8
1992,4,3,7
1992,7,5,12
1992,2,10,12
1992,6,3,9
1992,2,0,2
1992,3,0,3
1992,4,10,14
1992,5,3,8
1992,4,3,7
1992,2,0,2
1992,8,4,12
1992,5,3,8
1992,9,2,11
1992,5,2,7
1992,4,1,5
1992,8,6,14
1992,7,5,12
1992,4,0,4
1992,2,15,17
1992,6,2,8
1992,9,2,11
1992,7,6,13
1992,5,4,9
1992,5,2,7
1992,5,4,9
1992,5,3,8
1992,8,3,11
1992,7,1,8
1992,4,1,5
1992,5,1,6
1992,5,3,8
1992,4,3,7
1992,2,0,2
1992,9,3,12
1992,3,2,5
1992,5,1,6
1992,7,3,10
1992,4,2,6
1992,3,2,5
1992,6,2,8
1992,7,0,7
1992,6,5,11
1992,2,1,3
1992,3,2,5
1992,5,3,8
1992,5,4,9
1992,3,2,5
1992,2,11,13
1992,4,3,7
1992,7,3,10
1992,9,3,12
1992,2,1,3
1992,8,7,15
1992,7,5,12
1992,5,2,7
1992,7,0,7
1992,6,3,9
1992,8,0,8
1992,5,2,7
1992,6,3,9
1992,8,3,11
1992,6,5,11
1992,4,3,7
1992,5,16,21
1992,6,5,11
1992,4,1,5
1992,5,3,8
1992,6,5,11
1992,5,4,9
1992,3,10,13
1992,6,12,18
1992,5,2,7
1992,7,3,10
1992,7,3,10
1992,6,1,7
1992,4,0,4
1992,7,3,10
1992,4,3,7
1992,5,2,7
1992,3,1,4
1992,6,1,7
1992,9,12,21
1992,6,2,8
1992,3,2,5
1992,3,1,4
1992,7,0,7
1992,2,1,3
1992,7,5,12
1992,5,3,8
1992,4,2,6
1992,7,1,8
1992,6,2,8
1992,3,2,5
1992,10,0,10
1992,5,4,9
1992,2,0,2
1992,4,2,6
1992,8,7,15
1992,6,3,9
1992,6,5,11
1992,7,5,12
1992,3,0,3
1992,7,5,12
1992,4,16,20
1992,2,14,16
1992,4,3,7
1992,4,3,7
1992,2,0,2
1992,5,0,5
1992,7,3,10
1992,8,4,12
1992,6,1,7
1992,2,1,3
1992,5,2,7
1992,6,5,11
1992,6,1,7
1992,7,12,19
1992,5,2,7
1992,3,0,3
1992,6,4,10
1992,1,0,1
1992,4,1,5
1992,5,4,9
1992,6,2,8
1992,3,10,13
1992,2,1,3
1992,8,13,21
1992,6,4,10
1992,3,2,5
1992,3,2,5
1992,8,0,8
1992,3,1,4
1992,6,4,10
1992,5,2,7
1992,3,2,5
1992,7,6,13
1992,5,1,6
1992,7,0,7
1992,7,3,10
1992,8,0,8
1992,4,3,7
1992,2,1,3
1992,4,3,7
1992,5,2,7
1992,4,1,5
1992,8,2,10
1992,7,5,12
1992,4,3,7
1992,5,0,5
1992,9,5,14
1992,5,3,8
1992,9,3,12
1992,7,0,7
1992,7,2,9
1992,4,1,5
1992,9,11,20
1992,5,4,9
1992,9,7,16
1992,7,4,11
1992,3,11,14
1992,4,2,6
1992,3,1,4
1992,7,2,9
1992,2,1,3
1992,9,2,11
1992,7,3,10
1992,6,2,8
1992,7,5,12
1992,3,0,3
1992,3,1,4
1992,6,3,9
1992,3,1,4
1992,3,10,13
1992,7,2,9
1992,2,1,3
1992,6,0,6
1992,8,10,18
1992,5,0,5
1992,8,6,14
1992,3,2,5
1992,6,2,8
1992,5,4,9
1992,5,4,9
1992,2,1,3
1992,2,1,3
1992,7,2,9
1992,4,2,6
1992,4,2,6
1992,6,5,11
1992,9,6,15
1992,4,2,6
1992,2,1,3
1992,3,0,3
1992,6,3,9
1992,9,0,9
1992,4,2,6
1992,5,4,9
1992,3,0,3
1992,2,1,3
1992,9,14,23
1992,3,2,5
1992,4,1,5
1992,3,1,4
1992,9,6,15
1992,4,10,14
1992,4,2,6
1992,6,3,9
1992,3,1,4
1992,2,1,3
1992,6,3,9
1992,4,10,14
1992,2,1,3
1992,3,0,3
1992,3,2,5
1992,3,2,5
1992,3,2,5
1992,7,5,12
1992,3,13,16
1992,4,1,5
1992,9,7,16
1992,4,2,6
1992,8,7,15
1992,3,10,13
1992,3,2,5
1992,4,12,16
1992,4,10,14
1992,5,2,7
1992,7,4,11
1992,4,11,15
1992,13,0,13
1992,3,2,5
1992,5,1,6
1992,6,5,11
1992,11,10,21
1992,5,2,7
1992,5,4,9
1992,3,2,5
1992,7,4,11
1992,4,1,5
1992,7,5,12
1992,3,0,3
1992,6,4,10
1992,3,0,3
1992,1,0,1
1992,16,1,17
1992,7,5,12
1992,4,16,20
1992,6,1,7
1992,8,10,18
1992,5,4,9
1992,4,10,14
1992,9,3,12
1992,1,0,1
1992,3,2,5
1992,4,2,6
1992,3,2,5
1992,7,5,12
1992,6,5,11
1992,6,5,11
1992,3,0,3
1992,4,2,6
1992,4,1,5
1992,9,2,11
1992,10,1,11
1992,3,0,3
1992,7,1,8
1992,4,3,7
1992,4,2,6
1992,8,3,11
1992,6,3,9
1992,4,3,7
1992,3,0,3
1992,4,1,5
1992,3,2,5
1992,5,2,7
1992,6,5,11
1992,7,4,11
1992,8,7,15
1992,5,4,9
1992,2,1,3
1992,1,0,1
1992,4,1,5
1992,7,3,10
1992,6,17,23
1992,6,1,7
1992,3,0,3
1992,3,0,3
1992,5,1,6
1992,8,10,18
1992,9,3,12
1992,7,6,13
1992,7,0,7
1992,3,2,5
1992,5,3,8
1992,8,2,10
1992,6,4,10
1992,4,1,5
1992,2,0,2
1992,8,4,12
1992,4,0,4
1992,9,3,12
1992,10,1,11
1992,3,2,5
1992,7,1,8
1992,4,0,4
1992,4,3,7
1992,6,5,11
1992,6,5,11
1992,4,3,7
1992,4,1,5
1992,4,3,7
1992,4,3,7
1992,3,1,4
1992,3,2,5
1992,1,0,1
1992,4,2,6
1992,4,3,7
1992,7,3,10
1992,2,0,2
1992,1,0,1
1992,7,4,11
1992,5,4,9
1992,2,1,3
1992,9,2,11
1992,12,0,12
1992,2,1,3
1992,3,1,4
1992,10,0,10
1992,2,19,21
1992,2,1,3
1992,8,3,11
1992,8,4,12
1992,6,1,7
1992,3,2,5
1992,3,13,16
1992,4,2,6
1992,5,3,8
1992,4,0,4
1992,1,0,1
1992,2,12,14
1992,8,1,9
1992,6,5,11
1992,4,2,6
1992,2,1,3
1992,3,2,5
1992,3,2,5
1992,7,3,10
1992,6,5,11
1992,3,10,13
1992,6,4,10
1992,9,4,13
1992,7,6,13
1992,7,6,13
1992,4,1,5
1992,6,0,6
1992,2,0,2
1992,3,0,3
1992,5,0,5
1992,4,3,7
1992,7,2,9
1992,6,5,11
1992,5,4,9
1992,5,3,8
1992,5,0,5
1992,7,4,11
1992,2,1,3
1992,5,2,7
1992,1,0,1
1992,4,0,4
1992,6,0,6
1992,3,1,4
1992,4,2,6
1992,4,2,6
1992,5,4,9
1992,4,3,7
1992,6,2,8
1992,7,3,10
1992,7,4,11
1992,3,2,5
1992,1,0,1
1992,6,5,11
1992,5,2,7
1992,4,2,6
1992,3,2,5
1992,3,2,5
1992,9,6,15
1992,4,3,7
1992,7,2,9
1992,4,1,5
1992,7,2,9
1992,6,3,9
1992,6,3,9
1992,3,1,4
1992,4,1,5
1992,8,5,13
1992,6,1,7
1992,5,1,6
1992,6,3,9
1992,3,2,5
1992,2,0,2
1992,2,1,3
1992,8,7,15
1992,1,0,1
1992,7,5,12
1992,4,2,6
1992,3,1,4
1992,6,1,7
1992,7,1,8
1992,3,2,5
1992,7,6,13
1992,2,1,3
1992,3,10,13
1992,7,2,9
1992,3,2,5
1992,3,1,4
1992,4,3,7
1992,8,2,10
1992,9,5,14
1992,3,2,5
1992,6,2,8
1992,4,3,7
1992,3,0,3
1992,6,0,6
1992,2,0,2
1992,7,1,8
1992,4,3,7
1992,6,3,9
1992,7,4,11
1992,5,1,6
1992,5,13,18
1992,4,3,7
1992,3,1,4
1992,3,2,5
1992,7,5,12
1992,6,4,10
1992,7,6,13
1992,7,1,8
1992,6,2,8
1992,4,13,17
1992,3,2,5
1992,9,2,11
1992,3,1,4
1992,5,4,9
1992,3,2,5
1992,2,1,3
1992,7,2,9
1992,4,3,7
1993,7,4,11
1993,1,0,1
1993,2,1,3
1993,9,1,10
1993,6,3,9
1993,3,1,4
1993,3,1,4
1993,3,0,3
1993,9,4,13
1993,3,1,4
1993,1,0,1
1993,4,2,6
1993,5,3,8
1993,5,10,15
1993,9,4,13
1993,8,1,9
1993,2,1,3
1993,3,1,4
1993,3,2,5
1993,5,4,9
1993,5,1,6
1993,4,2,6
1993,4,2,6
1993,6,3,9
1993,3,2,5
1993,6,1,7
1993,6,1,7
1993,7,12,19
1993,2,0,2
1993,6,2,8
1993,6,1,7
1993,14,11,25
1993,5,15,20
1993,9,4,13
1993,9,4,13
1993,3,2,5
1993,5,4,9
1993,2,1,3
1993,2,0,2
1993,7,5,12
1993,6,11,17
1993,4,11,15
1993,2,1,3
1993,8,7,15
1993,7,3,10
1993,6,5,11
1993,7,11,18
1993,6,5,11
1993,6,0,6
1993,8,2,10
1993,3,1,4
1993,13,10,23
1993,2,1,3
1993,5,2,7
1993,12,0,12
1993,9,5,14
1993,2,1,3
1993,3,2,5
1993,6,3,9
1993,4,3,7
1993,5,4,9
1993,5,12,17
1993,5,3,8
1993,2,1,3
1993,2,10,12
1993,5,4,9
1993,3,0,3
1993,7,6,13
1993,6,4,10
1993,9,19,28
1993,6,2,8
1993,2,1,3
1993,5,4,9
1993,8,2,10
1993,3,0,3
1993,4,3,7
1993,7,6,13
1993,4,3,7
1993,4,1,5
1993,6,10,16
1993,5,1,6
1993,3,2,5
1993,5,12,17
1993,4,1,5
1993,5,4,9
1993,4,2,6
1993,4,3,7
1993,6,3,9
1993,3,2,5
1993,6,2,8
1993,4,0,4
1993,8,4,12
1993,4,20,24
1993,9,7,16
1993,9,6,15
1993,4,1,5
1993,6,4,10
1993,3,1,4
1993,8,3,11
1993,6,5,11
1993,6,0,6
1993,7,12,19
1993,6,3,9
1993,2,1,3
1993,2,12,14
1993,9,5,14
1993,6,5,11
1993,9,2,11
1993,7,11,18
1993,6,4,10
1993,6,5,11
1993,9,10,19
1993,4,3,7
1993,5,3,8
1993,3,2,5
1993,4,2,6
1993,2,1,3
1993,5,4,9
1993,5,4,9
1993,6,1,7
1993,3,1,4
1993,4,1,5
1993,9,4,13
1993,3,1,4
1993,3,1,4
1993,13,1,14
1993,5,0,5
1993,9,3,12
1993,7,4,11
1993,4,3,7
1993,3,2,5
1993,5,3,8
1993,5,1,6
1993,1,0,1
1993,7,5,12
1993,5,1,6
1993,6,3,9
1993,4,1,5
1993,8,1,9
1993,3,20,23
1993,9,4,13
1993,6,3,9
1993,6,3,9
1993,8,2,10
1993,9,1,10
1993,9,0,9
1993,2,1,3
1993,2,0,2
1993,4,3,7
1993,4,0,4
1993,11,10,21
1993,3,2,5
1993,6,5,11
1993,8,7,15
1993,3,0,3
1993,6,4,10
1993,8,0,8
1993,5,4,9
1993,4,2,6
1993,2,12,14
1993,6,10,16
1993,13,12,25
1993,6,0,6
1993,7,1,8
1993,6,10,16
1993,2,1,3
1993,7,2,9
1993,2,1,3
1993,3,1,4
1993,5,4,9
1993,8,2,10
1993,10,0,10
1993,7,3,10
1993,4,1,5
1993,9,7,16
1993,4,3,7
1993,5,0,5
1993,5,2,7
1993,5,0,5
1993,7,6,13
1993,2,0,2
1993,5,4,9
1993,7,4,11
1993,6,5,11
1993,8,10,18
1993,6,4,10
1993,10,0,10
1993,5,3,8
1993,8,7,15
1993,5,0,5
1993,2,11,13
1993,3,2,5
1993,8,0,8
1993,4,3,7
1993,6,3,9
1993,5,4,9
1993,3,1,4
1993,4,13,17
1993,5,1,6
1993,2,1,3
1993,5,4,9
1993,7,0,7
1993,5,2,7
1993,4,1,5
1993,7,4,11
1993,5,4,9
1993,7,6,13
1993,3,0,3
1993,4,12,16
1993,7,2,9
1993,6,1,7
1993,2,0,2
1993,4,2,6
1993,6,3,9
1993,3,1,4
1993,5,4,9
1993,8,5,13
1993,5,15,20
1993,2,1,3
1993,6,5,11
1993,4,15,19
1993,17,1,18
1993,6,1,7
1993,5,3,8
1993,3,10,13
1993,7,3,10
1993,8,4,12
1993,1,0,1
1993,11,0,11
1993,4,10,14
1993,2,1,3
1993,2,1,3
1993,11,1,12
1993,3,2,5
1993,6,1,7
1993,5,16,21
1993,4,1,5
1993,9,8,17
1993,6,0,6
1993,5,2,7
1993,7,2,9
1993,9,10,19
1993,7,3,10
1993,1,0,1
1993,4,3,7
1993,7,0,7
1993,3,0,3
1993,6,3,9
1993,3,2,5
1993,5,3,8
1993,3,10,13
1993,9,8,17
1993,6,4,10
1993,6,3,9
1993,8,6,14
1993,6,2,8
1993,5,0,5
1993,9,4,13
1993,4,3,7
1993,2,11,13
1993,9,2,11
1993,4,3,7
1993,3,2,5
1993,4,1,5
1993,7,2,9
1993,6,3,9
1993,4,1,5
1993,4,0,4
1993,4,3,7
1993,3,1,4
1993,8,4,12
1993,3,2,5
1993,2,11,13
1993,4,2,6
1993,7,6,13
1993,6,1,7
1993,6,1,7
1993,3,1,4
1993,5,3,8
1993,4,0,4
1993,4,3,7
1993,6,5,11
1993,5,3,8
1993,6,5,11
1993,11,0,11
1993,7,4,11
1993,5,2,7
1993,5,4,9
1993,7,3,10
1993,5,3,8
1993,5,10,15
1993,3,1,4
1993,8,0,8
1993,3,2,5
1993,5,12,17
1993,6,1,7
1993,2,10,12
1993,7,3,10
1993,8,2,10
1993,8,0,8
1993,6,2,8
1993,2,11,13
1993,7,6,13
1993,3,0,3
1993,7,6,13
1993,5,2,7
1993,5,4,9
1993,3,10,13
1993,5,4,9
1993,3,1,4
1993,8,2,10
1993,9,4,13
1993,1,0,1
1993,5,2,7
1993,7,6,13
1993,7,3,10
1993,5,1,6
1993,6,2,8
1993,5,3,8
1993,7,3,10
1993,4,3,7
1993,4,3,7
1993,4,3,7
1993,4,3,7
1993,6,1,7
1993,4,3,7
1993,2,10,12
1993,6,3,9
1993,2,1,3
1993,6,2,8
1993,9,1,10
1993,3,2,5
1993,3,2,5
1993,4,3,7
1993,2,13,15
1993,2,0,2
1993,5,4,9
1993,4,2,6
1993,9,2,11
1993,7,6,13
1993,14,13,27
1993,5,3,8
1993,5,3,8
1993,9,6,15
1993,8,4,12
1993,6,1,7
1993,4,3,7
1993,6,1,7
1993,4,2,6
1993,3,2,5
1993,4,3,7
1993,6,1,7
1993,3,2,5
1993,3,1,4
1993,3,2,5
1993,3,2,5
1993,4,3,7
1993,6,2,8
1993,6,5,11
1993,3,1,4
1993,3,0,3
1993,6,5,11
1993,6,2,8
1993,4,1,5
1993,2,11,13
1993,6,3,9
1993,7,1,8
1993,6,3,9
1993,9,5,14
1993,3,13,16
1993,5,4,9
1993,3,1,4
1993,8,10,18
1993,4,3,7
1993,6,5,11
1993,2,1,3
1993,5,13,18
1993,7,6,13
1993,7,5,12
1993,9,4,13
1993,1,0,1
1993,4,0,4
1993,4,3,7
1993,1,0,1
1993,5,4,9
1993,8,5,13
1993,3,2,5
1993,6,2,8
1993,7,10,17
1993,8,6,14
1993,8,7,15
1993,8,10,18
1993,12,1,13
1993,6,3,9
1993,4,2,6
1993,2,1,3
1993,9,10,19
1993,7,2,9
1993,5,2,7
1993,6,3,9
1993,7,6,13
1993,6,5,11
1993,5,4,9
1993,7,12,19
1993,2,11,13
1993,6,3,9
1993,2,1,3
1993,6,0,6
1993,6,4,10
1993,6,5,11
1993,6,5,11
1993,6,4,10
1993,6,4,10
1993,4,3,7
1993,2,1,3
1993,3,13,16
1993,6,2,8
1993,6,5,11
1993,7,4,11
1993,2,1,3
1993,5,2,7
1993,1,0,1
1993,7,4,11
1993,5,1,6
1993,2,13,15
1993,4,0,4
1993,5,3,8
1993,2,1,3
1993,4,2,6
1993,7,6,13
1993,5,3,8
1993,5,4,9
1993,6,4,10
1993,5,1,6
1993,6,0,6
1993,8,4,12
1993,4,3,7
1993,7,4,11
1993,7,12,19
1993,2,0,2
1993,5,2,7
1993,9,3,12
1993,3,2,5
1993,6,2,8
1993,8,2,10
1993,5,2,7
1993,7,10,17
1993,4,1,5
1993,8,7,15
1993,4,1,5
1993,6,5,11
1993,6,5,11
1993,8,13,21
1993,7,1,8
1993,7,3,10
1993,8,13,21
1993,5,4,9
1993,4,2,6
1993,9,5,14
1993,4,0,4
1993,6,5,11
1993,7,10,17
1993,2,1,3
1993,3,2,5
1993,5,13,18
1993,4,3,7
1993,9,1,10
1993,5,2,7
1993,4,3,7
1993,8,7,15
1993,8,6,14
1993,2,1,3
1993,3,1,4
1993,7,2,9
1993,4,0,4
1993,5,3,8
1993,5,3,8
1993,5,14,19
1993,5,3,8
1993,5,3,8
1993,7,1,8
1993,9,5,14
1993,7,4,11
1993,2,1,3
1993,4,3,7
1993,2,1,3
1993,3,0,3
1993,8,0,8
1993,6,4,10
1993,5,4,9
1993,4,2,6
1993,5,3,8
1993,2,14,16
1993,3,2,5
1993,3,2,5
1993,5,3,8
1993,5,11,16
1993,4,3,7
1993,6,12,18
1993,7,0,7
1993,9,4,13
1993,1,0,1
1993,8,15,23
1993,5,2,7
1993,2,0,2
1993,9,3,12
1993,4,11,15
1993,3,10,13
1993,5,4,9
1993,5,11,16
1993,9,4,13
1993,4,0,4
1993,8,7,15
1993,9,16,25
1993,1,0,1
1993,7,0,7
1993,7,4,11
1993,6,0,6
1993,6,1,7
1993,9,1,10
1993,5,1,6
1993,5,3,8
1993,8,10,18
1993,2,1,3
1993,7,2,9
1993,4,1,5
1993,3,2,5
1993,1,0,1
1993,6,3,9
1993,5,10,15
1993,2,0,2
1993,5,3,8
1993,8,13,21
1993,5,2,7
1993,8,6,14
1993,6,11,17
1993,6,4,10
1993,7,3,10
1993,6,3,9
1993,5,3,8
1993,4,3,7
1993,3,1,4
1993,4,3,7
1993,4,1,5
1993,6,2,8
1993,9,3,12
1993,5,4,9
1993,6,1,7
1993,6,3,9
1993,7,4,11
1993,9,3,12
1993,7,2,9
1993,12,11,23
1993,5,10,15
1993,5,3,8
1993,2,1,3
1993,8,0,8
1993,4,2,6
1993,6,2,8
1993,8,10,18
1993,3,2,5
1993,3,0,3
1993,6,4,10
1993,2,11,13
1993,5,4,9
1993,7,3,10
1993,6,4,10
1993,5,1,6
1993,2,1,3
1993,4,1,5
1993,4,3,7
1993,6,1,7
1993,6,5,11
1993,4,2,6
1993,9,4,13
1993,6,2,8
1993,4,2,6
1993,7,0,7
1993,9,1,10
1993,5,2,7
1993,5,4,9
1993,4,2,6
1993,4,2,6
1993,7,10,17
1993,4,0,4
1993,2,1,3
1993,7,14,21
1993,4,3,7
1993,9,7,16
1993,3,2,5
1993,6,2,8
1993,2,1,3
1993,4,1,5
1993,6,5,11
1993,5,4,9
1993,4,1,5
1993,8,6,14
1993,6,3,9
1993,4,3,7
1993,4,1,5
1993,3,2,5
1993,5,4,9
1993,5,0,5
1993,5,1,6
1993,4,1,5
1993,7,5,12
1993,9,10,19
1993,4,2,6
1993,1,0,1
1993,3,1,4
1993,4,2,6
1993,2,0,2
1993,6,3,9
1993,4,2,6
1993,4,3,7
1993,4,2,6
1993,4,0,4
1993,7,6,13
1993,4,2,6
1993,3,2,5
1993,8,3,11
1993,6,0,6
1993,6,2,8
1993,12,11,23
1993,5,4,9
1993,5,4,9
1993,2,0,2
1993,8,1,9
1993,6,4,10
1993,5,4,9
1993,5,4,9
1993,8,0,8
1993,4,3,7
1993,8,13,21
1993,5,0,5
1993,9,3,12
1993,7,4,11
1993,4,1,5
1993,8,4,12
1993,2,2,4
1993,9,15,24
1993,5,4,9
1993,5,1,6
1993,7,6,13
1993,4,0,4
1993,5,2,7
1993,3,2,5
1993,7,2,9
1993,4,3,7
1993,3,2,5
1993,6,3,9
1993,15,1,16
1993,6,3,9
1993,5,4,9
1993,6,0,6
1993,4,2,6
1993,6,5,11
1993,9,3,12
1993,8,2,10
1993,4,3,7
1993,5,3,8
1993,6,1,7
1993,3,2,5
1993,7,4,11
1993,4,3,7
1993,6,5,11
1993,7,5,12
1993,5,2,7
1993,18,1,19
1993,2,1,3
1993,8,2,10
1993,8,2,10
1993,6,3,9
1993,8,4,12
1993,13,11,24
1993,5,3,8
1993,9,5,14
1993,4,10,14
1993,2,1,3
1993,5,3,8
1993,5,10,15
1993,9,5,14
1993,6,4,10
1993,6,2,8
1993,2,1,3
1993,1,0,1
1993,8,2,10
1993,3,1,4
1993,5,1,6
1993,2,1,3
1993,4,3,7
1993,8,0,8
1993,8,3,11
1993,6,3,9
1993,8,6,14
1993,4,2,6
1993,7,3,10
1993,4,3,7
1993,2,1,3
1993,7,5,12
1993,6,15,21
1993,4,1,5
1993,10,0,10
1993,6,11,17
1993,5,2,7
1993,7,2,9
1993,7,6,13
1993,3,11,14
1993,5,2,7
1993,5,3,8
1993,10,1,11
1993,3,2,5
1993,5,4,9
1993,6,3,9
1993,8,5,13
1993,5,2,7
1993,6,3,9
1993,5,4,9
1993,4,12,16
1993,9,2,11
1993,5,3,8
1993,6,5,11
1993,7,1,8
1993,2,1,3
1993,6,5,11
1993,1,0,1
1993,3,2,5
1993,6,3,9
1993,7,2,9
1993,3,2,5
1993,5,4,9
1993,3,1,4
1993,2,1,3
1993,6,2,8
1993,3,2,5
1993,5,3,8
1993,4,3,7
1993,5,3,8
1993,3,11,14
1993,6,2,8
1993,7,6,13
1993,5,1,6
1993,7,5,12
1993,8,2,10
1993,5,1,6
1993,6,3,9
1993,6,2,8
1993,3,1,4
1993,3,2,5
1993,9,6,15
1993,9,5,14
1993,5,2,7
1993,4,3,7
1993,5,1,6
1993,5,4,9
1993,4,11,15
1993,5,4,9
1993,8,7,15
1993,2,0,2
1993,4,1,5
1993,7,11,18
1993,9,2,11
1993,7,1,8
1993,4,3,7
1993,3,10,13
1993,3,2,5
1993,7,3,10
1993,8,3,11
1993,5,3,8
1993,5,3,8
1993,3,12,15
1993,7,2,9
1993,7,5,12
1993,4,0,4
1993,8,2,10
1993,4,2,6
1993,6,4,10
1993,6,4,10
1993,5,4,9
1993,9,4,13
1993,2,1,3
1993,2,1,3
1993,4,2,6
1993,5,1,6
1993,6,3,9
1993,4,1,5
1993,5,4,9
1993,4,3,7
1993,3,2,5
1993,6,14,20
1993,7,4,11
1993,7,4,11
1993,3,2,5
1993,3,10,13
1993,6,1,7
1993,3,2,5
1993,8,3,11
1993,8,0,8
1993,4,1,5
1993,3,1,4
1993,6,4,10
1993,3,1,4
1993,2,1,3
1993,5,3,8
1993,4,3,7
1993,3,1,4
1993,7,6,13
1993,2,14,16
1993,7,4,11
1993,6,5,11
1993,6,5,11
1993,4,16,20
1993,8,2,10
1993,5,4,9
1993,6,1,7
1993,3,11,14
1993,6,1,7
1993,5,4,9
1993,8,11,19
1993,5,2,7
1993,5,4,9
1993,7,2,9
1993,1,0,1
1993,8,3,11
1993,7,2,9
1993,5,1,6
1993,2,0,2
1993,14,11,25
1993,12,1,13
1993,5,2,7
1993,2,1,3
1993,9,1,10
1993,7,2,9
1993,3,0,3
1993,6,4,10
1993,5,4,9
1993,3,13,16
1993,9,10,19
1993,9,2,11
1993,4,2,6
1993,7,12,19
1993,9,1,10
1993,4,13,17
1993,5,2,7
1993,5,4,9
1993,9,5,14
1993,7,6,13
1993,5,3,8
1993,2,1,3
1993,5,3,8
1993,3,1,4
1993,5,1,6
1993,7,4,11
1993,8,2,10
1993,6,3,9
1993,9,4,13
1993,7,3,10
1993,8,5,13
1993,4,3,7
1993,3,10,13
1993,4,0,4
1993,7,3,10
1993,6,3,9
1993,8,3,11
1993,2,1,3
1993,6,5,11
1993,3,0,3
1993,5,10,15
1993,4,12,16
1993,4,10,14
1993,3,0,3
1993,4,2,6
1993,6,3,9
1993,8,4,12
1993,9,7,16
1993,4,0,4
1993,6,1,7
1993,6,3,9
1993,5,2,7
1993,5,2,7
1993,6,4,10
1993,6,5,11
1993,7,6,13
1993,8,2,10
1993,5,4,9
1993,7,2,9
1993,4,0,4
1993,4,3,7
1993,7,1,8
1993,4,0,4
1993,5,1,6
1993,3,2,5
1993,2,18,20
1993,11,10,21
1993,5,1,6
1993,9,5,14
1993,4,1,5
1993,6,5,11
1993,5,2,7
1993,4,1,5
1993,6,2,8
1993,7,0,7
1993,9,8,17
1993,8,3,11
1993,4,3,7
1993,4,1,5
1993,11,1,12
1993,6,3,9
1993,5,0,5
1993,2,1,3
1993,5,0,5
1993,9,10,19
1993,7,3,10
1993,5,2,7
1993,3,2,5
1993,2,11,13
1993,5,4,9
1993,6,4,10
1993,8,4,12
1993,3,0,3
1993,3,17,20
1993,7,10,17
1993,3,10,13
1993,4,3,7
1993,8,4,12
1993,3,0,3
1993,5,2,7
1993,8,3,11
1993,6,5,11
1993,9,4,13
1993,6,11,17
1993,7,4,11
1993,6,3,9
1993,6,3,9
1993,3,1,4
1993,7,3,10
1993,8,5,13
1993,5,1,6
1993,8,0,8
1993,4,1,5
1993,4,3,7
1993,3,2,5
1993,2,13,15
1993,3,2,5
1993,6,3,9
1993,7,6,13
1993,3,0,3
1993,5,4,9
1993,4,3,7
1993,4,3,7
1993,7,0,7
1993,8,3,11
1993,8,1,9
1993,5,1,6
1993,5,3,8
1993,2,1,3
1993,9,12,21
1993,4,1,5
1993,3,2,5
1993,3,2,5
1993,16,13,29
1993,7,5,12
1993,5,3,8
1993,5,1,6
1993,6,3,9
1993,5,3,8
1993,7,2,9
1993,3,10,13
1993,2,1,3
1993,5,4,9
1993,6,2,8
1993,3,1,4
1993,7,4,11
1993,3,1,4
1993,5,15,20
1993,4,3,7
1993,8,7,15
1993,5,3,8
1993,4,3,7
1993,8,3,11
1993,9,4,13
1993,8,7,15
1993,6,2,8
1993,4,3,7
1993,6,2,8
1993,5,3,8
1993,7,1,8
1993,1,0,1
1993,6,4,10
1993,3,2,5
1993,2,17,19
1993,7,2,9
1993,8,2,10
1993,7,6,13
1993,8,2,10
1993,3,2,5
1993,6,1,7
1993,3,1,4
1993,8,5,13
1993,6,5,11
1993,8,5,13
1993,8,5,13
1993,8,6,14
1993,6,2,8
1993,7,2,9
1993,6,5,11
1993,12,10,22
1993,4,13,17
1993,7,4,11
1993,7,4,11
1993,4,2,6
1993,5,4,9
1993,3,2,5
1993,4,0,4
1993,4,2,6
1993,4,2,6
1993,2,0,2
1993,5,1,6
1993,7,10,17
1993,3,0,3
1993,9,5,14
1993,8,2,10
1993,6,4,10
1993,3,2,5
1993,9,2,11
1993,3,1,4
1993,5,4,9
1993,2,0,2
1993,5,3,8
1993,4,3,7
1993,7,1,8
1993,5,0,5
1993,4,0,4
1993,7,2,9
1993,4,3,7
1993,2,0,2
1993,4,0,4
1993,4,1,5
1993,9,5,14
1993,8,2,10
1993,4,3,7
1993,3,1,4
1993,4,2,6
1993,6,4,10
1993,2,1,3
1993,7,6,13
1993,3,0,3
1993,8,2,10
1993,9,10,19
1993,3,1,4
1993,7,5,12
1993,9,2,11
1993,4,3,7
1993,8,7,15
1993,5,10,15
1993,13,10,23
1993,4,3,7
1993,3,2,5
1993,6,0,6
1993,2,12,14
1993,5,4,9
1993,4,2,6
1993,7,1,8
1993,5,3,8
1993,5,3,8
1993,9,1,10
1993,7,0,7
1993,5,4,9
1993,4,1,5
1993,9,3,12
1993,5,4,9
1993,4,0,4
1993,1,0,1
1993,8,1,9
1993,8,5,13
1993,7,5,12
1993,6,1,7
1993,7,5,12
1993,6,3,9
1993,5,14,19
1993,4,2,6
1993,8,10,18
1993,12,1,13
1993,9,10,19
1993,9,1,10
1993,8,11,19
1993,6,4,10
1993,7,1,8
1993,3,2,5
1993,11,10,21
1993,4,3,7
1993,3,1,4
1993,4,3,7
1993,5,2,7
1993,6,5,11
1993,9,8,17
1993,2,11,13
1993,5,3,8
1993,9,6,15
1993,5,3,8
1993,5,4,9
1993,5,11,16
1993,6,0,6
1993,3,2,5
1993,3,1,4
1993,6,4,10
1993,6,3,9
1993,5,4,9
1993,6,4,10
1993,6,5,11
1993,4,3,7
1993,7,6,13
1993,3,1,4
1993,7,2,9
1993,3,1,4
1993,8,6,14
1993,9,4,13
1993,3,1,4
1993,4,3,7
1993,1,0,1
1993,8,10,18
1993,7,6,13
1993,8,4,12
1993,6,0,6
1993,9,7,16
1993,4,3,7
1993,6,4,10
1993,10,1,11
1993,4,10,14
1993,7,1,8
1993,5,4,9
1993,3,13,16
1993,4,10,14
1993,7,12,19
1993,6,5,11
1993,6,2,8
1993,9,5,14
1993,6,3,9
1993,4,3,7
1993,3,2,5
1993,3,2,5
1993,8,3,11
1993,3,10,13
1993,8,0,8
1993,11,1,12
1993,4,1,5
1993,5,13,18
1993,9,7,16
1993,8,11,19
1993,7,5,12
1993,4,12,16
1993,5,4,9
1993,5,1,6
1993,7,6,13
1993,4,3,7
1993,6,5,11
1993,5,2,7
1993,8,3,11
1993,7,6,13
1993,8,4,12
1993,3,0,3
1993,2,0,2
1993,3,0,3
1993,7,6,13
1993,6,5,11
1993,3,1,4
1993,5,2,7
1993,5,12,17
1993,4,3,7
1993,7,3,10
1993,3,2,5
1993,4,10,14
1993,6,5,11
1993,3,15,18
1993,5,4,9
1993,8,11,19
1993,6,3,9
1993,9,11,20
1993,2,13,15
1993,7,1,8
1993,6,1,7
1993,6,15,21
1993,3,2,5
1993,5,2,7
1993,5,1,6
1993,5,10,15
1993,6,10,16
1993,6,1,7
1993,6,2,8
1993,4,2,6
1993,8,15,23
1993,4,1,5
1993,6,4,10
1993,5,4,9
1993,4,2,6
1993,6,0,6
1993,4,2,6
1993,4,0,4
1993,5,2,7
1993,5,2,7
1993,9,8,17
1993,5,4,9
1993,3,2,5
1993,7,6,13
1993,5,0,5
1993,8,3,11
1993,7,10,17
1993,7,6,13
1993,9,3,12
1993,7,10,17
1993,5,11,16
1993,3,2,5
1993,10,1,11
1993,6,3,9
1993,6,2,8
1993,5,4,9
1993,5,4,9
1993,2,1,3
1993,3,2,5
1993,2,10,12
1993,3,2,5
1993,5,4,9
1993,4,1,5
1993,6,11,17
1993,4,0,4
1993,5,3,8
1993,3,2,5
1993,1,0,1
1993,7,4,11
1993,7,3,10
1993,3,2,5
1993,6,4,10
1993,8,3,11
1993,5,2,7
1993,8,1,9
1993,4,2,6
1993,7,12,19
1993,7,2,9
1993,3,2,5
1993,9,7,16
1993,5,3,8
1993,8,2,10
1993,4,0,4
1993,2,1,3
1993,2,1,3
1993,4,3,7
1993,3,10,13
1993,5,3,8
1993,4,2,6
1993,7,6,13
1993,9,6,15
1993,7,3,10
1993,4,3,7
1993,4,2,6
1993,4,3,7
1993,5,1,6
1993,6,3,9
1993,3,0,3
1993,9,6,15
1993,9,4,13
1993,9,5,14
1993,4,2,6
1993,3,1,4
1993,5,3,8
1993,6,4,10
1993,5,4,9
1993,2,0,2
1993,7,2,9
1993,7,6,13
1993,2,12,14
1993,5,3,8
1993,2,1,3
1993,2,1,3
1993,3,1,4
1993,6,13,19
1993,6,3,9
1993,6,12,18
1993,7,6,13
1993,2,0,2
1993,4,3,7
1993,4,0,4
1993,6,5,11
1993,8,6,14
1993,7,15,22
1993,6,4,10
1993,4,2,6
1993,4,2,6
1993,3,1,4
1993,7,5,12
1993,8,2,10
1993,4,2,6
1993,2,1,3
1993,6,2,8
1993,5,3,8
1993,8,5,13
1993,7,0,7
1993,2,1,3
1993,2,1,3
1993,8,3,11
1993,9,5,14
1993,4,3,7
1993,6,3,9
1993,8,2,10
1993,9,5,14
1993,2,1,3
1993,4,1,5
1993,8,3,11
1993,5,1,6
1993,2,14,16
1993,8,6,14
1993,4,1,5
1993,4,1,5
1993,4,1,5
1993,7,2,9
1993,7,2,9
1993,6,4,10
1993,7,0,7
1993,3,10,13
1993,5,3,8
1993,5,2,7
1993,4,3,7
1993,9,7,16
1993,7,2,9
1993,3,2,5
1993,7,6,13
1993,6,12,18
1993,7,3,10
1993,9,4,13
1993,5,10,15
1993,8,4,12
1993,12,1,13
1993,8,7,15
1993,5,10,15
1993,4,1,5
1993,8,7,15
1993,6,5,11
1993,3,2,5
1993,9,4,13
1993,13,11,24
1993,7,6,13
1993,3,2,5
1993,5,1,6
1993,5,2,7
1993,5,1,6
1993,5,2,7
1993,6,2,8
1993,5,0,5
1993,2,1,3
1993,6,5,11
1993,5,3,8
1993,6,5,11
1993,6,5,11
1993,9,8,17
1993,6,3,9
1993,2,0,2
1993,7,6,13
1993,5,4,9
1993,9,2,11
1993,5,3,8
1993,6,11,17
1993,4,11,15
1993,5,4,9
1993,5,1,6
1993,8,1,9
1993,7,3,10
1993,9,11,20
1993,5,4,9
1993,3,0,3
1993,7,3,10
1993,3,1,4
1993,4,0,4
1993,5,2,7
1993,9,8,17
1993,13,1,14
1993,5,4,9
1993,5,2,7
1993,9,7,16
1993,4,11,15
1993,4,3,7
1993,9,6,15
1993,7,12,19
1993,5,2,7
1993,6,1,7
1993,3,12,15
1993,6,5,11
1993,3,2,5
1993,15,1,16
1993,8,15,23
1993,7,4,11
1993,8,0,8
1993,5,10,15
1993,5,2,7
1993,6,5,11
1993,1,0,1
1993,3,2,5
1993,4,3,7
1993,7,10,17
1993,8,6,14
1993,8,10,18
1993,3,2,5
1993,6,5,11
1993,3,2,5
1993,9,4,13
1993,8,6,14
1993,3,2,5
1993,7,12,19
1993,4,2,6
1993,3,10,13
1993,8,4,12
1993,5,4,9
1993,6,14,20
1993,3,2,5
1993,5,1,6
1993,2,1,3
1993,5,4,9
1993,2,1,3
1993,2,0,2
1993,9,4,13
1993,7,3,10
1993,2,1,3
1993,6,4,10
1993,3,2,5
1993,4,3,7
1993,7,4,11
1993,8,7,15
1993,4,2,6
1993,2,1,3
1993,9,11,20
1993,4,10,14
1993,4,1,5
1993,3,0,3
1993,11,1,12
1993,8,4,12
1993,4,1,5
1993,4,2,6
1993,6,4,10
1993,3,2,5
1993,8,5,13
1993,4,0,4
1993,4,3,7
1993,7,2,9
1993,6,3,9
1993,4,3,7
1993,4,3,7
1993,6,4,10
1993,6,5,11
1993,5,4,9
1993,8,2,10
1993,2,10,12
1993,13,10,23
1993,4,3,7
1993,3,1,4
1993,2,1,3
1993,9,2,11
1993,4,10,14
1993,3,1,4
1993,6,5,11
1993,3,2,5
1993,9,5,14
1993,5,4,9
1993,9,2,11
1993,9,5,14
1993,5,4,9
1993,4,0,4
1993,3,10,13
1993,2,1,3
1993,7,5,12
1993,12,10,22
1993,6,2,8
1993,4,3,7
1993,4,0,4
1993,5,3,8
1993,9,8,17
1993,5,3,8
1993,8,13,21
1993,3,2,5
1993,7,3,10
1993,5,4,9
1993,9,4,13
1993,6,1,7
1993,6,1,7
1993,3,1,4
1993,8,6,14
1993,5,4,9
1993,7,12,19
1993,1,0,1
1993,6,11,17
1993,9,8,17
1993,8,6,14
1993,3,2,5
1993,6,5,11
1993,9,3,12
1993,8,3,11
1993,4,2,6
1993,5,4,9
1993,3,1,4
1993,6,2,8
1993,5,4,9
1993,11,10,21
1993,2,10,12
1993,5,2,7
1993,4,10,14
1993,3,1,4
1993,5,4,9
1993,5,2,7
1993,4,11,15
1993,8,4,12
1993,5,2,7
1993,2,1,3
1993,9,12,21
1993,5,4,9
1993,3,2,5
1993,5,3,8
1993,6,16,22
1993,7,1,8
1993,8,2,10
1993,8,1,9
1993,7,3,10
1993,5,1,6
1993,4,3,7
1993,5,2,7
1993,3,2,5
1993,4,3,7
1993,6,3,9
1993,6,2,8
1993,4,3,7
1993,6,4,10
1993,5,3,8
1993,11,10,21
1993,5,3,8
1993,8,6,14
1993,6,4,10
1993,4,1,5
1993,8,7,15
1993,5,2,7
1993,9,6,15
1993,6,5,11
1993,2,1,3
1993,8,10,18
1993,6,5,11
1993,4,1,5
1993,2,1,3
1993,7,1,8
1993,3,2,5
1993,7,6,13
1993,2,1,3
1993,5,1,6
1993,6,5,11
1993,4,3,7
1993,8,5,13
1993,8,6,14
1993,3,2,5
1993,5,2,7
1993,4,1,5
1993,2,1,3
1993,7,1,8
1993,5,2,7
1993,5,4,9
1993,4,1,5
1993,3,2,5
1993,7,6,13
1993,3,2,5
1993,7,3,10
1993,5,4,9
1993,7,10,17
1993,5,0,5
1993,4,0,4
1993,15,1,16
1993,3,2,5
1993,4,1,5
1993,4,2,6
1993,5,4,9
1993,3,2,5
1993,5,2,7
1993,4,2,6
1993,7,2,9
1993,2,1,3
1993,6,3,9
1993,6,3,9
1993,8,3,11
1993,3,1,4
1993,5,15,20
1993,12,11,23
1993,4,3,7
1993,3,2,5
1993,7,5,12
1993,4,2,6
1993,6,5,11
1993,8,6,14
1993,9,6,15
1993,6,0,6
1993,4,1,5
1993,4,2,6
1993,4,1,5
1993,4,2,6
1993,17,11,28
1993,5,1,6
1993,4,1,5
1993,8,6,14
1993,8,4,12
1993,7,4,11
1993,5,4,9
1993,5,3,8
1993,4,2,6
1993,9,2,11
1993,5,3,8
1993,5,4,9
1993,4,1,5
1993,14,0,14
1993,6,3,9
1993,5,3,8
1993,4,1,5
1993,6,1,7
1993,7,1,8
1993,4,3,7
1993,4,1,5
1993,5,2,7
1993,9,5,14
1993,8,3,11
1993,2,1,3
1993,5,2,7
1993,4,1,5
1993,3,2,5
1993,4,2,6
1993,8,5,13
1993,9,0,9
1993,4,3,7
1993,5,1,6
1993,2,0,2
1993,4,2,6
1993,5,1,6
1993,6,2,8
1993,9,5,14
1993,8,3,11
1993,7,2,9
1993,9,1,10
1993,7,5,12
1993,9,7,16
1993,1,0,1
1993,4,1,5
1993,4,3,7
1993,4,2,6
1993,6,4,10
1993,7,1,8
1993,1,0,1
1993,5,12,17
1993,5,4,9
1993,4,3,7
1993,2,14,16
1993,7,2,9
1993,6,2,8
1993,4,1,5
1993,4,1,5
1993,8,6,14
1993,3,2,5
1993,3,2,5
1993,9,3,12
1993,7,2,9
1993,6,4,10
1993,6,0,6
1993,6,4,10
1993,7,10,17
1993,4,0,4
1993,3,2,5
1993,4,11,15
1993,3,2,5
1993,6,3,9
1993,3,10,13
1993,5,3,8
1993,8,4,12
1993,5,4,9
1993,5,0,5
1993,8,6,14
1993,2,0,2
1993,2,12,14
1993,7,6,13
1993,7,6,13
1993,2,1,3
1993,5,2,7
1993,4,2,6
1993,2,1,3
1993,9,6,15
1993,8,1,9
1993,4,0,4
1993,7,5,12
1993,5,1,6
1993,5,4,9
1993,2,10,12
1993,6,5,11
1993,8,3,11
1993,4,2,6
1993,6,3,9
1993,3,2,5
1993,5,10,15
1993,7,6,13
1993,7,2,9
1993,6,3,9
1993,4,2,6
1993,7,6,13
1993,6,4,10
1993,4,2,6
1993,7,2,9
1993,7,6,13
1993,5,4,9
1993,3,2,5
1993,4,1,5
1993,6,5,11
1993,5,10,15
1993,7,6,13
1993,6,3,9
1993,6,3,9
1993,4,3,7
1993,8,6,14
1993,4,3,7
1993,3,2,5
1993,9,4,13
1993,3,2,5
1993,7,4,11
1993,8,4,12
1993,5,2,7
1993,4,11,15
1993,3,2,5
1993,7,5,12
1993,4,3,7
1993,7,2,9
1993,4,3,7
1993,5,3,8
1993,7,3,10
1993,1,0,1
1993,7,0,7
1993,5,10,15
1993,7,6,13
1993,3,0,3
1993,7,12,19
1993,6,13,19
1993,6,5,11
1993,9,0,9
1993,3,2,5
1993,6,1,7
1993,1,0,1
1993,6,2,8
1993,3,2,5
1993,7,5,12
1993,5,3,8
1993,9,8,17
1993,1,0,1
1993,4,2,6
1993,4,1,5
1993,4,0,4
1993,5,3,8
1993,4,13,17
1993,9,2,11
1993,7,6,13
1993,6,5,11
1993,5,4,9
1993,4,2,6
1993,4,17,21
1993,6,4,10
1993,4,3,7
1993,8,6,14
1993,2,1,3
1993,7,5,12
1993,7,4,11
1993,3,2,5
1993,4,2,6
1993,2,1,3
1993,2,12,14
1993,7,3,10
1993,4,1,5
1993,8,5,13
1993,2,1,3
1993,9,1,10
1993,2,10,12
1993,7,10,17
1993,9,4,13
1993,4,0,4
1993,5,4,9
1993,3,0,3
1993,5,3,8
1993,7,1,8
1993,6,3,9
1993,3,1,4
1993,9,7,16
1993,7,3,10
1993,7,2,9
1993,9,2,11
1993,7,4,11
1993,5,0,5
1993,3,2,5
1993,7,6,13
1993,4,3,7
1993,3,1,4
1993,3,2,5
1993,4,13,17
1993,8,5,13
1993,6,10,16
1993,7,6,13
1993,5,4,9
1993,5,1,6
1993,4,1,5
1993,8,4,12
1993,2,1,3
1993,4,3,7
1993,6,2,8
1993,7,3,10
1993,7,5,12
1993,5,3,8
1993,9,5,14
1993,5,3,8
1993,2,1,3
1993,11,1,12
1993,8,2,10
1993,5,13,18
1993,8,14,22
1993,9,3,12
1993,5,4,9
1993,8,3,11
1993,6,1,7
1993,3,2,5
1993,6,1,7
1993,7,3,10
1993,12,0,12
1993,7,4,11
1993,11,0,11
1993,6,2,8
1993,6,3,9
1993,7,3,10
1993,4,1,5
1993,6,10,16
1993,6,1,7
1993,5,1,6
1993,2,1,3
1993,5,4,9
1993,4,2,6
1993,2,13,15
1993,3,10,13
1993,8,2,10
1993,8,1,9
1993,8,2,10
1993,7,0,7
1993,3,14,17
1993,2,1,3
1993,6,5,11
1993,5,4,9
1993,3,11,14
1993,2,10,12
1993,3,2,5
1993,6,2,8
1993,5,4,9
1993,7,6,13
1993,3,2,5
1993,9,7,16
1993,5,1,6
1993,4,1,5
1993,3,11,14
1993,5,13,18
1993,7,1,8
1993,7,12,19
1993,5,3,8
1993,3,2,5
1993,8,3,11
1993,5,1,6
1993,9,3,12
1993,7,4,11
1993,5,3,8
1993,4,3,7
1993,8,3,11
1993,8,2,10
1993,4,3,7
1993,7,1,8
1993,4,0,4
1993,8,1,9
1993,7,3,10
1993,5,1,6
1993,4,1,5
1993,4,3,7
1993,2,14,16
1993,7,6,13
1993,8,6,14
1993,5,4,9
1993,3,0,3
1993,9,5,14
1993,7,3,10
1993,5,4,9
1993,7,4,11
1993,6,1,7
1993,3,2,5
1993,4,2,6
1993,4,2,6
1993,9,8,17
1993,6,5,11
1993,4,10,14
1993,2,11,13
1993,9,4,13
1993,7,5,12
1993,6,4,10
1993,4,0,4
1993,6,3,9
1993,6,1,7
1993,3,1,4
1993,3,2,5
1993,5,2,7
1993,5,1,6
1993,2,1,3
1993,5,3,8
1993,4,1,5
1993,5,3,8
1993,4,3,7
1993,7,1,8
1993,8,3,11
1993,7,2,9
1993,9,2,11
1993,3,2,5
1993,7,6,13
1993,5,1,6
1993,3,1,4
1993,7,2,9
1993,3,2,5
1993,2,1,3
1993,4,3,7
1993,7,6,13
1993,2,0,2
1993,4,1,5
1993,8,5,13
1993,3,2,5
1993,4,3,7
1993,14,13,27
1993,2,15,17
1993,6,0,6
1993,6,10,16
1993,4,3,7
1993,1,0,1
1993,4,3,7
1993,5,4,9
1993,6,4,10
1993,4,3,7
1993,5,4,9
1993,7,11,18
1993,6,3,9
1993,8,1,9
1993,6,2,8
1993,8,15,23
1993,4,2,6
1993,7,1,8
1993,2,1,3
1993,8,2,10
1993,6,1,7
1993,8,5,13
1993,3,2,5
1993,4,1,5
1993,2,1,3
1993,5,3,8
1993,6,0,6
1993,6,5,11
1993,8,10,18
1993,7,10,17
1993,1,0,1
1993,9,4,13
1993,7,4,11
1993,9,12,21
1993,4,0,4
1993,7,4,11
1993,5,4,9
1993,6,5,11
1993,2,1,3
1993,3,10,13
1993,4,3,7
1993,12,10,22
1993,6,2,8
1993,9,8,17
1993,3,2,5
1993,6,2,8
1993,4,3,7
1993,3,2,5
1993,4,10,14
1993,3,1,4
1993,3,1,4
1993,9,3,12
1993,5,12,17
1993,3,2,5
1993,7,3,10
1993,4,2,6
1993,4,3,7
1993,4,1,5
1993,3,2,5
1993,13,1,14
1993,3,1,4
1993,7,4,11
1993,9,5,14
1993,5,14,19
1993,6,3,9
1993,11,1,12
1993,2,10,12
1993,1,0,1
1993,5,4,9
1993,3,2,5
1993,5,0,5
1993,9,2,11
1993,4,3,7
1993,5,4,9
1993,4,2,6
1993,4,2,6
1993,4,1,5
1993,6,4,10
1993,10,1,11
1993,9,0,9
1993,3,1,4
1993,7,2,9
1993,5,0,5
1993,4,3,7
1993,6,5,11
1993,12,1,13
1993,3,10,13
1993,3,11,14
1993,9,2,11
1993,9,4,13
1993,6,5,11
1993,9,5,14
1993,1,0,1
1993,8,3,11
1993,5,12,17
1993,8,3,11
1993,5,4,9
1993,5,3,8
1993,8,1,9
1993,9,12,21
1993,2,0,2
1993,7,6,13
1993,6,5,11
1993,15,1,16
1993,6,4,10
1993,8,14,22
1993,8,1,9
1993,6,10,16
1993,5,15,20
1993,2,15,17
1993,6,3,9
1993,5,4,9
1993,3,1,4
1993,5,4,9
1993,7,4,11
1993,3,2,5
1993,6,3,9
1993,10,0,10
1993,5,4,9
1993,6,4,10
1993,14,1,15
1993,4,3,7
1993,2,1,3
1993,2,1,3
1993,2,0,2
1993,13,0,13
1993,3,12,15
1993,3,1,4
1993,3,0,3
1993,2,0,2
1993,4,2,6
1993,8,7,15
1993,5,4,9
1993,8,0,8
1993,6,3,9
1993,2,1,3
1993,3,2,5
1993,9,2,11
1993,6,5,11
1993,6,1,7
1993,9,0,9
1993,7,6,13
1993,4,2,6
1993,3,0,3
1993,5,1,6
1993,5,4,9
1993,4,3,7
1993,3,2,5
1993,1,0,1
1993,8,1,9
1993,2,11,13
1993,9,8,17
1993,2,1,3
1993,7,3,10
1993,8,5,13
1993,2,12,14
1993,6,3,9
1993,8,4,12
1993,10,0,10
1993,6,5,11
1993,8,3,11
1993,3,1,4
1993,4,1,5
1993,7,6,13
1993,2,10,12
1993,6,5,11
1993,5,2,7
1993,6,4,10
1993,7,11,18
1993,6,3,9
1993,7,2,9
1993,2,1,3
1993,7,1,8
1993,6,2,8
1993,2,1,3
1993,8,0,8
1993,3,13,16
1993,5,3,8
1993,7,6,13
1993,4,15,19
1993,7,4,11
1993,6,0,6
1993,5,18,23
1993,5,4,9
1993,9,6,15
1993,5,3,8
1993,4,3,7
1993,8,0,8
1993,5,0,5
1993,1,0,1
1993,9,11,20
1993,3,1,4
1993,4,2,6
1993,4,11,15
1993,8,4,12
1993,1,0,1
1993,6,1,7
1993,5,2,7
1993,3,2,5
1993,2,1,3
1993,6,5,11
1993,7,4,11
1993,7,5,12
1993,7,1,8
1993,2,11,13
1993,7,0,7
1993,6,3,9
1993,2,1,3
1993,5,1,6
1993,2,0,2
1993,7,4,11
1993,5,4,9
1993,8,11,19
1993,9,2,11
1993,9,5,14
1993,7,2,9
1993,6,3,9
1993,6,3,9
1993,3,0,3
1993,8,3,11
1993,5,3,8
1993,4,3,7
1993,7,3,10
1993,9,7,16
1993,6,2,8
1993,6,0,6
1993,2,1,3
1993,6,2,8
1993,4,12,16
1993,4,1,5
1993,9,7,16
1993,7,2,9
1993,3,1,4
1993,3,1,4
1993,9,4,13
1993,6,5,11
1993,5,2,7
1993,5,3,8
1993,3,2,5
1993,6,4,10
1993,7,12,19
1993,7,10,17
1993,9,8,17
1993,5,4,9
1993,9,3,12
1993,7,2,9
1993,5,1,6
1993,1,0,1
1993,3,2,5
1993,5,2,7
1993,7,3,10
1993,9,1,10
1993,4,2,6
1993,3,1,4
1993,6,5,11
1993,7,3,10
1993,2,0,2
1993,3,11,14
1993,4,3,7
1993,6,4,10
1993,8,4,12
1993,5,2,7
1993,9,1,10
1993,6,11,17
1993,7,6,13
1993,5,2,7
1993,3,2,5
1993,3,2,5
1993,6,5,11
1993,6,4,10
1993,2,1,3
1993,6,1,7
1993,7,10,17
1993,4,11,15
1993,6,4,10
1993,2,0,2
1993,3,10,13
1993,6,3,9
1993,8,3,11
1993,8,7,15
1993,3,2,5
1993,7,1,8
1993,3,2,5
1993,6,1,7
1993,9,6,15
1993,3,2,5
1993,1,0,1
1993,9,1,10
1993,8,0,8
1993,5,3,8
1993,6,11,17
1993,8,10,18
1993,6,2,8
1993,7,4,11
1993,2,1,3
1993,5,3,8
1993,3,1,4
1993,4,3,7
1993,3,2,5
1993,5,0,5
1993,6,2,8
1993,7,4,11
1993,7,2,9
1993,8,4,12
1993,2,0,2
1993,4,2,6
1993,4,1,5
1993,8,7,15
1993,8,2,10
1993,6,3,9
1993,9,6,15
1993,7,2,9
1993,8,5,13
1993,4,2,6
1993,2,0,2
1993,10,1,11
1993,8,4,12
1993,8,5,13
1993,3,1,4
1993,4,2,6
1993,7,1,8
1993,5,3,8
1993,7,3,10
1993,4,2,6
1993,4,1,5
1993,6,2,8
1993,7,3,10
1993,5,4,9
1993,7,4,11
1993,5,3,8
1993,6,11,17
1993,6,3,9
1993,7,4,11
1993,4,0,4
1993,9,2,11
1993,12,1,13
1993,7,2,9
1993,3,1,4
1993,2,1,3
1993,7,3,10
1993,4,1,5
1993,2,0,2
1993,4,1,5
1993,7,3,10
1993,3,1,4
1993,4,3,7
1993,3,14,17
1993,6,1,7
1993,9,4,13
1993,7,4,11
1993,2,1,3
1993,5,3,8
1993,4,3,7
1993,6,3,9
1993,6,3,9
1993,8,5,13
1993,6,4,10
1993,3,10,13
1993,15,14,29
1993,2,0,2
1993,8,6,14
1994,6,4,10
1994,6,3,9
1994,9,8,17
1994,8,12,20
1994,5,4,9
1994,4,3,7
1994,6,12,18
1994,6,5,11
1994,5,3,8
1994,4,1,5
1994,8,0,8
1994,7,3,10
1994,6,2,8
1994,5,1,6
1994,4,3,7
1994,7,11,18
1994,8,2,10
1994,5,1,6
1994,2,0,2
1994,5,3,8
1994,4,2,6
1994,5,4,9
1994,4,1,5
1994,8,8,16
1994,7,5,12
1994,9,3,12
1994,3,2,5
1994,4,1,5
1994,7,2,9
1994,4,2,6
1994,9,2,11
1994,9,6,15
1994,6,2,8
1994,8,13,21
1994,1,0,1
1994,2,12,14
1994,7,4,11
1994,6,18,24
1994,8,10,18
1994,7,5,12
1994,8,6,14
1994,5,4,9
1994,6,3,9
1994,8,3,11
1994,6,0,6
1994,5,1,6
1994,9,10,19
1994,4,0,4
1994,4,0,4
1994,7,3,10
1994,4,0,4
1994,8,2,10
1994,7,5,12
1994,6,5,11
1994,2,1,3
1994,8,2,10
1994,2,1,3
1994,6,4,10
1994,14,0,14
1994,4,3,7
1994,5,2,7
1994,5,10,15
1994,15,1,16
1994,4,3,7
1994,5,1,6
1994,8,6,14
1994,8,7,15
1994,8,0,8
1994,7,5,12
1994,6,1,7
1994,6,1,7
1994,6,3,9
1994,4,1,5
1994,5,15,20
1994,8,2,10
1994,8,3,11
1994,8,5,13
1994,2,1,3
1994,6,12,18
1994,9,6,15
1994,7,4,11
1994,8,5,13
1994,9,4,13
1994,9,5,14
1994,5,14,19
1994,8,7,15
1994,9,8,17
1994,4,3,7
1994,7,5,12
1994,5,4,9
1994,5,10,15
1994,7,2,9
1994,22,11,33
1994,7,1,8
1994,8,4,12
1994,4,2,6
1994,12,0,12
1994,7,3,10
1994,6,3,9
1994,6,5,11
1994,5,0,5
1994,6,3,9
1994,4,2,6
1994,2,1,3
1994,3,2,5
1994,8,7,15
1994,3,12,15
1994,3,2,5
1994,9,6,15
1994,4,2,6
1994,4,3,7
1994,6,1,7
1994,6,4,10
1994,3,10,13
1994,3,1,4
1994,8,2,10
1994,9,10,19
1994,5,4,9
1994,5,0,5
1994,4,2,6
1994,9,8,17
1994,7,2,9
1994,5,3,8
1994,14,13,27
1994,5,19,24
1994,2,1,3
1994,9,2,11
1994,7,5,12
1994,6,0,6
1994,8,1,9
1994,8,7,15
1994,3,1,4
1994,6,4,10
1994,9,1,10
1994,6,10,16
1994,8,3,11
1994,5,4,9
1994,4,1,5
1994,9,12,21
1994,7,3,10
1994,5,4,9
1994,5,3,8
1994,9,1,10
1994,8,3,11
1994,6,4,10
1994,4,3,7
1994,1,0,1
1994,8,2,10
1994,6,4,10
1994,7,4,11
1994,5,4,9
1994,4,2,6
1994,8,3,11
1994,6,5,11
1994,8,6,14
1994,9,8,17
1994,4,2,6
1994,5,1,6
1994,7,0,7
1994,2,19,21
1994,8,3,11
1994,5,0,5
1994,6,5,11
1994,7,1,8
1994,12,1,13
1994,5,3,8
1994,11,1,12
1994,5,4,9
1994,6,3,9
1994,2,1,3
1994,5,4,9
1994,4,3,7
1994,5,13,18
1994,3,0,3
1994,8,2,10
1994,6,4,10
1994,9,5,14
1994,6,2,8
1994,7,6,13
1994,7,1,8
1994,8,7,15
1994,4,3,7
1994,4,3,7
1994,3,13,16
1994,8,3,11
1994,8,2,10
1994,2,0,2
1994,7,5,12
1994,5,4,9
1994,6,16,22
1994,6,11,17
1994,6,5,11
1994,8,6,14
1994,6,5,11
1994,7,4,11
1994,4,2,6
1994,5,4,9
1994,4,3,7
1994,8,11,19
1994,6,5,11
1994,3,13,16
1994,6,4,10
1994,6,10,16
1994,4,2,6
1994,5,4,9
1994,6,1,7
1994,5,2,7
1994,6,4,10
1994,6,5,11
1994,7,2,9
1994,4,2,6
1994,9,2,11
1994,7,6,13
1994,9,8,17
1994,8,6,14
1994,6,5,11
1994,3,1,4
1994,6,5,11
1994,7,3,10
1994,8,2,10
1994,6,1,7
1994,4,3,7
1994,5,3,8
1994,9,3,12
1994,3,2,5
1994,8,2,10
1994,8,6,14
1994,3,2,5
1994,8,6,14
1994,8,2,10
1994,10,1,11
1994,5,15,20
1994,9,10,19
1994,8,6,14
1994,3,0,3
1994,7,6,13
1994,5,4,9
1994,7,6,13
1994,5,2,7
1994,4,12,16
1994,7,1,8
1994,7,0,7
1994,6,2,8
1994,6,5,11
1994,4,2,6
1994,5,4,9
1994,7,12,19
1994,7,3,10
1994,8,6,14
1994,4,13,17
1994,4,3,7
1994,9,7,16
1994,4,3,7
1994,7,3,10
1994,4,3,7
1994,11,1,12
1994,4,2,6
1994,7,6,13
1994,4,10,14
1994,3,0,3
1994,8,2,10
1994,3,11,14
1994,9,6,15
1994,7,4,11
1994,8,6,14
1994,4,3,7
1994,7,3,10
1994,6,3,9
1994,6,3,9
1994,4,3,7
1994,2,1,3
1994,6,1,7
1994,13,1,14
1994,8,7,15
1994,3,2,5
1994,8,5,13
1994,5,4,9
1994,6,0,6
1994,7,1,8
1994,3,2,5
1994,1,0,1
1994,3,1,4
1994,2,12,14
1994,3,11,14
1994,4,2,6
1994,5,3,8
1994,8,7,15
1994,5,3,8
1994,4,13,17
1994,2,12,14
1994,4,1,5
1994,7,19,26
1994,6,0,6
1994,1,0,1
1994,6,4,10
1994,6,5,11
1994,5,4,9
1994,4,3,7
1994,8,5,13
1994,4,3,7
1994,7,12,19
1994,3,1,4
1994,6,4,10
1994,6,10,16
1994,6,3,9
1994,8,5,13
1994,5,4,9
1994,4,1,5
1994,6,14,20
1994,4,3,7
1994,5,15,20
1994,4,3,7
1994,9,11,20
1994,5,3,8
1994,12,10,22
1994,7,5,12
1994,1,0,1
1994,2,1,3
1994,6,4,10
1994,10,1,11
1994,6,2,8
1994,5,4,9
1994,8,5,13
1994,9,4,13
1994,6,5,11
1994,6,2,8
1994,7,3,10
1994,7,3,10
1994,3,2,5
1994,7,4,11
1994,8,1,9
1994,6,4,10
1994,4,1,5
1994,6,0,6
1994,9,0,9
1994,8,10,18
1994,5,10,15
1994,3,10,13
1994,7,2,9
1994,6,3,9
1994,7,6,13
1994,6,5,11
1994,12,1,13
1994,5,2,7
1994,10,1,11
1994,7,2,9
1994,7,6,13
1994,4,10,14
1994,6,5,11
1994,9,1,10
1994,8,3,11
1994,7,4,11
1994,1,0,1
1994,3,0,3
1994,4,2,6
1994,7,6,13
1994,6,1,7
1994,5,2,7
1994,6,5,11
1994,7,14,21
1994,8,7,15
1994,5,4,9
1994,7,4,11
1994,4,3,7
1994,7,4,11
1994,6,4,10
1994,4,3,7
1994,8,6,14
1994,5,0,5
1994,9,6,15
1994,8,1,9
1994,9,11,20
1994,5,0,5
1994,4,2,6
1994,6,11,17
1994,6,5,11
1994,4,3,7
1994,9,4,13
1994,9,5,14
1994,3,1,4
1994,10,1,11
1994,8,0,8
1994,2,1,3
1994,3,2,5
1994,7,0,7
1994,7,1,8
1994,2,1,3
1994,7,4,11
1994,4,2,6
1994,7,11,18
1994,4,10,14
1994,8,7,15
1994,6,5,11
1994,2,1,3
1994,3,2,5
1994,1,0,1
1994,9,7,16
1994,3,2,5
1994,1,0,1
1994,8,6,14
1994,7,0,7
1994,9,7,16
1994,5,0,5
1994,4,3,7
1994,9,2,11
1994,8,4,12
1994,9,2,11
1994,9,3,12
1994,1,0,1
1994,5,4,9
1994,3,2,5
1994,5,2,7
1994,3,1,4
1994,7,2,9
1994,4,1,5
1994,7,4,11
1994,3,2,5
1994,9,5,14
1994,9,5,14
1994,9,8,17
1994,5,4,9
1994,4,3,7
1994,3,2,5
1994,5,12,17
1994,6,3,9
1994,3,11,14
1994,9,8,17
1994,6,3,9
1994,9,5,14
1994,2,16,18
1994,2,10,12
1994,1,0,1
1994,7,4,11
1994,5,4,9
1994,3,2,5
1994,5,3,8
1994,5,0,5
1994,4,2,6
1994,7,6,13
1994,8,6,14
1994,4,2,6
1994,4,1,5
1994,7,1,8
1994,6,14,20
1994,6,2,8
1994,5,1,6
1994,9,0,9
1994,1,0,1
1994,4,3,7
1994,6,3,9
1994,9,5,14
1994,6,1,7
1994,3,2,5
1994,13,1,14
1994,3,1,4
1994,6,5,11
1994,7,6,13
1994,6,4,10
1994,8,6,14
1994,5,3,8
1994,6,4,10
1994,2,0,2
1994,4,2,6
1994,6,16,22
1994,5,4,9
1994,4,10,14
1994,4,1,5
1994,9,1,10
1994,7,2,9
1994,12,1,13
1994,11,1,12
1994,9,5,14
1994,7,11,18
1994,2,11,13
1994,6,4,10
1994,9,3,12
1994,4,2,6
1994,5,4,9
1994,2,1,3
1994,6,2,8
1994,8,5,13
1994,6,3,9
1994,4,11,15
1994,3,2,5
1994,7,10,17
1994,3,1,4
1994,5,2,7
1994,3,0,3
1994,6,11,17
1994,4,0,4
1994,6,2,8
1994,7,1,8
1994,12,1,13
1994,5,2,7
1994,9,8,17
1994,6,1,7
1994,1,0,1
1994,9,5,14
1994,9,6,15
1994,9,6,15
1994,8,5,13
1994,4,2,6
1994,9,2,11
1994,3,2,5
1994,3,1,4
1994,7,11,18
1994,4,1,5
1994,7,2,9
1994,6,4,10
1994,7,2,9
1994,3,2,5
1994,2,10,12
1994,4,11,15
1994,4,3,7
1994,7,3,10
1994,7,6,13
1994,5,2,7
1994,5,4,9
1994,4,3,7
1994,8,7,15
1994,6,5,11
1994,2,0,2
1994,4,0,4
1994,6,13,19
1994,5,2,7
1994,3,2,5
1994,5,4,9
1994,3,1,4
1994,5,3,8
1994,5,2,7
1994,4,2,6
1994,5,13,18
1994,4,3,7
1994,6,2,8
1994,6,1,7
1994,4,3,7
1994,7,6,13
1994,9,3,12
1994,3,2,5
1994,5,4,9
1994,3,0,3
1994,4,2,6
1994,8,2,10
1994,9,5,14
1994,5,4,9
1994,7,6,13
1994,2,1,3
1994,3,2,5
1994,7,1,8
1994,4,10,14
1994,3,2,5
1994,2,1,3
1994,21,2,23
1994,5,1,6
1994,6,13,19
1994,5,3,8
1994,5,3,8
1994,2,19,21
1994,2,0,2
1994,3,0,3
1994,12,10,22
1994,6,4,10
1994,5,4,9
1994,7,6,13
1994,7,5,12
1994,4,2,6
1994,1,0,1
1994,5,4,9
1994,6,5,11
1994,9,8,17
1994,6,0,6
1994,2,13,15
1994,9,7,16
1994,4,0,4
1994,6,5,11
1994,3,10,13
1994,8,3,11
1994,9,6,15
1994,9,10,19
1994,7,6,13
1994,9,2,11
1994,6,5,11
1994,5,2,7
1994,8,3,11
1994,3,2,5
1994,8,2,10
1994,8,0,8
1994,8,3,11
1994,3,2,5
1994,6,3,9
1994,5,3,8
1994,7,5,12
1994,4,0,4
1994,3,11,14
1994,6,5,11
1994,8,0,8
1994,5,3,8
1994,5,3,8
1994,7,11,18
1994,8,5,13
1994,11,1,12
1994,2,0,2
1994,2,0,2
1994,5,13,18
1994,6,1,7
1994,10,1,11
1994,4,2,6
1994,6,3,9
1994,4,0,4
1994,6,5,11
1994,12,1,13
1994,3,2,5
1994,9,7,16
1994,3,1,4
1994,8,3,11
1994,7,6,13
1994,6,3,9
1994,5,2,7
1994,1,0,1
1994,6,3,9
1994,5,2,7
1994,5,10,15
1994,8,5,13
1994,5,13,18
1994,4,14,18
1994,7,5,12
1994,3,1,4
1994,11,10,21
1994,5,3,8
1994,7,2,9
1994,3,0,3
1994,3,2,5
1994,5,2,7
1994,6,5,11
1994,5,2,7
1994,5,2,7
1994,4,2,6
1994,2,10,12
1994,4,2,6
1994,8,6,14
1994,4,3,7
1994,4,3,7
1994,6,2,8
1994,9,2,11
1994,6,2,8
1994,4,2,6
1994,5,3,8
1994,7,2,9
1994,7,5,12
1994,9,10,19
1994,3,2,5
1994,5,4,9
1994,7,5,12
1994,4,0,4
1994,3,2,5
1994,3,2,5
1994,9,4,13
1994,4,2,6
1994,8,4,12
1994,7,5,12
1994,6,10,16
1994,4,3,7
1994,9,8,17
1994,5,1,6
1994,4,3,7
1994,8,5,13
1994,4,2,6
1994,7,2,9
1994,3,1,4
1994,8,6,14
1994,5,0,5
1994,5,3,8
1994,6,5,11
1994,3,0,3
1994,7,3,10
1994,2,10,12
1994,4,3,7
1994,6,5,11
1994,5,4,9
1994,12,0,12
1994,7,2,9
1994,2,12,14
1994,2,10,12
1994,4,3,7
1994,6,2,8
1994,7,6,13
1994,9,7,16
1994,8,7,15
1994,5,4,9
1994,5,3,8
1994,6,0,6
1994,7,4,11
1994,6,2,8
1994,10,1,11
1994,3,2,5
1994,5,15,20
1994,6,3,9
1994,7,2,9
1994,3,11,14
1994,4,2,6
1994,4,2,6
1994,9,10,19
1994,3,2,5
1994,3,2,5
1994,7,0,7
1994,8,1,9
1994,2,1,3
1994,5,4,9
1994,4,3,7
1994,6,4,10
1994,1,0,1
1994,9,5,14
1994,5,11,16
1994,4,2,6
1994,8,5,13
1994,4,2,6
1994,2,13,15
1994,4,3,7
1994,3,1,4
1994,4,3,7
1994,6,4,10
1994,9,8,17
1994,5,1,6
1994,4,2,6
1994,7,4,11
1994,9,5,14
1994,9,6,15
1994,3,1,4
1994,4,2,6
1994,7,1,8
1994,4,10,14
1994,7,6,13
1994,6,1,7
1994,8,5,13
1994,4,3,7
1994,7,21,28
1994,4,3,7
1994,5,1,6
1994,4,3,7
1994,8,2,10
1994,2,0,2
1994,2,1,3
1994,6,5,11
1994,8,5,13
1994,7,10,17
1994,3,1,4
1994,5,10,15
1994,9,6,15
1994,4,3,7
1994,5,3,8
1994,5,10,15
1994,4,2,6
1994,3,1,4
1994,8,1,9
1994,5,4,9
1994,3,10,13
1994,4,3,7
1994,8,2,10
1994,3,11,14
1994,5,11,16
1994,11,10,21
1994,4,2,6
1994,5,10,15
1994,9,6,15
1994,3,1,4
1994,4,3,7
1994,5,4,9
1994,7,17,24
1994,3,12,15
1994,8,6,14
1994,9,5,14
1994,8,10,18
1994,5,1,6
1994,2,0,2
1994,7,3,10
1994,3,2,5
1994,6,5,11
1994,7,6,13
1994,3,2,5
1994,9,5,14
1994,5,0,5
1994,9,10,19
1994,5,2,7
1994,5,4,9
1994,3,2,5
1994,5,4,9
1994,5,14,19
1994,5,4,9
1994,6,4,10
1994,9,2,11
1994,6,1,7
1994,3,0,3
1994,3,1,4
1994,5,3,8
1994,8,2,10
1994,6,5,11
1994,7,4,11
1994,7,1,8
1994,4,3,7
1994,8,4,12
1994,9,0,9
1994,6,2,8
1994,3,1,4
1994,7,4,11
1994,7,5,12
1994,7,10,17
1994,8,4,12
1994,2,1,3
1994,4,10,14
1994,5,2,7
1994,7,6,13
1994,8,6,14
1994,6,4,10
1994,4,3,7
1994,5,4,9
1994,4,3,7
1994,5,2,7
1994,3,2,5
1994,7,2,9
1994,5,2,7
1994,5,11,16
1994,7,4,11
1994,6,4,10
1994,7,6,13
1994,5,2,7
1994,6,0,6
1994,7,4,11
1994,7,4,11
1994,4,10,14
1994,6,3,9
1994,3,1,4
1994,4,3,7
1994,9,2,11
1994,8,4,12
1994,8,6,14
1994,2,1,3
1994,3,2,5
1994,3,1,4
1994,6,12,18
1994,6,2,8
1994,5,4,9
1994,7,2,9
1994,5,1,6
1994,2,11,13
1994,5,2,7
1994,7,2,9
1994,3,1,4
1994,7,2,9
1994,3,1,4
1994,5,2,7
1994,1,0,1
1994,7,3,10
1994,7,12,19
1994,5,4,9
1994,2,10,12
1994,4,3,7
1994,5,4,9
1994,2,1,3
1994,9,17,26
1994,3,1,4
1994,4,3,7
1994,5,4,9
1994,5,2,7
1994,7,5,12
1994,1,0,1
1994,5,2,7
1994,8,10,18
1994,7,12,19
1994,3,2,5
1994,7,6,13
1994,7,4,11
1994,7,0,7
1994,7,6,13
1994,4,0,4
1994,8,4,12
1994,7,5,12
1994,7,5,12
1994,4,3,7
1994,4,3,7
1994,4,2,6
1994,7,11,18
1994,2,13,15
1994,1,0,1
1994,5,0,5
1994,7,2,9
1994,3,13,16
1994,5,2,7
1994,8,11,19
1994,6,1,7
1994,6,5,11
1994,7,6,13
1994,4,2,6
1994,4,1,5
1994,5,4,9
1994,7,1,8
1994,6,3,9
1994,7,5,12
1994,6,4,10
1994,6,5,11
1994,9,2,11
1994,5,3,8
1994,8,1,9
1994,7,4,11
1994,6,5,11
1994,5,1,6
1994,5,13,18
1994,8,10,18
1994,8,1,9
1994,3,2,5
1994,6,1,7
1994,7,4,11
1994,4,2,6
1994,16,0,16
1994,6,11,17
1994,4,3,7
1994,8,2,10
1994,6,5,11
1994,3,11,14
1994,3,1,4
1994,9,3,12
1994,8,4,12
1994,4,2,6
1994,6,1,7
1994,6,4,10
1994,9,0,9
1994,11,10,21
1994,4,12,16
1994,4,10,14
1994,7,1,8
1994,6,5,11
1994,3,1,4
1994,6,1,7
1994,9,12,21
1994,7,3,10
1994,13,0,13
1994,7,10,17
1994,5,1,6
1994,6,10,16
1994,3,2,5
1994,5,0,5
1994,7,3,10
1994,6,5,11
1994,5,0,5
1994,6,12,18
1994,5,4,9
1994,7,1,8
1994,7,5,12
1994,3,2,5
1994,8,4,12
1994,4,1,5
1994,4,3,7
1994,6,1,7
1994,7,2,9
1994,5,4,9
1994,2,1,3
1994,8,0,8
1994,7,5,12
1994,7,2,9
1994,6,4,10
1994,2,0,2
1994,7,1,8
1994,4,3,7
1994,5,4,9
1994,13,1,14
1994,5,2,7
1994,9,2,11
1994,3,12,15
1994,4,0,4
1994,4,3,7
1994,5,14,19
1994,9,6,15
1994,9,2,11
1994,10,1,11
1994,5,4,9
1994,7,6,13
1994,6,4,10
1994,3,2,5
1994,7,5,12
1994,9,3,12
1994,4,0,4
1994,2,13,15
1994,2,1,3
1994,3,1,4
1994,3,2,5
1994,6,11,17
1994,3,10,13
1994,4,16,20
1994,4,3,7
1994,4,1,5
1994,9,0,9
1994,9,4,13
1994,4,3,7
1994,9,4,13
1994,6,2,8
1994,5,1,6
1994,7,12,19
1994,3,1,4
1994,6,0,6
1994,6,4,10
1994,4,2,6
1994,8,10,18
1994,4,1,5
1994,7,3,10
1994,3,1,4
1994,2,1,3
1994,7,1,8
1994,2,1,3
1994,4,1,5
1994,4,3,7
1994,3,1,4
1994,4,12,16
1994,12,11,23
1994,8,1,9
1994,5,4,9
1994,5,4,9
1994,4,11,15
1994,6,1,7
1994,7,3,10
1994,5,10,15
1994,9,8,17
1994,8,7,15
1994,7,1,8
1994,5,1,6
1994,2,1,3
1994,7,6,13
1994,7,12,19
1994,7,6,13
1994,3,2,5
1994,5,1,6
1994,2,1,3
1994,7,2,9
1994,9,8,17
1994,2,10,12
1994,5,1,6
1994,11,1,12
1994,4,10,14
1994,4,3,7
1994,6,5,11
1994,9,8,17
1994,9,10,19
1994,3,11,14
1994,5,3,8
1994,7,4,11
1994,6,4,10
1994,6,10,16
1994,8,7,15
1994,8,6,14
1994,3,0,3
1994,2,1,3
1994,6,4,10
1994,4,3,7
1994,7,6,13
1994,6,5,11
1994,7,6,13
1994,4,10,14
1994,3,1,4
1994,6,2,8
1994,5,0,5
1994,11,10,21
1994,6,2,8
1994,1,0,1
1994,5,2,7
1994,9,4,13
1994,6,5,11
1994,3,2,5
1994,4,2,6
1994,8,3,11
1994,5,3,8
1994,4,3,7
1994,9,2,11
1994,6,4,10
1994,6,4,10
1994,3,1,4
1994,7,3,10
1994,9,7,16
1994,7,14,21
1994,6,3,9
1994,8,0,8
1994,6,1,7
1994,4,3,7
1994,3,2,5
1994,4,3,7
1994,3,0,3
1994,4,3,7
1994,4,2,6
1994,7,10,17
1994,7,14,21
1994,4,11,15
1994,6,10,16
1994,8,6,14
1994,1,0,1
1994,2,10,12
1994,5,0,5
1994,9,1,10
1994,5,0,5
1994,5,4,9
1994,7,6,13
1994,9,3,12
1994,6,12,18
1994,8,2,10
1994,4,1,5
1994,9,10,19
1994,7,5,12
1994,6,1,7
1994,3,10,13
1994,10,0,10
1994,9,2,11
1994,9,10,19
1994,6,12,18
1994,6,12,18
1994,6,11,17
1994,3,1,4
1994,5,2,7
1994,4,3,7
1994,7,0,7
1994,8,5,13
1994,5,2,7
1994,5,3,8
1994,9,3,12
1994,4,1,5
1994,3,2,5
1994,4,3,7
1994,4,2,6
1994,7,1,8
1994,5,1,6
1994,9,4,13
1994,5,1,6
1994,4,0,4
1994,4,10,14
1994,2,1,3
1994,6,13,19
1994,4,3,7
1994,3,1,4
1994,5,2,7
1994,3,10,13
1994,9,6,15
1994,6,2,8
1994,6,4,10
1994,9,4,13
1994,5,10,15
1994,2,1,3
1994,3,14,17
1994,8,7,15
1994,7,2,9
1994,4,2,6
1994,3,1,4
1994,4,3,7
1994,3,1,4
1994,4,2,6
1994,5,4,9
1994,6,10,16
1994,7,1,8
1994,6,2,8
1994,4,3,7
1994,4,3,7
1994,4,2,6
1994,5,4,9
1994,4,2,6
1994,5,2,7
1994,4,1,5
1994,7,6,13
1994,4,13,17
1994,6,4,10
1994,4,3,7
1994,9,3,12
1994,8,7,15
1994,9,5,14
1994,2,1,3
1994,8,3,11
1994,3,0,3
1994,4,3,7
1994,5,2,7
1994,7,0,7
1994,5,4,9
1994,6,4,10
1994,2,0,2
1994,3,13,16
1994,4,3,7
1994,6,5,11
1994,4,12,16
1994,7,3,10
1994,5,2,7
1994,3,2,5
1994,9,5,14
1994,8,6,14
1994,4,3,7
1994,14,0,14
1994,3,2,5
1994,6,5,11
1994,5,3,8
1994,8,7,15
1994,7,4,11
1994,7,3,10
1994,5,3,8
1994,4,10,14
1994,4,2,6
1994,8,3,11
1994,7,11,18
1994,4,3,7
1994,5,10,15
1994,5,1,6
1994,3,2,5
1994,9,4,13
1994,6,1,7
1994,5,4,9
1994,9,2,11
1994,5,3,8
1994,7,6,13
1994,6,5,11
1994,6,4,10
1994,5,1,6
1994,7,2,9
1994,9,1,10
1994,9,6,15
1994,8,2,10
1994,2,1,3
1994,7,3,10
1994,5,3,8
1994,3,2,5
1994,6,3,9
1994,4,3,7
1994,8,1,9
1994,5,2,7
1994,6,4,10
1994,8,3,11
1994,2,1,3
1994,8,2,10
1994,8,13,21
1994,7,3,10
1994,6,4,10
1994,9,2,11
1994,3,2,5
1994,7,1,8
1994,6,10,16
1994,2,14,16
1994,5,3,8
1994,8,7,15
1994,7,3,10
1994,7,3,10
1994,2,1,3
1994,4,1,5
1994,4,3,7
1994,3,2,5
1994,8,11,19
1994,8,10,18
1994,7,5,12
1994,7,5,12
1994,4,3,7
1994,2,0,2
1994,7,2,9
1994,4,15,19
1994,7,13,20
1994,5,2,7
1994,4,2,6
1994,5,4,9
1994,9,0,9
1994,6,10,16
1994,7,1,8
1994,9,3,12
1994,4,2,6
1994,2,1,3
1994,5,10,15
1994,5,2,7
1994,3,2,5
1994,6,10,16
1994,4,1,5
1994,5,3,8
1994,6,4,10
1994,10,1,11
1994,4,3,7
1994,9,7,16
1994,9,0,9
1994,4,14,18
1994,3,1,4
1994,4,13,17
1994,9,10,19
1994,5,3,8
1994,6,5,11
1994,6,3,9
1994,15,12,27
1994,2,0,2
1994,9,2,11
1994,7,6,13
1994,5,3,8
1994,7,5,12
1994,3,2,5
1994,7,5,12
1994,7,4,11
1994,6,4,10
1994,5,10,15
1994,5,13,18
1994,3,12,15
1994,6,1,7
1994,10,0,10
1994,4,3,7
1994,4,3,7
1994,7,4,11
1994,6,2,8
1994,5,2,7
1994,13,10,23
1994,4,2,6
1994,8,4,12
1994,3,0,3
1994,8,7,15
1994,13,11,24
1994,9,8,17
1994,2,0,2
1994,11,1,12
1994,5,2,7
1994,5,4,9
1994,1,0,1
1994,9,2,11
1994,5,4,9
1994,9,2,11
1994,7,11,18
1994,6,5,11
1994,6,13,19
1994,7,3,10
1994,4,3,7
1994,6,3,9
1994,6,1,7
1994,9,3,12
1994,6,3,9
1994,3,12,15
1994,7,6,13
1994,9,8,17
1994,4,0,4
1994,5,2,7
1994,4,1,5
1994,6,5,11
1994,8,2,10
1994,6,3,9
1994,5,4,9
1994,4,3,7
1994,7,4,11
1994,5,0,5
1994,3,2,5
1994,3,2,5
1994,6,5,11
1994,6,3,9
1994,7,2,9
1994,3,1,4
1994,2,11,13
1994,5,4,9
1994,4,1,5
1994,11,0,11
1994,5,1,6
1994,2,0,2
1994,4,2,6
1994,6,3,9
1994,7,1,8
1994,8,5,13
1994,9,1,10
1994,8,2,10
1994,6,4,10
1994,3,0,3
1994,4,2,6
1994,6,4,10
1994,6,4,10
1994,13,1,14
1994,6,10,16
1994,7,4,11
1994,8,6,14
1994,7,6,13
1994,5,3,8
1994,8,5,13
1994,4,2,6
1994,6,4,10
1994,7,4,11
1994,8,1,9
1994,6,4,10
1994,6,2,8
1994,4,3,7
1994,5,10,15
1994,7,1,8
1994,7,4,11
1994,5,3,8
1994,4,10,14
1994,9,2,11
1994,6,0,6
1994,6,5,11
1994,9,1,10
1994,8,10,18
1994,3,2,5
1994,7,10,17
1994,8,4,12
1994,6,5,11
1994,5,12,17
1994,9,10,19
1994,8,7,15
1994,7,5,12
1994,4,1,5
1994,3,11,14
1994,7,1,8
1994,3,1,4
1994,3,1,4
1994,4,1,5
1994,4,3,7
1994,9,4,13
1994,9,2,11
1994,4,1,5
1994,7,4,11
1994,1,0,1
1994,5,0,5
1994,7,2,9
1994,5,2,7
1994,4,2,6
1994,5,3,8
1994,1,0,1
1994,3,10,13
1994,3,2,5
1994,5,1,6
1994,4,0,4
1994,5,4,9
1994,5,2,7
1994,4,3,7
1994,7,2,9
1994,5,4,9
1994,6,4,10
1994,8,4,12
1994,5,3,8
1994,7,5,12
1994,5,2,7
1994,4,1,5
1994,4,1,5
1994,8,4,12
1994,8,3,11
1994,5,3,8
1994,5,2,7
1994,7,5,12
1994,5,1,6
1994,4,2,6
1994,2,14,16
1994,7,3,10
1994,5,4,9
1994,6,1,7
1994,6,5,11
1994,3,2,5
1994,7,6,13
1994,6,4,10
1994,7,10,17
1994,4,14,18
1994,9,5,14
1994,6,4,10
1994,5,2,7
1994,8,1,9
1994,5,4,9
1994,4,13,17
1994,9,5,14
1994,7,1,8
1994,4,1,5
1994,6,4,10
1994,2,1,3
1994,9,4,13
1994,9,7,16
1994,4,3,7
1994,6,2,8
1994,4,3,7
1994,8,5,13
1994,6,2,8
1994,8,3,11
1994,4,2,6
1994,5,4,9
1994,8,3,11
1994,1,0,1
1994,3,2,5
1994,4,2,6
1994,4,3,7
1994,8,7,15
1994,2,10,12
1994,3,2,5
1994,9,12,21
1994,3,1,4
1994,6,4,10
1994,7,6,13
1994,7,1,8
1994,10,0,10
1994,5,4,9
1994,4,1,5
1994,3,2,5
1994,9,7,16
1994,6,2,8
1994,7,2,9
1994,8,4,12
1994,9,8,17
1994,7,4,11
1994,2,1,3
1994,9,5,14
1994,4,2,6
1994,2,1,3
1994,4,3,7
1994,8,3,11
1994,3,2,5
1994,7,0,7
1994,4,17,21
1994,8,11,19
1994,5,2,7
1994,4,2,6
1994,5,1,6
1994,5,0,5
1994,6,2,8
1994,5,2,7
1994,1,0,1
1994,5,3,8
1994,9,2,11
1994,7,3,10
1994,5,1,6
1994,4,1,5
1994,5,3,8
1994,4,2,6
1994,6,16,22
1994,5,4,9
1994,4,12,16
1994,8,0,8
1994,4,0,4
1994,3,12,15
1994,7,10,17
1994,5,4,9
1994,5,0,5
1994,3,11,14
1994,4,2,6
1994,8,4,12
1994,7,0,7
1994,16,10,26
1994,7,1,8
1994,2,1,3
1994,8,7,15
1994,2,11,13
1994,5,0,5
1994,4,10,14
1994,4,3,7
1994,6,4,10
1994,4,3,7
1994,6,3,9
1994,3,2,5
1994,4,1,5
1994,15,10,25
1994,5,10,15
1994,5,1,6
1994,3,2,5
1994,6,2,8
1994,7,4,11
1994,6,10,16
1994,6,3,9
1994,7,6,13
1994,2,0,2
1994,8,3,11
1994,6,4,10
1994,6,5,11
1994,8,7,15
1994,6,1,7
1994,5,4,9
1994,6,4,10
1994,7,6,13
1994,4,12,16
1994,11,1,12
1994,5,2,7
1994,6,5,11
1994,2,1,3
1994,3,2,5
1994,3,2,5
1994,4,14,18
1994,6,1,7
1994,5,3,8
1994,3,2,5
1994,5,3,8
1994,7,4,11
1994,4,10,14
1994,5,3,8
1994,4,3,7
1994,4,3,7
1994,6,5,11
1994,4,2,6
1994,5,1,6
1994,4,3,7
1994,8,5,13
1994,5,12,17
1994,2,1,3
1994,5,2,7
1994,6,3,9
1994,1,0,1
1994,4,0,4
1994,4,12,16
1994,3,1,4
1994,7,17,24
1994,8,1,9
1994,2,1,3
1994,6,2,8
1994,4,0,4
1994,3,2,5
1994,5,3,8
1994,2,0,2
1994,13,0,13
1994,5,10,15
1994,8,6,14
1994,8,6,14
1994,8,7,15
1994,8,1,9
1994,2,1,3
1994,4,0,4
1995,8,7,15
1995,5,12,17
1995,9,0,9
1995,5,4,9
1995,7,1,8
1995,9,11,20
1995,4,2,6
1995,5,1,6
1995,3,12,15
1995,8,6,14
1995,6,2,8
1995,2,10,12
1995,7,6,13
1995,13,1,14
1995,6,4,10
1995,9,4,13
1995,6,5,11
1995,8,7,15
1995,7,4,11
1995,2,1,3
1995,13,1,14
1995,3,0,3
1995,6,2,8
1995,6,11,17
1995,7,1,8
1995,4,10,14
1995,4,3,7
1995,2,1,3
1995,4,1,5
1995,9,1,10
1995,8,7,15
1995,9,12,21
1995,8,10,18
1995,5,2,7
1995,8,7,15
1995,9,2,11
1995,4,0,4
1995,9,10,19
1995,7,6,13
1995,8,0,8
1995,5,4,9
1995,2,1,3
1995,3,10,13
1995,4,3,7
1995,8,2,10
1995,7,13,20
1995,5,4,9
1995,3,2,5
1995,9,5,14
1995,11,1,12
1995,1,0,1
1995,6,5,11
1995,3,0,3
1995,17,11,28
1995,4,2,6
1995,3,1,4
1995,9,3,12
1995,6,3,9
1995,4,3,7
1995,6,3,9
1995,3,0,3
1995,7,6,13
1995,10,1,11
1995,3,10,13
1995,7,6,13
1995,5,3,8
1995,7,0,7
1995,8,3,11
1995,5,3,8
1995,7,0,7
1995,4,0,4
1995,4,1,5
1995,2,0,2
1995,2,0,2
1995,5,2,7
1995,6,0,6
1995,6,5,11
1995,11,1,12
1995,7,1,8
1995,4,3,7
1995,9,6,15
1995,8,0,8
1995,4,3,7
1995,7,6,13
1995,3,15,18
1995,9,8,17
1995,7,4,11
1995,8,7,15
1995,2,11,13
1995,7,2,9
1995,7,12,19
1995,7,14,21
1995,6,4,10
1995,9,10,19
1995,3,1,4
1995,4,3,7
1995,7,6,13
1995,8,6,14
1995,5,1,6
1995,8,7,15
1995,5,2,7
1995,9,6,15
1995,6,4,10
1995,4,3,7
1995,6,3,9
1995,6,0,6
1995,5,1,6
1995,5,3,8
1995,5,4,9
1995,6,4,10
1995,9,4,13
1995,9,2,11
1995,10,0,10
1995,3,1,4
1995,3,0,3
1995,5,1,6
1995,6,4,10
1995,7,10,17
1995,6,11,17
1995,6,4,10
1995,9,4,13
1995,8,4,12
1995,9,2,11
1995,9,4,13
1995,3,1,4
1995,7,3,10
1995,7,5,12
1995,7,4,11
1995,13,11,24
1995,5,2,7
1995,17,11,28
1995,5,3,8
1995,3,10,13
1995,5,2,7
1995,4,2,6
1995,5,13,18
1995,6,13,19
1995,7,5,12
1995,5,4,9
1995,6,2,8
1995,3,2,5
1995,7,5,12
1995,8,4,12
1995,9,10,19
1995,12,10,22
1995,12,1,13
1995,9,3,12
1995,9,1,10
1995,8,6,14
1995,4,3,7
1995,4,11,15
1995,6,5,11
1995,3,2,5
1995,4,2,6
1995,6,2,8
1995,7,5,12
1995,7,4,11
1995,6,3,9
1995,5,2,7
1995,7,4,11
1995,4,3,7
1995,3,2,5
1995,6,1,7
1995,10,0,10
1995,6,10,16
1995,9,1,10
1995,4,2,6
1995,3,2,5
1995,7,5,12
1995,8,3,11
1995,6,13,19
1995,9,2,11
1995,3,0,3
1995,9,6,15
1995,6,2,8
1995,2,11,13
1995,8,7,15
1995,3,2,5
1995,8,5,13
1995,3,0,3
1995,2,13,15
1995,5,2,7
1995,7,4,11
1995,10,1,11
1995,3,1,4
1995,11,1,12
1995,6,4,10
1995,6,2,8
1995,4,10,14
1995,3,1,4
1995,8,0,8
1995,5,3,8
1995,3,1,4
1995,13,1,14
1995,4,12,16
1995,12,11,23
1995,5,4,9
1995,3,2,5
1995,2,12,14
1995,8,4,12
1995,6,10,16
1995,5,2,7
1995,3,2,5
1995,8,4,12
1995,5,14,19
1995,9,5,14
1995,9,6,15
1995,6,4,10
1995,9,4,13
1995,6,1,7
1995,9,6,15
1995,6,1,7
1995,6,4,10
1995,5,0,5
1995,8,2,10
1995,7,5,12
1995,4,2,6
1995,3,2,5
1995,10,0,10
1995,5,13,18
1995,6,1,7
1995,6,5,11
1995,6,4,10
1995,5,3,8
1995,5,3,8
1995,3,1,4
1995,3,2,5
1995,9,7,16
1995,6,3,9
1995,5,2,7
1995,8,1,9
1995,6,5,11
1995,8,3,11
1995,3,12,15
1995,3,2,5
1995,2,10,12
1995,2,1,3
1995,8,3,11
1995,4,0,4
1995,9,1,10
1995,4,0,4
1995,9,6,15
1995,5,3,8
1995,7,5,12
1995,6,1,7
1995,4,12,16
1995,3,15,18
1995,9,8,17
1995,7,1,8
1995,9,7,16
1995,1,0,1
1995,4,2,6
1995,2,0,2
1995,5,0,5
1995,9,6,15
1995,7,3,10
1995,5,10,15
1995,1,0,1
1995,2,0,2
1995,6,1,7
1995,6,5,11
1995,7,4,11
1995,6,4,10
1995,3,1,4
1995,7,2,9
1995,4,0,4
1995,3,2,5
1995,8,2,10
1995,7,3,10
1995,6,2,8
1995,2,1,3
1995,2,1,3
1995,7,12,19
1995,3,2,5
1995,3,2,5
1995,4,3,7
1995,4,2,6
1995,8,1,9
1995,3,2,5
1995,7,6,13
1995,9,15,24
1995,4,2,6
1995,6,2,8
1995,4,0,4
1995,9,5,14
1995,6,5,11
1995,2,0,2
1995,4,2,6
1995,2,10,12
1995,3,10,13
1995,7,3,10
1995,8,6,14
1995,7,5,12
1995,5,1,6
1995,8,6,14
1995,6,5,11
1995,1,0,1
1995,8,7,15
1995,7,5,12
1995,7,5,12
1995,9,10,19
1995,6,10,16
1995,2,1,3
1995,11,1,12
1995,7,1,8
1995,6,10,16
1995,7,2,9
1995,8,10,18
1995,9,6,15
1995,7,10,17
1995,7,6,13
1995,5,1,6
1995,12,10,22
1995,8,6,14
1995,5,2,7
1995,2,1,3
1995,5,2,7
1995,7,2,9
1995,2,1,3
1995,5,2,7
1995,5,0,5
1995,5,3,8
1995,6,1,7
1995,9,7,16
1995,6,0,6
1995,3,2,5
1995,7,5,12
1995,9,8,17
1995,8,10,18
1995,5,2,7
1995,7,0,7
1995,10,0,10
1995,5,10,15
1995,5,3,8
1995,7,6,13
1995,6,4,10
1995,6,4,10
1995,6,4,10
1995,8,1,9
1995,6,5,11
1995,6,1,7
1995,5,4,9
1995,7,1,8
1995,6,10,16
1995,3,1,4
1995,8,10,18
1995,6,13,19
1995,4,2,6
1995,7,5,12
1995,5,3,8
1995,3,14,17
1995,3,2,5
1995,5,0,5
1995,5,3,8
1995,2,1,3
1995,6,15,21
1995,9,5,14
1995,8,5,13
1995,2,15,17
1995,6,2,8
1995,4,3,7
1995,3,1,4
1995,4,3,7
1995,3,0,3
1995,9,6,15
1995,3,1,4
1995,3,1,4
1995,4,3,7
1995,4,1,5
1995,8,3,11
1995,5,3,8
1995,8,7,15
1995,8,3,11
1995,8,3,11
1995,6,5,11
1995,9,4,13
1995,6,4,10
1995,4,3,7
1995,2,0,2
1995,4,2,6
1995,8,3,11
1995,4,3,7
1995,7,4,11
1995,12,1,13
1995,3,1,4
1995,1,0,1
1995,3,2,5
1995,3,1,4
1995,2,1,3
1995,6,3,9
1995,3,0,3
1995,5,4,9
1995,9,4,13
1995,4,11,15
1995,5,2,7
1995,3,0,3
1995,8,3,11
1995,8,13,21
1995,14,12,26
1995,3,1,4
1995,7,4,11
1995,4,2,6
1995,5,1,6
1995,5,1,6
1995,4,1,5
1995,5,13,18
1995,6,3,9
1995,5,2,7
1995,9,2,11
1995,5,4,9
1995,6,5,11
1995,2,1,3
1995,7,6,13
1995,9,7,16
1995,12,0,12
1995,7,5,12
1995,6,11,17
1995,3,2,5
1995,9,6,15
1995,8,6,14
1995,8,7,15
1995,6,5,11
1995,5,4,9
1995,5,4,9
1995,2,1,3
1995,7,6,13
1995,5,3,8
1995,4,3,7
1995,8,0,8
1995,1,0,1
1995,5,0,5
1995,4,2,6
1995,7,3,10
1995,8,5,13
1995,8,6,14
1995,5,3,8
1995,4,1,5
1995,6,3,9
1995,7,4,11
1995,4,2,6
1995,8,1,9
1995,5,4,9
1995,7,5,12
1995,6,5,11
1995,4,1,5
1995,11,1,12
1995,9,11,20
1995,5,3,8
1995,5,3,8
1995,6,3,9
1995,7,4,11
1995,6,2,8
1995,5,3,8
1995,5,3,8
1995,6,3,9
1995,7,2,9
1995,2,1,3
1995,6,5,11
1995,5,4,9
1995,7,10,17
1995,5,0,5
1995,7,4,11
1995,5,1,6
1995,3,2,5
1995,2,1,3
1995,3,2,5
1995,7,1,8
1995,4,2,6
1995,6,5,11
1995,2,1,3
1995,9,5,14
1995,8,10,18
1995,6,10,16
1995,8,4,12
1995,3,0,3
1995,7,6,13
1995,5,4,9
1995,2,1,3
1995,5,3,8
1995,4,2,6
1995,1,0,1
1995,3,1,4
1995,4,0,4
1995,6,2,8
1995,6,14,20
1995,2,1,3
1995,8,5,13
1995,4,0,4
1995,9,8,17
1995,4,1,5
1995,5,3,8
1995,4,3,7
1995,5,3,8
1995,3,11,14
1995,8,4,12
1995,4,0,4
1995,7,2,9
1995,7,5,12
1995,2,0,2
1995,3,2,5
1995,3,2,5
1995,3,2,5
1995,8,0,8
1995,9,5,14
1995,6,5,11
1995,3,1,4
1995,5,11,16
1995,5,4,9
1995,7,2,9
1995,4,1,5
1995,3,17,20
1995,6,12,18
1995,3,12,15
1995,6,4,10
1995,2,1,3
1995,4,3,7
1995,5,4,9
1995,7,6,13
1995,5,1,6
1995,5,13,18
1995,8,6,14
1995,1,0,1
1995,2,1,3
1995,2,1,3
1995,4,3,7
1995,2,10,12
1995,5,1,6
1995,4,3,7
1995,7,3,10
1995,3,2,5
1995,7,3,10
1995,8,3,11
1995,7,1,8
1995,6,3,9
1995,6,1,7
1995,7,1,8
1995,9,8,17
1995,4,10,14
1995,8,2,10
1995,8,10,18
1995,5,3,8
1995,7,3,10
1995,6,3,9
1995,8,7,15
1995,9,2,11
1995,8,3,11
1995,9,6,15
1995,9,10,19
1995,3,2,5
1995,4,10,14
1995,4,1,5
1995,2,1,3
1995,5,4,9
1995,5,2,7
1995,4,0,4
1995,7,4,11
1995,6,5,11
1995,11,1,12
1995,8,4,12
1995,9,3,12
1995,6,1,7
1995,7,3,10
1995,6,2,8
1995,8,5,13
1995,3,0,3
1995,6,2,8
1995,3,2,5
1995,8,2,10
1995,3,0,3
1995,6,1,7
1995,7,5,12
1995,3,2,5
1995,4,2,6
1995,5,11,16
1995,8,4,12
1995,5,4,9
1995,8,1,9
1995,5,1,6
1995,4,3,7
1995,3,2,5
1995,3,2,5
1995,2,1,3
1995,5,11,16
1995,8,2,10
1995,7,10,17
1995,6,3,9
1995,8,10,18
1995,3,2,5
1995,9,1,10
1995,4,3,7
1995,6,11,17
1995,6,1,7
1995,4,2,6
1995,1,0,1
1995,9,10,19
1995,4,3,7
1995,7,2,9
1995,8,4,12
1995,11,0,11
1995,6,4,10
1995,4,10,14
1995,2,14,16
1995,2,11,13
1995,7,3,10
1995,7,6,13
1995,6,5,11
1995,5,3,8
1995,3,1,4
1995,3,2,5
1995,7,11,18
1995,8,5,13
1995,4,3,7
1995,5,2,7
1995,4,10,14
1995,3,12,15
1995,4,2,6
1995,7,3,10
1995,4,0,4
1995,8,5,13
1995,9,5,14
1995,8,5,13
1995,2,1,3
1995,3,0,3
1995,5,3,8
1995,5,1,6
1995,3,1,4
1995,9,2,11
1995,2,0,2
1995,5,4,9
1995,7,0,7
1995,4,2,6
1995,7,11,18
1995,2,1,3
1995,4,3,7
1995,2,0,2
1995,6,3,9
1995,4,2,6
1995,2,0,2
1995,5,3,8
1995,7,5,12
1995,3,1,4
1995,2,1,3
1995,4,12,16
1995,10,1,11
1995,6,5,11
1995,7,3,10
1995,9,1,10
1995,4,3,7
1995,5,12,17
1995,5,4,9
1995,7,4,11
1995,7,1,8
1995,5,3,8
1995,7,3,10
1995,7,5,12
1995,4,11,15
1995,8,11,19
1995,6,4,10
1995,4,1,5
1995,4,3,7
1995,4,2,6
1995,8,4,12
1995,6,0,6
1995,7,10,17
1995,9,5,14
1995,9,4,13
1995,8,10,18
1995,4,10,14
1995,3,1,4
1995,5,3,8
1995,2,0,2
1995,2,1,3
1995,6,1,7
1995,7,2,9
1995,5,4,9
1995,8,5,13
1995,8,6,14
1995,10,0,10
1995,4,3,7
1995,7,2,9
1995,6,4,10
1995,6,3,9
1995,6,3,9
1995,8,5,13
1995,8,2,10
1995,5,3,8
1995,5,2,7
1995,8,7,15
1995,3,2,5
1995,9,5,14
1995,2,10,12
1995,9,2,11
1995,7,2,9
1995,8,6,14
1995,7,4,11
1995,8,2,10
1995,5,2,7
1995,5,3,8
1995,7,2,9
1995,7,0,7
1995,5,3,8
1995,2,1,3
1995,6,3,9
1995,5,4,9
1995,3,1,4
1995,3,1,4
1995,6,3,9
1995,1,0,1
1995,5,3,8
1995,6,2,8
1995,3,2,5
1995,6,5,11
1995,1,0,1
1995,10,1,11
1995,9,10,19
1995,4,1,5
1995,3,2,5
1995,9,8,17
1995,2,13,15
1995,7,6,13
1995,8,2,10
1995,3,2,5
1995,9,0,9
1995,9,3,12
1995,7,5,12
1995,5,12,17
1995,4,16,20
1995,5,2,7
1995,3,2,5
1995,4,0,4
1995,7,2,9
1995,2,0,2
1995,6,2,8
1995,3,2,5
1995,4,14,18
1995,7,1,8
1995,7,4,11
1995,5,4,9
1995,6,5,11
1995,8,3,11
1995,5,2,7
1995,7,2,9
1995,5,2,7
1995,6,5,11
1995,7,0,7
1995,5,0,5
1995,2,10,12
1995,2,0,2
1995,3,2,5
1995,9,10,19
1995,6,5,11
1995,4,2,6
1995,10,1,11
1995,3,2,5
1995,5,1,6
1995,6,3,9
1995,6,19,25
1995,3,2,5
1995,1,0,1
1995,8,2,10
1995,3,11,14
1995,7,5,12
1995,5,3,8
1995,6,2,8
1995,4,3,7
1995,4,3,7
1995,8,6,14
1995,9,4,13
1995,11,0,11
1995,2,0,2
1995,8,5,13
1995,2,0,2
1995,6,5,11
1995,7,3,10
1995,7,3,10
1995,4,3,7
1995,3,0,3
1995,6,5,11
1995,6,5,11
1995,2,0,2
1995,6,2,8
1995,7,1,8
1995,3,14,17
1995,3,11,14
1995,8,6,14
1995,7,1,8
1995,3,12,15
1995,6,4,10
1995,5,1,6
1995,6,10,16
1995,4,3,7
1995,8,4,12
1995,3,10,13
1995,8,3,11
1995,9,0,9
1995,5,2,7
1995,8,2,10
1995,4,2,6
1995,4,3,7
1995,8,4,12
1995,1,0,1
1995,7,5,12
1995,2,1,3
1995,9,8,17
1995,7,1,8
1995,6,4,10
1995,3,0,3
1995,17,13,30
1995,5,10,15
1995,4,10,14
1995,5,2,7
1995,4,20,24
1995,5,1,6
1995,7,6,13
1995,3,1,4
1995,10,1,11
1995,9,12,21
1995,1,0,1
1995,2,1,3
1995,6,12,18
1995,4,1,5
1995,7,6,13
1995,8,5,13
1995,3,1,4
1995,2,10,12
1995,7,6,13
1995,6,5,11
1995,2,11,13
1995,8,7,15
1995,8,11,19
1995,11,0,11
1995,5,11,16
1995,5,4,9
1995,3,1,4
1995,6,5,11
1995,5,4,9
1995,5,1,6
1995,3,1,4
1995,2,0,2
1995,4,1,5
1995,6,2,8
1995,12,11,23
1995,7,6,13
1995,7,6,13
1995,5,3,8
1995,6,5,11
1995,10,1,11
1995,7,6,13
1995,7,0,7
1995,4,1,5
1995,7,1,8
1995,5,3,8
1995,4,3,7
1995,3,15,18
1995,9,7,16
1995,9,4,13
1995,4,2,6
1995,8,4,12
1995,8,7,15
1995,9,1,10
1995,15,10,25
1995,4,2,6
1995,5,2,7
1995,5,12,17
1995,4,2,6
1995,7,3,10
1995,4,10,14
1995,6,0,6
1995,3,2,5
1995,6,3,9
1995,14,0,14
1995,4,1,5
1995,6,10,16
1995,7,6,13
1995,8,16,24
1995,9,8,17
1995,6,4,10
1995,6,5,11
1995,3,0,3
1995,5,3,8
1995,7,0,7
1995,5,0,5
1995,4,1,5
1995,8,2,10
1995,6,5,11
1995,5,11,16
1995,9,0,9
1995,2,0,2
1995,4,2,6
1995,8,6,14
1995,7,4,11
1995,3,2,5
1995,5,4,9
1995,8,2,10
1995,7,4,11
1995,4,3,7
1995,1,0,1
1995,10,1,11
1995,2,1,3
1995,7,5,12
1995,8,1,9
1995,9,6,15
1995,5,12,17
1995,5,4,9
1995,6,4,10
1995,8,4,12
1995,5,2,7
1995,5,10,15
1995,3,2,5
1995,5,2,7
1995,8,4,12
1995,9,3,12
1995,5,2,7
1995,4,2,6
1995,5,3,8
1995,7,12,19
1995,3,1,4
1995,5,4,9
1995,5,4,9
1995,4,2,6
1995,8,2,10
1995,9,8,17
1995,4,0,4
1995,10,0,10
1995,9,4,13
1995,1,0,1
1995,5,2,7
1995,2,12,14
1995,7,3,10
1995,8,3,11
1995,4,1,5
1995,3,2,5
1995,4,1,5
1995,9,5,14
1995,9,6,15
1995,6,3,9
1995,3,1,4
1995,3,2,5
1995,3,2,5
1995,7,3,10
1995,3,2,5
1995,9,7,16
1995,2,11,13
1995,8,0,8
1995,9,3,12
1995,4,1,5
1995,4,2,6
1995,9,2,11
1995,7,0,7
1995,7,3,10
1995,7,6,13
1995,6,3,9
1995,6,0,6
1995,5,4,9
1995,8,2,10
1995,3,2,5
1995,9,1,10
1995,7,4,11
1995,4,3,7
1995,2,1,3
1995,9,8,17
1995,9,8,17
1995,5,11,16
1995,8,5,13
1995,4,0,4
1995,8,7,15
1995,4,3,7
1995,7,2,9
1995,4,2,6
1995,7,6,13
1995,4,1,5
1995,4,1,5
1995,6,5,11
1995,7,2,9
1995,5,2,7
1995,5,4,9
1995,1,0,1
1995,7,6,13
1995,7,3,10
1995,7,0,7
1995,8,7,15
1995,8,2,10
1995,4,11,15
1995,4,13,17
1995,6,4,10
1995,6,2,8
1995,5,1,6
1995,8,13,21
1995,9,1,10
1995,7,2,9
1995,4,3,7
1995,7,2,9
1995,3,1,4
1995,9,5,14
1995,5,3,8
1995,8,5,13
1995,5,4,9
1995,9,2,11
1995,7,6,13
1995,3,0,3
1995,9,15,24
1995,3,2,5
1995,5,2,7
1995,7,5,12
1995,5,4,9
1995,6,4,10
1995,6,13,19
1995,5,2,7
1995,6,1,7
1995,5,1,6
1995,5,1,6
1995,2,1,3
1995,3,0,3
1995,3,1,4
1995,9,3,12
1995,7,6,13
1995,4,3,7
1995,7,2,9
1995,8,3,11
1995,8,5,13
1995,3,1,4
1995,4,13,17
1995,6,3,9
1995,8,5,13
1995,1,1,2
1995,8,6,14
1995,6,10,16
1995,8,10,18
1995,3,2,5
1995,5,4,9
1995,4,1,5
1995,3,12,15
1995,7,5,12
1995,7,5,12
1995,4,13,17
1995,4,0,4
1995,7,0,7
1995,5,2,7
1995,9,4,13
1995,4,11,15
1995,5,1,6
1995,6,10,16
1995,12,10,22
1995,4,2,6
1995,3,2,5
1995,5,3,8
1995,5,3,8
1995,6,5,11
1995,7,6,13
1995,5,3,8
1995,4,3,7
1995,5,2,7
1995,2,1,3
1995,7,4,11
1995,3,1,4
1995,5,4,9
1995,5,14,19
1995,2,10,12
1995,4,3,7
1995,3,1,4
1995,7,3,10
1995,4,2,6
1995,4,11,15
1995,4,2,6
1995,5,2,7
1995,4,0,4
1995,8,4,12
1995,6,3,9
1995,8,6,14
1995,6,3,9
1995,3,10,13
1995,9,6,15
1995,5,13,18
1995,4,3,7
1995,5,2,7
1995,10,1,11
1995,12,1,13
1995,5,3,8
1995,6,3,9
1995,6,10,16
1995,8,3,11
1995,6,1,7
1995,7,0,7
1995,7,6,13
1995,4,3,7
1995,3,2,5
1995,8,7,15
1995,3,13,16
1995,4,2,6
1995,4,3,7
1995,5,4,9
1995,11,10,21
1995,7,6,13
1995,5,3,8
1995,7,4,11
1995,6,4,10
1995,5,3,8
1995,7,1,8
1995,7,2,9
1995,2,1,3
1995,8,3,11
1995,2,13,15
1995,6,11,17
1995,7,5,12
1995,8,5,13
1995,4,2,6
1995,3,2,5
1995,6,2,8
1995,4,11,15
1995,2,0,2
1995,6,10,16
1995,8,2,10
1995,6,4,10
1995,4,1,5
1995,9,7,16
1995,5,3,8
1995,8,10,18
1995,8,3,11
1995,6,5,11
1995,5,4,9
1995,3,11,14
1995,3,2,5
1995,6,4,10
1995,4,3,7
1995,8,3,11
1995,6,5,11
1995,6,5,11
1995,4,2,6
1995,6,3,9
1995,9,3,12
1995,4,0,4
1995,8,1,9
1995,7,6,13
1995,3,1,4
1995,8,6,14
1995,8,7,15
1995,7,3,10
1995,7,6,13
1995,5,3,8
1995,6,3,9
1995,4,2,6
1995,4,10,14
1995,4,3,7
1995,6,5,11
1995,1,0,1
1995,2,1,3
1995,6,4,10
1995,4,3,7
1995,4,1,5
1995,3,2,5
1995,6,2,8
1995,2,1,3
1995,5,4,9
1995,3,11,14
1995,8,2,10
1995,8,5,13
1995,5,4,9
1995,1,0,1
1995,9,4,13
1995,9,3,12
1995,2,1,3
1995,6,4,10
1995,5,11,16
1995,6,14,20
1995,9,2,11
1995,4,3,7
1995,4,0,4
1995,6,0,6
1995,4,3,7
1995,3,2,5
1995,6,13,19
1995,5,3,8
1995,8,3,11
1995,9,10,19
1995,3,2,5
1995,6,5,11
1995,6,2,8
1995,6,2,8
1995,3,0,3
1995,7,4,11
1995,8,7,15
1995,2,0,2
1995,5,4,9
1995,4,2,6
1995,4,0,4
1995,4,2,6
1995,5,3,8
1995,2,1,3
1995,6,1,7
1995,5,3,8
1995,5,1,6
1995,7,1,8
1995,18,11,29
1995,8,3,11
1995,8,0,8
1995,3,1,4
1995,3,2,5
1995,5,4,9
1995,8,3,11
1995,7,4,11
1995,4,11,15
1995,2,1,3
1995,7,1,8
1995,5,2,7
1995,3,2,5
1995,7,6,13
1995,3,11,14
1995,6,3,9
1995,6,4,10
1995,3,2,5
1995,4,1,5
1995,5,1,6
1995,4,3,7
1995,12,10,22
1995,7,2,9
1995,4,3,7
1995,4,3,7
1995,6,5,11
1995,9,6,15
1995,3,13,16
1995,5,2,7
1995,7,5,12
1995,4,3,7
1995,7,5,12
1995,4,3,7
1995,8,6,14
1995,7,5,12
1995,1,0,1
1995,5,4,9
1995,5,2,7
1995,6,2,8
1995,6,12,18
1995,7,10,17
1995,5,0,5
1995,7,6,13
1995,5,2,7
1995,5,4,9
1995,4,3,7
1995,3,11,14
1995,4,2,6
1995,5,4,9
1995,8,2,10
1995,7,10,17
1995,9,0,9
1995,3,2,5
1995,6,4,10
1995,9,4,13
1995,2,10,12
1995,5,4,9
1995,5,3,8
1995,7,2,9
1995,3,0,3
1995,2,1,3
1995,4,12,16
1995,6,4,10
1995,1,0,1
1995,3,13,16
1995,14,12,26
1995,4,1,5
1995,4,12,16
1995,4,3,7
1995,7,2,9
1995,9,8,17
1995,6,5,11
1995,5,4,9
1995,15,1,16
1995,5,3,8
1995,7,1,8
1995,6,5,11
1995,5,3,8
1995,7,11,18
1995,7,3,10
1995,7,1,8
1995,8,13,21
1995,9,6,15
1995,6,3,9
1995,9,15,24
1995,3,1,4
1995,3,0,3
1995,1,0,1
1995,9,3,12
1995,3,2,5
1995,5,2,7
1995,6,1,7
1995,2,1,3
1995,5,1,6
1995,8,16,24
1995,6,5,11
1995,11,1,12
1995,6,2,8
1995,7,3,10
1995,8,15,23
1995,6,3,9
1995,3,1,4
1995,4,3,7
1995,6,4,10
1995,9,2,11
1995,9,6,15
1995,5,1,6
1995,3,0,3
1995,5,2,7
1995,6,4,10
1995,3,1,4
1995,5,4,9
1995,5,4,9
1995,5,1,6
1995,3,1,4
1995,5,4,9
1995,6,0,6
1995,4,0,4
1995,4,3,7
1995,6,5,11
1995,5,3,8
1995,4,11,15
1995,12,10,22
1995,9,10,19
1995,9,5,14
1995,4,1,5
1995,9,3,12
1995,9,5,14
1995,2,1,3
1995,6,5,11
1995,9,1,10
1995,4,2,6
1995,7,12,19
1995,6,3,9
1995,7,2,9
1995,4,0,4
1995,8,11,19
1995,4,3,7
1995,5,13,18
1995,2,1,3
1995,11,1,12
1995,3,2,5
1995,5,12,17
1995,3,2,5
1995,6,2,8
1995,5,0,5
1995,2,1,3
1995,8,4,12
1995,9,10,19
1995,5,2,7
1995,5,1,6
1995,8,7,15
1995,7,2,9
1995,5,3,8
1995,5,4,9
1995,5,13,18
1995,6,2,8
1995,7,5,12
1995,2,1,3
1995,3,2,5
1995,5,4,9
1995,8,5,13
1995,5,4,9
1995,6,5,11
1995,3,0,3
1995,5,2,7
1995,6,2,8
1995,5,14,19
1995,4,16,20
1995,7,0,7
1995,8,2,10
1995,7,3,10
1995,3,1,4
1995,7,2,9
1995,11,10,21
1995,8,2,10
1995,6,4,10
1995,3,2,5
1995,4,3,7
1995,6,5,11
1995,4,0,4
1995,6,3,9
1995,3,2,5
1995,3,2,5
1995,8,7,15
1995,6,4,10
1995,5,3,8
1995,6,3,9
1995,4,1,5
1995,8,3,11
1995,2,1,3
1995,4,1,5
1995,3,2,5
1995,6,3,9
1995,6,1,7
1995,4,3,7
1995,9,6,15
1995,9,3,12
1995,11,10,21
1995,4,0,4
1995,5,13,18
1995,5,4,9
1995,3,2,5
1995,6,2,8
1995,5,1,6
1995,6,5,11
1995,4,1,5
1995,4,1,5
1995,8,3,11
1995,9,2,11
1995,7,3,10
1995,3,11,14
1995,5,11,16
1995,3,2,5
1995,7,4,11
1995,7,5,12
1995,7,6,13
1995,3,1,4
1995,6,0,6
1995,4,2,6
1995,3,2,5
1995,8,5,13
1995,8,5,13
1995,7,4,11
1995,9,2,11
1995,6,4,10
1995,7,4,11
1995,5,4,9
1995,8,4,12
1995,6,1,7
1995,6,4,10
1995,1,0,1
1995,2,0,2
1995,2,1,3
1995,6,15,21
1995,3,2,5
1995,4,3,7
1995,2,1,3
1995,6,2,8
1995,7,3,10
1995,5,12,17
1995,3,0,3
1995,3,2,5
1995,3,2,5
1995,7,3,10
1995,3,1,4
1995,8,3,11
1995,7,5,12
1995,7,26,33
1995,3,1,4
1995,7,3,10
1995,3,2,5
1995,8,4,12
1995,8,16,24
1995,7,13,20
1995,7,6,13
1995,9,3,12
1995,4,3,7
1995,3,10,13
1995,5,3,8
1995,9,6,15
1995,8,0,8
1995,4,3,7
1995,6,5,11
1995,9,5,14
1995,9,5,14
1995,2,1,3
1995,6,12,18
1995,6,4,10
1995,5,10,15
1995,4,3,7
1995,5,4,9
1995,5,4,9
1995,5,10,15
1995,6,4,10
1995,4,11,15
1995,8,5,13
1995,4,2,6
1995,8,7,15
1995,3,0,3
1995,5,3,8
1995,6,3,9
1995,8,7,15
1995,3,2,5
1995,7,6,13
1995,1,0,1
1995,4,3,7
1995,6,4,10
1995,7,3,10
1995,5,4,9
1995,3,1,4
1995,9,18,27
1995,7,2,9
1995,5,4,9
1995,4,13,17
1995,3,1,4
1995,5,3,8
1995,6,0,6
1995,8,6,14
1995,5,12,17
1995,7,3,10
1995,6,4,10
1995,8,6,14
1995,10,1,11
1995,7,15,22
1995,6,4,10
1995,8,1,9
1995,7,4,11
1995,5,1,6
1995,6,2,8
1995,5,3,8
1995,2,1,3
1995,7,3,10
1995,9,4,13
1995,5,4,9
1995,6,5,11
1995,2,10,12
1995,9,5,14
1995,7,5,12
1995,6,2,8
1995,5,0,5
1995,3,2,5
1995,2,1,3
1995,8,12,20
1995,7,1,8
1995,3,1,4
1995,9,1,10
1995,6,5,11
1995,6,4,10
1995,6,2,8
1995,8,6,14
1995,5,3,8
1995,5,3,8
1995,5,3,8
1995,5,4,9
1995,6,13,19
1995,7,6,13
1995,9,7,16
1995,6,5,11
1995,2,11,13
1995,7,3,10
1995,6,5,11
1995,8,3,11
1995,5,4,9
1995,9,4,13
1995,6,3,9
1995,12,1,13
1995,5,10,15
1995,6,1,7
1995,4,17,21
1995,3,19,22
1995,7,4,11
1995,8,7,15
1995,5,2,7
1995,7,2,9
1995,6,2,8
1995,5,4,9
1995,6,2,8
1995,3,10,13
1995,7,6,13
1995,2,1,3
1995,7,6,13
1995,4,11,15
1995,9,4,13
1995,7,6,13
1995,7,0,7
1995,3,2,5
1995,4,0,4
1995,3,1,4
1995,9,2,11
1995,5,10,15
1995,2,10,12
1995,5,2,7
1995,7,14,21
1995,1,0,1
1995,4,1,5
1995,4,1,5
1995,9,1,10
1995,10,1,11
1995,5,2,7
1995,2,1,3
1995,6,5,11
1995,7,5,12
1995,5,2,7
1995,9,1,10
1995,6,4,10
1995,4,3,7
1995,4,3,7
1995,6,3,9
1995,9,11,20
1995,3,1,4
1995,6,4,10
1995,7,5,12
1995,4,1,5
1995,4,1,5
1995,6,10,16
1995,7,1,8
1995,4,3,7
1995,2,0,2
1995,4,12,16
1995,4,0,4
1995,2,1,3
1995,6,4,10
1995,2,0,2
1995,7,2,9
1995,7,6,13
1995,7,10,17
1995,4,3,7
1995,4,3,7
1995,4,1,5
1995,2,1,3
1995,8,1,9
1995,6,2,8
1995,4,1,5
1995,6,0,6
1995,3,2,5
1995,4,1,5
1995,5,2,7
1995,8,7,15
1995,2,11,13
1995,9,0,9
1995,6,4,10
1995,6,4,10
1995,3,12,15
1995,7,6,13
1995,6,5,11
1995,6,11,17
1995,5,4,9
1995,6,0,6
1995,7,5,12
1995,4,3,7
1995,3,11,14
1995,5,3,8
1995,7,1,8
1995,4,14,18
1995,7,3,10
1995,6,5,11
1995,9,5,14
1995,8,7,15
1995,6,3,9
1995,6,5,11
1995,5,4,9
1995,5,2,7
1995,6,4,10
1995,3,2,5
1995,5,4,9
1995,4,10,14
1995,8,11,19
1995,3,2,5
1995,8,10,18
1995,9,8,17
1995,6,5,11
1995,5,0,5
1995,6,5,11
1995,5,3,8
1995,6,1,7
1995,4,1,5
1995,2,0,2
1995,9,6,15
1995,8,1,9
1995,6,5,11
1995,7,3,10
1995,9,8,17
1995,8,7,15
1995,6,3,9
1995,7,6,13
1995,9,10,19
1995,3,2,5
1995,6,11,17
1995,5,4,9
1995,8,5,13
1995,6,5,11
1995,5,3,8
1995,2,0,2
1995,3,2,5
1995,7,3,10
1995,6,1,7
1995,6,1,7
1995,9,7,16
1995,5,1,6
1995,9,6,15
1995,3,13,16
1995,2,1,3
1995,2,1,3
1995,3,14,17
1995,1,0,1
1995,8,0,8
1995,7,4,11
1995,10,1,11
1995,9,8,17
1995,2,1,3
1995,7,3,10
1995,6,4,10
1995,6,5,11
1995,4,0,4
1995,9,6,15
1995,2,1,3
1995,6,1,7
1995,4,2,6
1995,8,2,10
1995,4,10,14
1995,2,1,3
1995,7,3,10
1995,6,2,8
1995,1,0,1
1995,2,12,14
1995,9,1,10
1995,4,3,7
1995,6,5,11
1995,8,2,10
1995,7,5,12
1995,4,1,5
1995,5,1,6
1995,5,2,7
1995,2,0,2
1995,9,3,12
1995,7,3,10
1995,3,2,5
1995,5,10,15
1995,6,5,11
1995,10,1,11
1995,5,0,5
1995,8,4,12
1995,7,3,10
1995,3,12,15
1995,8,2,10
1995,4,1,5
1995,5,2,7
1995,9,5,14
1995,6,5,11
1995,8,3,11
1995,2,1,3
1995,6,2,8
1995,9,5,14
1995,4,10,14
1995,6,5,11
1995,9,1,10
1995,8,2,10
1995,6,4,10
1995,2,11,13
1995,6,2,8
1995,7,5,12
1995,5,2,7
1995,9,8,17
1995,8,7,15
1995,5,3,8
1995,5,4,9
1995,5,4,9
1995,5,2,7
1995,6,2,8
1995,9,3,12
1995,5,3,8
1995,5,4,9
1995,5,4,9
1995,5,4,9
1995,5,2,7
1995,7,10,17
1995,4,1,5
1995,12,1,13
1995,2,1,3
1995,4,0,4
1995,5,4,9
1995,5,0,5
1995,7,5,12
1995,12,10,22
1995,4,13,17
1995,3,2,5
1995,6,5,11
1995,3,1,4
1995,7,1,8
1995,5,4,9
1995,9,2,11
1995,2,12,14
1995,5,1,6
1995,8,2,10
1995,8,6,14
1995,3,1,4
1995,5,1,6
1995,3,14,17
1995,4,10,14
1995,6,5,11
1995,2,0,2
1995,6,1,7
1995,7,6,13
1995,6,0,6
1995,5,0,5
1995,9,7,16
1995,5,3,8
1995,5,4,9
1995,5,10,15
1995,6,5,11
1995,8,7,15
1995,7,4,11
1995,8,4,12
1995,3,2,5
1995,5,4,9
1995,8,1,9
1995,5,3,8
1995,6,3,9
1995,4,2,6
1995,5,4,9
1995,7,2,9
1995,6,1,7
1995,8,1,9
1995,5,0,5
1995,3,2,5
1995,3,1,4
1995,6,3,9
1995,6,3,9
1995,3,2,5
1995,7,3,10
1995,4,1,5
1995,6,5,11
1995,4,2,6
1995,6,2,8
1995,7,6,13
1995,5,1,6
1995,6,5,11
1995,7,6,13
1995,5,3,8
1995,6,1,7
1995,6,5,11
1995,8,7,15
1995,7,3,10
1995,7,4,11
1995,8,10,18
1995,6,1,7
1995,2,10,12
1995,4,12,16
1995,5,4,9
1995,5,4,9
1995,2,0,2
1995,8,10,18
1995,2,1,3
1995,4,1,5
1995,9,6,15
1995,17,0,17
1995,5,0,5
1995,5,3,8
1995,8,2,10
1995,4,1,5
1995,5,4,9
1995,3,11,14
1995,8,0,8
1995,5,0,5
1995,7,1,8
1995,6,1,7
1995,11,1,12
1995,7,4,11
1995,6,2,8
1995,3,1,4
1995,7,16,23
1995,4,10,14
1995,9,2,11
1995,4,0,4
1995,13,10,23
1995,4,2,6
1995,5,1,6
1995,8,1,9
1995,3,10,13
1995,5,3,8
1995,8,2,10
1995,4,1,5
1995,7,4,11
1995,7,6,13
1995,7,3,10
1995,7,2,9
1995,5,3,8
1995,3,2,5
1995,5,4,9
1995,12,1,13
1995,4,15,19
1995,5,4,9
1995,8,4,12
1995,3,2,5
1995,4,3,7
1995,5,2,7
1995,6,3,9
1995,4,0,4
1995,5,4,9
1995,4,2,6
1995,2,1,3
1995,9,6,15
1995,2,1,3
1995,9,3,12
1995,2,10,12
1995,3,11,14
1995,3,0,3
1995,5,1,6
1995,4,3,7
1995,13,1,14
1995,5,2,7
1995,5,1,6
1995,6,4,10
1995,3,1,4
1995,5,3,8
1995,5,1,6
1995,6,3,9
1995,3,0,3
1995,3,0,3
1995,5,3,8
1995,6,5,11
1995,3,10,13
1995,5,4,9
1995,3,2,5
1995,7,10,17
1995,6,1,7
1995,8,3,11
1995,5,2,7
1995,5,0,5
1995,8,6,14
1995,8,5,13
1995,4,3,7
1995,7,3,10
1995,7,3,10
1995,4,2,6
1995,9,3,12
1995,4,14,18
1995,5,2,7
1995,3,1,4
1995,3,2,5
1995,7,0,7
1995,2,0,2
1995,5,1,6
1995,5,4,9
1995,2,1,3
1995,3,2,5
1995,4,3,7
1995,1,0,1
1995,4,2,6
1995,6,2,8
1995,5,1,6
1995,4,3,7
1995,8,3,11
1995,6,4,10
1995,9,8,17
1995,3,1,4
1995,5,0,5
1995,7,4,11
1995,7,0,7
1995,9,0,9
1995,5,10,15
1995,4,3,7
1995,6,1,7
1995,2,1,3
1995,7,4,11
1995,5,1,6
1995,3,2,5
1995,5,4,9
1995,2,0,2
1995,7,0,7
1995,7,3,10
1995,5,4,9
1995,4,13,17
1995,5,1,6
1995,2,10,12
1995,6,3,9
1995,7,6,13
1995,5,0,5
1995,7,5,12
1995,5,3,8
1995,9,3,12
1995,6,3,9
1995,6,0,6
1995,7,4,11
1995,6,3,9
1995,9,6,15
1995,5,4,9
1995,9,2,11
1995,6,0,6
1995,2,0,2
1995,4,2,6
1995,2,11,13
1995,7,0,7
1995,4,1,5
1995,12,11,23
1995,4,12,16
1995,4,0,4
1995,6,11,17
1995,4,12,16
1995,9,7,16
1995,6,2,8
1995,6,0,6
1995,9,6,15
1995,4,3,7
1995,4,3,7
1995,9,2,11
1995,7,10,17
1995,5,2,7
1995,9,11,20
1995,9,14,23
1995,6,3,9
1995,6,5,11
1995,3,2,5
1995,4,3,7
1995,4,3,7
1995,12,0,12
1995,9,3,12
1995,7,6,13
1995,9,8,17
1995,3,2,5
1995,9,3,12
1995,3,2,5
1995,9,1,10
1995,6,1,7
1995,8,4,12
1995,7,2,9
1995,5,1,6
1995,9,2,11
1995,6,1,7
1995,4,0,4
1995,8,2,10
1995,2,1,3
1995,8,7,15
1995,7,17,24
1995,9,10,19
1995,8,2,10
1995,8,1,9
1995,5,1,6
1995,1,0,1
1995,4,1,5
1995,4,10,14
1995,9,3,12
1995,6,1,7
1995,9,1,10
1995,5,4,9
1995,5,4,9
1995,7,2,9
1995,9,6,15
1995,4,0,4
1995,7,4,11
1995,5,4,9
1995,7,5,12
1995,7,5,12
1995,8,2,10
1995,10,1,11
1995,7,4,11
1995,4,10,14
1995,8,11,19
1995,6,5,11
1995,2,1,3
1995,3,2,5
1995,6,2,8
1995,5,2,7
1995,5,2,7
1995,5,2,7
1995,6,0,6
1995,7,0,7
1995,3,2,5
1995,4,0,4
1995,3,2,5
1995,4,3,7
1995,7,6,13
1995,5,2,7
1995,5,4,9
1995,1,0,1
1996,3,2,5
1996,8,10,18
1996,5,4,9
1996,4,0,4
1996,4,3,7
1996,8,6,14
1996,7,6,13
1996,9,6,15
1996,5,3,8
1996,4,2,6
1996,9,15,24
1996,4,1,5
1996,7,1,8
1996,4,1,5
1996,5,4,9
1996,6,10,16
1996,5,3,8
1996,3,2,5
1996,2,15,17
1996,7,1,8
1996,3,2,5
1996,7,5,12
1996,8,4,12
1996,5,1,6
1996,5,2,7
1996,7,16,23
1996,5,3,8
1996,4,10,14
1996,3,1,4
1996,4,2,6
1996,7,2,9
1996,7,1,8
1996,5,3,8
1996,9,4,13
1996,2,10,12
1996,6,2,8
1996,9,10,19
1996,9,10,19
1996,7,4,11
1996,2,13,15
1996,5,4,9
1996,7,6,13
1996,11,1,12
1996,7,1,8
1996,7,1,8
1996,4,10,14
1996,5,4,9
1996,2,1,3
1996,6,4,10
1996,7,5,12
1996,2,13,15
1996,6,5,11
1996,6,10,16
1996,3,2,5
1996,8,4,12
1996,3,1,4
1996,5,3,8
1996,1,0,1
1996,8,4,12
1996,7,3,10
1996,8,3,11
1996,5,4,9
1996,5,0,5
1996,6,1,7
1996,8,4,12
1996,8,5,13
1996,4,2,6
1996,3,13,16
1996,6,5,11
1996,5,4,9
1996,8,3,11
1996,7,14,21
1996,2,17,19
1996,3,1,4
1996,4,2,6
1996,9,1,10
1996,7,6,13
1996,3,1,4
1996,7,2,9
1996,4,1,5
1996,7,6,13
1996,9,6,15
1996,6,2,8
1996,1,0,1
1996,6,3,9
1996,9,2,11
1996,4,3,7
1996,9,1,10
1996,3,2,5
1996,5,12,17
1996,9,10,19
1996,3,1,4
1996,3,1,4
1996,4,10,14
1996,7,3,10
1996,5,2,7
1996,5,0,5
1996,3,2,5
1996,9,7,16
1996,9,10,19
1996,7,3,10
1996,5,11,16
1996,9,2,11
1996,7,6,13
1996,3,0,3
1996,4,1,5
1996,2,1,3
1996,4,14,18
1996,6,5,11
1996,8,5,13
1996,9,4,13
1996,7,3,10
1996,9,1,10
1996,5,0,5
1996,11,0,11
1996,5,3,8
1996,6,5,11
1996,2,1,3
1996,2,1,3
1996,7,4,11
1996,3,2,5
1996,3,1,4
1996,7,2,9
1996,8,10,18
1996,6,5,11
1996,5,4,9
1996,3,1,4
1996,4,1,5
1996,4,3,7
1996,3,13,16
1996,5,3,8
1996,4,1,5
1996,6,1,7
1996,9,6,15
1996,7,6,13
1996,2,14,16
1996,6,5,11
1996,9,5,14
1996,3,1,4
1996,3,2,5
1996,6,10,16
1996,9,3,12
1996,6,2,8
1996,3,2,5
1996,4,2,6
1996,3,14,17
1996,4,1,5
1996,7,6,13
1996,5,10,15
1996,5,3,8
1996,9,8,17
1996,4,10,14
1996,5,4,9
1996,6,1,7
1996,5,2,7
1996,3,12,15
1996,5,2,7
1996,4,0,4
1996,6,2,8
1996,6,5,11
1996,9,4,13
1996,8,0,8
1996,3,2,5
1996,9,11,20
1996,11,10,21
1996,11,10,21
1996,6,4,10
1996,8,3,11
1996,8,2,10
1996,5,2,7
1996,6,1,7
1996,6,3,9
1996,6,10,16
1996,6,5,11
1996,6,3,9
1996,7,2,9
1996,7,6,13
1996,9,6,15
1996,5,3,8
1996,5,3,8
1996,3,13,16
1996,5,3,8
1996,8,13,21
1996,4,2,6
1996,6,5,11
1996,5,1,6
1996,8,6,14
1996,6,11,17
1996,3,1,4
1996,8,4,12
1996,9,8,17
1996,9,3,12
1996,7,5,12
1996,8,3,11
1996,2,11,13
1996,6,1,7
1996,12,1,13
1996,5,3,8
1996,7,10,17
1996,9,6,15
1996,7,6,13
1996,8,2,10
1996,9,8,17
1996,3,11,14
1996,6,2,8
1996,7,1,8
1996,4,3,7
1996,6,10,16
1996,9,4,13
1996,5,0,5
1996,5,13,18
1996,8,2,10
1996,7,1,8
1996,2,1,3
1996,5,3,8
1996,4,3,7
1996,1,0,1
1996,4,10,14
1996,7,26,33
1996,6,5,11
1996,2,1,3
1996,8,4,12
1996,2,1,3
1996,7,4,11
1996,6,1,7
1996,4,12,16
1996,7,6,13
1996,2,11,13
1996,4,3,7
1996,8,3,11
1996,1,0,1
1996,3,1,4
1996,8,3,11
1996,2,1,3
1996,6,5,11
1996,7,6,13
1996,7,11,18
1996,5,4,9
1996,7,5,12
1996,5,4,9
1996,9,5,14
1996,9,4,13
1996,6,4,10
1996,6,5,11
1996,4,2,6
1996,9,5,14
1996,9,6,15
1996,4,1,5
1996,6,5,11
1996,4,2,6
1996,6,3,9
1996,5,3,8
1996,6,2,8
1996,4,1,5
1996,8,0,8
1996,5,1,6
1996,6,2,8
1996,9,3,12
1996,7,16,23
1996,8,11,19
1996,4,12,16
1996,3,2,5
1996,4,3,7
1996,9,8,17
1996,7,2,9
1996,5,2,7
1996,8,6,14
1996,12,11,23
1996,8,6,14
1996,9,6,15
1996,6,2,8
1996,8,4,12
1996,6,5,11
1996,9,11,20
1996,2,1,3
1996,8,10,18
1996,24,11,35
1996,8,11,19
1996,5,2,7
1996,4,3,7
1996,7,6,13
1996,8,10,18
1996,6,3,9
1996,5,4,9
1996,8,3,11
1996,9,4,13
1996,7,6,13
1996,8,3,11
1996,4,3,7
1996,7,1,8
1996,11,1,12
1996,3,2,5
1996,6,4,10
1996,6,5,11
1996,8,4,12
1996,4,3,7
1996,4,1,5
1996,8,3,11
1996,8,0,8
1996,9,3,12
1996,4,3,7
1996,5,4,9
1996,4,3,7
1996,2,0,2
1996,6,2,8
1996,5,14,19
1996,1,0,1
1996,6,5,11
1996,5,4,9
1996,6,10,16
1996,3,2,5
1996,3,0,3
1996,6,1,7
1996,6,3,9
1996,4,2,6
1996,10,0,10
1996,2,1,3
1996,3,2,5
1996,6,5,11
1996,4,1,5
1996,4,3,7
1996,6,5,11
1996,8,6,14
1996,7,4,11
1996,6,0,6
1996,6,3,9
1996,7,2,9
1996,6,11,17
1996,5,4,9
1996,9,7,16
1996,10,1,11
1996,9,21,30
1996,6,3,9
1996,3,0,3
1996,9,16,25
1996,6,3,9
1996,7,5,12
1996,3,2,5
1996,4,10,14
1996,3,17,20
1996,8,7,15
1996,4,3,7
1996,4,10,14
1996,6,11,17
1996,3,2,5
1996,2,0,2
1996,4,1,5
1996,13,10,23
1996,4,13,17
1996,7,6,13
1996,7,10,17
1996,5,3,8
1996,7,2,9
1996,7,5,12
1996,7,4,11
1996,7,16,23
1996,7,3,10
1996,9,4,13
1996,8,0,8
1996,9,8,17
1996,6,11,17
1996,5,1,6
1996,9,3,12
1996,4,3,7
1996,9,5,14
1996,6,5,11
1996,3,0,3
1996,4,1,5
1996,6,5,11
1996,4,0,4
1996,6,0,6
1996,6,4,10
1996,9,4,13
1996,5,4,9
1996,9,3,12
1996,5,2,7
1996,2,0,2
1996,5,1,6
1996,3,1,4
1996,6,4,10
1996,7,5,12
1996,6,3,9
1996,8,2,10
1996,8,7,15
1996,4,1,5
1996,4,2,6
1996,9,5,14
1996,11,0,11
1996,4,1,5
1996,3,1,4
1996,2,0,2
1996,10,1,11
1996,3,1,4
1996,5,2,7
1996,5,3,8
1996,6,3,9
1996,5,10,15
1996,8,4,12
1996,5,2,7
1996,7,3,10
1996,5,17,22
1996,3,1,4
1996,2,1,3
1996,5,2,7
1996,5,11,16
1996,7,2,9
1996,4,3,7
1996,5,1,6
1996,9,7,16
1996,8,11,19
1996,13,1,14
1996,4,11,15
1996,5,1,6
1996,5,4,9
1996,5,4,9
1996,3,2,5
1996,5,0,5
1996,2,0,2
1996,7,1,8
1996,4,2,6
1996,4,10,14
1996,2,0,2
1996,6,12,18
1996,4,1,5
1996,9,4,13
1996,4,1,5
1996,6,2,8
1996,5,10,15
1996,5,3,8
1996,5,11,16
1996,8,4,12
1996,5,4,9
1996,6,5,11
1996,5,3,8
1996,3,2,5
1996,3,2,5
1996,3,2,5
1996,4,2,6
1996,8,3,11
1996,5,12,17
1996,8,4,12
1996,7,5,12
1996,2,0,2
1996,4,2,6
1996,5,1,6
1996,5,1,6
1996,3,1,4
1996,2,11,13
1996,5,0,5
1996,6,3,9
1996,4,2,6
1996,3,10,13
1996,7,3,10
1996,2,1,3
1996,5,4,9
1996,4,3,7
1996,7,5,12
1996,7,10,17
1996,4,2,6
1996,8,2,10
1996,6,4,10
1996,6,2,8
1996,2,17,19
1996,4,11,15
1996,4,2,6
1996,7,1,8
1996,8,16,24
1996,5,2,7
1996,8,13,21
1996,5,2,7
1996,8,6,14
1996,4,2,6
1996,7,10,17
1996,5,2,7
1996,2,0,2
1996,5,15,20
1996,11,0,11
1996,5,4,9
1996,14,10,24
1996,3,2,5
1996,6,2,8
1996,6,5,11
1996,6,5,11
1996,7,5,12
1996,1,0,1
1996,11,0,11
1996,5,3,8
1996,9,10,19
1996,7,6,13
1996,5,12,17
1996,3,11,14
1996,7,12,19
1996,11,1,12
1996,4,2,6
1996,7,11,18
1996,9,8,17
1996,4,1,5
1996,9,8,17
1996,5,0,5
1996,7,5,12
1996,6,4,10
1996,7,6,13
1996,3,0,3
1996,8,3,11
1996,6,0,6
1996,7,2,9
1996,8,5,13
1996,6,5,11
1996,5,3,8
1996,8,7,15
1996,9,3,12
1996,6,0,6
1996,5,2,7
1996,3,2,5
1996,6,2,8
1996,4,3,7
1996,2,1,3
1996,5,2,7
1996,7,6,13
1996,7,3,10
1996,4,3,7
1996,6,3,9
1996,5,3,8
1996,5,1,6
1996,5,11,16
1996,2,1,3
1996,4,2,6
1996,2,0,2
1996,9,1,10
1996,7,0,7
1996,9,4,13
1996,10,0,10
1996,3,0,3
1996,6,17,23
1996,7,5,12
1996,5,2,7
1996,6,0,6
1996,7,2,9
1996,8,20,28
1996,2,1,3
1996,5,10,15
1996,7,6,13
1996,4,3,7
1996,3,1,4
1996,13,1,14
1996,8,3,11
1996,8,2,10
1996,3,2,5
1996,4,1,5
1996,6,3,9
1996,8,2,10
1996,14,13,27
1996,5,3,8
1996,3,1,4
1996,12,10,22
1996,12,11,23
1996,6,11,17
1996,4,2,6
1996,4,2,6
1996,6,3,9
1996,12,1,13
1996,8,5,13
1996,2,1,3
1996,2,1,3
1996,7,3,10
1996,6,5,11
1996,3,2,5
1996,6,3,9
1996,9,8,17
1996,4,16,20
1996,2,1,3
1996,6,2,8
1996,7,2,9
1996,7,3,10
1996,7,3,10
1996,3,2,5
1996,5,14,19
1996,9,5,14
1996,8,7,15
1996,2,12,14
1996,8,7,15
1996,8,5,13
1996,3,10,13
1996,3,14,17
1996,4,3,7
1996,3,2,5
1996,5,4,9
1996,4,2,6
1996,10,1,11
1996,4,3,7
1996,1,0,1
1996,6,2,8
1996,18,1,19
1996,13,1,14
1996,4,16,20
1996,5,3,8
1996,7,10,17
1996,5,3,8
1996,5,4,9
1996,7,1,8
1996,3,2,5
1996,9,6,15
1996,4,2,6
1996,5,2,7
1996,7,13,20
1996,2,1,3
1996,3,2,5
1996,6,5,11
1996,12,10,22
1996,7,1,8
1996,8,2,10
1996,6,4,10
1996,4,3,7
1996,7,3,10
1996,5,4,9
1996,8,5,13
1996,9,4,13
1996,5,10,15
1996,6,1,7
1996,2,1,3
1996,4,1,5
1996,8,10,18
1996,6,3,9
1996,6,4,10
1996,5,2,7
1996,3,2,5
1996,6,5,11
1996,5,1,6
1996,5,2,7
1996,4,3,7
1996,4,11,15
1996,5,1,6
1996,7,5,12
1996,4,2,6
1996,4,3,7
1996,7,5,12
1996,5,4,9
1996,5,4,9
1996,3,1,4
1996,4,3,7
1996,9,11,20
1996,6,3,9
1996,4,2,6
1996,8,7,15
1996,8,0,8
1996,5,4,9
1996,13,1,14
1996,5,3,8
1996,4,10,14
1996,5,1,6
1996,4,0,4
1996,6,3,9
1996,3,10,13
1996,9,7,16
1996,7,5,12
1996,7,6,13
1996,5,0,5
1996,5,2,7
1996,2,1,3
1996,5,3,8
1996,7,2,9
1996,6,2,8
1996,5,4,9
1996,3,2,5
1996,6,4,10
1996,6,1,7
1996,2,12,14
1996,12,1,13
1996,5,0,5
1996,8,2,10
1996,7,2,9
1996,6,4,10
1996,4,3,7
1996,1,0,1
1996,6,3,9
1996,4,3,7
1996,10,1,11
1996,9,3,12
1996,5,16,21
1996,9,1,10
1996,6,2,8
1996,5,4,9
1996,4,3,7
1996,3,10,13
1996,5,3,8
1996,5,2,7
1996,3,2,5
1996,5,4,9
1996,1,0,1
1996,6,2,8
1996,7,3,10
1996,3,2,5
1996,4,0,4
1996,6,2,8
1996,9,3,12
1996,6,5,11
1996,8,12,20
1996,6,5,11
1996,3,11,14
1996,8,5,13
1996,4,0,4
1996,2,0,2
1996,5,4,9
1996,8,7,15
1996,9,4,13
1996,4,2,6
1996,7,6,13
1996,3,2,5
1996,7,4,11
1996,9,8,17
1996,6,5,11
1996,5,4,9
1996,6,5,11
1996,8,2,10
1996,2,0,2
1996,1,0,1
1996,3,2,5
1996,10,1,11
1996,3,10,13
1996,9,0,9
1996,9,1,10
1996,2,1,3
1996,4,10,14
1996,7,4,11
1996,3,10,13
1996,4,1,5
1996,4,2,6
1996,8,4,12
1996,9,6,15
1996,6,4,10
1996,7,2,9
1996,4,2,6
1996,8,3,11
1996,3,2,5
1996,5,4,9
1996,2,1,3
1996,5,1,6
1996,4,3,7
1996,6,3,9
1996,8,3,11
1996,2,0,2
1996,6,5,11
1996,5,4,9
1996,9,5,14
1996,5,3,8
1996,14,1,15
1996,4,2,6
1996,5,13,18
1996,6,2,8
1996,3,2,5
1996,6,11,17
1996,8,1,9
1996,1,0,1
1996,4,11,15
1996,9,8,17
1996,5,2,7
1996,3,1,4
1996,2,0,2
1996,6,5,11
1996,7,5,12
1996,5,4,9
1996,4,3,7
1996,6,3,9
1996,9,6,15
1996,9,3,12
1996,2,1,3
1996,7,2,9
1996,3,0,3
1996,6,12,18
1996,7,10,17
1996,6,4,10
1996,3,12,15
1996,4,1,5
1996,7,10,17
1996,5,0,5
1996,8,16,24
1996,3,0,3
1996,6,2,8
1996,5,3,8
1996,5,4,9
1996,8,3,11
1996,5,11,16
1996,8,6,14
1996,6,4,10
1996,8,6,14
1996,9,6,15
1996,4,15,19
1996,5,13,18
1996,2,1,3
1996,4,1,5
1996,7,3,10
1996,6,4,10
1996,3,14,17
1996,7,12,19
1996,5,2,7
1996,6,4,10
1996,6,13,19
1996,7,4,11
1996,5,2,7
1996,7,14,21
1996,8,3,11
1996,8,1,9
1996,8,2,10
1996,7,10,17
1996,9,3,12
1996,4,3,7
1996,8,19,27
1996,6,5,11
1996,5,11,16
1996,9,5,14
1996,2,1,3
1996,6,4,10
1996,2,12,14
1996,10,0,10
1996,9,4,13
1996,7,10,17
1996,2,1,3
1996,3,2,5
1996,6,4,10
1996,5,0,5
1996,13,12,25
1996,9,7,16
1996,7,3,10
1996,8,12,20
1996,5,4,9
1996,4,2,6
1996,7,13,20
1996,7,6,13
1996,9,8,17
1996,4,1,5
1996,2,0,2
1996,9,12,21
1996,8,11,19
1996,4,2,6
1996,8,6,14
1996,8,3,11
1996,3,2,5
1996,2,1,3
1996,3,2,5
1996,3,2,5
1996,5,3,8
1996,3,0,3
1996,6,0,6
1996,9,0,9
1996,8,6,14
1996,8,2,10
1996,5,4,9
1996,9,10,19
1996,8,3,11
1996,7,5,12
1996,2,1,3
1996,6,13,19
1996,5,2,7
1996,8,3,11
1996,2,1,3
1996,6,3,9
1996,5,4,9
1996,8,3,11
1996,5,3,8
1996,9,2,11
1996,6,5,11
1996,7,5,12
1996,9,12,21
1996,9,11,20
1996,6,3,9
1996,8,18,26
1996,3,2,5
1996,4,3,7
1996,9,2,11
1996,4,1,5
1996,7,2,9
1996,4,14,18
1996,6,4,10
1996,3,2,5
1996,9,6,15
1996,8,0,8
1996,7,10,17
1996,4,3,7
1996,5,3,8
1996,8,0,8
1996,3,2,5
1996,4,3,7
1996,9,4,13
1996,6,13,19
1996,7,4,11
1996,6,3,9
1996,8,7,15
1996,6,4,10
1996,6,3,9
1996,4,1,5
1996,2,10,12
1996,3,16,19
1996,6,2,8
1996,4,3,7
1996,8,12,20
1996,2,1,3
1996,3,1,4
1996,4,3,7
1996,7,4,11
1996,5,1,6
1996,6,1,7
1996,6,10,16
1996,6,1,7
1996,6,2,8
1996,5,4,9
1996,4,3,7
1996,5,4,9
1996,4,1,5
1996,9,1,10
1996,4,13,17
1996,6,2,8
1996,3,13,16
1996,7,5,12
1996,2,1,3
1996,6,5,11
1996,4,2,6
1996,7,6,13
1996,9,12,21
1996,6,4,10
1996,3,10,13
1996,8,12,20
1996,8,6,14
1996,4,3,7
1996,4,2,6
1996,3,2,5
1996,9,10,19
1996,6,4,10
1996,8,4,12
1996,7,0,7
1996,3,11,14
1996,5,13,18
1996,9,10,19
1996,4,1,5
1996,5,4,9
1996,4,2,6
1996,7,6,13
1996,8,7,15
1996,5,4,9
1996,9,3,12
1996,1,1,2
1996,9,8,17
1996,5,3,8
1996,8,4,12
1996,5,4,9
1996,9,4,13
1996,6,3,9
1996,7,6,13
1996,1,0,1
1996,5,3,8
1996,7,0,7
1996,5,4,9
1996,9,6,15
1996,7,4,11
1996,9,7,16
1996,8,12,20
1996,8,5,13
1996,6,4,10
1996,9,1,10
1996,2,0,2
1996,3,11,14
1996,9,8,17
1996,3,2,5
1996,5,1,6
1996,3,2,5
1996,2,14,16
1996,4,3,7
1996,4,11,15
1996,7,6,13
1996,3,10,13
1996,7,10,17
1996,8,4,12
1996,6,5,11
1996,5,3,8
1996,9,2,11
1996,7,4,11
1996,3,2,5
1996,3,2,5
1996,8,5,13
1996,5,4,9
1996,7,3,10
1996,4,2,6
1996,3,10,13
1996,8,3,11
1996,5,3,8
1996,1,0,1
1996,3,2,5
1996,8,7,15
1996,9,3,12
1996,2,12,14
1996,8,7,15
1996,9,3,12
1996,2,0,2
1996,4,0,4
1996,3,11,14
1996,5,10,15
1996,4,3,7
1996,9,4,13
1996,7,5,12
1996,4,3,7
1996,2,1,3
1996,4,14,18
1996,6,0,6
1996,5,3,8
1996,4,2,6
1996,9,11,20
1996,6,0,6
1996,4,1,5
1996,3,0,3
1996,6,4,10
1996,9,4,13
1996,5,2,7
1996,8,4,12
1996,5,4,9
1996,9,6,15
1996,8,2,10
1996,1,0,1
1996,4,0,4
1996,7,6,13
1996,6,5,11
1996,8,10,18
1996,5,3,8
1996,4,3,7
1996,8,4,12
1996,3,2,5
1996,2,1,3
1996,5,4,9
1996,7,4,11
1996,5,4,9
1996,6,4,10
1996,9,2,11
1996,4,2,6
1996,6,4,10
1996,7,0,7
1996,2,1,3
1996,3,0,3
1996,3,11,14
1996,2,1,3
1996,4,2,6
1996,8,3,11
1996,4,3,7
1996,4,0,4
1996,3,2,5
1996,9,1,10
1996,3,1,4
1996,5,4,9
1996,5,3,8
1996,2,0,2
1996,6,1,7
1996,6,2,8
1996,8,2,10
1996,3,2,5
1996,8,10,18
1996,9,4,13
1996,5,2,7
1996,8,7,15
1996,7,11,18
1996,6,4,10
1996,4,2,6
1996,3,2,5
1996,7,3,10
1996,6,4,10
1996,2,1,3
1996,3,1,4
1996,9,5,14
1996,4,3,7
1996,6,5,11
1996,6,5,11
1996,3,0,3
1996,9,6,15
1996,2,18,20
1996,15,10,25
1996,13,1,14
1996,6,2,8
1996,3,2,5
1996,11,1,12
1996,9,1,10
1996,8,5,13
1996,6,3,9
1996,4,2,6
1996,7,4,11
1996,4,13,17
1996,2,0,2
1996,7,2,9
1996,6,2,8
1996,7,4,11
1996,7,3,10
1996,8,19,27
1996,6,1,7
1996,6,1,7
1996,5,1,6
1996,6,13,19
1996,9,11,20
1996,3,2,5
1996,9,5,14
1996,13,10,23
1996,5,3,8
1996,9,1,10
1996,7,12,19
1996,4,3,7
1996,1,0,1
1996,9,5,14
1996,7,6,13
1996,6,5,11
1996,7,4,11
1996,9,4,13
1996,1,0,1
1996,4,2,6
1996,6,0,6
1996,16,15,31
1996,5,4,9
1996,9,3,12
1996,5,2,7
1996,9,1,10
1996,6,5,11
1996,4,3,7
1996,7,4,11
1996,3,10,13
1996,2,15,17
1996,8,6,14
1996,7,10,17
1996,4,2,6
1996,2,0,2
1996,6,2,8
1996,7,2,9
1996,2,0,2
1996,6,4,10
1996,4,1,5
1996,2,10,12
1996,6,4,10
1996,9,6,15
1996,8,5,13
1996,7,4,11
1996,6,5,11
1996,7,4,11
1996,3,2,5
1996,2,1,3
1996,4,3,7
1996,5,1,6
1996,7,5,12
1996,3,2,5
1996,7,15,22
1996,7,3,10
1996,6,11,17
1996,5,1,6
1996,4,3,7
1996,8,2,10
1996,8,1,9
1996,6,5,11
1996,6,4,10
1996,8,5,13
1996,4,3,7
1996,3,1,4
1996,6,10,16
1996,3,2,5
1996,3,2,5
1996,4,3,7
1996,3,2,5
1996,4,0,4
1996,5,2,7
1996,5,2,7
1996,8,6,14
1996,2,1,3
1996,6,5,11
1996,6,1,7
1996,9,4,13
1996,5,3,8
1996,4,0,4
1996,4,1,5
1996,8,7,15
1996,8,5,13
1996,7,1,8
1996,8,4,12
1996,9,5,14
1996,7,1,8
1996,7,3,10
1996,3,0,3
1996,7,0,7
1996,4,3,7
1996,8,1,9
1996,9,8,17
1996,9,6,15
1996,3,12,15
1996,8,16,24
1996,7,4,11
1996,7,4,11
1996,7,6,13
1996,6,3,9
1996,4,2,6
1996,4,3,7
1996,6,2,8
1996,3,2,5
1996,15,0,15
1996,3,2,5
1996,8,5,13
1996,3,11,14
1996,2,0,2
1996,6,5,11
1996,2,1,3
1996,9,5,14
1996,7,3,10
1996,9,5,14
1996,9,1,10
1996,7,5,12
1996,7,6,13
1996,6,1,7
1996,9,0,9
1996,3,0,3
1996,8,2,10
1996,4,3,7
1996,4,1,5
1996,9,4,13
1996,7,4,11
1996,8,2,10
1996,3,10,13
1996,8,3,11
1996,9,8,17
1996,4,2,6
1996,6,0,6
1996,5,3,8
1996,8,5,13
1996,4,11,15
1996,3,2,5
1996,8,3,11
1996,6,3,9
1996,7,11,18
1996,3,2,5
1996,8,2,10
1996,8,3,11
1996,5,4,9
1996,6,3,9
1996,3,13,16
1996,5,2,7
1996,13,12,25
1996,3,11,14
1996,7,6,13
1996,6,1,7
1996,5,12,17
1996,7,5,12
1996,5,3,8
1996,3,1,4
1996,8,4,12
1996,7,6,13
1996,3,0,3
1996,3,2,5
1996,7,5,12
1996,5,10,15
1996,3,0,3
1996,6,11,17
1996,5,10,15
1996,3,1,4
1996,7,0,7
1996,7,15,22
1996,19,11,30
1996,6,2,8
1996,8,1,9
1996,6,4,10
1996,15,10,25
1996,4,1,5
1996,7,6,13
1996,7,6,13
1996,8,4,12
1996,6,4,10
1996,3,2,5
1996,6,0,6
1996,7,5,12
1996,5,4,9
1996,5,2,7
1996,7,5,12
1996,3,10,13
1996,9,1,10
1996,8,0,8
1996,5,4,9
1996,8,6,14
1996,8,6,14
1996,2,12,14
1996,8,3,11
1996,7,3,10
1996,5,15,20
1996,6,3,9
1996,1,0,1
1996,9,10,19
1996,5,16,21
1996,7,5,12
1996,5,1,6
1996,7,10,17
1996,3,2,5
1996,6,0,6
1996,9,5,14
1996,5,10,15
1996,5,4,9
1996,5,3,8
1996,3,2,5
1996,4,10,14
1996,10,1,11
1996,7,20,27
1996,2,11,13
1996,6,3,9
1996,5,12,17
1996,6,2,8
1996,11,10,21
1996,12,11,23
1996,6,4,10
1996,4,3,7
1996,2,11,13
1996,3,2,5
1996,5,4,9
1996,3,2,5
1996,4,3,7
1996,3,2,5
1996,7,6,13
1996,7,3,10
1996,6,3,9
1996,3,15,18
1996,7,1,8
1996,5,4,9
1996,7,0,7
1996,3,2,5
1996,4,16,20
1996,7,3,10
1996,8,3,11
1996,9,2,11
1996,8,3,11
1996,6,5,11
1996,5,4,9
1996,8,4,12
1996,2,13,15
1996,9,4,13
1996,7,4,11
1996,3,2,5
1996,2,11,13
1996,7,6,13
1996,7,5,12
1996,5,4,9
1996,3,11,14
1996,4,3,7
1996,5,4,9
1996,9,1,10
1996,9,6,15
1996,8,6,14
1996,2,0,2
1996,5,4,9
1996,7,5,12
1996,6,5,11
1996,7,4,11
1996,2,1,3
1996,4,2,6
1996,4,1,5
1996,9,3,12
1996,5,4,9
1996,7,6,13
1996,3,0,3
1996,8,4,12
1996,5,4,9
1996,6,10,16
1996,6,2,8
1996,6,3,9
1996,7,5,12
1996,3,12,15
1996,4,3,7
1996,3,2,5
1996,4,3,7
1996,6,4,10
1996,2,0,2
1996,7,6,13
1996,6,5,11
1996,8,11,19
1996,5,4,9
1996,9,5,14
1996,5,2,7
1996,1,0,1
1996,6,5,11
1996,1,0,1
1996,6,1,7
1996,5,2,7
1996,5,3,8
1996,8,3,11
1996,3,2,5
1996,8,6,14
1996,4,2,6
1996,3,2,5
1996,7,5,12
1996,8,3,11
1996,8,4,12
1996,7,10,17
1996,11,10,21
1996,7,1,8
1996,7,4,11
1996,6,0,6
1996,5,3,8
1996,5,1,6
1996,7,3,10
1996,9,6,15
1996,3,2,5
1996,3,1,4
1996,4,11,15
1996,2,12,14
1996,6,5,11
1996,7,6,13
1996,3,0,3
1996,6,4,10
1996,4,2,6
1996,3,1,4
1996,5,4,9
1996,8,7,15
1996,7,1,8
1996,4,1,5
1996,10,0,10
1996,7,10,17
1996,5,4,9
1996,4,3,7
1996,8,10,18
1996,6,3,9
1996,6,16,22
1996,7,0,7
1996,6,4,10
1996,7,4,11
1996,4,3,7
1996,4,2,6
1996,4,3,7
1996,9,14,23
1996,6,5,11
1996,6,2,8
1996,7,4,11
1996,4,17,21
1996,3,0,3
1996,4,3,7
1996,5,1,6
1996,15,1,16
1996,7,4,11
1996,6,4,10
1996,2,1,3
1996,5,1,6
1996,5,3,8
1996,2,14,16
1996,7,0,7
1996,6,4,10
1996,7,5,12
1996,6,10,16
1996,20,12,32
1996,6,5,11
1996,9,5,14
1996,5,4,9
1996,2,1,3
1996,7,13,20
1996,7,5,12
1996,6,3,9
1996,6,4,10
1996,6,3,9
1996,4,3,7
1996,5,1,6
1996,7,1,8
1996,7,5,12
1996,8,2,10
1996,3,2,5
1996,9,8,17
1996,3,2,5
1996,8,12,20
1996,6,14,20
1996,3,10,13
1996,6,4,10
1996,1,0,1
1996,2,1,3
1996,5,3,8
1996,4,1,5
1996,5,0,5
1996,4,0,4
1996,5,4,9
1996,3,1,4
1996,9,12,21
1996,7,0,7
1996,5,4,9
1996,6,5,11
1996,4,3,7
1996,4,16,20
1996,3,1,4
1996,5,4,9
1996,4,3,7
1996,2,1,3
1996,8,7,15
1996,2,1,3
1996,2,15,17
1996,4,1,5
1996,10,0,10
1996,4,2,6
1996,5,10,15
1996,5,3,8
1996,3,0,3
1996,9,3,12
1996,9,3,12
1996,6,2,8
1996,3,2,5
1996,5,4,9
1996,7,4,11
1996,9,2,11
1996,4,1,5
1996,5,3,8
1996,5,13,18
1996,9,4,13
1996,7,6,13
1996,9,2,11
1996,4,2,6
1996,9,7,16
1996,9,13,22
1996,8,3,11
1996,2,1,3
1996,7,1,8
1996,3,2,5
1996,6,5,11
1996,11,10,21
1996,7,2,9
1996,11,1,12
1996,8,2,10
1996,5,1,6
1996,4,3,7
1996,2,1,3
1996,11,1,12
1996,4,3,7
1996,4,3,7
1996,8,3,11
1996,2,1,3
1996,9,0,9
1996,9,2,11
1996,6,3,9
1996,6,0,6
1996,8,2,10
1996,9,4,13
1996,6,3,9
1996,4,1,5
1996,4,11,15
1996,5,3,8
1996,6,2,8
1996,5,4,9
1996,7,0,7
1996,7,6,13
1996,5,2,7
1996,9,11,20
1996,6,11,17
1996,6,13,19
1996,6,1,7
1996,2,14,16
1996,9,3,12
1996,7,6,13
1996,5,3,8
1996,6,4,10
1996,7,3,10
1996,4,2,6
1996,4,2,6
1996,4,2,6
1996,6,4,10
1996,9,5,14
1996,7,1,8
1996,3,1,4
1996,7,3,10
1996,13,10,23
1996,9,16,25
1996,5,2,7
1996,3,13,16
1996,3,0,3
1996,4,3,7
1996,8,2,10
1996,5,15,20
1996,4,10,14
1996,3,2,5
1996,4,1,5
1996,3,0,3
1996,11,0,11
1996,4,2,6
1996,7,5,12
1996,9,2,11
1996,3,13,16
1996,9,2,11
1996,3,1,4
1996,4,3,7
1996,3,2,5
1996,1,0,1
1996,14,1,15
1996,8,0,8
1996,4,0,4
1996,7,11,18
1996,5,12,17
1996,4,2,6
1996,5,13,18
1996,7,0,7
1996,2,12,14
1996,8,4,12
1996,2,12,14
1996,5,4,9
1996,9,2,11
1996,1,0,1
1996,4,1,5
1996,9,6,15
1996,5,13,18
1996,3,2,5
1996,3,0,3
1996,6,2,8
1996,2,1,3
1996,6,4,10
1996,8,4,12
1996,3,12,15
1996,2,1,3
1996,5,3,8
1996,6,4,10
1996,5,3,8
1996,4,3,7
1996,9,4,13
1996,2,1,3
1996,9,7,16
1996,4,1,5
1996,9,11,20
1996,5,3,8
1996,4,10,14
1996,5,1,6
1996,4,1,5
1996,6,5,11
1996,8,6,14
1996,5,4,9
1996,9,7,16
1996,3,18,21
1996,4,13,17
1996,7,5,12
1996,9,6,15
1996,3,2,5
1996,3,2,5
1996,7,13,20
1996,5,1,6
1996,3,1,4
1996,6,2,8
1996,4,10,14
1996,7,1,8
1996,12,1,13
1996,4,1,5
1996,6,5,11
1996,8,5,13
1996,5,10,15
1996,5,3,8
1996,2,0,2
1996,4,3,7
1996,12,0,12
1996,9,3,12
1996,5,10,15
1996,7,5,12
1996,6,3,9
1996,5,3,8
1996,6,0,6
1996,5,4,9
1996,3,2,5
1996,6,5,11
1996,8,1,9
1996,11,1,12
1996,11,1,12
1996,4,10,14
1996,7,0,7
1996,5,1,6
1996,4,3,7
1996,4,2,6
1996,8,4,12
1996,4,10,14
1996,5,0,5
1996,7,4,11
1996,3,2,5
1996,6,2,8
1996,2,0,2
1996,5,2,7
1996,12,10,22
1996,9,5,14
1996,8,4,12
1996,6,2,8
1996,7,5,12
1996,8,5,13
1996,8,7,15
1996,3,1,4
1996,2,1,3
1996,2,1,3
1996,8,3,11
1996,8,5,13
1996,7,13,20
1996,4,1,5
1996,4,3,7
1996,3,1,4
1996,6,1,7
1996,5,4,9
1996,8,6,14
1996,3,2,5
1996,7,6,13
1996,5,18,23
1996,8,5,13
1996,5,2,7
1996,5,4,9
1996,6,3,9
1996,8,3,11
1996,8,4,12
1996,3,1,4
1996,8,2,10
1996,9,7,16
1996,3,2,5
1996,5,4,9
1996,6,5,11
1996,3,14,17
1996,5,4,9
1996,6,4,10
1996,15,10,25
1996,6,2,8
1996,5,3,8
1996,7,1,8
1996,6,0,6
1996,3,12,15
1996,5,3,8
1996,9,5,14
1996,6,3,9
1996,7,6,13
1996,6,2,8
1996,11,1,12
1996,3,10,13
1996,3,1,4
1996,8,4,12
1996,7,3,10
1996,4,3,7
1996,4,1,5
1996,2,1,3
1996,4,3,7
1996,8,10,18
1996,9,4,13
1996,3,11,14
1996,7,3,10
1996,8,7,15
1996,6,2,8
1996,13,12,25
1996,9,6,15
1996,7,6,13
1996,8,0,8
1996,5,3,8
1996,3,10,13
1996,9,10,19
1996,4,3,7
1996,6,3,9
1996,3,10,13
1996,7,12,19
1996,2,1,3
1996,2,1,3
1996,6,1,7
1996,4,10,14
1996,7,3,10
1996,5,4,9
1996,4,1,5
1996,4,1,5
1996,4,3,7
1996,8,1,9
1996,4,10,14
1996,5,4,9
1996,16,11,27
1996,9,4,13
1996,6,5,11
1996,3,1,4
1996,7,12,19
1996,6,17,23
1996,3,0,3
1996,7,3,10
1996,4,3,7
1996,5,10,15
1996,6,4,10
1996,8,3,11
1996,8,10,18
1996,2,10,12
1996,7,4,11
1996,5,2,7
1996,6,2,8
1996,6,0,6
1996,7,10,17
1996,7,1,8
1996,7,2,9
1996,12,11,23
1996,3,2,5
1996,3,10,13
1996,2,1,3
1996,1,0,1
1996,5,10,15
1996,8,6,14
1996,3,10,13
1996,8,5,13
1996,2,11,13
1996,3,12,15
1996,5,4,9
1996,4,3,7
1996,2,0,2
1996,6,4,10
1996,4,2,6
1996,6,5,11
1996,5,3,8
1996,6,5,11
1996,8,3,11
1996,1,0,1
1996,3,2,5
1996,7,5,12
1996,9,2,11
1996,5,3,8
1996,7,4,11
1996,8,10,18
1996,6,5,11
1996,5,4,9
1996,9,5,14
1996,9,2,11
1996,4,3,7
1996,9,3,12
1996,5,3,8
1996,3,1,4
1996,9,2,11
1996,7,5,12
1996,6,5,11
1996,5,4,9
1996,7,1,8
1996,3,0,3
1996,3,2,5
1996,13,0,13
1996,8,5,13
1996,9,10,19
1996,8,5,13
1996,9,13,22
1996,6,5,11
1996,4,1,5
1996,7,4,11
1996,6,5,11
1996,2,13,15
1996,6,4,10
1996,2,11,13
1996,7,2,9
1996,12,11,23
1996,4,1,5
1996,3,2,5
1996,9,5,14
1996,2,1,3
1996,3,2,5
1996,2,1,3
1996,1,0,1
1996,5,3,8
1996,3,1,4
1996,2,1,3
1996,4,2,6
1996,4,3,7
1996,2,12,14
1996,6,5,11
1996,4,3,7
1996,5,1,6
1996,4,3,7
1996,3,2,5
1996,7,4,11
1996,3,2,5
1996,6,3,9
1996,6,4,10
1996,3,0,3
1996,7,4,11
1996,2,0,2
1996,9,10,19
1996,9,3,12
1996,5,4,9
1996,4,3,7
1996,6,5,11
1996,3,2,5
1996,9,4,13
1996,2,10,12
1996,7,6,13
1996,3,2,5
1996,6,1,7
1996,3,14,17
1996,7,18,25
1996,4,1,5
1996,4,3,7
1996,6,1,7
1996,2,1,3
1996,3,2,5
1996,5,1,6
1996,9,6,15
1996,9,10,19
1996,6,2,8
1996,3,2,5
1996,6,5,11
1996,3,1,4
1996,4,0,4
1996,5,4,9
1996,6,0,6
1996,6,4,10
1996,7,0,7
1996,7,6,13
1996,10,0,10
1996,5,2,7
1996,7,4,11
1996,5,3,8
1996,2,11,13
1996,3,14,17
1996,12,0,12
1996,8,22,30
1996,3,1,4
1996,3,2,5
1996,4,2,6
1996,7,2,9
1996,8,0,8
1996,7,11,18
1996,5,4,9
1996,7,6,13
1996,2,1,3
1996,6,3,9
1996,5,1,6
1996,4,0,4
1996,2,1,3
1996,6,1,7
1996,3,2,5
1996,6,2,8
1996,7,6,13
1996,6,5,11
1996,8,3,11
1996,6,3,9
1996,9,5,14
1996,5,1,6
1996,6,15,21
1996,8,2,10
1996,4,2,6
1996,8,12,20
1996,8,6,14
1996,7,6,13
1996,4,3,7
1996,7,6,13
1996,4,3,7
1996,8,5,13
1996,5,0,5
1996,5,1,6
1996,8,3,11
1996,9,8,17
1996,8,7,15
1996,6,4,10
1996,2,0,2
1996,2,10,12
1996,6,4,10
1996,5,1,6
1996,3,11,14
1996,8,2,10
1996,9,2,11
1996,7,6,13
1996,9,10,19
1996,8,2,10
1996,9,11,20
1996,3,12,15
1996,9,7,16
1996,5,2,7
1996,4,2,6
1996,6,11,17
1996,6,12,18
1996,9,2,11
1996,7,0,7
1996,6,0,6
1996,3,2,5
1996,3,10,13
1996,2,1,3
1996,5,2,7
1996,7,5,12
1996,6,4,10
1996,7,6,13
1996,6,0,6
1996,6,2,8
1996,6,1,7
1996,8,7,15
1996,5,4,9
1996,3,10,13
1996,2,0,2
1996,14,1,15
1996,4,0,4
1996,2,1,3
1996,2,1,3
1996,7,3,10
1996,6,2,8
1996,4,3,7
1996,7,1,8
1996,6,4,10
1996,8,3,11
1996,6,1,7
1996,6,0,6
1996,4,3,7
1996,7,5,12
1996,2,1,3
1996,5,4,9
1996,4,3,7
1996,2,1,3
1996,6,3,9
1996,3,2,5
1996,6,13,19
1996,4,2,6
1996,8,3,11
1996,6,2,8
1996,6,2,8
1996,7,4,11
1996,8,3,11
1996,2,1,3
1996,6,5,11
1996,2,1,3
1996,5,2,7
1996,4,1,5
1996,7,1,8
1996,4,2,6
1996,4,2,6
1996,8,7,15
1996,5,3,8
1996,5,4,9
1996,5,4,9
1996,6,0,6
1996,3,1,4
1996,4,3,7
1996,4,2,6
1996,7,2,9
1996,6,1,7
1996,6,5,11
1996,6,2,8
1996,4,3,7
1996,5,1,6
1996,11,10,21
1996,3,10,13
1996,7,5,12
1996,9,8,17
1996,9,8,17
1996,4,3,7
1996,4,2,6
1996,5,4,9
1996,7,0,7
1996,9,3,12
1996,6,5,11
1996,1,0,1
1996,8,11,19
1996,7,6,13
1996,4,1,5
1996,2,1,3
1996,2,0,2
1996,6,5,11
1996,7,3,10
1996,8,10,18
1996,4,2,6
1996,3,2,5
1996,7,2,9
1996,3,1,4
1996,8,7,15
1996,4,2,6
1996,8,3,11
1996,3,11,14
1996,2,11,13
1996,8,16,24
1996,3,12,15
1996,4,1,5
1996,8,5,13
1996,4,1,5
1996,4,3,7
1996,5,4,9
1996,4,10,14
1996,4,15,19
1996,9,5,14
1996,4,2,6
1996,6,3,9
1996,7,4,11
1996,8,2,10
1996,2,0,2
1996,7,13,20
1996,3,2,5
1996,6,4,10
1996,3,1,4
1996,9,0,9
1996,6,3,9
1996,4,1,5
1996,5,13,18
1996,6,2,8
1996,9,2,11
1996,9,8,17
1996,7,3,10
1996,7,6,13
1996,8,5,13
1996,9,5,14
1996,5,3,8
1996,3,2,5
1996,6,5,11
1996,3,2,5
1996,7,5,12
1996,8,6,14
1996,3,1,4
1996,9,8,17
1996,6,1,7
1996,9,10,19
1996,4,11,15
1996,6,16,22
1996,6,5,11
1996,7,0,7
1996,4,3,7
1996,3,2,5
1996,8,0,8
1996,4,1,5
1996,9,11,20
1996,6,2,8
1996,3,1,4
1996,4,3,7
1996,6,4,10
1996,6,5,11
1996,5,2,7
1996,6,0,6
1996,2,1,3
1996,10,0,10
1996,5,4,9
1996,5,1,6
1996,9,4,13
1996,9,0,9
1996,4,2,6
1996,4,2,6
1996,4,0,4
1996,7,1,8
1996,5,11,16
1996,5,3,8
1996,5,2,7
1996,9,7,16
1996,5,3,8
1996,6,2,8
1996,3,1,4
1996,4,3,7
1996,6,4,10
1996,4,0,4
1996,7,4,11
1996,2,1,3
1996,4,3,7
1996,3,2,5
1996,8,6,14
1996,5,3,8
1996,5,2,7
1996,8,5,13
1996,5,3,8
1996,5,1,6
1996,8,3,11
1996,9,1,10
1996,8,3,11
1996,9,3,12
1996,9,10,19
1996,7,2,9
1996,6,4,10
1996,7,0,7
1996,7,6,13
1996,4,11,15
1996,5,4,9
1996,3,2,5
1996,5,1,6
1996,6,5,11
1996,7,3,10
1996,4,2,6
1996,6,4,10
1996,3,1,4
1996,10,1,11
1996,4,2,6
1996,5,2,7
1996,6,4,10
1996,4,2,6
1996,2,12,14
1996,6,2,8
1996,5,4,9
1996,6,3,9
1996,7,1,8
1996,4,3,7
1996,4,13,17
1996,2,1,3
1996,6,13,19
1996,12,11,23
1996,2,1,3
1996,8,3,11
1996,9,2,11
1996,9,2,11
1996,6,2,8
1996,8,2,10
1996,5,4,9
1996,4,1,5
1996,5,1,6
1996,6,3,9
1996,6,0,6
1996,6,5,11
1996,6,0,6
1996,7,5,12
1996,4,3,7
1996,4,3,7
1996,3,11,14
1996,3,2,5
1996,13,11,24
1996,7,3,10
1996,3,1,4
1996,8,7,15
1996,4,3,7
1996,3,2,5
1996,7,6,13
1996,6,4,10
1996,4,3,7
1996,5,3,8
1996,4,3,7
1996,8,13,21
1996,6,11,17
1996,3,2,5
1996,6,3,9
1996,7,5,12
1996,4,1,5
1996,12,1,13
1996,4,0,4
1996,6,2,8
1996,7,3,10
1996,6,2,8
1996,7,1,8
1996,5,4,9
1996,6,2,8
1996,2,11,13
1996,8,2,10
1996,4,3,7
1996,6,3,9
1996,13,11,24
1996,3,0,3
1996,5,4,9
1996,7,5,12
1996,2,19,21
1996,6,2,8
1996,3,1,4
1996,8,7,15
1996,5,3,8
1996,5,3,8
1996,4,12,16
1996,7,1,8
1996,6,2,8
1996,6,1,7
1996,7,5,12
1996,5,2,7
1996,6,5,11
1996,4,1,5
1996,7,5,12
1996,7,4,11
1996,9,10,19
1996,9,3,12
1996,7,6,13
1996,3,2,5
1996,6,11,17
1996,5,2,7
1996,4,2,6
1996,6,4,10
1996,6,5,11
1996,8,1,9
1996,2,1,3
1996,4,3,7
1996,3,2,5
1996,4,2,6
1996,8,7,15
1996,8,5,13
1996,7,2,9
1996,5,1,6
1996,5,4,9
1996,4,2,6
1996,7,6,13
1996,4,0,4
1996,4,2,6
1996,5,3,8
1996,5,2,7
1996,4,3,7
1996,3,2,5
1996,6,5,11
1996,8,3,11
1996,3,12,15
1996,7,5,12
1996,5,4,9
1996,4,1,5
1996,2,0,2
1996,5,4,9
1996,6,3,9
1996,9,5,14
1996,3,1,4
1996,6,3,9
1996,4,3,7
1996,4,1,5
1996,4,10,14
1996,6,2,8
1996,3,1,4
1996,7,4,11
1996,2,1,3
1996,5,4,9
1996,3,2,5
1996,5,4,9
1996,9,4,13
1996,3,2,5
1996,5,2,7
1996,4,3,7
1996,7,5,12
1996,6,4,10
1996,4,2,6
1996,5,4,9
1996,8,3,11
1996,5,3,8
1996,5,2,7
1996,8,4,12
1996,3,2,5
1996,6,4,10
1996,4,3,7
1996,14,0,14
1996,3,1,4
1996,15,0,15
1996,12,1,13
1996,4,0,4
1996,5,2,7
1996,8,6,14
1996,1,0,1
1996,3,2,5
1997,4,11,15
1997,4,2,6
1997,2,1,3
1997,3,0,3
1997,7,5,12
1997,2,1,3
1997,5,12,17
1997,4,2,6
1997,5,2,7
1997,6,2,8
1997,6,5,11
1997,6,5,11
1997,4,2,6
1997,5,3,8
1997,4,3,7
1997,4,3,7
1997,5,1,6
1997,7,6,13
1997,4,1,5
1997,9,7,16
1997,6,5,11
1997,2,16,18
1997,6,1,7
1997,2,0,2
1997,6,4,10
1997,7,1,8
1997,8,2,10
1997,3,2,5
1997,2,1,3
1997,6,10,16
1997,9,4,13
1997,5,4,9
1997,4,1,5
1997,7,5,12
1997,8,6,14
1997,5,4,9
1997,8,7,15
1997,9,7,16
1997,3,2,5
1997,5,3,8
1997,2,1,3
1997,5,4,9
1997,4,2,6
1997,3,13,16
1997,5,10,15
1997,6,4,10
1997,5,4,9
1997,6,2,8
1997,7,5,12
1997,5,11,16
1997,15,12,27
1997,4,3,7
1997,6,2,8
1997,3,1,4
1997,7,5,12
1997,3,15,18
1997,5,10,15
1997,4,1,5
1997,8,6,14
1997,2,0,2
1997,9,7,16
1997,5,2,7
1997,8,10,18
1997,4,0,4
1997,5,3,8
1997,3,2,5
1997,3,2,5
1997,6,3,9
1997,2,12,14
1997,6,2,8
1997,3,0,3
1997,3,2,5
1997,8,7,15
1997,4,2,6
1997,9,3,12
1997,4,2,6
1997,5,3,8
1997,2,13,15
1997,4,10,14
1997,6,5,11
1997,3,2,5
1997,5,3,8
1997,6,2,8
1997,3,2,5
1997,8,3,11
1997,4,3,7
1997,9,10,19
1997,4,2,6
1997,5,3,8
1997,5,3,8
1997,7,13,20
1997,2,0,2
1997,8,14,22
1997,2,1,3
1997,2,1,3
1997,5,12,17
1997,4,3,7
1997,5,0,5
1997,4,13,17
1997,5,10,15
1997,4,2,6
1997,3,2,5
1997,4,3,7
1997,4,2,6
1997,11,1,12
1997,3,0,3
1997,5,3,8
1997,4,0,4
1997,1,0,1
1997,7,3,10
1997,2,0,2
1997,9,3,12
1997,5,3,8
1997,10,0,10
1997,3,15,18
1997,5,4,9
1997,3,1,4
1997,8,3,11
1997,7,1,8
1997,4,2,6
1997,5,1,6
1997,2,1,3
1997,2,1,3
1997,8,12,20
1997,6,11,17
1997,7,5,12
1997,9,0,9
1997,7,1,8
1997,6,4,10
1997,6,4,10
1997,8,3,11
1997,8,3,11
1997,8,11,19
1997,4,2,6
1997,6,1,7
1997,3,2,5
1997,3,2,5
1997,7,4,11
1997,5,1,6
1997,7,6,13
1997,3,1,4
1997,5,14,19
1997,6,2,8
1997,5,15,20
1997,4,2,6
1997,10,1,11
1997,6,1,7
1997,8,10,18
1997,7,0,7
1997,5,1,6
1997,3,2,5
1997,4,2,6
1997,3,1,4
1997,3,2,5
1997,3,0,3
1997,3,1,4
1997,7,2,9
1997,7,10,17
1997,8,4,12
1997,9,3,12
1997,7,5,12
1997,3,1,4
1997,6,5,11
1997,5,0,5
1997,8,4,12
1997,3,2,5
1997,5,2,7
1997,7,5,12
1997,7,1,8
1997,6,11,17
1997,9,3,12
1997,4,0,4
1997,7,3,10
1997,2,1,3
1997,2,10,12
1997,2,0,2
1997,7,4,11
1997,4,2,6
1997,5,2,7
1997,6,5,11
1997,7,5,12
1997,4,3,7
1997,4,3,7
1997,1,0,1
1997,8,6,14
1997,2,1,3
1997,5,1,6
1997,5,4,9
1997,4,3,7
1997,3,2,5
1997,5,4,9
1997,4,10,14
1997,2,10,12
1997,14,0,14
1997,9,5,14
1997,5,3,8
1997,8,3,11
1997,6,1,7
1997,3,10,13
1997,5,4,9
1997,6,5,11
1997,3,2,5
1997,6,11,17
1997,8,7,15
1997,7,1,8
1997,7,3,10
1997,2,1,3
1997,6,3,9
1997,8,10,18
1997,6,5,11
1997,1,0,1
1997,2,1,3
1997,4,0,4
1997,3,2,5
1997,6,0,6
1997,11,1,12
1997,8,7,15
1997,6,4,10
1997,9,2,11
1997,9,2,11
1997,11,1,12
1997,3,1,4
1997,8,2,10
1997,4,3,7
1997,5,1,6
1997,3,0,3
1997,5,3,8
1997,8,2,10
1997,6,10,16
1997,2,0,2
1997,5,10,15
1997,5,4,9
1997,4,2,6
1997,4,3,7
1997,6,4,10
1997,2,10,12
1997,6,5,11
1997,7,6,13
1997,7,6,13
1997,3,2,5
1997,8,2,10
1997,4,13,17
1997,6,4,10
1997,5,1,6
1997,2,10,12
1997,7,2,9
1997,5,3,8
1997,3,12,15
1997,7,2,9
1997,4,0,4
1997,5,4,9
1997,9,11,20
1997,7,11,18
1997,7,3,10
1997,2,1,3
1997,4,3,7
1997,5,10,15
1997,2,10,12
1997,6,1,7
1997,3,2,5
1997,7,11,18
1997,12,10,22
1997,4,3,7
1997,2,1,3
1997,2,1,3
1997,4,3,7
1997,6,3,9
1997,12,11,23
1997,4,2,6
1997,8,3,11
1997,5,4,9
1997,2,0,2
1997,11,1,12
1997,7,10,17
1997,4,2,6
1997,5,4,9
1997,4,11,15
1997,6,3,9
1997,4,1,5
1997,9,3,12
1997,3,10,13
1997,5,4,9
1997,8,13,21
1997,2,0,2
1997,3,2,5
1997,5,14,19
1997,7,6,13
1997,2,10,12
1997,8,3,11
1997,2,0,2
1997,9,8,17
1997,6,1,7
1997,8,1,9
1997,2,10,12
1997,7,6,13
1997,4,2,6
1997,4,3,7
1997,6,5,11
1997,2,0,2
1997,7,13,20
1997,7,0,7
1997,4,3,7
1997,3,2,5
1997,6,5,11
1997,7,3,10
1997,5,3,8
1997,7,1,8
1997,7,1,8
1997,6,2,8
1997,2,1,3
1997,14,0,14
1997,5,2,7
1997,2,15,17
1997,9,12,21
1997,7,6,13
1997,8,14,22
1997,6,5,11
1997,9,4,13
1997,5,2,7
1997,6,2,8
1997,5,4,9
1997,2,1,3
1997,8,14,22
1997,3,1,4
1997,4,10,14
1997,2,1,3
1997,2,1,3
1997,3,1,4
1997,6,5,11
1997,6,4,10
1997,7,5,12
1997,8,2,10
1997,9,7,16
1997,2,11,13
1997,6,2,8
1997,3,12,15
1997,9,11,20
1997,5,11,16
1997,8,4,12
1997,1,0,1
1997,3,12,15
1997,8,6,14
1997,3,2,5
1997,6,2,8
1997,7,5,12
1997,6,1,7
1997,6,2,8
1997,4,2,6
1997,7,1,8
1997,5,4,9
1997,8,0,8
1997,3,2,5
1997,4,0,4
1997,7,3,10
1997,5,0,5
1997,3,2,5
1997,3,2,5
1997,3,2,5
1997,7,1,8
1997,7,4,11
1997,2,1,3
1997,9,1,10
1997,8,7,15
1997,7,4,11
1997,5,4,9
1997,8,1,9
1997,6,2,8
1997,5,4,9
1997,3,2,5
1997,3,0,3
1997,4,3,7
1997,3,2,5
1997,4,2,6
1997,7,6,13
1997,7,3,10
1997,9,8,17
1997,2,1,3
1997,2,1,3
1997,5,1,6
1997,1,0,1
1997,4,17,21
1997,3,1,4
1997,7,6,13
1997,6,5,11
1997,3,1,4
1997,11,0,11
1997,4,2,6
1997,2,0,2
1997,9,0,9
1997,1,0,1
1997,5,13,18
1997,5,2,7
1997,8,2,10
1997,9,3,12
1997,9,0,9
1997,2,1,3
1997,7,6,13
1997,1,0,1
1997,7,2,9
1997,2,0,2
1997,6,1,7
1997,3,0,3
1997,9,2,11
1997,3,1,4
1997,7,11,18
1997,9,8,17
1997,4,2,6
1997,2,1,3
1997,3,1,4
1997,8,4,12
1997,7,2,9
1997,7,6,13
1997,5,4,9
1997,12,11,23
1997,4,0,4
1997,5,1,6
1997,3,2,5
1997,6,5,11
1997,7,2,9
1997,2,1,3
1997,3,10,13
1997,4,3,7
1997,2,1,3
1997,3,0,3
1997,3,11,14
1997,7,1,8
1997,3,14,17
1997,3,12,15
1997,3,2,5
1997,4,1,5
1997,4,2,6
1997,1,0,1
1997,5,2,7
1997,6,3,9
1997,3,19,22
1997,7,14,21
1997,3,13,16
1997,7,10,17
1997,6,10,16
1997,4,3,7
1997,8,10,18
1997,4,0,4
1997,5,1,6
1997,4,2,6
1997,5,4,9
1997,6,2,8
1997,6,2,8
1997,8,2,10
1997,5,1,6
1997,3,2,5
1997,5,0,5
1997,3,2,5
1997,5,1,6
1997,5,4,9
1997,4,1,5
1997,7,5,12
1997,3,1,4
1997,9,0,9
1997,7,2,9
1997,5,3,8
1997,3,10,13
1997,3,2,5
1997,5,11,16
1997,9,8,17
1997,6,0,6
1997,4,2,6
1997,2,1,3
1997,4,3,7
1997,6,4,10
1997,5,2,7
1997,5,4,9
1997,9,3,12
1997,9,6,15
1997,4,2,6
1997,2,0,2
1997,9,5,14
1997,8,6,14
1997,8,5,13
1997,3,11,14
1997,6,3,9
1997,6,3,9
1997,5,2,7
1997,3,2,5
1997,3,2,5
1997,3,1,4
1997,8,2,10
1997,5,4,9
1997,5,11,16
1997,6,4,10
1997,8,16,24
1997,4,11,15
1997,9,8,17
1997,2,12,14
1997,5,1,6
1997,9,2,11
1997,2,10,12
1997,4,2,6
1997,8,7,15
1997,5,11,16
1997,2,1,3
1997,4,1,5
1997,4,0,4
1997,9,0,9
1997,2,1,3
1997,2,11,13
1997,7,3,10
1997,4,3,7
1997,7,3,10
1997,3,2,5
1997,7,3,10
1997,6,5,11
1997,4,3,7
1997,6,4,10
1997,4,2,6
1997,7,2,9
1997,6,2,8
1997,6,5,11
1997,9,7,16
1997,1,0,1
1997,7,4,11
1997,3,12,15
1997,15,10,25
1997,9,7,16
1997,4,3,7
1997,3,2,5
1997,8,2,10
1997,2,1,3
1997,9,10,19
1997,8,7,15
1997,6,5,11
1997,4,3,7
1997,4,3,7
1997,8,2,10
1997,5,1,6
1997,1,0,1
1997,7,16,23
1997,4,2,6
1997,2,10,12
1997,5,11,16
1997,14,13,27
1997,2,1,3
1997,6,2,8
1997,7,12,19
1997,3,1,4
1997,6,3,9
1997,6,0,6
1997,5,2,7
1997,6,5,11
1997,6,11,17
1997,4,1,5
1997,6,2,8
1997,9,2,11
1997,4,0,4
1997,8,3,11
1997,3,1,4
1997,7,6,13
1997,4,2,6
1997,11,1,12
1997,4,3,7
1997,5,11,16
1997,8,1,9
1997,5,4,9
1997,5,1,6
1997,5,3,8
1997,5,0,5
1997,6,5,11
1997,7,5,12
1997,7,4,11
1997,4,10,14
1997,4,10,14
1997,5,3,8
1997,5,3,8
1997,8,7,15
1997,4,2,6
1997,8,6,14
1997,4,13,17
1997,7,3,10
1997,4,15,19
1997,6,13,19
1997,2,1,3
1997,4,3,7
1997,9,5,14
1997,9,11,20
1997,4,2,6
1997,4,3,7
1997,10,1,11
1997,3,2,5
1997,4,3,7
1997,6,5,11
1997,7,4,11
1997,4,3,7
1997,2,0,2
1997,7,3,10
1997,6,3,9
1997,3,1,4
1997,8,3,11
1997,3,18,21
1997,3,2,5
1997,2,0,2
1997,5,10,15
1997,7,0,7
1997,1,0,1
1997,2,1,3
1997,4,3,7
1997,5,4,9
1997,4,1,5
1997,5,4,9
1997,7,10,17
1997,3,2,5
1997,7,3,10
1997,9,1,10
1997,9,3,12
1997,8,2,10
1997,3,10,13
1997,4,1,5
1997,7,2,9
1997,7,10,17
1997,4,1,5
1997,3,1,4
1997,6,1,7
1997,8,7,15
1997,7,1,8
1997,8,4,12
1997,4,2,6
1997,8,4,12
1997,4,1,5
1997,9,3,12
1997,2,1,3
1997,6,3,9
1997,2,0,2
1997,2,12,14
1997,8,6,14
1997,4,1,5
1997,8,3,11
1997,7,0,7
1997,8,4,12
1997,5,11,16
1997,3,10,13
1997,7,4,11
1997,7,3,10
1997,4,2,6
1997,8,4,12
1997,9,7,16
1997,9,3,12
1997,3,1,4
1997,7,11,18
1997,7,5,12
1997,7,6,13
1997,8,5,13
1997,5,13,18
1997,4,3,7
1997,2,0,2
1997,7,6,13
1997,8,6,14
1997,6,2,8
1997,9,3,12
1997,4,3,7
1997,3,2,5
1997,4,10,14
1997,8,5,13
1997,8,4,12
1997,9,7,16
1997,6,0,6
1997,2,1,3
1997,5,3,8
1997,8,13,21
1997,4,3,7
1997,8,6,14
1997,2,1,3
1997,5,12,17
1997,4,3,7
1997,8,1,9
1997,7,6,13
1997,8,2,10
1997,2,1,3
1997,8,6,14
1997,6,2,8
1997,8,6,14
1997,8,5,13
1997,11,10,21
1997,5,4,9
1997,6,10,16
1997,8,7,15
1997,9,2,11
1997,5,4,9
1997,5,15,20
1997,5,3,8
1997,2,0,2
1997,8,1,9
1997,3,10,13
1997,3,1,4
1997,7,0,7
1997,14,10,24
1997,4,1,5
1997,5,0,5
1997,6,4,10
1997,4,2,6
1997,5,2,7
1997,2,1,3
1997,6,5,11
1997,6,10,16
1997,7,4,11
1997,7,1,8
1997,8,2,10
1997,4,2,6
1997,4,0,4
1997,4,3,7
1997,3,2,5
1997,3,0,3
1997,4,10,14
1997,5,1,6
1997,4,3,7
1997,9,2,11
1997,5,0,5
1997,7,3,10
1997,7,12,19
1997,2,10,12
1997,5,2,7
1997,2,1,3
1997,3,2,5
1997,5,3,8
1997,6,4,10
1997,8,5,13
1997,7,2,9
1997,7,4,11
1997,8,4,12
1997,5,12,17
1997,4,3,7
1997,3,10,13
1997,3,13,16
1997,4,2,6
1997,4,2,6
1997,6,3,9
1997,3,1,4
1997,5,4,9
1997,4,3,7
1997,6,11,17
1997,7,1,8
1997,9,2,11
1997,6,3,9
1997,7,4,11
1997,8,5,13
1997,8,2,10
1997,2,11,13
1997,4,1,5
1997,6,1,7
1997,6,2,8
1997,5,4,9
1997,5,2,7
1997,3,2,5
1997,4,2,6
1997,2,0,2
1997,8,5,13
1997,10,0,10
1997,8,7,15
1997,3,0,3
1997,7,11,18
1997,8,0,8
1997,5,2,7
1997,5,2,7
1997,7,5,12
1997,3,1,4
1997,9,5,14
1997,9,1,10
1997,4,3,7
1997,6,4,10
1997,2,1,3
1997,9,8,17
1997,3,2,5
1997,6,3,9
1997,4,15,19
1997,5,4,9
1997,7,3,10
1997,9,7,16
1997,5,2,7
1997,9,4,13
1997,7,5,12
1997,5,1,6
1997,13,11,24
1997,6,3,9
1997,5,2,7
1997,5,1,6
1997,10,0,10
1997,6,5,11
1997,5,4,9
1997,9,7,16
1997,6,14,20
1997,6,3,9
1997,5,4,9
1997,2,1,3
1997,3,0,3
1997,9,0,9
1997,6,0,6
1997,9,8,17
1997,9,3,12
1997,4,3,7
1997,7,3,10
1997,7,3,10
1997,5,2,7
1997,6,3,9
1997,2,1,3
1997,3,1,4
1997,9,7,16
1997,3,0,3
1997,6,3,9
1997,5,4,9
1997,8,7,15
1997,9,5,14
1997,4,1,5
1997,9,5,14
1997,1,0,1
1997,5,10,15
1997,7,5,12
1997,3,1,4
1997,4,10,14
1997,5,2,7
1997,6,1,7
1997,5,0,5
1997,2,0,2
1997,9,2,11
1997,5,4,9
1997,5,2,7
1997,3,1,4
1997,6,12,18
1997,2,1,3
1997,7,2,9
1997,9,1,10
1997,2,0,2
1997,4,2,6
1997,9,3,12
1997,8,6,14
1997,5,4,9
1997,3,1,4
1997,3,2,5
1997,9,0,9
1997,5,3,8
1997,7,5,12
1997,2,10,12
1997,4,2,6
1997,8,3,11
1997,5,12,17
1997,8,3,11
1997,6,5,11
1997,9,1,10
1997,7,4,11
1997,7,2,9
1997,4,2,6
1997,6,10,16
1997,8,5,13
1997,5,4,9
1997,8,3,11
1997,6,4,10
1997,6,2,8
1997,6,3,9
1997,10,1,11
1997,8,5,13
1997,12,1,13
1997,6,5,11
1997,9,0,9
1997,8,3,11
1997,10,1,11
1997,5,4,9
1997,2,1,3
1997,4,3,7
1997,9,6,15
1997,4,2,6
1997,6,1,7
1997,5,10,15
1997,9,6,15
1997,4,3,7
1997,7,5,12
1997,8,3,11
1997,6,3,9
1997,5,1,6
1997,8,4,12
1997,9,5,14
1997,6,2,8
1997,5,4,9
1997,12,11,23
1997,4,3,7
1997,8,7,15
1997,4,3,7
1997,4,2,6
1997,3,1,4
1997,2,1,3
1997,8,1,9
1997,4,3,7
1997,8,4,12
1997,6,4,10
1997,4,3,7
1997,5,3,8
1997,6,1,7
1997,6,5,11
1997,3,10,13
1997,6,4,10
1997,9,5,14
1997,5,1,6
1997,6,1,7
1997,1,0,1
1997,5,2,7
1997,7,1,8
1997,3,2,5
1997,8,3,11
1997,9,8,17
1997,8,3,11
1997,5,2,7
1997,8,6,14
1997,4,1,5
1997,5,3,8
1997,4,3,7
1997,6,14,20
1997,8,5,13
1997,6,5,11
1997,3,2,5
1997,2,10,12
1997,10,1,11
1997,5,2,7
1997,11,1,12
1997,8,1,9
1997,8,2,10
1997,9,2,11
1997,7,4,11
1997,6,4,10
1997,5,4,9
1997,8,3,11
1997,4,1,5
1997,7,3,10
1997,5,2,7
1997,1,0,1
1997,8,6,14
1997,6,0,6
1997,3,0,3
1997,5,4,9
1997,6,12,18
1997,5,3,8
1997,5,1,6
1997,8,10,18
1997,3,2,5
1997,2,10,12
1997,4,3,7
1997,4,3,7
1997,13,1,14
1997,6,3,9
1997,3,10,13
1997,4,3,7
1997,8,7,15
1997,1,0,1
1997,4,2,6
1997,3,0,3
1997,5,2,7
1997,9,10,19
1997,6,2,8
1997,6,2,8
1997,7,5,12
1997,8,4,12
1997,8,2,10
1997,3,2,5
1997,9,11,20
1997,4,2,6
1997,5,3,8
1997,4,3,7
1997,7,6,13
1997,8,4,12
1997,5,2,7
1997,2,1,3
1997,5,2,7
1997,3,0,3
1997,7,1,8
1997,6,12,18
1997,7,3,10
1997,7,5,12
1997,2,1,3
1997,1,0,1
1997,4,1,5
1997,5,2,7
1997,7,11,18
1997,4,2,6
1997,5,4,9
1997,3,0,3
1997,5,3,8
1997,5,3,8
1997,4,13,17
1997,4,15,19
1997,7,3,10
1997,4,3,7
1997,3,2,5
1997,9,8,17
1997,9,4,13
1997,11,0,11
1997,6,2,8
1997,8,15,23
1997,5,1,6
1997,7,6,13
1997,2,1,3
1997,5,2,7
1997,2,1,3
1997,3,1,4
1997,6,5,11
1997,2,0,2
1997,9,12,21
1997,5,12,17
1997,4,2,6
1997,4,2,6
1997,5,2,7
1997,6,4,10
1997,5,2,7
1997,7,6,13
1997,7,2,9
1997,5,2,7
1997,6,0,6
1997,5,3,8
1997,5,0,5
1997,5,0,5
1997,3,2,5
1997,9,3,12
1997,6,5,11
1997,6,11,17
1997,3,0,3
1997,1,0,1
1997,7,6,13
1997,4,0,4
1997,5,10,15
1997,9,12,21
1997,8,3,11
1997,6,2,8
1997,6,2,8
1997,7,6,13
1997,6,5,11
1997,4,1,5
1997,4,1,5
1997,4,1,5
1997,7,2,9
1997,7,6,13
1997,9,6,15
1997,8,7,15
1997,3,1,4
1997,5,1,6
1997,2,0,2
1997,9,1,10
1997,2,1,3
1997,7,14,21
1997,7,5,12
1997,9,4,13
1997,7,14,21
1997,3,1,4
1997,5,4,9
1997,13,12,25
1997,5,4,9
1997,3,0,3
1997,6,10,16
1997,7,6,13
1997,5,3,8
1997,7,6,13
1997,5,2,7
1997,4,3,7
1997,9,7,16
1997,11,1,12
1997,6,3,9
1997,6,3,9
1997,7,1,8
1997,2,1,3
1997,2,1,3
1997,2,1,3
1997,5,3,8
1997,6,3,9
1997,2,0,2
1997,3,16,19
1997,7,5,12
1997,6,10,16
1997,3,2,5
1997,7,4,11
1997,6,1,7
1997,8,1,9
1997,9,1,10
1997,5,2,7
1997,9,2,11
1997,5,2,7
1997,6,12,18
1997,9,2,11
1997,4,2,6
1997,5,3,8
1997,9,3,12
1997,5,11,16
1997,8,12,20
1997,2,0,2
1997,8,3,11
1997,6,1,7
1997,6,5,11
1997,3,2,5
1997,8,6,14
1997,8,10,18
1997,6,5,11
1997,7,4,11
1997,5,3,8
1997,3,2,5
1997,4,10,14
1997,6,4,10
1997,11,10,21
1997,7,5,12
1997,8,10,18
1997,3,2,5
1997,8,1,9
1997,8,5,13
1997,8,7,15
1997,4,3,7
1997,7,11,18
1997,14,0,14
1997,6,4,10
1997,3,2,5
1997,1,0,1
1997,6,15,21
1997,3,1,4
1997,8,6,14
1997,2,1,3
1997,2,1,3
1997,4,1,5
1997,9,2,11
1997,6,1,7
1997,9,1,10
1997,4,1,5
1997,8,6,14
1997,8,6,14
1997,6,3,9
1997,3,1,4
1997,8,6,14
1997,3,0,3
1997,4,15,19
1997,2,0,2
1997,2,1,3
1997,5,4,9
1997,6,10,16
1997,3,2,5
1997,3,2,5
1997,7,4,11
1997,9,7,16
1997,6,2,8
1997,2,0,2
1997,3,1,4
1997,8,5,13
1997,8,1,9
1997,2,1,3
1997,9,1,10
1997,7,6,13
1997,8,2,10
1997,4,1,5
1997,10,1,11
1997,4,3,7
1997,8,5,13
1997,2,15,17
1997,4,10,14
1997,5,4,9
1997,8,10,18
1997,6,4,10
1997,6,4,10
1997,8,3,11
1997,3,1,4
1997,7,3,10
1997,6,5,11
1997,7,6,13
1997,4,3,7
1997,8,11,19
1997,4,2,6
1997,13,1,14
1997,6,3,9
1997,6,2,8
1997,9,3,12
1997,5,2,7
1997,4,0,4
1997,7,5,12
1997,7,6,13
1997,1,0,1
1997,5,4,9
1997,8,11,19
1997,8,4,12
1997,6,5,11
1997,2,1,3
1997,2,1,3
1997,5,3,8
1997,5,3,8
1997,9,7,16
1997,7,3,10
1997,2,1,3
1997,4,3,7
1997,8,1,9
1997,8,0,8
1997,8,0,8
1997,6,5,11
1997,8,7,15
1997,9,14,23
1997,6,5,11
1997,6,2,8
1997,6,2,8
1997,3,2,5
1997,8,4,12
1997,5,2,7
1997,7,0,7
1997,6,3,9
1997,9,8,17
1997,2,0,2
1997,7,10,17
1997,8,7,15
1997,3,2,5
1997,5,11,16
1997,8,7,15
1997,6,3,9
1997,11,0,11
1997,8,2,10
1997,3,10,13
1997,8,4,12
1997,7,0,7
1997,9,12,21
1997,9,7,16
1997,3,1,4
1997,8,4,12
1997,7,1,8
1997,5,2,7
1997,6,5,11
1997,3,13,16
1997,6,2,8
1997,6,2,8
1997,5,1,6
1997,3,0,3
1997,4,14,18
1997,10,0,10
1997,8,7,15
1997,7,4,11
1997,3,2,5
1997,3,1,4
1997,2,1,3
1997,4,3,7
1997,7,11,18
1997,7,11,18
1997,8,5,13
1997,7,2,9
1997,6,2,8
1997,6,3,9
1997,3,0,3
1997,9,2,11
1997,7,6,13
1997,6,4,10
1997,3,2,5
1997,5,11,16
1997,2,0,2
1997,13,11,24
1997,9,3,12
1997,7,6,13
1997,9,3,12
1997,5,12,17
1997,3,1,4
1997,5,3,8
1997,5,3,8
1997,4,2,6
1997,6,5,11
1997,6,10,16
1997,9,5,14
1997,4,18,22
1997,9,7,16
1997,4,2,6
1997,14,12,26
1997,5,4,9
1997,2,1,3
1997,5,3,8
1997,3,2,5
1997,6,2,8
1997,5,4,9
1997,5,3,8
1997,6,2,8
1997,8,1,9
1997,8,4,12
1997,7,5,12
1997,5,3,8
1997,7,4,11
1997,6,5,11
1997,5,0,5
1997,5,2,7
1997,8,4,12
1997,6,12,18
1997,8,5,13
1997,4,3,7
1997,2,16,18
1997,5,3,8
1997,2,1,3
1997,4,1,5
1997,5,11,16
1997,5,1,6
1997,8,1,9
1997,4,3,7
1997,6,5,11
1997,3,11,14
1997,6,0,6
1997,7,3,10
1997,8,7,15
1997,4,3,7
1997,6,0,6
1997,9,4,13
1997,8,2,10
1997,9,12,21
1997,4,2,6
1997,8,7,15
1997,3,1,4
1997,3,2,5
1997,4,3,7
1997,3,11,14
1997,5,4,9
1997,9,5,14
1997,9,7,16
1997,3,1,4
1997,9,1,10
1997,2,1,3
1997,4,1,5
1997,3,0,3
1997,7,0,7
1997,5,3,8
1997,6,4,10
1997,2,0,2
1997,4,3,7
1997,7,3,10
1997,8,6,14
1997,5,4,9
1997,6,5,11
1997,5,4,9
1997,5,4,9
1997,4,1,5
1997,8,3,11
1997,7,0,7
1997,6,5,11
1997,6,3,9
1997,8,5,13
1997,8,0,8
1997,8,6,14
1997,5,3,8
1997,7,6,13
1997,3,13,16
1997,9,6,15
1997,8,7,15
1997,6,5,11
1997,9,5,14
1997,8,3,11
1997,2,10,12
1997,9,5,14
1997,7,2,9
1997,3,0,3
1997,6,2,8
1997,9,0,9
1997,10,1,11
1997,1,0,1
1997,4,1,5
1997,5,4,9
1997,9,2,11
1997,7,6,13
1997,5,4,9
1997,3,1,4
1997,3,0,3
1997,2,10,12
1997,7,3,10
1997,8,4,12
1997,5,3,8
1997,3,2,5
1997,7,2,9
1997,5,1,6
1997,4,3,7
1997,4,1,5
1997,5,4,9
1997,7,6,13
1997,6,2,8
1997,6,3,9
1997,8,3,11
1997,3,2,5
1997,9,11,20
1997,9,2,11
1997,3,2,5
1997,8,5,13
1997,4,2,6
1997,9,3,12
1997,5,2,7
1997,5,2,7
1997,3,1,4
1997,8,1,9
1997,6,3,9
1997,8,6,14
1997,2,1,3
1997,5,1,6
1997,5,4,9
1997,9,1,10
1997,4,16,20
1997,7,2,9
1997,3,2,5
1997,8,0,8
1997,3,0,3
1997,2,1,3
1997,11,1,12
1997,7,1,8
1997,5,10,15
1997,3,1,4
1997,5,3,8
1997,8,6,14
1997,7,4,11
1997,5,4,9
1997,5,4,9
1997,8,5,13
1997,8,5,13
1997,7,3,10
1997,2,1,3
1997,9,3,12
1997,6,1,7
1997,5,2,7
1997,8,1,9
1997,5,2,7
1997,8,1,9
1997,4,2,6
1997,5,2,7
1997,5,4,9
1997,2,1,3
1997,7,6,13
1997,4,1,5
1997,7,6,13
1997,6,3,9
1997,6,3,9
1997,3,1,4
1997,9,8,17
1997,4,1,5
1997,2,1,3
1997,9,7,16
1997,5,3,8
1997,3,10,13
1997,3,1,4
1997,6,5,11
1997,6,5,11
1997,5,4,9
1997,3,2,5
1997,4,2,6
1997,4,0,4
1997,7,11,18
1997,7,2,9
1997,7,1,8
1997,9,0,9
1997,3,2,5
1997,5,3,8
1997,6,5,11
1997,7,10,17
1997,6,4,10
1997,3,2,5
1997,6,0,6
1997,7,2,9
1997,2,0,2
1997,7,10,17
1997,3,2,5
1997,4,0,4
1997,2,1,3
1997,3,10,13
1997,5,2,7
1997,4,2,6
1997,1,0,1
1997,9,3,12
1997,4,3,7
1997,8,4,12
1997,7,2,9
1997,5,4,9
1997,4,0,4
1997,3,1,4
1997,7,2,9
1997,3,0,3
1997,7,1,8
1997,5,4,9
1997,8,11,19
1997,3,1,4
1997,2,0,2
1997,4,2,6
1997,7,4,11
1997,6,5,11
1997,5,2,7
1997,6,5,11
1997,3,1,4
1997,8,7,15
1997,3,2,5
1997,5,2,7
1997,6,12,18
1997,6,0,6
1997,7,4,11
1997,11,1,12
1997,7,0,7
1997,5,2,7
1997,14,12,26
1997,4,1,5
1997,4,2,6
1997,1,0,1
1997,3,2,5
1997,2,1,3
1997,9,2,11
1997,4,0,4
1997,2,1,3
1997,4,1,5
1997,9,1,10
1997,9,13,22
1997,8,7,15
1997,7,5,12
1997,3,2,5
1997,8,5,13
1997,3,10,13
1997,8,3,11
1997,8,2,10
1997,8,3,11
1997,2,1,3
1997,4,1,5
1997,7,6,13
1997,8,5,13
1997,5,2,7
1997,5,1,6
1997,5,1,6
1997,8,7,15
1997,4,2,6
1997,6,0,6
1997,3,10,13
1997,4,14,18
1997,6,0,6
1997,5,4,9
1997,3,13,16
1997,2,1,3
1997,6,5,11
1997,7,3,10
1997,4,1,5
1997,4,3,7
1997,8,3,11
1997,5,2,7
1997,8,4,12
1997,3,2,5
1997,5,2,7
1997,6,5,11
1997,6,3,9
1997,6,5,11
1997,7,5,12
1997,10,1,11
1997,8,4,12
1997,8,7,15
1997,5,2,7
1997,9,1,10
1997,7,2,9
1997,4,1,5
1997,5,4,9
1997,9,3,12
1997,4,2,6
1997,7,3,10
1997,6,0,6
1997,5,11,16
1997,6,5,11
1997,8,2,10
1997,7,3,10
1997,6,4,10
1997,6,5,11
1997,4,1,5
1997,8,3,11
1997,5,4,9
1997,5,4,9
1997,3,0,3
1997,4,2,6
1997,5,4,9
1997,4,3,7
1997,17,1,18
1997,8,6,14
1997,4,3,7
1997,7,4,11
1997,6,3,9
1997,5,4,9
1997,5,2,7
1997,7,3,10
1997,4,0,4
1997,3,2,5
1997,6,4,10
1997,3,12,15
1997,4,3,7
1997,6,2,8
1997,6,3,9
1997,3,0,3
1997,6,3,9
1997,7,0,7
1997,8,4,12
1997,7,6,13
1997,9,4,13
1997,4,12,16
1997,5,4,9
1997,6,5,11
1997,5,1,6
1997,3,2,5
1997,4,2,6
1997,4,0,4
1997,6,2,8
1997,6,4,10
1997,8,2,10
1997,3,1,4
1997,5,10,15
1997,6,5,11
1997,5,3,8
1997,9,1,10
1997,4,0,4
1997,6,1,7
1997,5,0,5
1997,6,1,7
1997,6,3,9
1997,4,3,7
1997,4,3,7
1997,9,2,11
1997,7,5,12
1997,3,2,5
1997,4,3,7
1997,4,2,6
1997,8,7,15
1997,4,1,5
1997,2,1,3
1997,8,3,11
1997,3,2,5
1997,5,2,7
1997,3,2,5
1997,3,2,5
1997,4,3,7
1997,4,2,6
1997,6,4,10
1997,4,3,7
1997,8,1,9
1997,7,6,13
1997,8,7,15
1997,9,6,15
1997,6,3,9
1997,8,11,19
1997,4,3,7
1997,9,5,14
1997,2,1,3
1997,8,0,8
1997,4,2,6
1997,2,1,3
1997,8,3,11
1997,2,1,3
1997,11,0,11
1997,8,3,11
1997,6,3,9
1997,11,1,12
1997,7,4,11
1997,8,2,10
1997,5,2,7
1997,8,0,8
1997,2,12,14
1997,8,5,13
1997,7,4,11
1997,5,0,5
1997,2,13,15
1997,4,2,6
1997,6,4,10
1997,6,4,10
1997,5,3,8
1997,7,3,10
1997,5,2,7
1997,9,1,10
1997,2,1,3
1997,4,2,6
1997,7,6,13
1997,5,2,7
1997,3,13,16
1997,9,1,10
1997,8,12,20
1997,8,6,14
1997,3,1,4
1997,9,3,12
1997,2,0,2
1997,6,5,11
1997,5,4,9
1997,3,2,5
1997,6,1,7
1997,5,12,17
1997,12,1,13
1997,1,0,1
1997,5,1,6
1997,5,10,15
1997,5,4,9
1997,7,3,10
1997,6,2,8
1997,4,3,7
1997,8,3,11
1997,5,4,9
1997,6,11,17
1997,5,4,9
1997,6,2,8
1997,5,3,8
1997,6,5,11
1997,5,1,6
1997,5,3,8
1997,5,3,8
1997,5,2,7
1997,5,1,6
1997,6,2,8
1997,3,2,5
1997,9,10,19
1997,4,12,16
1997,6,11,17
1997,8,4,12
1997,7,5,12
1997,2,1,3
1997,5,10,15
1997,5,3,8
1997,5,3,8
1997,6,5,11
1997,8,5,13
1997,4,3,7
1997,8,5,13
1997,5,3,8
1997,5,4,9
1997,5,10,15
1997,5,3,8
1997,4,2,6
1997,5,10,15
1997,6,4,10
1997,8,4,12
1997,2,10,12
1997,6,11,17
1997,5,0,5
1997,5,2,7
1997,8,0,8
1997,6,5,11
1997,8,6,14
1997,3,1,4
1997,2,1,3
1997,5,0,5
1997,5,3,8
1997,7,2,9
1997,3,12,15
1997,8,5,13
1997,2,0,2
1997,4,12,16
1997,6,5,11
1997,5,3,8
1997,6,5,11
1997,8,2,10
1997,8,1,9
1997,4,3,7
1997,9,12,21
1997,9,2,11
1997,5,12,17
1997,4,2,6
1997,9,5,14
1997,5,3,8
1997,7,5,12
1997,8,2,10
1997,7,3,10
1997,8,5,13
1997,6,12,18
1997,5,3,8
1997,11,1,12
1997,6,5,11
1997,3,1,4
1997,4,2,6
1997,6,3,9
1997,7,5,12
1997,5,4,9
1997,7,3,10
1997,1,0,1
1997,6,2,8
1997,4,3,7
1997,6,3,9
1997,4,10,14
1997,4,3,7
1997,2,1,3
1997,3,2,5
1997,3,1,4
1997,4,3,7
1997,6,13,19
1997,9,4,13
1997,7,6,13
1997,8,5,13
1997,6,2,8
1997,3,1,4
1997,3,1,4
1997,7,3,10
1997,9,1,10
1997,5,3,8
1997,16,1,17
1997,9,8,17
1997,5,3,8
1997,5,3,8
1997,3,2,5
1997,9,5,14
1997,8,17,25
1997,6,1,7
1997,3,10,13
1997,5,4,9
1997,9,5,14
1997,3,0,3
1997,6,3,9
1997,6,5,11
1997,5,2,7
1997,9,5,14
1997,7,4,11
1997,4,3,7
1997,6,4,10
1997,8,10,18
1997,8,13,21
1997,3,2,5
1997,6,4,10
1997,5,1,6
1997,3,12,15
1997,7,1,8
1997,3,1,4
1997,8,11,19
1997,6,0,6
1997,3,2,5
1997,4,1,5
1997,5,1,6
1997,9,6,15
1997,5,3,8
1997,3,1,4
1997,3,1,4
1997,7,6,13
1997,6,4,10
1997,7,2,9
1997,7,6,13
1997,7,1,8
1997,10,1,11
1997,6,4,10
1997,8,2,10
1997,4,3,7
1997,9,8,17
1997,2,1,3
1997,8,7,15
1997,7,6,13
1997,5,4,9
1997,11,0,11
1997,9,5,14
1997,11,10,21
1997,8,2,10
1997,6,2,8
1997,2,18,20
1997,4,2,6
1997,6,4,10
1997,8,2,10
1997,7,5,12
1997,8,5,13
1997,4,10,14
1997,6,4,10
1997,7,3,10
1997,4,3,7
1997,7,5,12
1997,7,1,8
1997,2,0,2
1997,6,15,21
1997,8,7,15
1997,7,6,13
1997,9,5,14
1997,9,5,14
1997,4,3,7
1997,2,13,15
1997,4,2,6
1997,5,1,6
1997,4,3,7
1997,9,5,14
1997,7,1,8
1997,9,2,11
1997,5,11,16
1997,5,11,16
1997,3,2,5
1997,4,3,7
1997,9,1,10
1997,5,4,9
1997,7,6,13
1997,6,5,11
1997,7,2,9
1997,9,7,16
1997,5,4,9
1997,4,1,5
1997,5,3,8
1997,4,3,7
1997,3,1,4
1997,5,4,9
1997,8,0,8
1997,6,13,19
1997,2,15,17
1997,9,2,11
1997,9,4,13
1997,4,3,7
1997,2,0,2
1997,5,16,21
1997,2,11,13
1997,3,1,4
1997,4,1,5
1997,7,2,9
1997,4,1,5
1997,7,3,10
1997,4,1,5
1997,4,1,5
1997,7,3,10
1997,3,1,4
1997,9,5,14
1997,4,10,14
1997,2,1,3
1997,5,4,9
1997,3,1,4
1997,3,2,5
1997,8,6,14
1997,3,2,5
1997,5,3,8
1997,7,4,11
1997,8,3,11
1997,4,1,5
1997,4,2,6
1997,7,6,13
1997,7,4,11
1997,4,10,14
1997,3,2,5
1997,4,2,6
1997,3,0,3
1997,8,2,10
1997,5,1,6
1997,7,5,12
1997,9,6,15
1997,5,4,9
1997,7,2,9
1997,5,0,5
1997,9,3,12
1997,4,0,4
1997,3,2,5
1997,4,2,6
1997,6,5,11
1997,8,5,13
1997,5,0,5
1997,6,4,10
1997,6,1,7
1997,13,12,25
1997,4,12,16
1997,6,10,16
1997,6,3,9
1997,7,6,13
1997,4,0,4
1997,1,0,1
1997,4,2,6
1997,3,12,15
1997,5,4,9
1997,7,3,10
1997,6,5,11
1997,4,2,6
1997,5,2,7
1997,5,2,7
1997,5,4,9
1997,7,6,13
1997,9,6,15
1997,6,4,10
1997,5,2,7
1997,8,7,15
1997,2,14,16
1997,6,2,8
1997,7,1,8
1997,8,3,11
1997,8,6,14
1997,11,1,12
1997,4,11,15
1997,6,1,7
1997,9,6,15
1997,7,4,11
1997,6,10,16
1997,7,1,8
1997,9,13,22
1997,6,2,8
1997,4,1,5
1997,5,1,6
1997,2,10,12
1997,7,5,12
1997,4,13,17
1997,9,7,16
1997,7,10,17
1997,7,6,13
1997,7,5,12
1997,9,3,12
1997,9,5,14
1997,9,0,9
1997,5,3,8
1997,4,1,5
1997,9,1,10
1997,5,3,8
1997,2,1,3
1997,2,11,13
1997,9,2,11
1997,6,3,9
1997,5,2,7
1997,7,4,11
1997,5,4,9
1997,9,4,13
1997,9,5,14
1997,9,6,15
1997,2,1,3
1997,3,10,13
1997,4,0,4
1997,5,1,6
1997,4,0,4
1997,8,5,13
1997,8,1,9
1997,2,1,3
1997,6,2,8
1997,9,2,11
1997,8,4,12
1997,7,2,9
1997,4,13,17
1997,12,10,22
1997,8,6,14
1997,4,1,5
1997,5,2,7
1997,9,3,12
1997,7,4,11
1997,4,0,4
1997,4,3,7
1997,4,3,7
1997,5,1,6
1997,5,4,9
1997,1,0,1
1997,7,6,13
1997,5,3,8
1997,2,0,2
1997,5,2,7
1997,3,1,4
1997,3,1,4
1997,9,7,16
1997,7,0,7
1997,5,4,9
1997,2,10,12
1997,3,2,5
1997,4,3,7
1997,10,0,10
1997,7,6,13
1997,4,2,6
1997,2,14,16
1997,7,5,12
1997,9,5,14
1997,8,7,15
1997,5,3,8
1997,3,1,4
1997,7,0,7
1997,8,5,13
1997,3,1,4
1997,5,13,18
1997,9,0,9
1997,1,0,1
1997,3,10,13
1997,4,2,6
1997,3,2,5
1997,7,2,9
1997,4,2,6
1997,9,1,10
1997,3,1,4
1997,7,3,10
1997,4,2,6
1997,6,5,11
1997,3,1,4
1997,6,10,16
1997,6,1,7
1997,7,6,13
1997,8,1,9
1997,5,1,6
1997,2,1,3
1997,9,6,15
1997,4,2,6
1997,3,0,3
1997,4,1,5
1997,6,3,9
1997,8,3,11
1997,9,3,12
1997,3,2,5
1997,4,0,4
1997,8,2,10
1997,8,3,11
1997,5,4,9
1997,4,3,7
1997,2,1,3
1997,1,0,1
1997,6,5,11
1997,6,4,10
1997,3,2,5
1997,3,2,5
1997,4,10,14
1997,11,1,12
1997,8,5,13
1997,5,4,9
1997,6,5,11
1997,4,1,5
1997,4,1,5
1997,7,1,8
1997,4,3,7
1997,11,10,21
1997,7,6,13
1997,6,3,9
1997,5,10,15
1997,2,1,3
1997,5,4,9
1997,7,3,10
1997,7,6,13
1997,9,11,20
1997,9,3,12
1997,6,4,10
1997,4,2,6
1997,7,2,9
1997,5,0,5
1997,9,6,15
1997,3,15,18
1997,2,0,2
1997,4,3,7
1997,3,2,5
1997,8,2,10
1997,7,6,13
1997,4,2,6
1997,8,4,12
1997,2,10,12
1997,8,3,11
1997,4,3,7
1997,9,12,21
1997,4,1,5
1997,5,2,7
1997,5,2,7
1997,8,4,12
1997,7,6,13
1997,6,2,8
1997,8,4,12
1997,5,4,9
1997,2,1,3
1997,5,4,9
1997,7,3,10
1997,4,11,15
1997,4,3,7
1997,3,2,5
1997,4,3,7
1997,6,3,9
1997,8,2,10
1997,9,2,11
1997,4,1,5
1997,9,7,16
1997,3,12,15
1997,7,6,13
1997,6,5,11
1997,6,3,9
1997,2,1,3
1997,5,3,8
1997,5,4,9
1997,5,10,15
1997,5,4,9
1997,5,2,7
1997,3,10,13
1997,6,2,8
1997,6,4,10
1997,7,4,11
1997,3,0,3
1997,9,4,13
1997,6,5,11
1997,7,4,11
1997,7,1,8
1997,3,1,4
1997,8,12,20
1997,6,4,10
1997,3,2,5
1997,4,1,5
1997,7,3,10
1997,5,2,7
1997,2,1,3
1997,6,1,7
1997,4,3,7
1997,4,3,7
1997,10,1,11
1997,2,12,14
1997,7,6,13
1997,7,1,8
1997,3,11,14
1997,5,2,7
1997,3,11,14
1997,8,3,11
1997,2,1,3
1997,1,0,1
1997,5,10,15
1997,2,1,3
1997,5,4,9
1997,9,2,11
1997,2,14,16
1997,8,5,13
1997,4,1,5
1997,3,2,5
1997,5,4,9
1997,6,3,9
1997,3,10,13
1997,5,2,7
1997,8,1,9
1997,4,2,6
1997,3,1,4
1997,5,11,16
1997,5,3,8
1997,9,10,19
1997,7,6,13
1997,6,0,6
1997,5,3,8
1997,6,2,8
1997,7,4,11
1997,6,2,8
1997,6,3,9
1997,5,4,9
1997,6,14,20
1997,6,0,6
1997,4,3,7
1997,8,6,14
1997,3,2,5
1997,7,2,9
1997,8,4,12
1997,4,3,7
1997,9,2,11
1997,3,1,4
1997,4,1,5
1997,4,3,7
1997,9,10,19
1997,7,5,12
1997,8,4,12
1997,5,1,6
1997,9,3,12
1997,5,4,9
1997,9,3,12
1997,8,5,13
1997,5,10,15
1997,5,4,9
1997,9,5,14
1997,3,1,4
1997,9,1,10
1997,2,1,3
1997,3,2,5
1997,3,2,5
1997,4,3,7
1997,4,3,7
1997,8,4,12
1997,7,2,9
1997,7,2,9
1997,4,10,14
1997,8,2,10
1997,2,0,2
1997,4,2,6
1997,7,1,8
1997,7,6,13
1997,5,3,8
1997,8,5,13
1997,4,17,21
1997,5,2,7
1997,3,0,3
1997,8,7,15
1997,4,10,14
1997,6,10,16
1997,6,4,10
1997,6,1,7
1997,6,1,7
1997,8,1,9
1997,5,4,9
1997,8,5,13
1997,2,1,3
1997,8,7,15
1997,9,3,12
1997,6,1,7
1997,4,12,16
1997,5,12,17
1997,4,0,4
1997,4,3,7
1997,5,1,6
1997,9,13,22
1997,7,2,9
1997,5,4,9
1997,7,6,13
1997,3,11,14
1997,8,2,10
1997,8,7,15
1997,9,7,16
1997,5,3,8
1997,2,1,3
1997,3,2,5
1997,2,1,3
1997,2,1,3
1997,8,6,14
1997,3,13,16
1997,7,6,13
1997,9,3,12
1997,7,5,12
1997,9,3,12
1997,4,1,5
1997,6,2,8
1997,4,2,6
1997,6,1,7
1997,3,1,4
1997,3,2,5
1997,4,3,7
1997,5,3,8
1997,7,1,8
1997,3,0,3
1997,5,4,9
1997,5,2,7
1997,2,1,3
1997,4,0,4
1997,8,7,15
1997,2,1,3
1997,4,2,6
1997,7,4,11
1997,1,0,1
1997,7,4,11
1997,6,1,7
1997,14,11,25
1997,3,10,13
1997,8,7,15
1997,4,1,5
1997,3,2,5
1998,9,2,11
1998,2,1,3
1998,4,1,5
1998,2,10,12
1998,6,11,17
1998,9,4,13
1998,1,0,1
1998,9,10,19
1998,6,0,6
1998,6,11,17
1998,9,2,11
1998,4,1,5
1998,6,0,6
1998,10,1,11
1998,9,10,19
1998,3,10,13
1998,7,6,13
1998,4,0,4
1998,2,0,2
1998,9,7,16
1998,8,11,19
1998,3,2,5
1998,2,10,12
1998,6,4,10
1998,8,6,14
1998,4,3,7
1998,5,1,6
1998,8,7,15
1998,9,2,11
1998,4,3,7
1998,6,5,11
1998,6,3,9
1998,8,5,13
1998,7,1,8
1998,4,20,24
1998,3,2,5
1998,6,2,8
1998,8,3,11
1998,5,1,6
1998,2,10,12
1998,6,2,8
1998,6,3,9
1998,7,1,8
1998,2,15,17
1998,9,5,14
1998,2,1,3
1998,6,11,17
1998,5,13,18
1998,4,10,14
1998,5,0,5
1998,11,0,11
1998,5,3,8
1998,5,4,9
1998,2,1,3
1998,3,1,4
1998,3,1,4
1998,6,2,8
1998,5,3,8
1998,3,2,5
1998,7,6,13
1998,7,3,10
1998,6,12,18
1998,8,6,14
1998,8,2,10
1998,9,2,11
1998,6,4,10
1998,3,2,5
1998,2,1,3
1998,6,3,9
1998,7,2,9
1998,1,0,1
1998,5,2,7
1998,6,2,8
1998,10,1,11
1998,7,0,7
1998,9,7,16
1998,5,10,15
1998,8,7,15
1998,5,0,5
1998,6,5,11
1998,2,1,3
1998,5,4,9
1998,3,2,5
1998,8,5,13
1998,4,13,17
1998,4,2,6
1998,6,5,11
1998,8,0,8
1998,6,1,7
1998,3,2,5
1998,12,11,23
1998,3,1,4
1998,7,11,18
1998,9,1,10
1998,6,4,10
1998,2,12,14
1998,9,8,17
1998,3,11,14
1998,3,2,5
1998,7,13,20
1998,5,4,9
1998,2,1,3
1998,9,13,22
1998,3,0,3
1998,9,6,15
1998,3,1,4
1998,9,5,14
1998,5,3,8
1998,6,3,9
1998,4,3,7
1998,6,3,9
1998,11,0,11
1998,8,7,15
1998,7,5,12
1998,2,1,3
1998,7,2,9
1998,6,5,11
1998,2,13,15
1998,4,3,7
1998,6,2,8
1998,3,1,4
1998,9,7,16
1998,3,0,3
1998,8,5,13
1998,7,18,25
1998,7,1,8
1998,5,4,9
1998,7,2,9
1998,5,3,8
1998,13,0,13
1998,17,13,30
1998,1,0,1
1998,4,1,5
1998,6,4,10
1998,5,3,8
1998,4,3,7
1998,5,0,5
1998,5,1,6
1998,8,5,13
1998,5,12,17
1998,2,0,2
1998,8,3,11
1998,6,2,8
1998,2,1,3
1998,5,4,9
1998,3,1,4
1998,6,5,11
1998,7,6,13
1998,7,0,7
1998,7,2,9
1998,9,8,17
1998,8,7,15
1998,4,1,5
1998,12,1,13
1998,4,10,14
1998,6,3,9
1998,7,2,9
1998,7,6,13
1998,6,4,10
1998,4,1,5
1998,7,5,12
1998,3,2,5
1998,7,3,10
1998,4,2,6
1998,2,1,3
1998,3,1,4
1998,6,3,9
1998,6,5,11
1998,8,4,12
1998,11,1,12
1998,3,1,4
1998,8,11,19
1998,7,2,9
1998,1,0,1
1998,8,2,10
1998,13,12,25
1998,10,1,11
1998,6,0,6
1998,4,3,7
1998,8,6,14
1998,8,3,11
1998,6,3,9
1998,5,1,6
1998,7,4,11
1998,6,0,6
1998,7,13,20
1998,5,15,20
1998,8,2,10
1998,2,11,13
1998,7,0,7
1998,7,6,13
1998,4,3,7
1998,4,1,5
1998,5,3,8
1998,3,2,5
1998,7,3,10
1998,4,3,7
1998,6,3,9
1998,2,1,3
1998,1,0,1
1998,7,3,10
1998,6,5,11
1998,3,1,4
1998,8,2,10
1998,7,4,11
1998,4,3,7
1998,4,12,16
1998,3,2,5
1998,5,3,8
1998,8,4,12
1998,7,12,19
1998,5,4,9
1998,8,2,10
1998,5,0,5
1998,7,5,12
1998,3,2,5
1998,3,11,14
1998,4,3,7
1998,2,11,13
1998,5,3,8
1998,5,2,7
1998,6,11,17
1998,4,1,5
1998,7,5,12
1998,8,5,13
1998,6,4,10
1998,6,1,7
1998,8,1,9
1998,7,5,12
1998,7,4,11
1998,8,1,9
1998,5,4,9
1998,4,11,15
1998,8,3,11
1998,4,3,7
1998,3,1,4
1998,5,3,8
1998,3,2,5
1998,7,5,12
1998,6,5,11
1998,8,10,18
1998,9,4,13
1998,6,0,6
1998,4,3,7
1998,2,0,2
1998,2,1,3
1998,14,0,14
1998,5,3,8
1998,7,10,17
1998,2,1,3
1998,5,4,9
1998,3,2,5
1998,7,4,11
1998,7,3,10
1998,3,2,5
1998,7,11,18
1998,5,4,9
1998,4,3,7
1998,4,15,19
1998,6,5,11
1998,7,5,12
1998,3,2,5
1998,8,7,15
1998,3,2,5
1998,8,3,11
1998,5,3,8
1998,6,14,20
1998,4,11,15
1998,5,2,7
1998,5,3,8
1998,6,0,6
1998,5,4,9
1998,6,3,9
1998,6,3,9
1998,5,3,8
1998,4,0,4
1998,5,3,8
1998,7,6,13
1998,5,2,7
1998,3,2,5
1998,7,14,21
1998,8,5,13
1998,3,2,5
1998,9,6,15
1998,3,2,5
1998,7,10,17
1998,4,2,6
1998,5,4,9
1998,5,2,7
1998,5,11,16
1998,7,2,9
1998,9,1,10
1998,3,1,4
1998,4,1,5
1998,5,4,9
1998,4,3,7
1998,2,1,3
1998,5,2,7
1998,6,3,9
1998,7,0,7
1998,5,12,17
1998,6,5,11
1998,10,1,11
1998,3,1,4
1998,7,5,12
1998,5,1,6
1998,4,11,15
1998,4,12,16
1998,8,4,12
1998,8,4,12
1998,3,2,5
1998,8,4,12
1998,4,2,6
1998,4,2,6
1998,7,5,12
1998,3,10,13
1998,7,11,18
1998,8,2,10
1998,8,1,9
1998,3,2,5
1998,4,3,7
1998,8,11,19
1998,3,2,5
1998,4,3,7
1998,5,4,9
1998,2,0,2
1998,8,5,13
1998,4,3,7
1998,8,2,10
1998,2,1,3
1998,7,1,8
1998,7,6,13
1998,4,12,16
1998,5,5,10
1998,6,12,18
1998,4,11,15
1998,4,3,7
1998,15,0,15
1998,9,3,12
1998,6,0,6
1998,2,0,2
1998,8,7,15
1998,2,1,3
1998,6,5,11
1998,3,1,4
1998,6,5,11
1998,3,10,13
1998,3,1,4
1998,5,4,9
1998,3,2,5
1998,9,4,13
1998,1,0,1
1998,4,3,7
1998,3,1,4
1998,6,5,11
1998,7,0,7
1998,7,6,13
1998,2,12,14
1998,6,5,11
1998,7,5,12
1998,4,1,5
1998,8,11,19
1998,8,7,15
1998,4,3,7
1998,5,1,6
1998,6,3,9
1998,7,2,9
1998,5,2,7
1998,7,3,10
1998,2,1,3
1998,4,3,7
1998,8,4,12
1998,7,16,23
1998,1,0,1
1998,4,11,15
1998,4,1,5
1998,6,1,7
1998,2,0,2
1998,8,5,13
1998,7,13,20
1998,7,2,9
1998,6,0,6
1998,7,2,9
1998,4,1,5
1998,8,3,11
1998,5,2,7
1998,7,2,9
1998,4,1,5
1998,2,0,2
1998,9,8,17
1998,4,0,4
1998,6,14,20
1998,7,4,11
1998,7,1,8
1998,6,2,8
1998,6,3,9
1998,5,3,8
1998,6,5,11
1998,7,5,12
1998,6,5,11
1998,2,1,3
1998,5,2,7
1998,7,4,11
1998,5,2,7
1998,5,12,17
1998,5,4,9
1998,3,17,20
1998,5,3,8
1998,4,3,7
1998,8,7,15
1998,7,6,13
1998,4,3,7
1998,5,1,6
1998,8,7,15
1998,6,12,18
1998,8,5,13
1998,5,4,9
1998,7,3,10
1998,7,0,7
1998,4,1,5
1998,5,4,9
1998,4,0,4
1998,12,1,13
1998,8,12,20
1998,2,0,2
1998,2,1,3
1998,8,5,13
1998,8,10,18
1998,1,0,1
1998,10,1,11
1998,5,3,8
1998,4,1,5
1998,5,2,7
1998,6,3,9
1998,5,3,8
1998,5,10,15
1998,6,10,16
1998,6,5,11
1998,4,2,6
1998,8,0,8
1998,5,13,18
1998,4,1,5
1998,4,2,6
1998,7,4,11
1998,2,11,13
1998,13,11,24
1998,8,3,11
1998,4,2,6
1998,5,10,15
1998,6,5,11
1998,8,2,10
1998,4,2,6
1998,4,13,17
1998,3,2,5
1998,9,1,10
1998,6,1,7
1998,5,2,7
1998,8,1,9
1998,7,2,9
1998,6,5,11
1998,7,0,7
1998,8,7,15
1998,2,0,2
1998,5,14,19
1998,9,10,19
1998,5,0,5
1998,3,2,5
1998,4,2,6
1998,8,2,10
1998,5,10,15
1998,7,6,13
1998,5,0,5
1998,9,10,19
1998,15,13,28
1998,6,3,9
1998,4,3,7
1998,5,3,8
1998,2,1,3
1998,4,1,5
1998,6,3,9
1998,4,1,5
1998,8,7,15
1998,6,0,6
1998,7,2,9
1998,5,3,8
1998,3,2,5
1998,5,4,9
1998,6,12,18
1998,3,14,17
1998,4,1,5
1998,5,1,6
1998,7,5,12
1998,9,2,11
1998,5,3,8
1998,6,4,10
1998,5,3,8
1998,8,3,11
1998,8,2,10
1998,6,3,9
1998,7,3,10
1998,6,4,10
1998,5,1,6
1998,6,0,6
1998,7,4,11
1998,3,1,4
1998,6,11,17
1998,8,1,9
1998,4,0,4
1998,7,15,22
1998,6,1,7
1998,4,1,5
1998,7,0,7
1998,7,3,10
1998,4,2,6
1998,8,5,13
1998,3,0,3
1998,4,2,6
1998,3,1,4
1998,7,1,8
1998,7,0,7
1998,5,3,8
1998,4,3,7
1998,7,4,11
1998,4,3,7
1998,3,1,4
1998,4,3,7
1998,5,3,8
1998,4,2,6
1998,8,1,9
1998,5,2,7
1998,5,2,7
1998,4,0,4
1998,5,2,7
1998,2,1,3
1998,7,2,9
1998,7,0,7
1998,4,2,6
1998,8,2,10
1998,7,6,13
1998,5,2,7
1998,5,1,6
1998,4,2,6
1998,4,2,6
1998,5,3,8
1998,7,4,11
1998,3,2,5
1998,6,0,6
1998,6,5,11
1998,6,5,11
1998,6,3,9
1998,4,3,7
1998,8,3,11
1998,8,1,9
1998,8,3,11
1998,4,10,14
1998,9,3,12
1998,8,5,13
1998,1,0,1
1998,9,4,13
1998,7,4,11
1998,8,6,14
1998,4,3,7
1998,9,5,14
1998,2,10,12
1998,4,0,4
1998,4,2,6
1998,4,1,5
1998,5,4,9
1998,5,3,8
1998,8,11,19
1998,9,7,16
1998,8,3,11
1998,7,2,9
1998,4,0,4
1998,2,1,3
1998,7,5,12
1998,3,1,4
1998,6,2,8
1998,6,1,7
1998,2,0,2
1998,7,3,10
1998,2,10,12
1998,5,4,9
1998,6,1,7
1998,4,1,5
1998,5,2,7
1998,6,3,9
1998,3,11,14
1998,3,2,5
1998,8,5,13
1998,8,3,11
1998,3,2,5
1998,4,2,6
1998,7,6,13
1998,7,6,13
1998,3,2,5
1998,8,7,15
1998,9,1,10
1998,6,3,9
1998,5,2,7
1998,5,0,5
1998,3,11,14
1998,5,4,9
1998,3,10,13
1998,7,5,12
1998,8,6,14
1998,3,2,5
1998,9,4,13
1998,5,2,7
1998,3,2,5
1998,4,1,5
1998,5,4,9
1998,8,1,9
1998,8,2,10
1998,7,3,10
1998,5,3,8
1998,9,7,16
1998,10,1,11
1998,1,0,1
1998,2,1,3
1998,4,3,7
1998,8,1,9
1998,6,3,9
1998,4,0,4
1998,3,1,4
1998,4,2,6
1998,4,13,17
1998,4,3,7
1998,9,2,11
1998,6,3,9
1998,14,0,14
1998,8,5,13
1998,2,11,13
1998,4,0,4
1998,7,3,10
1998,9,4,13
1998,4,3,7
1998,9,5,14
1998,6,3,9
1998,3,16,19
1998,9,6,15
1998,8,3,11
1998,4,2,6
1998,9,5,14
1998,7,3,10
1998,5,3,8
1998,8,10,18
1998,3,0,3
1998,4,10,14
1998,3,1,4
1998,5,4,9
1998,5,1,6
1998,6,2,8
1998,5,0,5
1998,7,3,10
1998,5,14,19
1998,4,2,6
1998,12,11,23
1998,4,3,7
1998,9,6,15
1998,8,6,14
1998,8,5,13
1998,5,2,7
1998,8,3,11
1998,8,7,15
1998,9,1,10
1998,2,12,14
1998,2,0,2
1998,7,3,10
1998,6,4,10
1998,6,2,8
1998,8,1,9
1998,6,3,9
1998,6,0,6
1998,3,1,4
1998,6,1,7
1998,4,3,7
1998,3,2,5
1998,9,8,17
1998,6,1,7
1998,3,10,13
1998,5,0,5
1998,8,2,10
1998,5,4,9
1998,9,5,14
1998,3,2,5
1998,9,7,16
1998,3,1,4
1998,9,6,15
1998,7,5,12
1998,3,2,5
1998,9,5,14
1998,5,2,7
1998,4,3,7
1998,13,10,23
1998,9,5,14
1998,7,1,8
1998,6,10,16
1998,3,12,15
1998,7,1,8
1998,4,1,5
1998,7,2,9
1998,4,10,14
1998,4,3,7
1998,3,2,5
1998,3,0,3
1998,9,1,10
1998,6,3,9
1998,11,10,21
1998,7,3,10
1998,9,1,10
1998,8,5,13
1998,2,1,3
1998,4,14,18
1998,8,4,12
1998,3,1,4
1998,5,0,5
1998,4,3,7
1998,5,2,7
1998,5,4,9
1998,8,3,11
1998,2,1,3
1998,3,1,4
1998,9,6,15
1998,8,3,11
1998,6,4,10
1998,3,2,5
1998,9,5,14
1998,7,5,12
1998,12,0,12
1998,3,1,4
1998,7,4,11
1998,4,3,7
1998,5,3,8
1998,8,2,10
1998,4,12,16
1998,6,1,7
1998,9,3,12
1998,12,1,13
1998,9,3,12
1998,5,2,7
1998,7,5,12
1998,5,2,7
1998,9,2,11
1998,6,10,16
1998,2,13,15
1998,3,2,5
1998,7,2,9
1998,8,3,11
1998,4,0,4
1998,6,4,10
1998,2,0,2
1998,9,12,21
1998,5,10,15
1998,7,5,12
1998,8,2,10
1998,3,1,4
1998,3,2,5
1998,2,1,3
1998,6,5,11
1998,9,5,14
1998,5,2,7
1998,8,7,15
1998,7,11,18
1998,4,3,7
1998,8,3,11
1998,8,7,15
1998,4,1,5
1998,5,2,7
1998,6,2,8
1998,6,3,9
1998,5,3,8
1998,7,6,13
1998,8,7,15
1998,5,3,8
1998,8,4,12
1998,4,3,7
1998,3,1,4
1998,6,2,8
1998,11,0,11
1998,4,1,5
1998,8,3,11
1998,3,1,4
1998,6,2,8
1998,7,3,10
1998,8,10,18
1998,9,8,17
1998,6,3,9
1998,6,0,6
1998,4,10,14
1998,7,3,10
1998,4,12,16
1998,8,1,9
1998,3,2,5
1998,6,4,10
1998,8,7,15
1998,3,2,5
1998,4,1,5
1998,5,2,7
1998,4,2,6
1998,9,5,14
1998,4,2,6
1998,7,5,12
1998,8,2,10
1998,4,10,14
1998,6,5,11
1998,7,6,13
1998,6,5,11
1998,7,13,20
1998,8,6,14
1998,9,4,13
1998,7,3,10
1998,7,4,11
1998,6,11,17
1998,8,3,11
1998,9,10,19
1998,2,10,12
1998,6,4,10
1998,2,0,2
1998,6,3,9
1998,5,2,7
1998,8,5,13
1998,5,4,9
1998,6,2,8
1998,4,3,7
1998,3,2,5
1998,3,16,19
1998,4,1,5
1998,9,5,14
1998,9,8,17
1998,2,1,3
1998,9,3,12
1998,8,3,11
1998,7,5,12
1998,7,4,11
1998,9,0,9
1998,3,10,13
1998,6,3,9
1998,4,3,7
1998,5,2,7
1998,4,3,7
1998,4,2,6
1998,7,3,10
1998,3,11,14
1998,3,0,3
1998,5,1,6
1998,3,2,5
1998,5,10,15
1998,7,4,11
1998,5,2,7
1998,3,2,5
1998,7,1,8
1998,16,10,26
1998,3,2,5
1998,3,0,3
1998,8,2,10
1998,8,1,9
1998,8,5,13
1998,5,1,6
1998,9,1,10
1998,5,2,7
1998,7,1,8
1998,3,2,5
1998,3,2,5
1998,6,1,7
1998,6,1,7
1998,5,1,6
1998,6,2,8
1998,9,6,15
1998,5,0,5
1998,3,2,5
1998,9,2,11
1998,6,5,11
1998,2,1,3
1998,3,0,3
1998,7,3,10
1998,5,1,6
1998,2,1,3
1998,6,1,7
1998,4,0,4
1998,3,2,5
1998,5,2,7
1998,8,7,15
1998,8,7,15
1998,2,1,3
1998,5,10,15
1998,1,0,1
1998,7,6,13
1998,10,1,11
1998,6,0,6
1998,9,3,12
1998,4,2,6
1998,5,10,15
1998,4,3,7
1998,6,10,16
1998,5,4,9
1998,7,5,12
1998,3,0,3
1998,6,10,16
1998,6,5,11
1998,9,0,9
1998,5,0,5
1998,7,13,20
1998,6,1,7
1998,7,1,8
1998,4,1,5
1998,4,1,5
1998,4,12,16
1998,3,2,5
1998,7,4,11
1998,6,5,11
1998,4,3,7
1998,8,17,25
1998,3,1,4
1998,7,6,13
1998,8,6,14
1998,8,0,8
1998,3,1,4
1998,9,5,14
1998,4,3,7
1998,8,7,15
1998,7,3,10
1998,8,1,9
1998,3,0,3
1998,8,14,22
1998,4,2,6
1998,4,3,7
1998,8,10,18
1998,9,3,12
1998,5,4,9
1998,7,4,11
1998,5,2,7
1998,5,3,8
1998,5,4,9
1998,6,3,9
1998,5,1,6
1998,8,0,8
1998,11,1,12
1998,5,4,9
1998,2,0,2
1998,5,1,6
1998,7,6,13
1998,2,10,12
1998,6,10,16
1998,8,10,18
1998,4,3,7
1998,9,8,17
1998,3,10,13
1998,4,3,7
1998,9,6,15
1998,1,0,1
1998,5,1,6
1998,6,2,8
1998,3,2,5
1998,5,2,7
1998,2,1,3
1998,4,1,5
1998,5,10,15
1998,5,3,8
1998,7,5,12
1998,5,2,7
1998,9,4,13
1998,7,5,12
1998,5,1,6
1998,8,1,9
1998,4,3,7
1998,7,3,10
1998,2,1,3
1998,8,7,15
1998,5,0,5
1998,4,0,4
1998,4,2,6
1998,3,10,13
1998,5,1,6
1998,9,5,14
1998,7,4,11
1998,9,7,16
1998,7,4,11
1998,7,4,11
1998,7,1,8
1998,4,2,6
1998,3,2,5
1998,7,3,10
1998,8,10,18
1998,8,1,9
1998,4,2,6
1998,6,18,24
1998,9,8,17
1998,2,0,2
1998,5,1,6
1998,3,2,5
1998,6,3,9
1998,5,4,9
1998,2,0,2
1998,3,2,5
1998,2,1,3
1998,4,2,6
1998,4,3,7
1998,4,2,6
1998,7,2,9
1998,3,2,5
1998,4,2,6
1998,7,4,11
1998,7,4,11
1998,3,2,5
1998,6,5,11
1998,2,13,15
1998,7,6,13
1998,3,2,5
1998,2,1,3
1998,4,3,7
1998,8,7,15
1998,8,5,13
1998,3,2,5
1998,7,0,7
1998,2,0,2
1998,6,1,7
1998,2,11,13
1998,5,1,6
1998,9,1,10
1998,8,5,13
1998,9,4,13
1998,2,0,2
1998,8,7,15
1998,6,10,16
1998,5,3,8
1998,4,3,7
1998,9,7,16
1998,4,2,6
1998,6,2,8
1998,5,3,8
1998,5,12,17
1998,6,5,11
1998,4,1,5
1998,4,3,7
1998,6,2,8
1998,6,5,11
1998,5,4,9
1998,3,1,4
1998,3,2,5
1998,6,3,9
1998,2,1,3
1998,3,2,5
1998,5,11,16
1998,3,2,5
1998,6,13,19
1998,4,1,5
1998,5,12,17
1998,4,2,6
1998,5,2,7
1998,5,0,5
1998,5,3,8
1998,7,6,13
1998,1,0,1
1998,7,6,13
1998,7,6,13
1998,7,5,12
1998,3,2,5
1998,7,3,10
1998,7,4,11
1998,6,10,16
1998,9,8,17
1998,7,4,11
1998,4,3,7
1998,8,4,12
1998,4,2,6
1998,2,1,3
1998,14,1,15
1998,3,2,5
1998,9,1,10
1998,9,5,14
1998,5,0,5
1998,4,1,5
1998,8,3,11
1998,3,11,14
1998,8,7,15
1998,9,4,13
1998,5,3,8
1998,7,6,13
1998,4,3,7
1998,9,8,17
1998,4,2,6
1998,5,1,6
1998,8,3,11
1998,6,2,8
1998,5,2,7
1998,4,2,6
1998,8,5,13
1998,7,10,17
1998,7,3,10
1998,6,1,7
1998,7,2,9
1998,11,0,11
1998,6,11,17
1998,6,5,11
1998,3,1,4
1998,8,7,15
1998,4,1,5
1998,3,2,5
1998,5,10,15
1998,5,1,6
1998,5,4,9
1998,3,1,4
1998,6,5,11
1998,7,2,9
1998,9,8,17
1998,3,1,4
1998,3,0,3
1998,5,3,8
1998,3,2,5
1998,6,4,10
1998,8,12,20
1998,5,4,9
1998,5,3,8
1998,4,1,5
1998,3,2,5
1998,6,0,6
1998,2,14,16
1998,6,4,10
1998,6,3,9
1998,3,2,5
1998,5,4,9
1998,6,4,10
1998,9,0,9
1998,7,5,12
1998,7,2,9
1998,4,2,6
1998,5,4,9
1998,5,3,8
1998,8,1,9
1998,6,4,10
1998,5,16,21
1998,3,2,5
1998,3,2,5
1998,6,10,16
1998,4,2,6
1998,3,14,17
1998,8,6,14
1998,7,6,13
1998,8,4,12
1998,3,10,13
1998,6,5,11
1998,3,1,4
1998,7,6,13
1998,6,3,9
1998,8,11,19
1998,2,1,3
1998,7,6,13
1998,9,4,13
1998,6,0,6
1998,7,5,12
1998,8,2,10
1998,6,5,11
1998,6,4,10
1998,5,1,6
1998,6,1,7
1998,3,2,5
1998,9,2,11
1998,1,0,1
1998,3,2,5
1998,7,5,12
1998,6,0,6
1998,5,2,7
1998,8,13,21
1998,6,4,10
1998,2,1,3
1998,4,2,6
1998,6,12,18
1998,4,3,7
1998,6,1,7
1998,6,3,9
1998,5,2,7
1998,5,1,6
1998,9,4,13
1998,8,4,12
1998,7,0,7
1998,6,3,9
1998,7,3,10
1998,6,4,10
1998,2,0,2
1998,5,10,15
1998,9,5,14
1998,8,6,14
1998,6,5,11
1998,9,4,13
1998,4,3,7
1998,2,0,2
1998,7,2,9
1998,3,1,4
1998,7,2,9
1998,5,1,6
1998,5,1,6
1998,6,5,11
1998,3,2,5
1998,3,10,13
1998,8,10,18
1998,3,12,15
1998,11,10,21
1998,5,2,7
1998,5,1,6
1998,6,3,9
1998,6,4,10
1998,3,2,5
1998,8,4,12
1998,2,1,3
1998,5,4,9
1998,3,11,14
1998,7,0,7
1998,4,3,7
1998,7,5,12
1998,7,4,11
1998,5,4,9
1998,6,3,9
1998,2,17,19
1998,5,4,9
1998,9,2,11
1998,12,10,22
1998,3,0,3
1998,6,4,10
1998,6,1,7
1998,7,2,9
1998,4,1,5
1998,6,3,9
1998,6,3,9
1998,5,3,8
1998,6,1,7
1998,6,4,10
1998,2,1,3
1998,4,10,14
1998,5,2,7
1998,5,2,7
1998,8,4,12
1998,9,1,10
1998,9,5,14
1998,6,4,10
1998,6,5,11
1998,7,5,12
1998,15,10,25
1998,7,4,11
1998,5,3,8
1998,15,0,15
1998,3,2,5
1998,8,7,15
1998,4,3,7
1998,7,2,9
1998,9,8,17
1998,7,2,9
1998,5,2,7
1998,3,10,13
1998,3,0,3
1998,6,0,6
1998,4,1,5
1998,9,1,10
1998,6,10,16
1998,3,2,5
1998,2,15,17
1998,9,12,21
1998,6,3,9
1998,6,5,11
1998,2,1,3
1998,5,4,9
1998,8,4,12
1998,3,2,5
1998,2,0,2
1998,4,2,6
1998,6,3,9
1998,8,2,10
1998,3,2,5
1998,8,3,11
1998,4,1,5
1998,3,0,3
1998,5,4,9
1998,5,4,9
1998,7,4,11
1998,5,3,8
1998,4,2,6
1998,3,2,5
1998,4,3,7
1998,6,5,11
1998,9,1,10
1998,9,5,14
1998,9,2,11
1998,8,0,8
1998,5,4,9
1998,3,2,5
1998,15,14,29
1998,7,6,13
1998,6,1,7
1998,5,2,7
1998,3,12,15
1998,5,4,9
1998,2,1,3
1998,1,0,1
1998,4,3,7
1998,7,2,9
1998,3,0,3
1998,8,4,12
1998,2,1,3
1998,3,2,5
1998,6,4,10
1998,3,0,3
1998,4,3,7
1998,6,4,10
1998,3,12,15
1998,9,12,21
1998,9,8,17
1998,4,1,5
1998,8,6,14
1998,5,4,9
1998,2,0,2
1998,5,4,9
1998,3,2,5
1998,3,10,13
1998,6,5,11
1998,2,11,13
1998,3,2,5
1998,3,1,4
1998,6,2,8
1998,6,5,11
1998,8,6,14
1998,1,0,1
1998,7,6,13
1998,5,3,8
1998,6,3,9
1998,8,4,12
1998,8,0,8
1998,2,1,3
1998,4,3,7
1998,2,12,14
1998,5,4,9
1998,5,2,7
1998,4,3,7
1998,4,1,5
1998,8,11,19
1998,8,4,12
1998,4,2,6
1998,1,0,1
1998,2,0,2
1998,4,3,7
1998,2,0,2
1998,5,3,8
1998,7,11,18
1998,4,3,7
1998,6,11,17
1998,5,3,8
1998,7,2,9
1998,5,3,8
1998,6,3,9
1998,3,0,3
1998,5,2,7
1998,7,5,12
1998,4,10,14
1998,8,5,13
1998,6,4,10
1998,9,2,11
1998,5,3,8
1998,5,0,5
1998,5,2,7
1998,4,1,5
1998,9,5,14
1998,6,4,10
1998,8,7,15
1998,7,5,12
1998,4,2,6
1998,5,2,7
1998,6,2,8
1998,3,10,13
1998,6,5,11
1998,2,0,2
1998,4,2,6
1998,5,11,16
1998,8,5,13
1998,7,1,8
1998,8,7,15
1998,8,3,11
1998,2,1,3
1998,2,1,3
1998,4,2,6
1998,4,2,6
1998,6,2,8
1998,7,4,11
1998,6,3,9
1998,7,4,11
1998,5,4,9
1998,4,2,6
1998,9,8,17
1998,1,0,1
1998,9,3,12
1998,5,2,7
1998,6,2,8
1998,11,0,11
1998,9,5,14
1998,5,3,8
1998,3,2,5
1998,12,1,13
1998,5,1,6
1998,3,0,3
1998,4,1,5
1998,4,2,6
1998,3,14,17
1998,8,1,9
1998,4,3,7
1998,5,15,20
1998,5,2,7
1998,3,1,4
1998,5,10,15
1998,4,2,6
1998,5,3,8
1998,3,0,3
1998,8,2,10
1998,9,3,12
1998,4,1,5
1998,9,6,15
1998,4,1,5
1998,4,3,7
1998,3,13,16
1998,6,4,10
1998,6,1,7
1998,7,10,17
1998,5,1,6
1998,6,0,6
1998,8,7,15
1998,5,18,23
1998,4,1,5
1998,7,4,11
1998,9,6,15
1998,8,3,11
1998,4,2,6
1998,7,1,8
1998,9,15,24
1998,2,1,3
1998,9,4,13
1998,2,1,3
1998,7,2,9
1998,5,2,7
1998,7,0,7
1998,4,3,7
1998,8,5,13
1998,8,10,18
1998,9,8,17
1998,3,10,13
1998,7,4,11
1998,6,4,10
1998,6,11,17
1998,8,1,9
1998,7,6,13
1998,3,1,4
1998,7,6,13
1998,4,3,7
1998,6,1,7
1998,7,6,13
1998,5,2,7
1998,4,1,5
1998,5,4,9
1998,7,4,11
1998,9,3,12
1998,4,11,15
1998,5,4,9
1998,5,3,8
1998,9,10,19
1998,2,0,2
1998,3,1,4
1998,4,3,7
1998,4,3,7
1998,3,1,4
1998,13,1,14
1998,5,3,8
1998,3,0,3
1998,7,1,8
1998,7,10,17
1998,4,2,6
1998,6,4,10
1998,5,0,5
1998,5,15,20
1998,4,2,6
1998,4,2,6
1998,3,2,5
1998,5,1,6
1998,4,0,4
1998,6,3,9
1998,5,3,8
1998,8,3,11
1998,6,3,9
1998,5,4,9
1998,9,5,14
1998,4,3,7
1998,7,4,11
1998,6,4,10
1998,7,5,12
1998,6,1,7
1998,5,3,8
1998,2,13,15
1998,2,14,16
1998,6,4,10
1998,9,3,12
1998,3,2,5
1998,7,5,12
1998,4,0,4
1998,9,7,16
1998,8,7,15
1998,2,1,3
1998,3,2,5
1998,6,4,10
1998,6,4,10
1998,8,4,12
1998,8,6,14
1998,6,5,11
1998,6,5,11
1998,3,2,5
1998,9,1,10
1998,3,0,3
1998,8,1,9
1998,7,4,11
1998,6,10,16
1998,5,0,5
1998,7,3,10
1998,2,1,3
1998,3,12,15
1998,4,3,7
1998,3,1,4
1998,7,10,17
1998,2,11,13
1998,5,3,8
1998,5,4,9
1998,6,4,10
1998,7,6,13
1998,3,0,3
1998,2,1,3
1998,2,12,14
1998,6,0,6
1998,4,2,6
1998,5,3,8
1998,3,2,5
1998,6,5,11
1998,5,2,7
1998,6,5,11
1998,5,3,8
1998,4,3,7
1998,7,6,13
1998,6,2,8
1998,5,4,9
1998,4,1,5
1998,6,5,11
1998,9,8,17
1998,7,5,12
1998,4,10,14
1998,6,3,9
1998,3,1,4
1998,8,1,9
1998,3,1,4
1998,9,4,13
1998,5,3,8
1998,6,5,11
1998,3,11,14
1998,6,3,9
1998,9,10,19
1998,2,1,3
1998,5,4,9
1998,2,1,3
1998,3,1,4
1998,6,2,8
1998,3,2,5
1998,8,7,15
1998,9,1,10
1998,6,1,7
1998,5,11,16
1998,9,3,12
1998,7,5,12
1998,4,1,5
1998,13,1,14
1998,6,12,18
1998,6,5,11
1998,7,3,10
1998,3,0,3
1998,7,1,8
1998,7,3,10
1998,8,4,12
1998,7,3,10
1998,4,3,7
1998,13,10,23
1998,8,3,11
1998,5,10,15
1998,7,3,10
1998,7,2,9
1998,5,11,16
1998,12,1,13
1998,2,14,16
1998,6,10,16
1998,5,3,8
1998,6,0,6
1998,7,6,13
1998,2,10,12
1998,8,3,11
1998,8,7,15
1998,2,1,3
1998,9,6,15
1998,3,0,3
1998,4,0,4
1998,3,13,16
1998,6,4,10
1998,4,3,7
1998,7,3,10
1998,6,12,18
1998,3,1,4
1998,6,5,11
1998,3,1,4
1998,9,8,17
1998,3,2,5
1998,1,0,1
1998,7,2,9
1998,3,2,5
1998,9,1,10
1998,3,2,5
1998,9,6,15
1998,8,2,10
1998,6,4,10
1998,5,4,9
1998,4,3,7
1998,2,12,14
1998,7,6,13
1998,7,4,11
1998,5,3,8
1998,5,1,6
1998,2,10,12
1998,3,11,14
1998,3,1,4
1998,3,2,5
1998,9,7,16
1998,9,5,14
1998,5,4,9
1998,9,10,19
1998,4,2,6
1998,2,1,3
1998,6,5,11
1998,8,7,15
1998,2,1,3
1998,5,2,7
1998,8,0,8
1998,8,1,9
1998,8,7,15
1998,4,3,7
1998,6,3,9
1998,5,1,6
1998,9,2,11
1998,7,2,9
1998,6,4,10
1998,4,1,5
1998,9,3,12
1998,7,5,12
1998,3,15,18
1998,6,2,8
1998,6,3,9
1998,3,2,5
1998,3,12,15
1998,4,11,15
1998,6,5,11
1998,3,11,14
1998,6,5,11
1998,6,1,7
1998,8,5,13
1998,14,1,15
1998,6,1,7
1998,7,2,9
1998,3,1,4
1998,6,1,7
1998,5,4,9
1998,4,2,6
1998,4,0,4
1998,2,0,2
1998,9,5,14
1998,2,1,3
1998,4,12,16
1998,5,4,9
1998,7,6,13
1998,4,10,14
1998,5,10,15
1998,5,13,18
1998,3,1,4
1998,2,1,3
1998,8,6,14
1998,9,11,20
1998,6,5,11
1998,9,13,22
1998,6,1,7
1998,7,10,17
1998,5,3,8
1998,5,1,6
1998,4,3,7
1998,5,1,6
1998,6,4,10
1998,3,1,4
1998,6,2,8
1998,4,0,4
1998,7,3,10
1998,4,3,7
1998,5,0,5
1998,8,7,15
1998,9,0,9
1998,9,8,17
1998,5,1,6
1998,3,2,5
1998,7,4,11
1998,17,0,17
1998,8,7,15
1998,6,3,9
1998,7,1,8
1998,9,0,9
1998,3,1,4
1998,9,16,25
1998,6,4,10
1998,8,2,10
1998,2,14,16
1998,6,3,9
1998,5,0,5
1998,3,16,19
1998,5,1,6
1998,4,3,7
1998,7,6,13
1998,7,5,12
1998,4,3,7
1998,4,0,4
1998,4,3,7
1998,9,3,12
1998,7,6,13
1998,2,1,3
1998,6,3,9
1998,5,3,8
1998,14,1,15
1998,6,14,20
1998,9,8,17
1998,6,2,8
1998,11,1,12
1998,6,5,11
1998,9,0,9
1998,4,3,7
1998,4,11,15
1998,6,3,9
1998,2,11,13
1998,2,1,3
1998,5,4,9
1998,8,2,10
1998,5,4,9
1998,6,5,11
1998,7,5,12
1998,2,1,3
1998,2,1,3
1998,8,14,22
1998,4,3,7
1998,3,0,3
1998,5,3,8
1998,6,2,8
1998,6,2,8
1998,5,2,7
1998,7,3,10
1998,3,2,5
1998,8,5,13
1998,4,2,6
1998,2,1,3
1998,7,3,10
1998,7,4,11
1998,6,4,10
1998,7,0,7
1998,2,1,3
1998,6,15,21
1998,5,4,9
1998,6,5,11
1998,8,6,14
1998,7,0,7
1998,3,1,4
1998,8,7,15
1998,8,3,11
1998,2,1,3
1998,7,4,11
1998,7,4,11
1998,8,4,12
1998,2,0,2
1998,5,4,9
1998,6,3,9
1998,3,2,5
1998,3,2,5
1998,3,0,3
1998,3,2,5
1998,2,11,13
1998,5,1,6
1998,2,10,12
1998,5,4,9
1998,7,0,7
1998,5,11,16
1998,8,7,15
1998,9,6,15
1998,7,4,11
1998,6,2,8
1998,6,4,10
1998,5,2,7
1998,2,0,2
1998,5,0,5
1998,4,3,7
1998,3,2,5
1998,13,12,25
1998,2,14,16
1998,3,2,5
1998,3,15,18
1998,6,2,8
1998,4,13,17
1998,6,4,10
1998,9,11,20
1998,5,2,7
1998,6,4,10
1998,7,0,7
1998,10,0,10
1998,5,10,15
1998,7,5,12
1998,5,4,9
1998,3,2,5
1998,7,13,20
1998,6,4,10
1998,9,8,17
1998,7,3,10
1998,8,10,18
1998,5,4,9
1998,8,6,14
1998,5,3,8
1998,5,16,21
1998,4,3,7
1998,8,7,15
1998,6,3,9
1998,6,1,7
1998,6,3,9
1998,5,3,8
1998,8,1,9
1998,5,3,8
1998,8,7,15
1998,6,4,10
1998,2,1,3
1998,8,3,11
1998,1,0,1
1998,6,5,11
1998,4,0,4
1998,4,2,6
1998,3,2,5
1998,4,1,5
1998,6,4,10
1998,7,2,9
1998,6,1,7
1998,3,2,5
1998,4,3,7
1998,7,1,8
1998,4,2,6
1998,4,0,4
1998,3,1,4
1998,4,3,7
1998,7,1,8
1998,8,4,12
1998,7,1,8
1998,4,1,5
1998,5,4,9
1998,4,1,5
1998,4,2,6
1998,7,5,12
1998,3,2,5
1998,8,4,12
1998,6,2,8
1998,6,3,9
1998,5,10,15
1998,8,2,10
1998,6,4,10
1998,7,6,13
1998,2,0,2
1998,8,2,10
1998,6,2,8
1998,6,4,10
1998,8,6,14
1998,6,0,6
1998,11,1,12
1998,8,2,10
1998,5,3,8
1998,2,1,3
1998,6,0,6
1998,4,3,7
1998,6,5,11
1998,2,16,18
1998,3,1,4
1998,2,13,15
1998,2,0,2
1998,4,2,6
1998,7,3,10
1998,2,1,3
1998,8,2,10
1998,6,5,11
1998,9,4,13
1998,6,3,9
1998,2,0,2
1998,5,4,9
1998,3,1,4
1998,11,1,12
1998,9,12,21
1998,6,5,11
1998,7,0,7
1998,8,2,10
1998,9,4,13
1998,5,4,9
1998,6,3,9
1998,6,5,11
1998,5,1,6
1998,5,2,7
1998,9,2,11
1998,3,2,5
1998,5,10,15
1998,1,0,1
1998,4,2,6
1998,1,0,1
1998,2,14,16
1998,5,4,9
1998,6,5,11
1998,5,0,5
1998,5,1,6
1998,7,5,12
1998,6,3,9
1998,8,3,11
1998,5,4,9
1998,8,4,12
1998,4,3,7
1998,4,0,4
1998,9,4,13
1998,7,2,9
1998,7,1,8
1998,6,1,7
1998,4,14,18
1998,5,4,9
1998,3,2,5
1998,9,12,21
1998,3,2,5
1998,7,12,19
1998,4,1,5
1998,3,13,16
1998,5,10,15
1998,13,11,24
1998,5,1,6
1998,10,0,10
1998,4,3,7
1998,5,4,9
1998,5,2,7
1998,4,3,7
1998,3,2,5
1998,5,11,16
1998,12,10,22
1998,4,3,7
1998,3,12,15
1998,7,4,11
1998,7,2,9
1998,8,1,9
1998,7,3,10
1998,9,5,14
1998,3,1,4
1998,5,5,10
1998,11,10,21
1998,6,5,11
1998,7,3,10
1998,9,6,15
1998,3,2,5
1998,6,4,10
1998,9,10,19
1998,4,10,14
1998,6,11,17
1998,3,2,5
1998,4,3,7
1998,7,6,13
1998,5,3,8
1998,7,3,10
1998,4,3,7
1998,4,1,5
1998,8,7,15
1998,3,0,3
1998,4,3,7
1998,7,4,11
1998,5,12,17
1998,9,2,11
1998,5,3,8
1998,6,5,11
1998,6,2,8
1998,4,3,7
1998,6,4,10
1998,7,6,13
1998,2,0,2
1998,4,1,5
1998,7,6,13
1998,7,3,10
1998,8,6,14
1998,7,2,9
1998,4,0,4
1998,6,3,9
1998,7,4,11
1998,3,12,15
1998,4,10,14
1998,11,10,21
1998,9,10,19
1998,6,5,11
1998,8,1,9
1998,3,11,14
1998,6,4,10
1998,3,10,13
1998,11,1,12
1998,6,3,9
1998,6,5,11
1998,7,6,13
1998,6,5,11
1998,8,7,15
1998,8,10,18
1998,6,14,20
1998,5,10,15
1998,4,3,7
1998,2,0,2
1998,5,4,9
1998,3,10,13
1998,8,12,20
1998,4,3,7
1998,5,4,9
1998,7,6,13
1998,4,3,7
1998,2,1,3
1998,6,1,7
1998,5,3,8
1998,7,5,12
1998,6,11,17
1998,7,3,10
1998,6,10,16
1998,8,2,10
1998,6,3,9
1998,4,3,7
1998,6,11,17
1998,3,1,4
1998,3,10,13
1998,4,3,7
1998,7,14,21
1998,7,3,10
1998,3,2,5
1998,8,6,14
1998,5,3,8
1998,7,14,21
1998,9,4,13
1998,4,3,7
1998,5,10,15
1998,4,11,15
1998,4,2,6
1998,3,13,16
1998,2,1,3
1998,5,4,9
1998,8,7,15
1998,6,0,6
1998,4,3,7
1998,4,1,5
1998,5,1,6
1998,5,4,9
1998,6,15,21
1998,2,13,15
1998,5,3,8
1998,8,3,11
1998,2,1,3
1998,5,2,7
1998,6,2,8
1998,6,4,10
1998,9,5,14
1998,7,3,10
1998,6,5,11
1998,7,6,13
1998,8,12,20
1998,7,1,8
1998,2,1,3
1998,3,2,5
1998,3,12,15
1998,6,5,11
1998,7,0,7
1998,4,3,7
1998,9,8,17
1998,9,7,16
1998,4,2,6
1998,3,2,5
1998,7,3,10
1998,4,2,6
1998,5,13,18
1998,5,3,8
1998,4,14,18
1998,5,0,5
1998,6,0,6
1998,8,4,12
1998,4,1,5
1998,2,0,2
1998,2,1,3
1998,4,1,5
1998,3,12,15
1998,2,1,3
1998,7,3,10
1998,5,4,9
1998,1,0,1
1998,4,3,7
1998,5,3,8
1998,3,1,4
1998,6,11,17
1998,5,11,16
1998,2,10,12
1998,8,0,8
1998,8,5,13
1998,6,2,8
1998,2,1,3
1998,5,2,7
1998,5,2,7
1998,10,1,11
1998,3,2,5
1998,9,3,12
1998,12,1,13
1998,2,1,3
1998,6,5,11
1998,9,5,14
1998,4,2,6
1998,5,4,9
1998,7,1,8
1998,6,3,9
1998,3,2,5
1998,5,4,9
1998,3,0,3
1998,8,4,12
1998,6,5,11
1998,7,0,7
1998,7,4,11
1998,4,3,7
1998,3,0,3
1998,10,1,11
1998,6,5,11
1998,2,12,14
1998,3,2,5
1998,6,2,8
1998,6,2,8
1998,5,4,9
1998,4,0,4
1998,9,2,11
1998,4,3,7
1998,5,2,7
1998,5,2,7
1998,6,5,11
1998,8,7,15
1998,4,2,6
1998,4,3,7
1998,7,5,12
1998,15,10,25
1998,1,0,1
1998,8,7,15
1998,6,3,9
1998,5,4,9
1998,11,1,12
1998,3,2,5
1998,6,0,6
1998,15,1,16
1998,5,0,5
1998,6,5,11
1998,3,2,5
1998,6,12,18
1998,11,10,21
1998,7,13,20
1998,6,3,9
1998,5,2,7
1998,4,16,20
1998,8,7,15
1998,5,1,6
1998,10,0,10
1998,6,3,9
1998,7,6,13
1998,8,10,18
1998,6,2,8
1998,7,5,12
1998,8,6,14
1998,4,2,6
1998,6,3,9
1998,9,8,17
1998,6,2,8
1998,3,2,5
1998,6,2,8
1998,6,2,8
1998,8,3,11
1998,5,2,7
1998,8,0,8
1998,6,3,9
1998,5,2,7
1998,8,7,15
1998,3,1,4
1998,7,1,8
1998,7,4,11
1998,8,5,13
1998,7,5,12
1998,4,3,7
1998,8,2,10
1998,8,3,11
1998,6,2,8
1998,13,11,24
1998,13,1,14
1998,3,2,5
1998,8,2,10
1998,6,3,9
1998,8,5,13
1998,3,2,5
1998,5,1,6
1998,5,4,9
1998,6,1,7
1998,1,0,1
1998,7,6,13
1998,3,2,5
1998,4,2,6
1998,3,2,5
1998,3,2,5
1998,15,12,27
1998,3,0,3
1998,6,4,10
1998,3,2,5
1998,5,2,7
1998,6,5,11
1998,5,3,8
1998,5,3,8
1998,4,13,17
1998,8,7,15
1998,1,0,1
1998,8,2,10
1998,6,5,11
1998,7,12,19
1998,4,1,5
1998,11,10,21
1998,5,0,5
1998,6,3,9
1998,3,2,5
1998,9,6,15
1998,1,0,1
1998,5,3,8
1998,4,1,5
1998,5,4,9
1998,4,3,7
1998,5,10,15
1998,2,14,16
1998,4,2,6
1998,1,0,1
1998,2,1,3
1998,6,3,9
1998,17,16,33
1998,7,4,11
1998,6,16,22
1998,4,1,5
1998,3,10,13
1998,4,2,6
1998,3,0,3
1998,4,3,7
1998,7,3,10
1998,4,2,6
1998,7,6,13
1998,3,0,3
1998,6,5,11
1998,5,1,6
1998,7,5,12
1998,2,0,2
1998,6,5,11
1998,8,4,12
1998,6,3,9
1998,5,4,9
1998,7,12,19
1998,7,4,11
1998,9,4,13
1998,4,2,6
1998,8,6,14
1998,9,3,12
1998,8,1,9
1998,6,5,11
1998,5,1,6
1998,4,3,7
1998,9,4,13
1998,2,0,2
1998,8,6,14
1998,2,1,3
1998,4,3,7
1998,2,0,2
1998,3,2,5
1998,4,1,5
1998,6,3,9
1998,4,0,4
1998,7,0,7
1998,5,3,8
1998,1,0,1
1998,3,2,5
1998,4,13,17
1998,9,1,10
1998,7,4,11
1998,8,0,8
1998,4,3,7
1998,4,0,4
1998,7,6,13
1998,5,3,8
1998,5,0,5
1998,5,15,20
1998,9,11,20
1998,6,4,10
1998,4,1,5
1998,5,4,9
1998,5,2,7
1998,7,6,13
1998,4,11,15
1998,5,2,7
1998,4,1,5
1998,4,3,7
1998,6,1,7
1998,3,1,4
1998,5,3,8
1998,5,0,5
1998,5,3,8
1998,5,2,7
1998,7,2,9
1998,7,6,13
1998,8,7,15
1998,7,4,11
1998,4,3,7
1998,4,3,7
1998,7,1,8
1998,4,1,5
1998,4,18,22
1998,7,5,12
1998,8,4,12
1998,3,1,4
1998,10,0,10
1998,5,4,9
1998,6,4,10
1998,7,3,10
1998,5,3,8
1998,3,0,3
1998,6,11,17
1998,5,0,5
1998,6,3,9
1998,2,0,2
1998,1,0,1
1998,1,0,1
1998,7,5,12
1998,6,3,9
1998,9,1,10
1998,4,3,7
1998,8,4,12
1998,8,5,13
1998,7,5,12
1998,7,1,8
1998,4,1,5
1998,5,2,7
1998,8,1,9
1998,3,1,4
1998,9,1,10
1998,2,11,13
1998,8,10,18
1998,8,6,14
1998,4,1,5
1998,4,14,18
1998,3,2,5
1998,5,2,7
1998,4,1,5
1998,4,10,14
1998,5,1,6
1998,5,3,8
1998,7,6,13
1998,2,14,16
1998,4,0,4
1998,7,3,10
1998,7,1,8
1998,5,4,9
1998,4,2,6
1998,14,11,25
1998,11,0,11
1998,5,1,6
1998,3,2,5
1998,8,7,15
1998,7,6,13
1998,8,4,12
1998,3,0,3
1998,8,3,11
1998,4,1,5
1998,7,1,8
1998,6,3,9
1998,9,6,15
1998,6,4,10
1998,4,1,5
1998,2,0,2
1998,5,2,7
1998,6,10,16
1998,9,3,12
1998,6,2,8
1998,6,3,9
1998,6,3,9
1998,6,5,11
1998,8,3,11
1998,4,1,5
1998,8,6,14
1998,6,2,8
1998,3,0,3
1998,3,2,5
1998,5,4,9
1998,6,1,7
1998,7,2,9
1998,4,15,19
1998,6,5,11
1998,7,5,12
1998,3,2,5
1998,4,0,4
1998,5,2,7
1998,6,2,8
1998,8,4,12
1998,4,3,7
1998,1,0,1
1998,3,2,5
1998,5,13,18
1998,6,1,7
1998,9,5,14
1998,3,1,4
1998,4,3,7
1998,5,2,7
1998,7,6,13
1998,5,4,9
1998,3,2,5
1998,7,2,9
1998,6,4,10
1998,4,1,5
1998,9,8,17
1998,6,5,11
1998,7,3,10
1998,4,3,7
1998,7,6,13
1998,2,1,3
1998,6,2,8
1998,8,3,11
1998,4,2,6
1998,6,12,18
1998,6,3,9
1998,2,1,3
1998,5,3,8
1998,3,11,14
1998,2,1,3
1998,2,0,2
1998,7,1,8
1998,9,5,14
1998,3,1,4
1998,2,1,3
1998,5,4,9
1998,4,3,7
1998,4,0,4
1998,2,1,3
1998,6,2,8
1998,2,1,3
1998,6,1,7
1998,7,2,9
1998,3,2,5
1998,4,1,5
1998,3,0,3
1998,6,1,7
1998,4,0,4
1998,4,1,5
1998,5,3,8
1998,8,3,11
1998,7,6,13
1998,9,5,14
1998,5,0,5
1998,9,6,15
1998,9,3,12
1998,5,4,9
1998,3,0,3
1999,8,2,10
1999,7,4,11
1999,7,10,17
1999,8,11,19
1999,6,2,8
1999,5,3,8
1999,8,6,14
1999,5,3,8
1999,9,2,11
1999,8,2,10
1999,8,10,18
1999,5,11,16
1999,6,5,11
1999,3,11,14
1999,7,6,13
1999,3,12,15
1999,4,2,6
1999,3,2,5
1999,6,1,7
1999,7,4,11
1999,8,2,10
1999,4,3,7
1999,3,11,14
1999,6,0,6
1999,9,1,10
1999,4,0,4
1999,8,5,13
1999,8,3,11
1999,6,0,6
1999,9,2,11
1999,6,0,6
1999,6,4,10
1999,9,3,12
1999,4,0,4
1999,4,3,7
1999,2,1,3
1999,7,3,10
1999,4,1,5
1999,7,10,17
1999,9,1,10
1999,6,3,9
1999,6,3,9
1999,2,1,3
1999,4,1,5
1999,4,2,6
1999,9,11,20
1999,5,1,6
1999,4,12,16
1999,9,4,13
1999,3,2,5
1999,7,4,11
1999,5,10,15
1999,7,4,11
1999,3,2,5
1999,9,6,15
1999,5,14,19
1999,3,10,13
1999,3,12,15
1999,2,1,3
1999,6,1,7
1999,8,3,11
1999,3,0,3
1999,4,1,5
1999,8,4,12
1999,8,3,11
1999,1,0,1
1999,9,4,13
1999,5,2,7
1999,8,2,10
1999,2,0,2
1999,7,12,19
1999,4,3,7
1999,5,0,5
1999,9,3,12
1999,4,11,15
1999,11,1,12
1999,4,2,6
1999,5,3,8
1999,10,0,10
1999,3,2,5
1999,9,5,14
1999,3,1,4
1999,2,1,3
1999,5,2,7
1999,9,8,17
1999,6,3,9
1999,2,11,13
1999,9,6,15
1999,8,11,19
1999,8,6,14
1999,4,2,6
1999,5,4,9
1999,6,3,9
1999,6,12,18
1999,7,2,9
1999,5,2,7
1999,8,5,13
1999,1,0,1
1999,8,1,9
1999,8,6,14
1999,6,3,9
1999,5,13,18
1999,7,1,8
1999,7,6,13
1999,6,0,6
1999,8,4,12
1999,6,3,9
1999,3,2,5
1999,4,2,6
1999,6,15,21
1999,7,3,10
1999,8,5,13
1999,6,2,8
1999,5,4,9
1999,4,11,15
1999,7,1,8
1999,15,1,16
1999,7,14,21
1999,4,1,5
1999,6,5,11
1999,4,10,14
1999,9,5,14
1999,9,6,15
1999,6,3,9
1999,7,6,13
1999,8,1,9
1999,4,0,4
1999,6,4,10
1999,8,6,14
1999,9,4,13
1999,9,7,16
1999,4,11,15
1999,12,1,13
1999,4,3,7
1999,5,2,7
1999,11,1,12
1999,9,5,14
1999,4,10,14
1999,6,2,8
1999,6,5,11
1999,8,1,9
1999,5,3,8
1999,7,2,9
1999,9,4,13
1999,6,4,10
1999,8,2,10
1999,3,17,20
1999,3,0,3
1999,7,6,13
1999,4,3,7
1999,8,5,13
1999,8,5,13
1999,7,6,13
1999,5,1,6
1999,8,13,21
1999,5,4,9
1999,3,1,4
1999,8,5,13
1999,6,5,11
1999,5,4,9
1999,3,2,5
1999,3,11,14
1999,2,1,3
1999,7,3,10
1999,7,4,11
1999,8,5,13
1999,3,12,15
1999,5,1,6
1999,4,2,6
1999,3,2,5
1999,5,20,25
1999,5,1,6
1999,8,4,12
1999,7,5,12
1999,6,5,11
1999,4,2,6
1999,6,2,8
1999,7,2,9
1999,4,3,7
1999,6,0,6
1999,3,2,5
1999,4,1,5
1999,11,10,21
1999,6,4,10
1999,3,11,14
1999,6,2,8
1999,3,0,3
1999,5,4,9
1999,8,1,9
1999,3,1,4
1999,4,10,14
1999,3,2,5
1999,5,1,6
1999,1,0,1
1999,8,7,15
1999,5,4,9
1999,8,3,11
1999,4,0,4
1999,7,3,10
1999,7,2,9
1999,5,3,8
1999,5,1,6
1999,4,2,6
1999,2,1,3
1999,3,10,13
1999,7,4,11
1999,5,4,9
1999,9,2,11
1999,3,2,5
1999,4,11,15
1999,2,1,3
1999,4,2,6
1999,2,0,2
1999,4,0,4
1999,8,14,22
1999,3,2,5
1999,4,1,5
1999,4,1,5
1999,1,0,1
1999,6,4,10
1999,8,5,13
1999,1,0,1
1999,8,7,15
1999,7,4,11
1999,7,6,13
1999,5,0,5
1999,6,5,11
1999,7,5,12
1999,9,1,10
1999,4,2,6
1999,5,12,17
1999,4,2,6
1999,6,2,8
1999,6,4,10
1999,9,1,10
1999,6,10,16
1999,7,2,9
1999,5,4,9
1999,3,0,3
1999,9,4,13
1999,3,1,4
1999,2,0,2
1999,4,3,7
1999,8,7,15
1999,4,3,7
1999,6,1,7
1999,7,2,9
1999,6,5,11
1999,7,4,11
1999,5,3,8
1999,7,2,9
1999,8,4,12
1999,9,4,13
1999,11,10,21
1999,3,2,5
1999,9,4,13
1999,8,4,12
1999,7,6,13
1999,5,1,6
1999,6,4,10
1999,9,5,14
1999,8,6,14
1999,4,3,7
1999,4,2,6
1999,5,3,8
1999,7,6,13
1999,6,4,10
1999,4,3,7
1999,5,3,8
1999,5,2,7
1999,6,2,8
1999,5,4,9
1999,7,0,7
1999,10,1,11
1999,5,3,8
1999,8,4,12
1999,8,0,8
1999,11,0,11
1999,3,2,5
1999,6,5,11
1999,3,2,5
1999,6,2,8
1999,8,5,13
1999,1,0,1
1999,5,1,6
1999,7,5,12
1999,7,6,13
1999,12,10,22
1999,5,4,9
1999,8,2,10
1999,7,10,17
1999,9,1,10
1999,6,1,7
1999,6,10,16
1999,3,2,5
1999,9,4,13
1999,4,3,7
1999,4,3,7
1999,4,1,5
1999,8,12,20
1999,8,6,14
1999,9,7,16
1999,8,6,14
1999,17,1,18
1999,8,1,9
1999,5,15,20
1999,4,1,5
1999,5,2,7
1999,5,2,7
1999,4,10,14
1999,6,5,11
1999,8,5,13
1999,8,3,11
1999,7,3,10
1999,6,22,28
1999,6,2,8
1999,5,3,8
1999,3,1,4
1999,3,0,3
1999,7,1,8
1999,6,5,11
1999,8,1,9
1999,6,13,19
1999,3,2,5
1999,3,2,5
1999,7,2,9
1999,9,13,22
1999,4,3,7
1999,7,2,9
1999,9,11,20
1999,7,5,12
1999,7,5,12
1999,8,5,13
1999,5,1,6
1999,7,2,9
1999,2,1,3
1999,6,4,10
1999,8,4,12
1999,5,3,8
1999,5,16,21
1999,9,4,13
1999,7,2,9
1999,6,12,18
1999,9,3,12
1999,9,3,12
1999,4,3,7
1999,5,3,8
1999,6,3,9
1999,5,3,8
1999,6,0,6
1999,3,2,5
1999,3,2,5
1999,9,8,17
1999,6,5,11
1999,8,7,15
1999,2,0,2
1999,7,5,12
1999,3,12,15
1999,8,5,13
1999,3,2,5
1999,8,2,10
1999,8,6,14
1999,8,1,9
1999,4,2,6
1999,6,1,7
1999,4,3,7
1999,6,4,10
1999,9,3,12
1999,7,0,7
1999,5,3,8
1999,12,11,23
1999,9,3,12
1999,9,8,17
1999,16,10,26
1999,6,14,20
1999,4,10,14
1999,9,1,10
1999,9,5,14
1999,13,12,25
1999,6,4,10
1999,3,1,4
1999,8,1,9
1999,8,5,13
1999,2,1,3
1999,6,1,7
1999,3,0,3
1999,7,4,11
1999,5,3,8
1999,4,13,17
1999,3,12,15
1999,8,0,8
1999,8,3,11
1999,6,13,19
1999,5,1,6
1999,6,5,11
1999,4,1,5
1999,2,0,2
1999,5,3,8
1999,8,2,10
1999,5,4,9
1999,11,1,12
1999,4,3,7
1999,7,10,17
1999,8,2,10
1999,4,2,6
1999,3,2,5
1999,8,4,12
1999,4,2,6
1999,4,3,7
1999,3,13,16
1999,5,4,9
1999,3,2,5
1999,7,14,21
1999,6,0,6
1999,7,1,8
1999,3,2,5
1999,20,11,31
1999,8,1,9
1999,9,4,13
1999,5,2,7
1999,6,3,9
1999,5,1,6
1999,10,1,11
1999,4,3,7
1999,4,3,7
1999,4,2,6
1999,9,6,15
1999,4,2,6
1999,6,1,7
1999,5,3,8
1999,7,4,11
1999,7,6,13
1999,7,2,9
1999,7,6,13
1999,6,5,11
1999,8,1,9
1999,6,2,8
1999,5,14,19
1999,11,1,12
1999,6,4,10
1999,7,0,7
1999,4,3,7
1999,6,11,17
1999,4,2,6
1999,3,0,3
1999,8,5,13
1999,5,4,9
1999,8,10,18
1999,5,0,5
1999,4,2,6
1999,6,4,10
1999,7,2,9
1999,6,1,7
1999,5,0,5
1999,3,2,5
1999,9,12,21
1999,6,11,17
1999,7,6,13
1999,4,12,16
1999,5,2,7
1999,6,4,10
1999,3,10,13
1999,6,0,6
1999,4,3,7
1999,8,4,12
1999,7,5,12
1999,4,1,5
1999,5,2,7
1999,4,3,7
1999,8,5,13
1999,5,11,16
1999,9,1,10
1999,6,11,17
1999,8,5,13
1999,6,2,8
1999,8,19,27
1999,8,2,10
1999,5,10,15
1999,9,7,16
1999,5,4,9
1999,9,8,17
1999,9,4,13
1999,2,1,3
1999,8,6,14
1999,9,2,11
1999,8,7,15
1999,6,5,11
1999,5,10,15
1999,2,1,3
1999,6,2,8
1999,7,1,8
1999,3,2,5
1999,1,0,1
1999,8,7,15
1999,5,1,6
1999,8,4,12
1999,9,4,13
1999,8,2,10
1999,2,0,2
1999,7,15,22
1999,8,3,11
1999,4,1,5
1999,9,0,9
1999,7,3,10
1999,4,2,6
1999,7,4,11
1999,6,14,20
1999,8,2,10
1999,7,5,12
1999,7,3,10
1999,5,3,8
1999,7,12,19
1999,7,3,10
1999,7,6,13
1999,5,0,5
1999,3,1,4
1999,9,2,11
1999,5,1,6
1999,6,2,8
1999,7,12,19
1999,5,10,15
1999,7,2,9
1999,4,12,16
1999,6,5,11
1999,9,7,16
1999,6,17,23
1999,11,10,21
1999,8,5,13
1999,8,1,9
1999,6,5,11
1999,7,4,11
1999,5,1,6
1999,8,5,13
1999,3,0,3
1999,9,3,12
1999,5,4,9
1999,3,2,5
1999,2,1,3
1999,4,2,6
1999,5,2,7
1999,9,4,13
1999,5,1,6
1999,5,4,9
1999,5,16,21
1999,9,6,15
1999,2,1,3
1999,9,13,22
1999,7,2,9
1999,8,1,9
1999,4,3,7
1999,7,6,13
1999,5,15,20
1999,12,1,13
1999,3,13,16
1999,8,7,15
1999,4,12,16
1999,5,3,8
1999,6,3,9
1999,13,0,13
1999,5,3,8
1999,4,1,5
1999,3,13,16
1999,3,11,14
1999,7,4,11
1999,4,2,6
1999,5,2,7
1999,10,1,11
1999,7,3,10
1999,5,4,9
1999,7,5,12
1999,7,3,10
1999,5,4,9
1999,6,0,6
1999,7,13,20
1999,24,12,36
1999,8,7,15
1999,3,14,17
1999,5,2,7
1999,9,10,19
1999,7,6,13
1999,7,0,7
1999,8,3,11
1999,7,6,13
1999,7,3,10
1999,6,5,11
1999,6,4,10
1999,3,1,4
1999,8,4,12
1999,4,3,7
1999,7,1,8
1999,4,3,7
1999,11,10,21
1999,10,1,11
1999,6,4,10
1999,7,0,7
1999,8,4,12
1999,3,2,5
1999,5,2,7
1999,9,6,15
1999,8,7,15
1999,8,1,9
1999,5,2,7
1999,6,10,16
1999,2,1,3
1999,5,3,8
1999,7,5,12
1999,5,4,9
1999,4,3,7
1999,9,10,19
1999,4,2,6
1999,8,7,15
1999,6,4,10
1999,2,10,12
1999,2,1,3
1999,6,2,8
1999,8,3,11
1999,4,11,15
1999,7,4,11
1999,7,10,17
1999,2,1,3
1999,4,12,16
1999,9,3,12
1999,3,0,3
1999,3,1,4
1999,8,6,14
1999,5,1,6
1999,6,15,21
1999,8,10,18
1999,8,7,15
1999,7,4,11
1999,7,6,13
1999,6,5,11
1999,5,4,9
1999,8,3,11
1999,8,3,11
1999,4,13,17
1999,5,4,9
1999,6,2,8
1999,4,1,5
1999,4,0,4
1999,6,5,11
1999,7,5,12
1999,3,10,13
1999,6,12,18
1999,5,2,7
1999,7,10,17
1999,5,10,15
1999,5,4,9
1999,7,4,11
1999,3,12,15
1999,4,1,5
1999,4,0,4
1999,6,3,9
1999,3,2,5
1999,3,1,4
1999,5,3,8
1999,2,1,3
1999,5,2,7
1999,5,15,20
1999,5,2,7
1999,5,3,8
1999,4,2,6
1999,8,3,11
1999,17,1,18
1999,7,2,9
1999,3,2,5
1999,3,2,5
1999,6,4,10
1999,9,3,12
1999,6,2,8
1999,9,5,14
1999,3,2,5
1999,3,2,5
1999,3,11,14
1999,8,3,11
1999,3,1,4
1999,5,2,7
1999,5,2,7
1999,7,6,13
1999,8,6,14
1999,6,3,9
1999,4,3,7
1999,5,10,15
1999,4,3,7
1999,8,7,15
1999,4,1,5
1999,6,1,7
1999,3,2,5
1999,4,11,15
1999,4,2,6
1999,6,3,9
1999,5,12,17
1999,9,1,10
1999,8,1,9
1999,8,10,18
1999,4,2,6
1999,2,1,3
1999,2,1,3
1999,5,3,8
1999,6,5,11
1999,6,1,7
1999,6,4,10
1999,6,10,16
1999,4,3,7
1999,2,1,3
1999,4,3,7
1999,4,2,6
1999,7,1,8
1999,8,1,9
1999,3,12,15
1999,7,4,11
1999,8,7,15
1999,7,5,12
1999,2,0,2
1999,5,1,6
1999,5,11,16
1999,4,3,7
1999,8,3,11
1999,4,3,7
1999,5,4,9
1999,7,4,11
1999,4,2,6
1999,3,2,5
1999,6,4,10
1999,3,10,13
1999,6,4,10
1999,10,1,11
1999,5,11,16
1999,1,0,1
1999,7,3,10
1999,7,15,22
1999,3,2,5
1999,8,3,11
1999,3,2,5
1999,3,1,4
1999,8,7,15
1999,5,2,7
1999,8,2,10
1999,8,5,13
1999,7,1,8
1999,5,3,8
1999,7,10,17
1999,4,3,7
1999,5,4,9
1999,6,10,16
1999,4,3,7
1999,5,1,6
1999,7,2,9
1999,5,4,9
1999,1,0,1
1999,8,4,12
1999,3,0,3
1999,8,10,18
1999,5,11,16
1999,4,0,4
1999,5,2,7
1999,6,5,11
1999,4,2,6
1999,14,11,25
1999,3,1,4
1999,6,2,8
1999,2,1,3
1999,3,2,5
1999,4,2,6
1999,9,8,17
1999,2,10,12
1999,9,1,10
1999,2,15,17
1999,7,10,17
1999,8,7,15
1999,7,6,13
1999,7,6,13
1999,8,4,12
1999,4,2,6
1999,7,4,11
1999,9,7,16
1999,7,2,9
1999,4,2,6
1999,4,1,5
1999,7,4,11
1999,3,10,13
1999,3,11,14
1999,9,5,14
1999,5,1,6
1999,6,3,9
1999,5,4,9
1999,9,8,17
1999,4,1,5
1999,5,4,9
1999,7,6,13
1999,4,3,7
1999,3,2,5
1999,4,3,7
1999,10,0,10
1999,6,2,8
1999,9,8,17
1999,7,6,13
1999,6,5,11
1999,6,5,11
1999,8,7,15
1999,12,11,23
1999,7,2,9
1999,9,4,13
1999,7,4,11
1999,7,4,11
1999,6,5,11
1999,6,3,9
1999,3,2,5
1999,8,0,8
1999,9,7,16
1999,5,0,5
1999,4,2,6
1999,7,11,18
1999,3,2,5
1999,4,3,7
1999,4,2,6
1999,5,10,15
1999,8,4,12
1999,3,14,17
1999,7,5,12
1999,6,13,19
1999,7,2,9
1999,4,1,5
1999,7,6,13
1999,6,11,17
1999,9,2,11
1999,7,6,13
1999,9,5,14
1999,8,2,10
1999,4,2,6
1999,9,4,13
1999,7,5,12
1999,3,2,5
1999,8,6,14
1999,8,2,10
1999,8,2,10
1999,6,5,11
1999,5,2,7
1999,5,3,8
1999,2,11,13
1999,4,3,7
1999,2,1,3
1999,5,10,15
1999,4,11,15
1999,2,1,3
1999,5,3,8
1999,11,10,21
1999,7,6,13
1999,5,2,7
1999,5,1,6
1999,3,11,14
1999,5,11,16
1999,5,3,8
1999,6,2,8
1999,8,7,15
1999,4,3,7
1999,4,13,17
1999,6,5,11
1999,16,11,27
1999,3,15,18
1999,4,2,6
1999,17,13,30
1999,7,2,9
1999,3,1,4
1999,13,1,14
1999,4,3,7
1999,5,11,16
1999,3,0,3
1999,2,1,3
1999,9,15,24
1999,2,1,3
1999,2,12,14
1999,6,2,8
1999,5,3,8
1999,8,6,14
1999,8,4,12
1999,2,1,3
1999,9,7,16
1999,5,4,9
1999,3,2,5
1999,6,12,18
1999,8,4,12
1999,3,10,13
1999,7,3,10
1999,8,2,10
1999,3,2,5
1999,4,3,7
1999,5,0,5
1999,8,2,10
1999,4,3,7
1999,5,4,9
1999,3,2,5
1999,8,6,14
1999,5,3,8
1999,4,2,6
1999,4,3,7
1999,7,2,9
1999,9,8,17
1999,15,11,26
1999,8,7,15
1999,8,7,15
1999,3,1,4
1999,22,1,23
1999,6,4,10
1999,7,3,10
1999,8,2,10
1999,4,3,7
1999,4,0,4
1999,5,4,9
1999,9,3,12
1999,7,2,9
1999,8,4,12
1999,8,4,12
1999,3,1,4
1999,4,2,6
1999,2,0,2
1999,7,1,8
1999,4,3,7
1999,9,7,16
1999,8,4,12
1999,5,4,9
1999,8,7,15
1999,4,10,14
1999,5,1,6
1999,8,2,10
1999,7,5,12
1999,4,3,7
1999,6,5,11
1999,4,2,6
1999,3,2,5
1999,3,11,14
1999,8,3,11
1999,6,15,21
1999,5,4,9
1999,4,3,7
1999,11,1,12
1999,7,4,11
1999,6,2,8
1999,6,1,7
1999,3,2,5
1999,2,13,15
1999,6,12,18
1999,2,1,3
1999,5,1,6
1999,3,2,5
1999,5,2,7
1999,9,8,17
1999,2,15,17
1999,7,1,8
1999,3,1,4
1999,6,5,11
1999,4,11,15
1999,3,0,3
1999,4,2,6
1999,5,4,9
1999,3,2,5
1999,8,7,15
1999,9,3,12
1999,2,0,2
1999,6,10,16
1999,4,3,7
1999,8,5,13
1999,8,3,11
1999,4,2,6
1999,7,5,12
1999,3,2,5
1999,4,3,7
1999,3,0,3
1999,6,0,6
1999,4,1,5
1999,3,2,5
1999,7,1,8
1999,9,4,13
1999,11,10,21
1999,8,3,11
1999,5,0,5
1999,2,1,3
1999,8,5,13
1999,4,1,5
1999,4,2,6
1999,8,5,13
1999,6,2,8
1999,6,5,11
1999,7,3,10
1999,7,4,11
1999,9,11,20
1999,10,1,11
1999,6,10,16
1999,2,10,12
1999,13,1,14
1999,5,2,7
1999,8,1,9
1999,4,3,7
1999,6,2,8
1999,5,4,9
1999,5,11,16
1999,7,6,13
1999,7,0,7
1999,4,10,14
1999,5,2,7
1999,8,4,12
1999,7,4,11
1999,5,13,18
1999,8,7,15
1999,6,5,11
1999,3,11,14
1999,3,2,5
1999,6,5,11
1999,4,2,6
1999,6,3,9
1999,7,6,13
1999,9,6,15
1999,2,1,3
1999,7,4,11
1999,5,4,9
1999,4,3,7
1999,13,11,24
1999,3,2,5
1999,8,1,9
1999,5,3,8
1999,4,11,15
1999,8,7,15
1999,2,1,3
1999,5,3,8
1999,6,1,7
1999,13,12,25
1999,4,2,6
1999,4,1,5
1999,8,2,10
1999,3,2,5
1999,4,2,6
1999,5,1,6
1999,4,3,7
1999,7,0,7
1999,5,3,8
1999,4,3,7
1999,9,7,16
1999,7,3,10
1999,5,0,5
1999,12,10,22
1999,10,1,11
1999,10,1,11
1999,6,2,8
1999,6,3,9
1999,8,6,14
1999,8,3,11
1999,9,6,15
1999,8,4,12
1999,4,12,16
1999,7,6,13
1999,9,6,15
1999,8,7,15
1999,3,2,5
1999,2,1,3
1999,5,3,8
1999,12,10,22
1999,3,0,3
1999,6,4,10
1999,2,1,3
1999,3,2,5
1999,7,5,12
1999,7,12,19
1999,7,3,10
1999,5,2,7
1999,3,0,3
1999,4,3,7
1999,1,0,1
1999,2,10,12
1999,9,8,17
1999,6,1,7
1999,3,2,5
1999,2,0,2
1999,7,10,17
1999,8,2,10
1999,5,3,8
1999,4,3,7
1999,10,1,11
1999,4,14,18
1999,4,2,6
1999,4,11,15
1999,5,4,9
1999,2,1,3
1999,7,2,9
1999,7,4,11
1999,17,1,18
1999,6,2,8
1999,1,0,1
1999,8,1,9
1999,7,11,18
1999,7,4,11
1999,9,3,12
1999,6,13,19
1999,5,4,9
1999,7,6,13
1999,5,2,7
1999,4,3,7
1999,3,2,5
1999,1,0,1
1999,6,2,8
1999,7,6,13
1999,7,13,20
1999,7,12,19
1999,5,2,7
1999,6,5,11
1999,6,5,11
1999,4,3,7
1999,5,3,8
1999,5,2,7
1999,8,7,15
1999,8,0,8
1999,9,1,10
1999,14,1,15
1999,4,10,14
1999,6,1,7
1999,5,13,18
1999,3,2,5
1999,8,7,15
1999,3,2,5
1999,5,0,5
1999,6,17,23
1999,5,4,9
1999,5,4,9
1999,5,1,6
1999,5,4,9
1999,7,4,11
1999,6,5,11
1999,3,0,3
1999,2,1,3
1999,7,4,11
1999,4,3,7
1999,10,1,11
1999,6,5,11
1999,4,18,22
1999,11,10,21
1999,5,4,9
1999,2,0,2
1999,5,3,8
1999,4,3,7
1999,3,11,14
1999,9,10,19
1999,7,5,12
1999,8,2,10
1999,5,14,19
1999,9,1,10
1999,2,11,13
1999,4,1,5
1999,9,10,19
1999,3,12,15
1999,19,12,31
1999,2,1,3
1999,7,5,12
1999,8,12,20
1999,4,10,14
1999,6,2,8
1999,4,1,5
1999,6,0,6
1999,5,4,9
1999,7,12,19
1999,6,3,9
1999,7,1,8
1999,8,6,14
1999,6,1,7
1999,7,5,12
1999,9,7,16
1999,3,15,18
1999,6,3,9
1999,4,11,15
1999,2,1,3
1999,16,0,16
1999,6,10,16
1999,14,1,15
1999,5,2,7
1999,9,5,14
1999,7,6,13
1999,8,7,15
1999,2,11,13
1999,10,0,10
1999,9,8,17
1999,9,5,14
1999,12,10,22
1999,8,6,14
1999,6,1,7
1999,9,1,10
1999,7,2,9
1999,6,5,11
1999,3,0,3
1999,9,7,16
1999,8,21,29
1999,9,4,13
1999,2,1,3
1999,13,12,25
1999,5,0,5
1999,5,2,7
1999,5,3,8
1999,9,10,19
1999,11,0,11
1999,5,1,6
1999,7,1,8
1999,5,15,20
1999,7,3,10
1999,7,6,13
1999,5,2,7
1999,6,2,8
1999,4,3,7
1999,5,17,22
1999,6,0,6
1999,6,3,9
1999,10,0,10
1999,6,5,11
1999,5,2,7
1999,8,4,12
1999,9,1,10
1999,2,1,3
1999,4,2,6
1999,5,0,5
1999,5,2,7
1999,4,1,5
1999,1,0,1
1999,4,2,6
1999,8,2,10
1999,3,1,4
1999,5,2,7
1999,4,3,7
1999,8,7,15
1999,5,2,7
1999,9,8,17
1999,3,1,4
1999,10,0,10
1999,4,0,4
1999,1,0,1
1999,6,1,7
1999,9,10,19
1999,6,5,11
1999,6,4,10
1999,3,10,13
1999,7,13,20
1999,7,3,10
1999,7,6,13
1999,7,1,8
1999,7,5,12
1999,6,4,10
1999,4,3,7
1999,3,1,4
1999,7,4,11
1999,5,4,9
1999,4,1,5
1999,5,2,7
1999,2,1,3
1999,3,2,5
1999,8,7,15
1999,5,2,7
1999,6,11,17
1999,6,5,11
1999,8,11,19
1999,3,2,5
1999,9,2,11
1999,4,3,7
1999,9,4,13
1999,8,5,13
1999,3,2,5
1999,5,2,7
1999,5,4,9
1999,3,2,5
1999,3,2,5
1999,9,6,15
1999,4,1,5
1999,4,11,15
1999,6,5,11
1999,5,0,5
1999,5,4,9
1999,4,3,7
1999,5,2,7
1999,4,2,6
1999,7,2,9
1999,5,4,9
1999,2,0,2
1999,2,1,3
1999,2,10,12
1999,11,10,21
1999,9,3,12
1999,9,3,12
1999,9,8,17
1999,3,2,5
1999,2,1,3
1999,5,4,9
1999,7,6,13
1999,9,8,17
1999,8,4,12
1999,5,4,9
1999,4,2,6
1999,7,4,11
1999,8,1,9
1999,6,3,9
1999,9,4,13
1999,8,2,10
1999,3,2,5
1999,3,2,5
1999,7,3,10
1999,3,14,17
1999,2,10,12
1999,1,0,1
1999,6,3,9
1999,6,2,8
1999,6,2,8
1999,5,4,9
1999,7,6,13
1999,8,2,10
1999,6,4,10
1999,9,3,12
1999,7,10,17
1999,8,6,14
1999,6,2,8
1999,9,11,20
1999,2,0,2
1999,3,2,5
1999,3,2,5
1999,8,7,15
1999,3,2,5
1999,8,6,14
1999,3,1,4
1999,9,4,13
1999,5,4,9
1999,11,10,21
1999,6,2,8
1999,2,1,3
1999,2,0,2
1999,12,10,22
1999,7,10,17
1999,4,2,6
1999,3,11,14
1999,2,1,3
1999,9,8,17
1999,9,7,16
1999,9,8,17
1999,4,2,6
1999,3,13,16
1999,2,1,3
1999,3,11,14
1999,8,0,8
1999,3,2,5
1999,3,2,5
1999,3,11,14
1999,4,11,15
1999,7,2,9
1999,13,10,23
1999,9,1,10
1999,8,6,14
1999,3,2,5
1999,8,6,14
1999,6,1,7
1999,6,3,9
1999,8,6,14
1999,9,11,20
1999,5,4,9
1999,9,8,17
1999,2,0,2
1999,5,4,9
1999,6,0,6
1999,3,2,5
1999,6,5,11
1999,8,7,15
1999,5,2,7
1999,3,2,5
1999,5,4,9
1999,3,2,5
1999,4,1,5
1999,4,1,5
1999,7,10,17
1999,2,10,12
1999,7,6,13
1999,3,2,5
1999,8,10,18
1999,6,4,10
1999,5,10,15
1999,7,12,19
1999,7,5,12
1999,8,4,12
1999,3,16,19
1999,7,14,21
1999,8,7,15
1999,2,1,3
1999,4,1,5
1999,7,1,8
1999,8,7,15
1999,5,2,7
1999,7,1,8
1999,5,4,9
1999,7,4,11
1999,4,3,7
1999,8,4,12
1999,6,0,6
1999,4,2,6
1999,5,4,9
1999,6,3,9
1999,6,11,17
1999,6,1,7
1999,2,1,3
1999,1,0,1
1999,4,3,7
1999,5,10,15
1999,2,0,2
1999,7,4,11
1999,5,4,9
1999,7,0,7
1999,6,3,9
1999,7,3,10
1999,4,3,7
1999,3,13,16
1999,2,10,12
1999,9,5,14
1999,5,2,7
1999,5,3,8
1999,6,5,11
1999,4,3,7
1999,9,8,17
1999,6,3,9
1999,2,1,3
1999,4,1,5
1999,12,11,23
1999,5,0,5
1999,3,0,3
1999,7,4,11
1999,5,4,9
1999,5,4,9
1999,8,7,15
1999,9,7,16
1999,10,1,11
1999,1,0,1
1999,2,1,3
1999,6,4,10
1999,5,14,19
1999,5,4,9
1999,7,4,11
1999,7,12,19
1999,5,4,9
1999,5,1,6
1999,9,8,17
1999,5,4,9
1999,6,5,11
1999,3,1,4
1999,6,5,11
1999,8,11,19
1999,3,0,3
1999,8,4,12
1999,6,5,11
1999,2,10,12
1999,4,11,15
1999,4,1,5
1999,5,2,7
1999,2,12,14
1999,3,10,13
1999,7,2,9
1999,21,1,22
1999,2,1,3
1999,4,3,7
1999,7,6,13
1999,5,3,8
1999,2,1,3
1999,8,7,15
1999,3,11,14
1999,6,4,10
1999,9,1,10
1999,4,3,7
1999,5,2,7
1999,13,11,24
1999,4,3,7
1999,6,1,7
1999,2,1,3
1999,5,1,6
1999,5,4,9
1999,2,1,3
1999,4,3,7
1999,6,1,7
1999,4,3,7
1999,6,3,9
1999,8,5,13
1999,5,3,8
1999,7,14,21
1999,6,1,7
1999,7,5,12
1999,9,1,10
1999,2,0,2
1999,8,10,18
1999,7,0,7
1999,2,10,12
1999,8,6,14
1999,5,3,8
1999,5,14,19
1999,6,3,9
1999,9,7,16
1999,5,3,8
1999,3,2,5
1999,4,2,6
1999,5,1,6
1999,6,2,8
1999,4,3,7
1999,2,1,3
1999,5,10,15
1999,9,11,20
1999,4,10,14
1999,8,6,14
1999,3,11,14
1999,7,2,9
1999,8,16,24
1999,5,3,8
1999,9,1,10
1999,5,3,8
1999,8,2,10
1999,9,2,11
1999,9,4,13
1999,7,4,11
1999,6,3,9
1999,4,1,5
1999,8,0,8
1999,3,1,4
1999,5,1,6
1999,4,2,6
1999,8,4,12
1999,7,5,12
1999,12,1,13
1999,3,1,4
1999,9,2,11
1999,3,13,16
1999,9,10,19
1999,7,4,11
1999,2,10,12
1999,6,5,11
1999,1,0,1
1999,4,1,5
1999,8,7,15
1999,5,1,6
1999,7,4,11
1999,5,4,9
1999,9,2,11
1999,8,2,10
1999,8,0,8
1999,8,6,14
1999,6,5,11
1999,17,10,27
1999,11,1,12
1999,13,10,23
1999,4,2,6
1999,4,2,6
1999,5,1,6
1999,4,2,6
1999,8,5,13
1999,5,2,7
1999,6,5,11
1999,8,12,20
1999,7,6,13
1999,2,1,3
1999,4,12,16
1999,5,4,9
1999,5,4,9
1999,9,1,10
1999,6,3,9
1999,4,2,6
1999,4,10,14
1999,6,10,16
1999,2,1,3
1999,3,10,13
1999,3,1,4
1999,5,4,9
1999,5,12,17
1999,8,5,13
1999,4,12,16
1999,6,16,22
1999,7,5,12
1999,5,1,6
1999,6,2,8
1999,7,2,9
1999,3,1,4
1999,7,1,8
1999,4,0,4
1999,6,5,11
1999,5,4,9
1999,7,0,7
1999,3,1,4
1999,5,4,9
1999,9,4,13
1999,2,1,3
1999,9,6,15
1999,6,5,11
1999,7,2,9
1999,3,10,13
1999,3,1,4
1999,2,12,14
1999,7,1,8
1999,5,2,7
1999,6,0,6
1999,9,5,14
1999,4,3,7
1999,8,4,12
1999,7,2,9
1999,5,1,6
1999,6,3,9
1999,4,1,5
1999,2,1,3
1999,9,5,14
1999,8,3,11
1999,9,5,14
1999,3,2,5
1999,7,1,8
1999,7,6,13
1999,3,1,4
1999,8,0,8
1999,6,3,9
1999,5,2,7
1999,2,1,3
1999,9,3,12
1999,7,0,7
1999,7,6,13
1999,6,3,9
1999,7,4,11
1999,3,10,13
1999,5,1,6
1999,7,3,10
1999,4,3,7
1999,6,1,7
1999,6,0,6
1999,9,1,10
1999,9,8,17
1999,9,2,11
1999,12,10,22
1999,2,1,3
1999,9,1,10
1999,4,2,6
1999,5,1,6
1999,5,1,6
1999,8,11,19
1999,4,2,6
1999,5,4,9
1999,3,14,17
1999,4,15,19
1999,5,4,9
1999,4,10,14
1999,4,1,5
1999,6,5,11
1999,6,4,10
1999,3,1,4
1999,7,6,13
1999,11,1,12
1999,8,2,10
1999,3,1,4
1999,1,0,1
1999,15,10,25
1999,6,0,6
1999,9,3,12
1999,5,2,7
1999,5,2,7
1999,6,2,8
1999,2,1,3
1999,7,3,10
1999,8,2,10
1999,4,2,6
1999,3,14,17
1999,7,5,12
1999,7,4,11
1999,5,1,6
1999,9,3,12
1999,5,3,8
1999,8,7,15
1999,4,0,4
1999,5,3,8
1999,7,10,17
1999,5,4,9
1999,5,2,7
1999,7,6,13
1999,8,0,8
1999,9,2,11
1999,8,12,20
1999,6,12,18
1999,4,2,6
1999,6,4,10
1999,9,10,19
1999,4,19,23
1999,2,1,3
1999,6,4,10
1999,3,1,4
1999,8,7,15
1999,9,6,15
1999,2,1,3
1999,6,10,16
1999,6,4,10
1999,4,3,7
1999,6,1,7
1999,7,5,12
1999,6,1,7
1999,4,3,7
1999,17,1,18
1999,4,3,7
1999,4,3,7
1999,8,5,13
1999,7,5,12
1999,6,5,11
1999,9,3,12
1999,8,5,13
1999,6,3,9
1999,9,7,16
1999,5,12,17
1999,5,3,8
1999,5,1,6
1999,5,4,9
1999,2,11,13
1999,4,2,6
1999,8,2,10
1999,7,6,13
1999,3,0,3
1999,5,10,15
1999,9,3,12
1999,3,1,4
1999,3,1,4
1999,6,11,17
1999,4,2,6
1999,7,4,11
1999,5,4,9
1999,6,3,9
1999,14,13,27
1999,8,6,14
1999,8,7,15
1999,6,5,11
1999,2,1,3
1999,7,3,10
1999,2,14,16
1999,4,3,7
1999,3,2,5
1999,7,1,8
1999,9,8,17
1999,4,2,6
1999,2,13,15
1999,8,7,15
1999,4,1,5
1999,7,1,8
1999,8,11,19
1999,7,4,11
1999,7,1,8
1999,4,11,15
1999,8,1,9
1999,6,3,9
1999,6,4,10
1999,6,1,7
1999,9,7,16
1999,5,13,18
1999,4,0,4
1999,4,3,7
1999,10,0,10
1999,9,3,12
1999,5,1,6
1999,8,2,10
1999,4,12,16
1999,2,10,12
1999,2,0,2
1999,5,3,8
1999,5,4,9
1999,5,3,8
1999,7,6,13
1999,5,12,17
1999,6,5,11
1999,9,5,14
1999,3,10,13
1999,6,5,11
1999,6,1,7
1999,9,2,11
1999,5,13,18
1999,6,14,20
1999,9,1,10
1999,2,0,2
1999,7,5,12
1999,2,0,2
1999,4,3,7
1999,7,4,11
1999,4,3,7
1999,7,5,12
1999,4,0,4
1999,8,3,11
1999,12,1,13
1999,4,3,7
1999,7,4,11
1999,4,15,19
1999,3,2,5
1999,3,1,4
1999,8,6,14
1999,6,1,7
1999,5,2,7
1999,3,2,5
1999,2,1,3
1999,6,5,11
1999,8,5,13
1999,3,1,4
1999,2,0,2
1999,7,4,11
1999,4,3,7
1999,6,12,18
1999,6,1,7
1999,4,1,5
1999,4,0,4
1999,6,4,10
1999,7,0,7
1999,3,0,3
1999,9,1,10
1999,5,4,9
1999,6,5,11
1999,5,1,6
1999,9,3,12
1999,6,2,8
1999,9,2,11
1999,1,0,1
1999,8,0,8
1999,9,7,16
1999,6,5,11
1999,4,1,5
1999,5,1,6
1999,4,3,7
1999,3,11,14
1999,5,3,8
1999,6,4,10
1999,3,10,13
1999,9,3,12
1999,11,0,11
1999,8,5,13
1999,5,4,9
1999,7,4,11
1999,5,4,9
1999,4,3,7
1999,5,0,5
1999,6,2,8
1999,4,3,7
1999,8,5,13
1999,8,6,14
1999,9,3,12
1999,5,4,9
1999,5,1,6
1999,6,1,7
1999,7,4,11
1999,8,4,12
1999,6,5,11
1999,4,2,6
1999,6,0,6
1999,8,2,10
1999,9,2,11
1999,3,12,15
1999,3,2,5
1999,9,4,13
1999,3,2,5
1999,4,3,7
1999,7,3,10
1999,5,3,8
1999,8,7,15
1999,7,5,12
1999,4,3,7
1999,9,7,16
1999,7,5,12
1999,7,4,11
1999,2,1,3
1999,6,0,6
1999,6,5,11
1999,6,2,8
1999,4,2,6
1999,8,4,12
1999,4,1,5
1999,7,11,18
1999,3,2,5
1999,9,4,13
1999,7,6,13
1999,2,1,3
1999,4,1,5
1999,2,10,12
1999,3,21,24
1999,5,1,6
1999,6,4,10
1999,4,12,16
1999,5,4,9
1999,5,3,8
1999,5,2,7
1999,7,1,8
1999,8,4,12
1999,5,1,6
1999,11,10,21
1999,2,18,20
1999,3,2,5
1999,5,0,5
1999,6,5,11
1999,7,10,17
1999,7,2,9
1999,5,2,7
1999,5,11,16
1999,6,5,11
1999,7,2,9
1999,8,6,14
1999,9,7,16
1999,6,3,9
1999,4,1,5
1999,4,0,4
1999,4,12,16
1999,15,1,16
1999,9,3,12
1999,3,2,5
1999,6,1,7
1999,7,3,10
1999,11,10,21
1999,2,12,14
1999,6,0,6
1999,4,10,14
1999,8,4,12
1999,4,3,7
1999,9,7,16
1999,6,3,9
1999,4,3,7
1999,9,6,15
1999,2,1,3
1999,5,4,9
1999,3,2,5
1999,3,1,4
1999,9,0,9
1999,4,1,5
1999,4,1,5
1999,8,0,8
1999,8,7,15
1999,4,1,5
1999,2,1,3
1999,8,2,10
1999,5,3,8
1999,7,6,13
1999,7,5,12
1999,3,0,3
1999,6,11,17
1999,4,0,4
1999,4,3,7
1999,5,2,7
1999,4,3,7
1999,4,3,7
1999,8,6,14
1999,2,1,3
1999,6,4,10
1999,6,2,8
1999,3,0,3
1999,9,7,16
1999,8,4,12
1999,7,4,11
1999,7,2,9
1999,6,4,10
1999,6,5,11
1999,4,11,15
1999,4,10,14
1999,6,0,6
1999,6,2,8
1999,8,6,14
1999,5,11,16
1999,5,4,9
1999,5,3,8
1999,4,3,7
1999,4,2,6
1999,5,4,9
1999,9,1,10
1999,5,2,7
1999,6,14,20
1999,3,11,14
1999,7,5,12
1999,8,11,19
1999,1,0,1
1999,17,1,18
1999,6,1,7
1999,7,4,11
1999,8,4,12
1999,6,4,10
1999,4,2,6
1999,2,1,3
1999,2,1,3
1999,3,0,3
1999,6,3,9
1999,4,11,15
1999,8,2,10
1999,14,12,26
1999,9,8,17
1999,6,14,20
1999,6,2,8
1999,5,3,8
1999,3,2,5
1999,7,3,10
1999,8,1,9
1999,8,1,9
1999,3,14,17
1999,8,1,9
1999,3,1,4
1999,4,3,7
1999,3,2,5
1999,8,7,15
1999,8,1,9
1999,9,8,17
1999,7,14,21
1999,9,5,14
1999,5,4,9
1999,7,1,8
1999,1,0,1
1999,5,3,8
1999,9,3,12
1999,4,0,4
1999,6,11,17
1999,4,2,6
1999,6,5,11
1999,8,7,15
1999,4,3,7
1999,9,3,12
1999,3,2,5
1999,6,1,7
1999,8,2,10
1999,7,3,10
1999,7,6,13
1999,8,6,14
1999,6,3,9
1999,5,4,9
1999,5,4,9
1999,8,1,9
1999,5,2,7
1999,7,4,11
1999,2,10,12
1999,2,12,14
1999,2,1,3
1999,4,2,6
1999,4,10,14
1999,9,6,15
1999,5,4,9
1999,3,1,4
1999,6,0,6
1999,6,4,10
1999,6,3,9
1999,4,2,6
1999,5,2,7
1999,4,2,6
1999,2,1,3
1999,3,22,25
1999,9,2,11
1999,4,0,4
1999,3,11,14
1999,3,12,15
1999,8,3,11
1999,7,5,12
1999,7,15,22
1999,4,1,5
1999,5,2,7
1999,6,3,9
1999,9,13,22
1999,6,2,8
1999,6,2,8
1999,5,4,9
1999,9,7,16
1999,8,4,12
1999,9,7,16
1999,4,1,5
1999,5,3,8
1999,4,1,5
1999,7,6,13
1999,6,3,9
1999,8,6,14
1999,5,3,8
1999,3,0,3
1999,9,7,16
1999,6,5,11
1999,4,3,7
1999,3,2,5
1999,7,13,20
1999,8,6,14
1999,6,3,9
1999,14,1,15
1999,3,2,5
1999,2,1,3
1999,3,10,13
1999,2,1,3
1999,6,3,9
1999,9,11,20
1999,5,0,5
1999,4,1,5
1999,7,4,11
1999,5,3,8
1999,8,6,14
1999,3,1,4
1999,7,4,11
1999,4,3,7
1999,6,5,11
1999,5,4,9
1999,6,4,10
1999,5,4,9
1999,9,5,14
1999,9,1,10
1999,10,0,10
1999,5,1,6
1999,7,5,12
1999,6,2,8
1999,2,10,12
1999,7,4,11
1999,4,3,7
1999,5,1,6
1999,3,0,3
1999,5,3,8
1999,3,1,4
1999,9,8,17
1999,6,5,11
1999,3,1,4
1999,3,10,13
1999,5,3,8
1999,3,1,4
1999,5,4,9
1999,6,14,20
1999,4,2,6
1999,3,15,18
1999,7,6,13
1999,6,4,10
1999,7,3,10
1999,3,1,4
1999,4,2,6
1999,3,1,4
1999,3,10,13
1999,4,2,6
1999,5,11,16
1999,7,2,9
1999,4,0,4
1999,4,2,6
1999,4,3,7
1999,4,12,16
1999,7,6,13
1999,9,5,14
1999,5,3,8
1999,9,6,15
1999,6,2,8
1999,7,0,7
1999,11,10,21
1999,5,4,9
1999,3,2,5
1999,8,5,13
1999,5,4,9
1999,5,0,5
1999,4,1,5
1999,4,3,7
1999,5,11,16
1999,9,12,21
1999,5,3,8
1999,7,1,8
1999,6,3,9
1999,3,10,13
1999,6,3,9
1999,4,1,5
1999,8,4,12
1999,8,4,12
1999,4,3,7
1999,5,1,6
1999,5,4,9
1999,3,2,5
1999,7,4,11
1999,7,11,18
1999,6,5,11
1999,2,13,15
1999,8,4,12
1999,4,12,16
1999,6,5,11
1999,3,0,3
1999,4,3,7
1999,8,3,11
1999,2,1,3
1999,2,1,3
1999,6,13,19
1999,7,0,7
1999,4,3,7
1999,3,12,15
1999,7,2,9
1999,2,12,14
1999,8,6,14
1999,6,5,11
1999,3,0,3
1999,5,4,9
1999,4,11,15
1999,3,0,3
1999,4,1,5
1999,5,1,6
1999,6,10,16
1999,5,1,6
1999,3,1,4
1999,5,4,9
1999,6,4,10
1999,5,10,15
1999,8,6,14
1999,1,0,1
1999,7,10,17
1999,8,3,11
1999,4,1,5
1999,4,3,7
1999,8,10,18
1999,8,4,12
1999,6,4,10
1999,7,6,13
1999,9,5,14
1999,7,1,8
1999,6,5,11
1999,5,3,8
1999,4,2,6
1999,6,10,16
1999,6,5,11
1999,3,14,17
1999,6,5,11
1999,9,4,13
1999,18,10,28
1999,8,5,13
1999,9,3,12
1999,3,1,4
1999,4,2,6
1999,4,3,7
1999,8,11,19
1999,7,5,12
1999,7,3,10
1999,6,3,9
1999,8,6,14
1999,4,3,7
1999,9,1,10
1999,7,4,11
1999,5,4,9
1999,5,4,9
1999,11,1,12
1999,8,4,12
1999,3,0,3
1999,5,11,16
1999,5,0,5
1999,6,13,19
1999,6,1,7
1999,7,4,11
1999,5,4,9
1999,8,7,15
1999,5,1,6
1999,7,3,10
1999,8,7,15
1999,7,11,18
1999,5,2,7
1999,8,6,14
1999,3,12,15
1999,8,5,13
1999,6,3,9
1999,2,1,3
1999,4,3,7
1999,2,15,17
1999,3,2,5
1999,5,10,15
1999,7,2,9
1999,7,12,19
1999,4,3,7
1999,6,5,11
1999,5,4,9
1999,4,0,4
1999,5,11,16
1999,12,1,13
1999,9,10,19
1999,7,5,12
1999,2,1,3
1999,3,0,3
1999,7,2,9
1999,7,6,13
1999,6,1,7
1999,5,3,8
1999,4,0,4
1999,9,4,13
1999,8,6,14
1999,3,1,4
1999,5,3,8
1999,6,3,9
1999,6,2,8
1999,3,13,16
1999,4,2,6
1999,8,5,13
1999,5,2,7
1999,9,14,23
1999,5,3,8
1999,3,11,14
1999,9,1,10
1999,5,3,8
1999,5,4,9
1999,3,12,15
1999,5,4,9
1999,5,4,9
1999,3,2,5
1999,4,3,7
1999,6,12,18
1999,7,4,11
1999,6,3,9
1999,9,6,15
1999,4,12,16
1999,7,5,12
1999,8,5,13
1999,7,5,12
1999,2,1,3
1999,5,3,8
1999,6,11,17
1999,5,2,7
1999,1,0,1
1999,9,0,9
1999,5,4,9
1999,7,3,10
1999,5,3,8
1999,5,1,6
1999,9,4,13
1999,6,2,8
1999,4,3,7
1999,4,3,7
1999,3,2,5
1999,4,3,7
1999,3,11,14
1999,4,12,16
1999,4,18,22
1999,4,1,5
1999,3,1,4
1999,6,1,7
1999,3,11,14
1999,8,2,10
1999,3,2,5
1999,3,2,5
1999,4,13,17
1999,5,3,8
1999,2,1,3
1999,4,2,6
1999,7,3,10
1999,7,3,10
1999,4,10,14
1999,9,6,15
1999,8,5,13
1999,8,4,12
1999,7,5,12
1999,6,1,7
1999,8,6,14
1999,7,10,17
1999,3,11,14
1999,3,0,3
1999,10,0,10
1999,6,5,11
1999,3,2,5
1999,3,2,5
1999,7,1,8
1999,3,10,13
1999,7,11,18
1999,3,10,13
1999,5,3,8
1999,9,7,16
1999,8,2,10
1999,3,1,4
1999,8,4,12
1999,6,10,16
1999,3,2,5
1999,9,3,12
1999,9,3,12
1999,9,5,14
1999,4,1,5
1999,2,1,3
1999,7,4,11
1999,5,3,8
1999,9,3,12
1999,8,2,10
1999,6,3,9
1999,8,2,10
1999,10,0,10
1999,7,4,11
1999,4,1,5
1999,6,2,8
1999,4,2,6
1999,4,1,5
1999,5,2,7
1999,7,5,12
1999,5,2,7
1999,6,3,9
1999,5,3,8
1999,9,2,11
1999,5,0,5
1999,5,1,6
1999,4,3,7
1999,6,5,11
1999,6,2,8
1999,7,3,10
1999,5,4,9
1999,5,3,8
1999,5,0,5
1999,5,12,17
1999,5,2,7
1999,9,2,11
1999,3,2,5
1999,6,5,11
1999,4,3,7
1999,2,1,3
1999,9,4,13
1999,7,0,7
1999,7,6,13
1999,6,1,7
1999,4,1,5
1999,6,2,8
1999,9,8,17
1999,8,6,14
1999,9,4,13
1999,5,1,6
1999,9,5,14
1999,4,3,7
1999,3,2,5
1999,5,1,6
1999,7,4,11
1999,3,2,5
1999,7,11,18
1999,3,15,18
1999,7,5,12
1999,1,0,1
1999,8,0,8
1999,6,1,7
1999,7,3,10
1999,7,16,23
1999,3,0,3
1999,4,3,7
1999,6,10,16
1999,7,0,7
1999,2,10,12
1999,3,13,16
1999,6,3,9
1999,3,2,5
1999,1,0,1
1999,3,10,13
1999,18,0,18
1999,1,0,1
1999,1,1,2
1999,9,2,11
1999,9,8,17
1999,9,4,13
1999,7,1,8
1999,2,1,3
1999,3,1,4
1999,6,5,11
1999,9,5,14
1999,6,2,8
1999,5,0,5
1999,8,4,12
1999,6,1,7
1999,8,0,8
1999,7,1,8
1999,5,1,6
1999,3,2,5
1999,11,1,12
1999,3,1,4
1999,5,3,8
1999,9,2,11
1999,9,3,12
1999,7,5,12
1999,4,3,7
1999,3,0,3
1999,7,23,30
1999,8,12,20
1999,4,2,6
1999,4,3,7
1999,4,3,7
1999,3,2,5
1999,1,0,1
1999,13,1,14
1999,3,2,5
1999,9,2,11
1999,4,3,7
1999,6,1,7
1999,9,10,19
1999,4,1,5
1999,7,2,9
1999,6,5,11
1999,4,1,5
2000,5,3,8
2000,5,1,6
2000,3,2,5
2000,2,0,2
2000,4,1,5
2000,3,3,6
2000,6,4,10
2000,7,0,7
2000,4,10,14
2000,2,1,3
2000,7,4,11
2000,7,1,8
2000,4,10,14
2000,5,4,9
2000,5,3,8
2000,6,4,10
2000,5,3,8
2000,5,1,6
2000,3,0,3
2000,6,5,11
2000,4,10,14
2000,3,1,4
2000,5,2,7
2000,2,0,2
2000,8,12,20
2000,6,3,9
2000,6,12,18
2000,3,11,14
2000,9,6,15
2000,7,11,18
2000,8,5,13
2000,9,11,20
2000,7,10,17
2000,6,5,11
2000,4,0,4
2000,8,2,10
2000,2,11,13
2000,9,3,12
2000,4,10,14
2000,8,12,20
2000,4,3,7
2000,3,2,5
2000,6,2,8
2000,5,1,6
2000,5,4,9
2000,7,6,13
2000,3,11,14
2000,8,5,13
2000,10,1,11
2000,5,2,7
2000,3,13,16
2000,6,2,8
2000,9,3,12
2000,7,3,10
2000,7,2,9
2000,6,2,8
2000,14,10,24
2000,6,10,16
2000,4,3,7
2000,4,1,5
2000,6,10,16
2000,5,10,15
2000,2,1,3
2000,7,6,13
2000,7,5,12
2000,9,1,10
2000,5,14,19
2000,5,11,16
2000,7,5,12
2000,6,5,11
2000,7,5,12
2000,2,1,3
2000,4,3,7
2000,4,2,6
2000,8,5,13
2000,5,2,7
2000,9,10,19
2000,6,5,11
2000,7,3,10
2000,3,2,5
2000,8,10,18
2000,6,4,10
2000,4,0,4
2000,5,2,7
2000,1,0,1
2000,9,3,12
2000,6,11,17
2000,8,7,15
2000,7,6,13
2000,3,2,5
2000,7,13,20
2000,2,1,3
2000,2,14,16
2000,9,3,12
2000,2,11,13
2000,4,17,21
2000,7,5,12
2000,6,0,6
2000,4,3,7
2000,7,5,12
2000,8,7,15
2000,6,5,11
2000,4,3,7
2000,9,4,13
2000,9,7,16
2000,8,4,12
2000,5,4,9
2000,4,13,17
2000,3,10,13
2000,5,2,7
2000,6,10,16
2000,7,5,12
2000,5,1,6
2000,7,3,10
2000,3,2,5
2000,6,5,11
2000,6,13,19
2000,6,2,8
2000,7,3,10
2000,4,11,15
2000,7,5,12
2000,4,0,4
2000,7,5,12
2000,7,6,13
2000,4,11,15
2000,8,6,14
2000,5,0,5
2000,8,5,13
2000,6,4,10
2000,4,2,6
2000,6,5,11
2000,7,1,8
2000,4,3,7
2000,3,2,5
2000,6,12,18
2000,2,0,2
2000,6,5,11
2000,4,0,4
2000,5,1,6
2000,2,1,3
2000,4,3,7
2000,5,4,9
2000,7,11,18
2000,6,5,11
2000,6,13,19
2000,9,4,13
2000,9,4,13
2000,7,2,9
2000,6,2,8
2000,5,10,15
2000,8,1,9
2000,6,3,9
2000,9,10,19
2000,7,5,12
2000,4,0,4
2000,8,5,13
2000,4,10,14
2000,3,1,4
2000,9,11,20
2000,2,14,16
2000,3,1,4
2000,4,2,6
2000,6,4,10
2000,7,0,7
2000,5,4,9
2000,6,3,9
2000,6,4,10
2000,7,1,8
2000,2,0,2
2000,5,3,8
2000,7,4,11
2000,6,17,23
2000,5,4,9
2000,3,1,4
2000,6,5,11
2000,2,1,3
2000,9,3,12
2000,14,13,27
2000,7,6,13
2000,5,3,8
2000,2,1,3
2000,5,0,5
2000,8,4,12
2000,5,4,9
2000,9,12,21
2000,3,13,16
2000,7,19,26
2000,9,1,10
2000,1,0,1
2000,6,5,11
2000,5,4,9
2000,7,1,8
2000,7,1,8
2000,4,3,7
2000,18,11,29
2000,9,13,22
2000,8,5,13
2000,7,0,7
2000,5,12,17
2000,5,3,8
2000,3,1,4
2000,4,3,7
2000,7,10,17
2000,5,4,9
2000,6,3,9
2000,16,10,26
2000,8,7,15
2000,10,1,11
2000,3,2,5
2000,5,2,7
2000,5,4,9
2000,5,10,15
2000,10,0,10
2000,5,1,6
2000,3,10,13
2000,7,6,13
2000,7,3,10
2000,3,1,4
2000,4,3,7
2000,5,4,9
2000,4,12,16
2000,3,0,3
2000,6,4,10
2000,8,4,12
2000,11,1,12
2000,9,5,14
2000,3,2,5
2000,9,7,16
2000,6,10,16
2000,5,4,9
2000,14,1,15
2000,12,11,23
2000,5,11,16
2000,6,2,8
2000,7,2,9
2000,9,2,11
2000,4,3,7
2000,7,2,9
2000,5,1,6
2000,9,11,20
2000,2,10,12
2000,6,4,10
2000,9,6,15
2000,5,10,15
2000,8,3,11
2000,8,6,14
2000,4,2,6
2000,6,14,20
2000,2,16,18
2000,4,2,6
2000,8,6,14
2000,7,3,10
2000,8,3,11
2000,7,6,13
2000,4,3,7
2000,4,2,6
2000,7,6,13
2000,9,11,20
2000,8,3,11
2000,8,2,10
2000,7,12,19
2000,5,3,8
2000,9,4,13
2000,3,11,14
2000,5,2,7
2000,11,10,21
2000,6,4,10
2000,8,15,23
2000,3,2,5
2000,8,5,13
2000,6,3,9
2000,1,0,1
2000,5,4,9
2000,7,10,17
2000,4,10,14
2000,8,2,10
2000,3,1,4
2000,7,3,10
2000,1,0,1
2000,3,2,5
2000,6,0,6
2000,5,4,9
2000,4,2,6
2000,1,0,1
2000,6,12,18
2000,6,4,10
2000,7,11,18
2000,7,6,13
2000,4,10,14
2000,6,1,7
2000,6,5,11
2000,2,11,13
2000,2,10,12
2000,4,3,7
2000,8,5,13
2000,7,2,9
2000,6,3,9
2000,6,1,7
2000,5,1,6
2000,6,11,17
2000,8,7,15
2000,8,13,21
2000,7,6,13
2000,9,2,11
2000,2,0,2
2000,12,1,13
2000,4,2,6
2000,4,10,14
2000,9,8,17
2000,5,3,8
2000,7,0,7
2000,4,14,18
2000,7,3,10
2000,6,3,9
2000,4,13,17
2000,3,12,15
2000,2,1,3
2000,5,4,9
2000,4,12,16
2000,8,4,12
2000,2,11,13
2000,4,3,7
2000,6,5,11
2000,4,3,7
2000,5,12,17
2000,3,2,5
2000,8,5,13
2000,5,3,8
2000,7,0,7
2000,5,2,7
2000,6,0,6
2000,7,4,11
2000,2,1,3
2000,7,2,9
2000,9,3,12
2000,7,6,13
2000,3,1,4
2000,7,4,11
2000,3,2,5
2000,6,13,19
2000,2,1,3
2000,3,11,14
2000,13,12,25
2000,3,10,13
2000,6,2,8
2000,6,2,8
2000,7,6,13
2000,6,5,11
2000,7,4,11
2000,2,1,3
2000,5,2,7
2000,8,4,12
2000,6,0,6
2000,2,1,3
2000,14,11,25
2000,4,3,7
2000,6,3,9
2000,7,1,8
2000,4,3,7
2000,8,2,10
2000,7,1,8
2000,4,3,7
2000,6,2,8
2000,7,4,11
2000,4,3,7
2000,6,10,16
2000,5,3,8
2000,2,1,3
2000,8,15,23
2000,7,5,12
2000,2,1,3
2000,5,0,5
2000,5,2,7
2000,3,10,13
2000,7,6,13
2000,7,6,13
2000,4,1,5
2000,11,1,12
2000,4,2,6
2000,6,12,18
2000,8,7,15
2000,5,3,8
2000,5,1,6
2000,5,4,9
2000,7,0,7
2000,8,3,11
2000,7,1,8
2000,7,10,17
2000,8,1,9
2000,6,5,11
2000,4,2,6
2000,7,3,10
2000,4,3,7
2000,6,5,11
2000,7,16,23
2000,5,14,19
2000,6,4,10
2000,4,1,5
2000,5,4,9
2000,5,2,7
2000,3,1,4
2000,8,5,13
2000,8,2,10
2000,5,1,6
2000,8,5,13
2000,6,2,8
2000,6,2,8
2000,8,6,14
2000,14,1,15
2000,7,2,9
2000,5,0,5
2000,8,7,15
2000,8,1,9
2000,5,3,8
2000,6,5,11
2000,5,3,8
2000,4,2,6
2000,3,2,5
2000,4,1,5
2000,5,1,6
2000,3,2,5
2000,2,10,12
2000,8,10,18
2000,12,10,22
2000,6,5,11
2000,5,0,5
2000,17,16,33
2000,11,10,21
2000,5,10,15
2000,6,0,6
2000,1,0,1
2000,9,11,20
2000,3,1,4
2000,9,1,10
2000,5,11,16
2000,9,6,15
2000,3,2,5
2000,6,1,7
2000,3,1,4
2000,1,0,1
2000,6,0,6
2000,11,10,21
2000,8,6,14
2000,8,1,9
2000,7,4,11
2000,9,7,16
2000,3,11,14
2000,9,7,16
2000,3,0,3
2000,8,12,20
2000,8,14,22
2000,9,4,13
2000,4,0,4
2000,7,6,13
2000,8,2,10
2000,7,6,13
2000,8,10,18
2000,9,8,17
2000,7,15,22
2000,3,2,5
2000,12,11,23
2000,4,1,5
2000,3,2,5
2000,3,1,4
2000,3,2,5
2000,6,3,9
2000,6,4,10
2000,10,1,11
2000,6,5,11
2000,5,2,7
2000,7,11,18
2000,6,0,6
2000,4,3,7
2000,2,0,2
2000,5,10,15
2000,8,13,21
2000,6,5,11
2000,3,2,5
2000,4,3,7
2000,2,0,2
2000,6,13,19
2000,3,13,16
2000,6,4,10
2000,7,4,11
2000,2,1,3
2000,5,3,8
2000,9,8,17
2000,5,1,6
2000,6,0,6
2000,5,3,8
2000,5,1,6
2000,9,10,19
2000,8,0,8
2000,9,13,22
2000,4,3,7
2000,7,6,13
2000,7,2,9
2000,3,2,5
2000,4,11,15
2000,8,14,22
2000,9,11,20
2000,16,0,16
2000,5,4,9
2000,6,4,10
2000,1,0,1
2000,7,6,13
2000,3,2,5
2000,13,11,24
2000,9,0,9
2000,4,3,7
2000,7,3,10
2000,7,15,22
2000,9,7,16
2000,7,3,10
2000,8,3,11
2000,6,4,10
2000,9,7,16
2000,8,7,15
2000,6,1,7
2000,6,4,10
2000,13,0,13
2000,4,3,7
2000,6,5,11
2000,5,1,6
2000,4,3,7
2000,7,6,13
2000,9,10,19
2000,6,3,9
2000,8,7,15
2000,2,1,3
2000,7,6,13
2000,6,4,10
2000,3,2,5
2000,8,11,19
2000,6,2,8
2000,3,1,4
2000,8,4,12
2000,7,6,13
2000,10,1,11
2000,5,3,8
2000,5,4,9
2000,7,11,18
2000,2,1,3
2000,3,10,13
2000,16,15,31
2000,5,1,6
2000,7,2,9
2000,2,11,13
2000,3,0,3
2000,3,1,4
2000,12,10,22
2000,3,2,5
2000,4,3,7
2000,6,3,9
2000,14,0,14
2000,6,5,11
2000,8,1,9
2000,4,3,7
2000,9,7,16
2000,6,5,11
2000,6,2,8
2000,9,11,20
2000,7,3,10
2000,6,5,11
2000,2,0,2
2000,4,0,4
2000,4,3,7
2000,8,7,15
2000,8,2,10
2000,9,5,14
2000,9,7,16
2000,7,6,13
2000,8,7,15
2000,5,4,9
2000,8,6,14
2000,9,6,15
2000,7,2,9
2000,4,2,6
2000,2,10,12
2000,9,4,13
2000,4,2,6
2000,4,3,7
2000,5,4,9
2000,4,0,4
2000,6,11,17
2000,8,0,8
2000,3,2,5
2000,4,3,7
2000,6,2,8
2000,8,6,14
2000,5,10,15
2000,7,2,9
2000,8,7,15
2000,6,4,10
2000,7,11,18
2000,3,0,3
2000,4,1,5
2000,7,11,18
2000,5,3,8
2000,11,10,21
2000,3,2,5
2000,4,3,7
2000,3,2,5
2000,2,10,12
2000,13,1,14
2000,7,6,13
2000,5,3,8
2000,9,8,17
2000,6,10,16
2000,2,1,3
2000,5,3,8
2000,3,2,5
2000,6,12,18
2000,7,0,7
2000,8,7,15
2000,8,7,15
2000,3,0,3
2000,4,3,7
2000,4,19,23
2000,4,3,7
2000,2,1,3
2000,6,2,8
2000,6,10,16
2000,6,12,18
2000,7,5,12
2000,4,2,6
2000,6,1,7
2000,3,12,15
2000,16,10,26
2000,8,3,11
2000,7,6,13
2000,4,13,17
2000,4,3,7
2000,7,5,12
2000,8,4,12
2000,6,5,11
2000,2,1,3
2000,4,3,7
2000,9,10,19
2000,6,1,7
2000,1,0,1
2000,4,3,7
2000,6,1,7
2000,4,2,6
2000,3,2,5
2000,8,2,10
2000,7,10,17
2000,4,10,14
2000,2,10,12
2000,4,3,7
2000,3,1,4
2000,7,6,13
2000,7,4,11
2000,5,3,8
2000,3,2,5
2000,3,10,13
2000,6,4,10
2000,6,5,11
2000,4,3,7
2000,6,3,9
2000,4,12,16
2000,9,4,13
2000,9,10,19
2000,9,7,16
2000,3,0,3
2000,3,10,13
2000,2,11,13
2000,6,5,11
2000,5,4,9
2000,18,0,18
2000,5,1,6
2000,9,2,11
2000,7,5,12
2000,5,1,6
2000,6,11,17
2000,7,0,7
2000,6,5,11
2000,4,1,5
2000,6,10,16
2000,5,3,8
2000,7,3,10
2000,3,1,4
2000,4,1,5
2000,7,6,13
2000,6,3,9
2000,9,2,11
2000,8,3,11
2000,5,3,8
2000,3,2,5
2000,2,1,3
2000,8,2,10
2000,5,4,9
2000,9,4,13
2000,4,11,15
2000,2,10,12
2000,4,1,5
2000,6,2,8
2000,5,3,8
2000,5,2,7
2000,4,11,15
2000,7,3,10
2000,4,0,4
2000,3,14,17
2000,8,6,14
2000,7,6,13
2000,4,3,7
2000,6,5,11
2000,6,5,11
2000,7,6,13
2000,5,10,15
2000,8,3,11
2000,4,2,6
2000,3,2,5
2000,8,12,20
2000,6,3,9
2000,4,3,7
2000,3,12,15
2000,3,1,4
2000,2,11,13
2000,7,12,19
2000,4,3,7
2000,8,4,12
2000,4,2,6
2000,4,3,7
2000,2,0,2
2000,4,3,7
2000,4,1,5
2000,6,2,8
2000,4,14,18
2000,3,0,3
2000,1,0,1
2000,3,2,5
2000,8,7,15
2000,3,2,5
2000,4,1,5
2000,4,1,5
2000,4,10,14
2000,8,3,11
2000,5,4,9
2000,7,2,9
2000,5,1,6
2000,6,1,7
2000,8,2,10
2000,5,2,7
2000,4,2,6
2000,6,1,7
2000,7,10,17
2000,7,4,11
2000,5,10,15
2000,7,4,11
2000,3,2,5
2000,6,3,9
2000,2,1,3
2000,7,3,10
2000,8,7,15
2000,4,1,5
2000,6,2,8
2000,9,7,16
2000,4,10,14
2000,7,3,10
2000,8,6,14
2000,5,13,18
2000,4,3,7
2000,8,7,15
2000,5,2,7
2000,9,5,14
2000,4,3,7
2000,4,10,14
2000,4,3,7
2000,4,2,6
2000,4,0,4
2000,13,11,24
2000,5,3,8
2000,9,7,16
2000,2,1,3
2000,5,1,6
2000,5,12,17
2000,5,2,7
2000,2,0,2
2000,4,3,7
2000,11,10,21
2000,7,4,11
2000,8,6,14
2000,5,3,8
2000,5,3,8
2000,5,4,9
2000,2,1,3
2000,9,3,12
2000,7,4,11
2000,5,1,6
2000,5,4,9
2000,8,3,11
2000,7,11,18
2000,5,3,8
2000,9,3,12
2000,2,1,3
2000,6,1,7
2000,2,1,3
2000,7,4,11
2000,1,0,1
2000,9,7,16
2000,9,3,12
2000,3,16,19
2000,7,4,11
2000,4,2,6
2000,4,3,7
2000,8,7,15
2000,7,6,13
2000,3,2,5
2000,3,2,5
2000,7,2,9
2000,7,3,10
2000,7,1,8
2000,1,0,1
2000,5,15,20
2000,2,18,20
2000,6,5,11
2000,7,5,12
2000,6,4,10
2000,3,2,5
2000,7,6,13
2000,5,4,9
2000,9,3,12
2000,4,3,7
2000,4,3,7
2000,3,2,5
2000,8,2,10
2000,8,4,12
2000,6,4,10
2000,4,2,6
2000,3,2,5
2000,5,3,8
2000,5,1,6
2000,6,2,8
2000,7,4,11
2000,2,0,2
2000,6,5,11
2000,7,6,13
2000,4,1,5
2000,17,12,29
2000,4,3,7
2000,3,1,4
2000,4,2,6
2000,8,1,9
2000,5,4,9
2000,5,3,8
2000,2,1,3
2000,4,1,5
2000,5,4,9
2000,7,1,8
2000,9,10,19
2000,8,12,20
2000,9,4,13
2000,6,4,10
2000,6,2,8
2000,2,0,2
2000,9,5,14
2000,7,2,9
2000,3,11,14
2000,4,10,14
2000,5,4,9
2000,4,3,7
2000,6,1,7
2000,4,2,6
2000,6,11,17
2000,3,0,3
2000,5,2,7
2000,8,7,15
2000,4,1,5
2000,6,4,10
2000,9,5,14
2000,6,5,11
2000,7,4,11
2000,3,2,5
2000,4,2,6
2000,6,5,11
2000,3,1,4
2000,9,6,15
2000,2,12,14
2000,7,6,13
2000,9,2,11
2000,6,4,10
2000,3,13,16
2000,3,10,13
2000,6,0,6
2000,4,11,15
2000,4,3,7
2000,6,5,11
2000,6,12,18
2000,10,1,11
2000,2,1,3
2000,7,2,9
2000,5,3,8
2000,5,13,18
2000,3,13,16
2000,5,2,7
2000,5,1,6
2000,2,11,13
2000,3,2,5
2000,5,3,8
2000,7,2,9
2000,6,5,11
2000,7,5,12
2000,9,8,17
2000,7,3,10
2000,6,10,16
2000,6,0,6
2000,5,3,8
2000,4,1,5
2000,9,2,11
2000,7,6,13
2000,8,3,11
2000,8,7,15
2000,4,2,6
2000,5,3,8
2000,4,2,6
2000,8,1,9
2000,7,2,9
2000,5,2,7
2000,8,10,18
2000,7,3,10
2000,3,10,13
2000,3,2,5
2000,4,3,7
2000,4,3,7
2000,6,3,9
2000,3,16,19
2000,7,0,7
2000,6,1,7
2000,9,4,13
2000,6,5,11
2000,5,3,8
2000,4,3,7
2000,7,6,13
2000,8,3,11
2000,3,2,5
2000,5,3,8
2000,11,10,21
2000,8,10,18
2000,4,11,15
2000,8,4,12
2000,8,1,9
2000,5,4,9
2000,5,1,6
2000,2,11,13
2000,9,6,15
2000,2,1,3
2000,8,1,9
2000,8,4,12
2000,3,1,4
2000,6,2,8
2000,3,2,5
2000,10,1,11
2000,5,4,9
2000,4,0,4
2000,5,12,17
2000,3,12,15
2000,2,0,2
2000,2,1,3
2000,4,3,7
2000,7,4,11
2000,9,8,17
2000,5,2,7
2000,8,3,11
2000,6,3,9
2000,7,1,8
2000,7,2,9
2000,3,1,4
2000,2,1,3
2000,8,3,11
2000,8,5,13
2000,7,4,11
2000,9,2,11
2000,8,3,11
2000,11,10,21
2000,1,0,1
2000,5,14,19
2000,8,6,14
2000,4,10,14
2000,4,3,7
2000,3,2,5
2000,3,12,15
2000,9,10,19
2000,9,3,12
2000,4,3,7
2000,3,1,4
2000,6,4,10
2000,5,0,5
2000,8,6,14
2000,5,1,6
2000,4,3,7
2000,2,19,21
2000,9,4,13
2000,3,21,24
2000,6,3,9
2000,7,3,10
2000,2,10,12
2000,4,17,21
2000,5,3,8
2000,5,4,9
2000,8,7,15
2000,4,2,6
2000,6,1,7
2000,3,2,5
2000,22,1,23
2000,6,1,7
2000,2,0,2
2000,2,1,3
2000,13,12,25
2000,5,2,7
2000,3,10,13
2000,8,6,14
2000,3,1,4
2000,4,11,15
2000,3,0,3
2000,4,1,5
2000,3,2,5
2000,8,2,10
2000,9,6,15
2000,2,1,3
2000,3,2,5
2000,8,5,13
2000,4,3,7
2000,7,2,9
2000,5,2,7
2000,6,18,24
2000,3,1,4
2000,8,11,19
2000,8,1,9
2000,9,7,16
2000,8,6,14
2000,6,4,10
2000,5,4,9
2000,7,6,13
2000,8,3,11
2000,5,10,15
2000,3,10,13
2000,8,5,13
2000,4,1,5
2000,7,5,12
2000,6,0,6
2000,4,3,7
2000,6,4,10
2000,4,2,6
2000,6,0,6
2000,5,3,8
2000,6,1,7
2000,6,3,9
2000,6,5,11
2000,5,4,9
2000,4,11,15
2000,11,10,21
2000,3,2,5
2000,7,4,11
2000,8,3,11
2000,2,0,2
2000,3,2,5
2000,4,3,7
2000,7,10,17
2000,7,6,13
2000,6,1,7
2000,3,10,13
2000,6,13,19
2000,2,12,14
2000,6,10,16
2000,8,3,11
2000,9,6,15
2000,7,4,11
2000,5,4,9
2000,5,11,16
2000,4,0,4
2000,2,1,3
2000,8,12,20
2000,5,11,16
2000,8,1,9
2000,8,14,22
2000,7,4,11
2000,4,13,17
2000,8,1,9
2000,8,10,18
2000,8,3,11
2000,2,1,3
2000,6,1,7
2000,9,7,16
2000,6,4,10
2000,7,6,13
2000,8,3,11
2000,5,4,9
2000,8,7,15
2000,5,4,9
2000,2,1,3
2000,8,7,15
2000,4,2,6
2000,3,1,4
2000,9,0,9
2000,4,3,7
2000,4,2,6
2000,2,1,3
2000,9,5,14
2000,6,5,11
2000,6,10,16
2000,6,1,7
2000,3,2,5
2000,2,13,15
2000,6,15,21
2000,9,5,14
2000,5,10,15
2000,4,12,16
2000,6,3,9
2000,7,4,11
2000,4,3,7
2000,7,12,19
2000,7,6,13
2000,12,1,13
2000,5,4,9
2000,6,4,10
2000,5,2,7
2000,7,6,13
2000,7,0,7
2000,6,0,6
2000,5,3,8
2000,11,1,12
2000,6,2,8
2000,8,7,15
2000,7,3,10
2000,7,3,10
2000,17,13,30
2000,6,13,19
2000,8,1,9
2000,5,4,9
2000,7,4,11
2000,6,5,11
2000,5,3,8
2000,9,7,16
2000,5,4,9
2000,3,2,5
2000,5,2,7
2000,7,1,8
2000,4,12,16
2000,10,1,11
2000,3,12,15
2000,4,11,15
2000,8,0,8
2000,6,1,7
2000,5,4,9
2000,6,4,10
2000,3,1,4
2000,8,6,14
2000,5,4,9
2000,7,2,9
2000,3,12,15
2000,7,0,7
2000,5,4,9
2000,8,3,11
2000,4,10,14
2000,7,2,9
2000,3,1,4
2000,7,4,11
2000,5,4,9
2000,8,11,19
2000,8,3,11
2000,5,4,9
2000,9,2,11
2000,5,4,9
2000,6,4,10
2000,3,13,16
2000,7,2,9
2000,9,6,15
2000,5,12,17
2000,7,2,9
2000,4,3,7
2000,8,7,15
2000,4,0,4
2000,6,5,11
2000,9,1,10
2000,4,3,7
2000,5,3,8
2000,4,1,5
2000,9,10,19
2000,6,1,7
2000,6,3,9
2000,3,10,13
2000,2,14,16
2000,3,2,5
2000,8,2,10
2000,7,1,8
2000,2,0,2
2000,4,2,6
2000,2,1,3
2000,2,10,12
2000,9,1,10
2000,3,2,5
2000,6,5,11
2000,6,3,9
2000,5,2,7
2000,4,11,15
2000,8,6,14
2000,3,2,5
2000,17,1,18
2000,6,4,10
2000,3,0,3
2000,2,0,2
2000,14,10,24
2000,5,3,8
2000,8,11,19
2000,3,1,4
2000,5,4,9
2000,8,3,11
2000,7,6,13
2000,7,3,10
2000,4,10,14
2000,9,4,13
2000,9,8,17
2000,4,10,14
2000,7,10,17
2000,7,4,11
2000,4,14,18
2000,7,6,13
2000,7,2,9
2000,4,1,5
2000,3,0,3
2000,3,14,17
2000,11,0,11
2000,7,10,17
2000,6,4,10
2000,6,5,11
2000,9,6,15
2000,7,15,22
2000,2,11,13
2000,9,12,21
2000,6,3,9
2000,5,2,7
2000,8,11,19
2000,6,12,18
2000,7,5,12
2000,4,2,6
2000,4,3,7
2000,4,1,5
2000,9,4,13
2000,5,1,6
2000,4,2,6
2000,9,6,15
2000,2,1,3
2000,4,2,6
2000,8,7,15
2000,9,13,22
2000,9,3,12
2000,6,5,11
2000,6,12,18
2000,4,12,16
2000,5,3,8
2000,4,2,6
2000,2,1,3
2000,8,3,11
2000,9,5,14
2000,4,3,7
2000,5,10,15
2000,2,1,3
2000,5,4,9
2000,2,1,3
2000,8,6,14
2000,3,2,5
2000,4,2,6
2000,5,4,9
2000,6,2,8
2000,5,1,6
2000,9,2,11
2000,5,14,19
2000,6,5,11
2000,5,2,7
2000,4,2,6
2000,6,3,9
2000,4,2,6
2000,4,2,6
2000,8,7,15
2000,4,13,17
2000,4,1,5
2000,11,0,11
2000,7,6,13
2000,8,1,9
2000,4,10,14
2000,7,2,9
2000,9,6,15
2000,5,3,8
2000,9,10,19
2000,9,6,15
2000,3,10,13
2000,3,13,16
2000,2,0,2
2000,4,2,6
2000,5,4,9
2000,3,2,5
2000,2,0,2
2000,8,7,15
2000,4,3,7
2000,6,4,10
2000,6,3,9
2000,4,3,7
2000,5,13,18
2000,4,3,7
2000,6,15,21
2000,8,2,10
2000,5,2,7
2000,4,3,7
2000,5,1,6
2000,9,11,20
2000,2,1,3
2000,4,2,6
2000,6,4,10
2000,8,5,13
2000,6,1,7
2000,4,1,5
2000,6,4,10
2000,9,4,13
2000,9,3,12
2000,9,2,11
2000,9,4,13
2000,4,0,4
2000,5,3,8
2000,6,2,8
2000,6,2,8
2000,7,5,12
2000,4,2,6
2000,8,5,13
2000,3,2,5
2000,6,5,11
2000,7,3,10
2000,6,4,10
2000,7,15,22
2000,6,4,10
2000,7,4,11
2000,6,11,17
2000,7,4,11
2000,6,2,8
2000,8,4,12
2000,4,1,5
2000,6,2,8
2000,4,1,5
2000,7,3,10
2000,6,3,9
2000,9,5,14
2000,5,2,7
2000,5,11,16
2000,5,1,6
2000,6,2,8
2000,7,10,17
2000,7,3,10
2000,5,2,7
2000,9,8,17
2000,6,5,11
2000,6,4,10
2000,6,4,10
2000,7,3,10
2000,7,0,7
2000,5,3,8
2000,7,3,10
2000,2,11,13
2000,8,6,14
2000,11,10,21
2000,9,10,19
2000,3,1,4
2000,3,1,4
2000,9,6,15
2000,8,3,11
2000,8,10,18
2000,3,2,5
2000,8,10,18
2000,8,6,14
2000,7,5,12
2000,5,2,7
2000,7,0,7
2000,3,1,4
2000,7,5,12
2000,8,2,10
2000,3,18,21
2000,5,4,9
2000,4,12,16
2000,8,6,14
2000,3,2,5
2000,3,1,4
2000,3,2,5
2000,5,3,8
2000,8,2,10
2000,7,11,18
2000,3,2,5
2000,4,3,7
2000,5,4,9
2000,5,10,15
2000,4,0,4
2000,9,1,10
2000,6,0,6
2000,3,2,5
2000,5,3,8
2000,9,1,10
2000,6,3,9
2000,4,3,7
2000,5,2,7
2000,6,1,7
2000,3,2,5
2000,7,11,18
2000,9,4,13
2000,3,2,5
2000,6,10,16
2000,5,3,8
2000,6,1,7
2000,6,2,8
2000,6,3,9
2000,9,2,11
2000,5,1,6
2000,4,1,5
2000,5,3,8
2000,5,4,9
2000,7,3,10
2000,6,5,11
2000,6,3,9
2000,8,5,13
2000,4,2,6
2000,5,4,9
2000,5,1,6
2000,4,0,4
2000,7,3,10
2000,12,1,13
2000,6,5,11
2000,2,1,3
2000,11,1,12
2000,3,12,15
2000,9,2,11
2000,3,12,15
2000,9,5,14
2000,4,0,4
2000,8,6,14
2000,3,2,5
2000,7,3,10
2000,9,4,13
2000,8,5,13
2000,6,10,16
2000,7,17,24
2000,5,10,15
2000,5,2,7
2000,6,10,16
2000,4,12,16
2000,3,10,13
2000,2,1,3
2000,5,13,18
2000,8,2,10
2000,1,0,1
2000,1,0,1
2000,5,4,9
2000,5,3,8
2000,6,4,10
2000,9,12,21
2000,7,6,13
2000,7,15,22
2000,5,0,5
2000,8,3,11
2000,5,1,6
2000,5,0,5
2000,4,1,5
2000,3,2,5
2000,4,1,5
2000,4,3,7
2000,4,2,6
2000,7,6,13
2000,7,5,12
2000,4,1,5
2000,4,2,6
2000,3,0,3
2000,6,4,10
2000,6,5,11
2000,6,5,11
2000,19,1,20
2000,4,2,6
2000,6,1,7
2000,7,4,11
2000,6,4,10
2000,6,4,10
2000,5,0,5
2000,8,7,15
2000,4,1,5
2000,3,2,5
2000,8,7,15
2000,7,3,10
2000,9,6,15
2000,3,10,13
2000,6,3,9
2000,4,1,5
2000,7,6,13
2000,3,2,5
2000,4,11,15
2000,6,2,8
2000,9,14,23
2000,5,4,9
2000,3,1,4
2000,6,1,7
2000,8,4,12
2000,6,5,11
2000,8,1,9
2000,6,5,11
2000,4,12,16
2000,16,11,27
2000,8,5,13
2000,9,3,12
2000,9,8,17
2000,4,3,7
2000,5,4,9
2000,4,1,5
2000,4,3,7
2000,7,2,9
2000,5,17,22
2000,7,3,10
2000,7,10,17
2000,5,2,7
2000,2,0,2
2000,4,1,5
2000,3,10,13
2000,5,0,5
2000,9,5,14
2000,8,3,11
2000,3,2,5
2000,4,1,5
2000,2,0,2
2000,5,16,21
2000,7,4,11
2000,5,11,16
2000,6,5,11
2000,5,13,18
2000,3,14,17
2000,4,0,4
2000,8,1,9
2000,4,2,6
2000,2,1,3
2000,2,10,12
2000,6,2,8
2000,4,3,7
2000,4,3,7
2000,12,1,13
2000,3,0,3
2000,2,10,12
2000,6,5,11
2000,2,10,12
2000,7,11,18
2000,6,3,9
2000,7,10,17
2000,3,1,4
2000,4,3,7
2000,7,6,13
2000,3,2,5
2000,7,4,11
2000,7,4,11
2000,4,2,6
2000,5,2,7
2000,3,2,5
2000,9,8,17
2000,6,10,16
2000,8,7,15
2000,5,4,9
2000,6,5,11
2000,2,0,2
2000,4,2,6
2000,4,3,7
2000,4,0,4
2000,6,0,6
2000,6,1,7
2000,4,1,5
2000,8,5,13
2000,6,3,9
2000,4,2,6
2000,10,0,10
2000,2,1,3
2000,4,3,7
2000,8,13,21
2000,4,0,4
2000,5,4,9
2000,3,2,5
2000,3,1,4
2000,6,0,6
2000,5,3,8
2000,9,10,19
2000,5,4,9
2000,6,5,11
2000,4,3,7
2000,5,3,8
2000,2,0,2
2000,6,10,16
2000,3,2,5
2000,5,4,9
2000,6,4,10
2000,7,10,17
2000,4,1,5
2000,2,1,3
2000,5,4,9
2000,5,11,16
2000,5,2,7
2000,5,2,7
2000,5,3,8
2000,7,2,9
2000,8,4,12
2000,4,3,7
2000,3,2,5
2000,6,5,11
2000,2,10,12
2000,5,1,6
2000,3,1,4
2000,6,1,7
2000,5,4,9
2000,5,3,8
2000,2,1,3
2000,11,10,21
2000,8,1,9
2000,3,1,4
2000,7,6,13
2000,2,1,3
2000,6,13,19
2000,9,11,20
2000,5,3,8
2000,6,4,10
2000,9,10,19
2000,8,10,18
2000,6,2,8
2000,7,5,12
2000,4,3,7
2000,5,10,15
2000,6,3,9
2000,7,6,13
2000,4,3,7
2000,9,10,19
2000,4,2,6
2000,6,5,11
2000,6,3,9
2000,7,2,9
2000,5,0,5
2000,5,4,9
2000,8,5,13
2000,9,5,14
2000,3,1,4
2000,13,0,13
2000,9,6,15
2000,5,2,7
2000,9,10,19
2000,7,3,10
2000,8,1,9
2000,9,6,15
2000,11,1,12
2000,8,6,14
2000,7,1,8
2000,6,4,10
2000,7,4,11
2000,6,11,17
2000,4,1,5
2000,5,2,7
2000,3,2,5
2000,2,0,2
2000,8,7,15
2000,4,3,7
2000,6,5,11
2000,8,7,15
2000,7,3,10
2000,8,5,13
2000,6,4,10
2000,8,1,9
2000,2,1,3
2000,4,2,6
2000,2,1,3
2000,9,3,12
2000,4,12,16
2000,7,5,12
2000,5,4,9
2000,2,11,13
2000,6,1,7
2000,4,1,5
2000,9,3,12
2000,6,1,7
2000,7,5,12
2000,4,3,7
2000,4,10,14
2000,1,0,1
2000,7,0,7
2000,5,0,5
2000,4,2,6
2000,4,3,7
2000,3,19,22
2000,6,10,16
2000,6,4,10
2000,4,3,7
2000,5,2,7
2000,5,12,17
2000,5,3,8
2000,5,4,9
2000,12,1,13
2000,3,2,5
2000,9,3,12
2000,5,3,8
2000,5,4,9
2000,6,3,9
2000,3,14,17
2000,3,10,13
2000,7,15,22
2000,6,12,18
2000,3,15,18
2000,5,4,9
2000,4,10,14
2000,8,3,11
2000,7,2,9
2000,6,4,10
2000,3,0,3
2000,7,6,13
2000,6,2,8
2000,9,4,13
2000,3,10,13
2000,4,1,5
2000,4,11,15
2000,7,2,9
2000,6,1,7
2000,7,1,8
2000,6,5,11
2000,7,3,10
2000,9,6,15
2000,4,1,5
2000,3,0,3
2000,2,1,3
2000,12,11,23
2000,2,1,3
2000,6,3,9
2000,2,14,16
2000,3,2,5
2000,9,5,14
2000,3,2,5
2000,9,6,15
2000,5,4,9
2000,5,4,9
2000,6,3,9
2000,4,1,5
2000,7,2,9
2000,3,0,3
2000,7,3,10
2000,5,10,15
2000,6,4,10
2000,3,13,16
2000,5,3,8
2000,2,0,2
2000,5,3,8
2000,7,14,21
2000,7,6,13
2000,4,10,14
2000,5,3,8
2000,4,2,6
2000,9,2,11
2000,8,2,10
2000,7,3,10
2000,7,3,10
2000,2,11,13
2000,2,16,18
2000,4,3,7
2000,4,3,7
2000,11,1,12
2000,8,1,9
2000,4,3,7
2000,4,15,19
2000,7,3,10
2000,3,1,4
2000,4,14,18
2000,3,1,4
2000,4,2,6
2000,7,3,10
2000,5,4,9
2000,2,1,3
2000,6,2,8
2000,9,7,16
2000,7,5,12
2000,4,3,7
2000,5,3,8
2000,6,11,17
2000,9,0,9
2000,2,10,12
2000,8,4,12
2000,4,1,5
2000,7,3,10
2000,4,3,7
2000,5,1,6
2000,4,10,14
2000,11,10,21
2000,5,1,6
2000,9,3,12
2000,4,1,5
2000,7,5,12
2000,7,6,13
2000,5,1,6
2000,8,12,20
2000,5,0,5
2000,8,6,14
2000,5,3,8
2000,8,7,15
2000,8,4,12
2000,5,4,9
2000,6,1,7
2000,2,13,15
2000,2,11,13
2000,4,1,5
2000,6,4,10
2000,5,2,7
2000,6,3,9
2000,9,8,17
2000,9,8,17
2000,10,1,11
2000,5,4,9
2000,5,3,8
2000,9,8,17
2000,6,3,9
2000,2,0,2
2000,7,6,13
2000,3,2,5
2000,3,11,14
2000,7,0,7
2000,9,0,9
2000,7,0,7
2000,7,1,8
2000,4,10,14
2000,3,10,13
2000,4,3,7
2000,8,10,18
2000,4,1,5
2000,9,1,10
2000,4,3,7
2000,3,12,15
2000,6,3,9
2000,5,1,6
2000,5,4,9
2000,2,1,3
2000,6,2,8
2000,12,11,23
2000,7,3,10
2000,4,12,16
2000,4,13,17
2000,5,4,9
2000,6,5,11
2000,9,6,15
2000,5,4,9
2000,5,4,9
2000,8,5,13
2000,6,0,6
2000,6,3,9
2000,8,16,24
2000,2,1,3
2000,7,6,13
2000,4,11,15
2000,7,4,11
2000,7,4,11
2000,3,1,4
2000,5,4,9
2000,4,1,5
2000,3,12,15
2000,5,4,9
2000,6,0,6
2000,7,4,11
2000,4,3,7
2000,4,11,15
2000,5,4,9
2000,6,14,20
2000,7,6,13
2000,8,4,12
2000,7,10,17
2000,6,14,20
2000,3,2,5
2000,5,4,9
2000,16,1,17
2000,7,5,12
2000,6,2,8
2000,7,5,12
2000,8,5,13
2000,3,1,4
2000,8,4,12
2000,4,3,7
2000,7,5,12
2000,5,2,7
2000,6,5,11
2000,5,15,20
2000,5,1,6
2000,8,2,10
2000,9,10,19
2000,4,1,5
2000,5,0,5
2000,5,2,7
2000,9,8,17
2000,5,12,17
2000,8,5,13
2000,8,3,11
2000,7,11,18
2000,3,10,13
2000,9,7,16
2000,7,0,7
2000,8,7,15
2000,4,1,5
2000,7,4,11
2000,4,3,7
2000,5,3,8
2000,3,1,4
2000,6,0,6
2000,6,2,8
2000,4,0,4
2000,8,3,11
2000,3,1,4
2000,3,13,16
2000,8,1,9
2000,3,16,19
2000,6,3,9
2000,4,1,5
2000,1,0,1
2000,9,5,14
2000,6,3,9
2000,4,1,5
2000,2,0,2
2000,6,4,10
2000,3,2,5
2000,5,3,8
2000,6,5,11
2000,8,2,10
2000,5,4,9
2000,5,1,6
2000,6,10,16
2000,5,2,7
2000,4,11,15
2000,5,11,16
2000,9,3,12
2000,9,10,19
2000,7,2,9
2000,3,2,5
2000,7,6,13
2000,7,6,13
2000,7,11,18
2000,2,1,3
2000,7,6,13
2000,7,3,10
2000,2,1,3
2000,7,5,12
2000,2,1,3
2000,9,2,11
2000,2,1,3
2000,6,4,10
2000,4,2,6
2000,6,3,9
2000,8,2,10
2000,5,2,7
2000,5,3,8
2000,9,5,14
2000,4,2,6
2000,3,0,3
2000,3,2,5
2000,5,4,9
2000,9,1,10
2000,5,2,7
2000,5,2,7
2000,9,4,13
2000,4,2,6
2000,2,12,14
2000,7,6,13
2000,3,1,4
2000,7,3,10
2000,7,2,9
2000,8,7,15
2000,11,1,12
2000,3,0,3
2000,2,1,3
2000,8,0,8
2000,5,3,8
2000,8,0,8
2000,12,1,13
2000,2,11,13
2000,5,2,7
2000,5,1,6
2000,5,1,6
2000,4,2,6
2000,8,7,15
2000,3,2,5
2000,7,0,7
2000,1,0,1
2000,8,3,11
2000,5,4,9
2000,2,0,2
2000,5,4,9
2000,3,1,4
2000,5,3,8
2000,4,3,7
2000,6,1,7
2000,5,11,16
2000,8,2,10
2000,2,10,12
2000,2,1,3
2000,7,14,21
2000,8,7,15
2000,6,2,8
2000,9,8,17
2000,8,2,10
2000,5,2,7
2000,5,3,8
2000,7,5,12
2000,3,2,5
2000,2,1,3
2000,4,2,6
2000,3,2,5
2000,7,2,9
2000,6,5,11
2000,9,5,14
2000,4,3,7
2000,10,1,11
2000,4,1,5
2000,6,13,19
2000,9,5,14
2000,8,6,14
2000,8,3,11
2000,5,3,8
2000,8,6,14
2000,1,0,1
2000,4,13,17
2000,6,3,9
2000,2,13,15
2000,2,1,3
2000,7,5,12
2000,8,0,8
2000,5,10,15
2000,5,0,5
2000,13,12,25
2000,8,1,9
2000,12,11,23
2000,6,4,10
2000,4,1,5
2000,9,3,12
2000,6,1,7
2000,2,1,3
2000,8,6,14
2000,5,2,7
2000,4,3,7
2000,8,2,10
2000,4,3,7
2000,5,1,6
2000,5,4,9
2000,6,2,8
2000,5,1,6
2000,6,2,8
2000,5,0,5
2000,5,2,7
2000,4,3,7
2000,12,1,13
2000,3,2,5
2000,4,3,7
2000,3,0,3
2000,4,2,6
2000,10,0,10
2000,5,2,7
2000,3,10,13
2000,2,1,3
2000,3,2,5
2000,7,4,11
2000,2,10,12
2000,7,5,12
2000,9,5,14
2000,5,10,15
2000,8,0,8
2000,6,5,11
2000,3,1,4
2000,8,5,13
2000,7,6,13
2000,4,3,7
2000,7,1,8
2000,6,4,10
2000,13,1,14
2000,8,11,19
2000,6,2,8
2000,8,5,13
2000,1,0,1
2000,5,13,18
2000,3,2,5
2000,8,3,11
2000,4,1,5
2000,7,6,13
2000,5,4,9
2000,7,2,9
2000,7,3,10
2000,4,0,4
2000,6,11,17
2000,6,10,16
2000,4,3,7
2000,6,4,10
2000,7,3,10
2000,7,3,10
2000,13,0,13
2000,6,1,7
2000,8,1,9
2000,2,1,3
2000,3,2,5
2000,4,0,4
2000,13,10,23
2000,5,4,9
2000,8,5,13
2000,2,1,3
2000,6,5,11
2000,6,5,11
2000,2,0,2
2000,4,0,4
2000,7,3,10
2000,3,1,4
2000,4,2,6
2000,7,10,17
2000,3,0,3
2000,3,10,13
2000,7,5,12
2000,5,3,8
2000,4,14,18
2000,9,3,12
2000,7,6,13
2000,4,1,5
2000,6,5,11
2000,7,6,13
2000,6,3,9
2000,10,0,10
2000,6,4,10
2000,7,2,9
2000,7,3,10
2000,6,5,11
2000,2,1,3
2000,4,0,4
2000,6,2,8
2000,7,6,13
2000,12,1,13
2000,4,3,7
2000,8,13,21
2000,4,3,7
2000,3,0,3
2000,11,0,11
2000,6,4,10
2000,8,1,9
2000,2,10,12
2000,6,2,8
2000,3,1,4
2000,6,3,9
2000,3,10,13
2000,7,6,13
2000,8,7,15
2000,4,0,4
2000,8,2,10
2000,5,1,6
2000,5,2,7
2000,7,6,13
2000,8,4,12
2000,7,2,9
2000,6,3,9
2000,5,2,7
2000,5,4,9
2000,5,4,9
2000,3,10,13
2000,2,1,3
2000,8,6,14
2000,9,5,14
2000,2,10,12
2000,2,10,12
2000,5,3,8
2000,1,0,1
2000,11,1,12
2000,6,3,9
2000,3,11,14
2000,9,1,10
2000,6,5,11
2000,8,4,12
2000,3,2,5
2000,4,0,4
2000,1,0,1
2000,3,13,16
2000,3,10,13
2000,3,2,5
2000,3,2,5
2000,4,1,5
2000,7,6,13
2000,5,15,20
2000,9,5,14
2000,11,0,11
2000,2,1,3
2000,9,4,13
2000,5,3,8
2000,6,4,10
2000,7,4,11
2000,8,7,15
2000,5,4,9
2000,4,10,14
2000,3,2,5
2000,4,0,4
2000,8,1,9
2000,2,1,3
2000,2,10,12
2000,6,5,11
2000,6,4,10
2000,7,6,13
2000,7,16,23
2000,4,3,7
2000,5,16,21
2000,4,3,7
2000,11,1,12
2000,7,4,11
2000,5,4,9
2000,3,2,5
2000,3,17,20
2000,12,11,23
2000,12,10,22
2000,14,0,14
2000,6,3,9
2000,7,3,10
2000,8,5,13
2000,2,12,14
2000,9,10,19
2000,5,4,9
2000,7,6,13
2000,4,10,14
2000,6,3,9
2000,3,2,5
2000,4,3,7
2000,7,6,13
2000,5,2,7
2000,8,5,13
2000,7,1,8
2000,3,2,5
2000,14,1,15
2000,8,4,12
2000,5,4,9
2000,5,3,8
2000,6,12,18
2000,1,0,1
2000,5,0,5
2000,4,15,19
2000,6,5,11
2000,5,1,6
2000,4,2,6
2000,6,5,11
2000,6,3,9
2000,3,12,15
2000,5,2,7
2000,2,1,3
2000,2,1,3
2000,3,1,4
2000,4,11,15
2000,2,0,2
2000,6,5,11
2000,7,1,8
2000,4,3,7
2000,4,12,16
2000,7,4,11
2000,7,4,11
2000,7,2,9
2000,6,2,8
2000,5,1,6
2000,1,0,1
2000,9,8,17
2000,7,15,22
2000,3,1,4
2000,8,12,20
2000,7,3,10
2000,8,6,14
2000,5,2,7
2000,3,16,19
2000,6,3,9
2000,2,0,2
2000,4,0,4
2000,2,1,3
2000,5,4,9
2000,15,11,26
2000,6,13,19
2000,7,4,11
2000,1,0,1
2000,3,2,5
2000,6,4,10
2000,4,2,6
2000,7,6,13
2000,4,2,6
2000,6,11,17
2000,5,4,9
2000,7,2,9
2000,9,8,17
2000,8,5,13
2000,4,13,17
2000,8,3,11
2000,2,12,14
2000,9,4,13
2000,3,10,13
2000,6,5,11
2000,5,2,7
2000,8,7,15
2000,7,5,12
2000,3,1,4
2000,3,1,4
2000,5,4,9
2000,5,12,17
2000,8,4,12
2000,3,2,5
2000,3,2,5
2000,5,4,9
2000,6,4,10
2000,9,6,15
2000,9,6,15
2000,8,3,11
2000,7,1,8
2000,2,1,3
2000,3,2,5
2000,8,7,15
2000,6,5,11
2000,6,4,10
2000,3,1,4
2000,11,1,12
2000,2,1,3
2000,4,2,6
2000,5,4,9
2000,5,3,8
2000,10,0,10
2000,8,13,21
2000,7,3,10
2000,8,2,10
2000,7,5,12
2000,9,5,14
2000,4,15,19
2000,7,6,13
2000,1,0,1
2000,5,10,15
2000,4,3,7
2000,9,3,12
2000,9,0,9
2000,1,0,1
2000,8,5,13
2000,6,5,11
2000,5,14,19
2000,6,3,9
2000,3,2,5
2000,3,2,5
2000,8,3,11
2000,9,2,11
2000,6,0,6
2000,4,3,7
2000,9,2,11
2000,4,3,7
2000,6,4,10
2000,6,0,6
2000,4,15,19
2000,7,5,12
2000,5,1,6
2000,2,1,3
2000,4,3,7
2000,4,10,14
2000,4,2,6
2000,7,6,13
2000,5,4,9
2000,7,6,13
2000,9,0,9
2000,7,4,11
2000,7,1,8
2000,3,10,13
2000,9,4,13
2000,7,1,8
2000,5,0,5
2000,2,1,3
2000,4,0,4
2000,2,1,3
2000,1,0,1
2000,8,2,10
2000,6,4,10
2000,6,3,9
2000,3,0,3
2000,4,0,4
2000,6,10,16
2000,6,2,8
2000,9,7,16
2000,10,1,11
2000,3,0,3
2000,6,4,10
2000,11,1,12
2000,23,1,24
2000,7,6,13
2000,4,2,6
2000,4,3,7
2000,3,12,15
2000,7,4,11
2000,8,5,13
2000,5,3,8
2000,8,1,9
2000,8,2,10
2000,6,3,9
2000,3,2,5
2000,7,6,13
2000,6,13,19
2000,3,11,14
2000,9,3,12
2000,4,3,7
2000,4,2,6
2000,2,13,15
2000,6,4,10
2000,8,4,12
2000,1,0,1
2000,7,1,8
2000,3,13,16
2000,2,11,13
2000,7,5,12
2000,8,4,12
2000,3,0,3
2000,8,1,9
2000,8,6,14
2000,9,21,30
2000,5,1,6
2000,5,2,7
2000,9,1,10
2000,9,1,10
2000,6,5,11
2000,6,5,11
2000,5,11,16
2000,7,6,13
2000,4,2,6
2000,23,2,25
2000,4,2,6
2000,2,10,12
2000,8,4,12
2000,4,2,6
2000,5,2,7
2000,4,11,15
2000,5,10,15
2000,7,3,10
2000,6,2,8
2000,4,11,15
2000,12,11,23
2000,7,5,12
2000,6,1,7
2000,3,2,5
2000,3,0,3
2000,9,10,19
2000,4,0,4
2000,6,2,8
2000,3,2,5
2000,7,4,11
2000,5,3,8
2000,7,5,12
2000,5,2,7
2000,4,0,4
2000,5,1,6
2000,5,4,9
2000,4,10,14
2000,4,2,6
2000,2,1,3
2000,7,1,8
2000,11,1,12
2000,3,2,5
2000,4,0,4
2000,7,5,12
2000,2,0,2
2000,7,1,8
2000,6,2,8
2000,6,5,11
2000,8,2,10
2000,8,2,10
2000,5,0,5
2000,6,10,16
2000,6,2,8
2000,7,0,7
2000,9,7,16
2000,4,3,7
2000,6,5,11
2000,4,2,6
2000,3,2,5
2000,4,2,6
2001,8,1,9
2001,2,1,3
2001,5,4,9
2001,4,10,14
2001,7,4,11
2001,8,0,8
2001,6,5,11
2001,1,0,1
2001,7,3,10
2001,5,4,9
2001,3,2,5
2001,6,4,10
2001,3,2,5
2001,3,2,5
2001,4,3,7
2001,3,11,14
2001,3,2,5
2001,5,1,6
2001,8,1,9
2001,3,2,5
2001,3,2,5
2001,3,0,3
2001,3,2,5
2001,6,5,11
2001,8,4,12
2001,9,13,22
2001,7,3,10
2001,8,6,14
2001,7,2,9
2001,8,2,10
2001,2,10,12
2001,8,7,15
2001,8,11,19
2001,7,3,10
2001,7,1,8
2001,2,1,3
2001,2,1,3
2001,4,1,5
2001,2,11,13
2001,9,5,14
2001,8,2,10
2001,7,5,12
2001,1,0,1
2001,8,2,10
2001,11,0,11
2001,3,10,13
2001,9,12,21
2001,4,11,15
2001,9,10,19
2001,4,3,7
2001,6,10,16
2001,7,5,12
2001,4,1,5
2001,6,2,8
2001,10,1,11
2001,5,4,9
2001,6,10,16
2001,4,13,17
2001,5,4,9
2001,3,2,5
2001,9,7,16
2001,8,4,12
2001,6,2,8
2001,5,3,8
2001,4,2,6
2001,14,10,24
2001,8,0,8
2001,5,3,8
2001,5,3,8
2001,4,10,14
2001,6,1,7
2001,10,0,10
2001,3,2,5
2001,4,2,6
2001,8,4,12
2001,6,5,11
2001,9,4,13
2001,3,0,3
2001,5,3,8
2001,4,3,7
2001,3,11,14
2001,6,1,7
2001,9,3,12
2001,4,15,19
2001,8,3,11
2001,8,4,12
2001,5,2,7
2001,5,16,21
2001,6,4,10
2001,3,1,4
2001,5,4,9
2001,9,2,11
2001,4,13,17
2001,5,11,16
2001,7,5,12
2001,9,4,13
2001,5,4,9
2001,8,2,10
2001,3,2,5
2001,8,1,9
2001,7,5,12
2001,2,0,2
2001,10,1,11
2001,8,7,15
2001,9,5,14
2001,3,0,3
2001,8,2,10
2001,4,2,6
2001,5,1,6
2001,7,6,13
2001,6,11,17
2001,3,2,5
2001,7,2,9
2001,5,11,16
2001,5,4,9
2001,7,6,13
2001,8,5,13
2001,7,1,8
2001,12,1,13
2001,4,2,6
2001,2,0,2
2001,3,0,3
2001,6,5,11
2001,2,1,3
2001,3,1,4
2001,4,3,7
2001,3,13,16
2001,5,4,9
2001,8,2,10
2001,5,3,8
2001,4,12,16
2001,1,0,1
2001,7,3,10
2001,6,11,17
2001,8,3,11
2001,6,4,10
2001,4,3,7
2001,4,2,6
2001,2,0,2
2001,3,2,5
2001,4,2,6
2001,7,3,10
2001,9,8,17
2001,7,3,10
2001,7,4,11
2001,9,3,12
2001,3,2,5
2001,13,1,14
2001,5,4,9
2001,4,2,6
2001,2,1,3
2001,2,1,3
2001,2,1,3
2001,6,5,11
2001,3,2,5
2001,7,6,13
2001,9,8,17
2001,1,0,1
2001,6,11,17
2001,9,4,13
2001,8,2,10
2001,1,0,1
2001,9,8,17
2001,5,4,9
2001,7,4,11
2001,5,4,9
2001,7,5,12
2001,3,0,3
2001,7,4,11
2001,5,4,9
2001,5,1,6
2001,7,10,17
2001,7,4,11
2001,4,3,7
2001,6,3,9
2001,3,1,4
2001,8,10,18
2001,5,4,9
2001,6,5,11
2001,4,2,6
2001,6,3,9
2001,4,3,7
2001,6,2,8
2001,4,1,5
2001,5,3,8
2001,4,3,7
2001,3,0,3
2001,9,7,16
2001,2,1,3
2001,5,1,6
2001,3,2,5
2001,8,1,9
2001,6,3,9
2001,3,2,5
2001,7,4,11
2001,6,5,11
2001,4,0,4
2001,9,5,14
2001,6,4,10
2001,3,2,5
2001,4,17,21
2001,10,0,10
2001,6,5,11
2001,3,2,5
2001,1,0,1
2001,4,1,5
2001,4,3,7
2001,5,3,8
2001,7,4,11
2001,6,4,10
2001,5,3,8
2001,7,1,8
2001,8,4,12
2001,8,0,8
2001,8,6,14
2001,5,4,9
2001,3,1,4
2001,9,1,10
2001,7,2,9
2001,5,11,16
2001,3,1,4
2001,5,2,7
2001,4,0,4
2001,3,2,5
2001,10,1,11
2001,8,3,11
2001,9,5,14
2001,6,5,11
2001,3,2,5
2001,4,1,5
2001,9,5,14
2001,5,4,9
2001,5,1,6
2001,10,1,11
2001,4,12,16
2001,3,1,4
2001,6,1,7
2001,8,3,11
2001,8,2,10
2001,4,1,5
2001,3,1,4
2001,6,3,9
2001,9,6,15
2001,5,10,15
2001,4,3,7
2001,5,2,7
2001,5,4,9
2001,5,0,5
2001,9,2,11
2001,5,4,9
2001,4,2,6
2001,8,3,11
2001,4,1,5
2001,4,3,7
2001,5,2,7
2001,6,3,9
2001,6,5,11
2001,7,6,13
2001,2,1,3
2001,4,2,6
2001,5,1,6
2001,3,11,14
2001,6,2,8
2001,4,3,7
2001,5,1,6
2001,7,6,13
2001,4,3,7
2001,3,2,5
2001,4,3,7
2001,5,0,5
2001,6,4,10
2001,8,10,18
2001,2,11,13
2001,9,0,9
2001,9,7,16
2001,5,3,8
2001,9,8,17
2001,9,4,13
2001,6,4,10
2001,7,2,9
2001,14,1,15
2001,8,3,11
2001,6,11,17
2001,5,1,6
2001,6,4,10
2001,7,5,12
2001,7,12,19
2001,9,5,14
2001,7,2,9
2001,4,2,6
2001,7,5,12
2001,7,10,17
2001,6,4,10
2001,2,1,3
2001,3,1,4
2001,6,5,11
2001,6,4,10
2001,3,11,14
2001,6,5,11
2001,7,2,9
2001,7,5,12
2001,5,3,8
2001,7,5,12
2001,5,2,7
2001,5,3,8
2001,8,5,13
2001,6,13,19
2001,2,0,2
2001,6,16,22
2001,6,5,11
2001,7,2,9
2001,8,2,10
2001,6,3,9
2001,8,12,20
2001,7,3,10
2001,11,0,11
2001,7,5,12
2001,4,3,7
2001,6,0,6
2001,9,0,9
2001,9,2,11
2001,8,3,11
2001,9,11,20
2001,9,12,21
2001,4,2,6
2001,9,8,17
2001,4,3,7
2001,6,1,7
2001,6,3,9
2001,3,2,5
2001,3,0,3
2001,7,3,10
2001,9,0,9
2001,4,12,16
2001,3,1,4
2001,8,2,10
2001,8,5,13
2001,7,3,10
2001,9,4,13
2001,7,3,10
2001,6,4,10
2001,7,6,13
2001,8,4,12
2001,5,2,7
2001,7,6,13
2001,8,1,9
2001,5,0,5
2001,6,5,11
2001,4,1,5
2001,7,5,12
2001,8,11,19
2001,2,1,3
2001,9,2,11
2001,7,14,21
2001,6,1,7
2001,5,11,16
2001,4,1,5
2001,10,0,10
2001,4,0,4
2001,3,1,4
2001,6,1,7
2001,2,11,13
2001,12,1,13
2001,2,0,2
2001,5,3,8
2001,2,1,3
2001,8,2,10
2001,6,3,9
2001,6,4,10
2001,5,3,8
2001,3,1,4
2001,3,10,13
2001,7,6,13
2001,4,3,7
2001,2,13,15
2001,4,0,4
2001,8,3,11
2001,7,5,12
2001,5,4,9
2001,7,1,8
2001,6,11,17
2001,2,0,2
2001,6,3,9
2001,5,12,17
2001,1,0,1
2001,7,1,8
2001,8,3,11
2001,7,3,10
2001,4,2,6
2001,8,4,12
2001,4,2,6
2001,4,3,7
2001,6,5,11
2001,6,0,6
2001,6,2,8
2001,7,6,13
2001,5,1,6
2001,8,4,12
2001,3,1,4
2001,5,0,5
2001,7,5,12
2001,5,3,8
2001,8,6,14
2001,9,4,13
2001,2,1,3
2001,3,2,5
2001,7,5,12
2001,4,3,7
2001,3,10,13
2001,9,4,13
2001,7,5,12
2001,4,2,6
2001,6,5,11
2001,4,0,4
2001,5,11,16
2001,9,6,15
2001,6,2,8
2001,8,4,12
2001,4,2,6
2001,7,3,10
2001,4,2,6
2001,9,3,12
2001,8,3,11
2001,8,6,14
2001,2,11,13
2001,6,5,11
2001,5,2,7
2001,20,1,21
2001,5,2,7
2001,8,2,10
2001,12,10,22
2001,4,3,7
2001,8,1,9
2001,7,1,8
2001,4,2,6
2001,3,11,14
2001,7,5,12
2001,9,4,13
2001,2,0,2
2001,3,2,5
2001,7,5,12
2001,2,1,3
2001,3,2,5
2001,8,2,10
2001,5,1,6
2001,4,2,6
2001,7,13,20
2001,8,2,10
2001,5,4,9
2001,8,10,18
2001,4,3,7
2001,3,11,14
2001,3,10,13
2001,5,10,15
2001,5,4,9
2001,9,10,19
2001,5,0,5
2001,1,0,1
2001,7,6,13
2001,6,2,8
2001,7,0,7
2001,7,4,11
2001,4,3,7
2001,4,12,16
2001,2,0,2
2001,8,4,12
2001,4,12,16
2001,5,4,9
2001,3,2,5
2001,7,6,13
2001,4,1,5
2001,2,0,2
2001,7,1,8
2001,9,1,10
2001,8,2,10
2001,4,3,7
2001,8,5,13
2001,5,2,7
2001,5,10,15
2001,6,5,11
2001,5,1,6
2001,6,0,6
2001,3,2,5
2001,7,6,13
2001,3,2,5
2001,6,3,9
2001,2,0,2
2001,3,0,3
2001,8,0,8
2001,6,2,8
2001,8,6,14
2001,8,5,13
2001,5,2,7
2001,7,6,13
2001,8,3,11
2001,8,2,10
2001,6,5,11
2001,4,3,7
2001,11,1,12
2001,5,4,9
2001,6,5,11
2001,13,0,13
2001,5,11,16
2001,9,5,14
2001,8,14,22
2001,5,1,6
2001,7,6,13
2001,6,5,11
2001,6,10,16
2001,4,13,17
2001,7,6,13
2001,5,1,6
2001,3,0,3
2001,5,4,9
2001,5,14,19
2001,7,6,13
2001,3,2,5
2001,7,2,9
2001,7,2,9
2001,6,5,11
2001,9,3,12
2001,6,16,22
2001,2,1,3
2001,5,4,9
2001,8,0,8
2001,8,4,12
2001,4,1,5
2001,1,0,1
2001,5,4,9
2001,4,12,16
2001,8,5,13
2001,3,0,3
2001,3,10,13
2001,5,2,7
2001,7,11,18
2001,6,1,7
2001,5,4,9
2001,6,3,9
2001,4,3,7
2001,7,0,7
2001,14,10,24
2001,2,14,16
2001,3,1,4
2001,4,1,5
2001,7,3,10
2001,5,10,15
2001,4,10,14
2001,6,3,9
2001,4,13,17
2001,7,5,12
2001,6,4,10
2001,8,11,19
2001,3,1,4
2001,9,3,12
2001,5,3,8
2001,3,11,14
2001,9,7,16
2001,5,1,6
2001,7,4,11
2001,6,2,8
2001,5,2,7
2001,2,0,2
2001,1,0,1
2001,3,2,5
2001,14,10,24
2001,8,3,11
2001,4,3,7
2001,8,6,14
2001,3,1,4
2001,6,4,10
2001,3,2,5
2001,6,2,8
2001,2,1,3
2001,4,3,7
2001,9,5,14
2001,4,3,7
2001,7,2,9
2001,5,2,7
2001,4,3,7
2001,6,1,7
2001,3,0,3
2001,7,2,9
2001,4,3,7
2001,4,2,6
2001,8,3,11
2001,7,5,12
2001,4,2,6
2001,7,2,9
2001,8,3,11
2001,4,2,6
2001,5,3,8
2001,3,1,4
2001,3,15,18
2001,8,3,11
2001,2,1,3
2001,2,12,14
2001,5,1,6
2001,7,12,19
2001,7,2,9
2001,6,5,11
2001,7,2,9
2001,4,0,4
2001,2,1,3
2001,7,4,11
2001,6,3,9
2001,3,1,4
2001,8,0,8
2001,3,2,5
2001,5,4,9
2001,14,10,24
2001,2,18,20
2001,9,3,12
2001,4,3,7
2001,6,3,9
2001,7,5,12
2001,6,2,8
2001,1,0,1
2001,6,3,9
2001,6,2,8
2001,7,20,27
2001,2,10,12
2001,4,3,7
2001,3,2,5
2001,6,1,7
2001,2,1,3
2001,5,10,15
2001,6,5,11
2001,9,6,15
2001,6,11,17
2001,3,2,5
2001,6,5,11
2001,7,2,9
2001,6,5,11
2001,3,10,13
2001,5,3,8
2001,6,5,11
2001,6,2,8
2001,3,1,4
2001,8,7,15
2001,6,2,8
2001,2,10,12
2001,3,2,5
2001,4,2,6
2001,6,3,9
2001,5,3,8
2001,7,6,13
2001,6,3,9
2001,3,10,13
2001,8,12,20
2001,5,3,8
2001,3,0,3
2001,8,11,19
2001,3,2,5
2001,6,2,8
2001,4,1,5
2001,5,0,5
2001,12,11,23
2001,3,0,3
2001,5,2,7
2001,5,1,6
2001,5,12,17
2001,4,2,6
2001,4,3,7
2001,6,4,10
2001,7,6,13
2001,4,1,5
2001,7,3,10
2001,5,4,9
2001,4,2,6
2001,7,3,10
2001,4,0,4
2001,5,2,7
2001,6,10,16
2001,9,6,15
2001,6,4,10
2001,3,0,3
2001,8,5,13
2001,7,4,11
2001,2,1,3
2001,3,11,14
2001,6,5,11
2001,3,1,4
2001,5,1,6
2001,9,3,12
2001,3,1,4
2001,1,0,1
2001,7,6,13
2001,4,0,4
2001,1,0,1
2001,5,4,9
2001,6,4,10
2001,8,4,12
2001,9,6,15
2001,4,1,5
2001,4,2,6
2001,4,3,7
2001,8,10,18
2001,7,1,8
2001,6,1,7
2001,6,4,10
2001,9,3,12
2001,5,0,5
2001,7,2,9
2001,5,12,17
2001,8,0,8
2001,7,2,9
2001,7,2,9
2001,5,4,9
2001,7,6,13
2001,7,3,10
2001,3,1,4
2001,4,10,14
2001,4,10,14
2001,6,3,9
2001,3,1,4
2001,4,2,6
2001,4,1,5
2001,2,0,2
2001,6,2,8
2001,3,2,5
2001,5,4,9
2001,5,4,9
2001,9,3,12
2001,5,4,9
2001,7,5,12
2001,7,3,10
2001,6,4,10
2001,5,4,9
2001,4,3,7
2001,5,3,8
2001,6,3,9
2001,4,3,7
2001,6,3,9
2001,9,6,15
2001,6,12,18
2001,3,13,16
2001,11,10,21
2001,5,3,8
2001,8,5,13
2001,2,1,3
2001,6,2,8
2001,3,1,4
2001,6,5,11
2001,7,4,11
2001,4,0,4
2001,5,10,15
2001,6,4,10
2001,7,2,9
2001,7,3,10
2001,5,1,6
2001,5,0,5
2001,5,4,9
2001,3,2,5
2001,1,0,1
2001,7,0,7
2001,8,2,10
2001,3,0,3
2001,4,3,7
2001,3,0,3
2001,4,3,7
2001,3,1,4
2001,8,4,12
2001,4,1,5
2001,6,3,9
2001,2,15,17
2001,9,7,16
2001,7,4,11
2001,5,12,17
2001,4,3,7
2001,11,1,12
2001,2,11,13
2001,5,4,9
2001,5,3,8
2001,5,2,7
2001,10,1,11
2001,8,4,12
2001,2,1,3
2001,6,2,8
2001,8,2,10
2001,5,11,16
2001,7,1,8
2001,4,2,6
2001,3,0,3
2001,7,11,18
2001,5,11,16
2001,9,10,19
2001,4,3,7
2001,2,13,15
2001,7,4,11
2001,8,4,12
2001,5,1,6
2001,8,4,12
2001,5,1,6
2001,7,10,17
2001,6,4,10
2001,3,2,5
2001,2,1,3
2001,5,3,8
2001,7,5,12
2001,7,1,8
2001,2,1,3
2001,4,10,14
2001,5,12,17
2001,9,4,13
2001,7,0,7
2001,7,4,11
2001,8,5,13
2001,3,2,5
2001,2,1,3
2001,7,2,9
2001,8,4,12
2001,9,6,15
2001,2,11,13
2001,1,0,1
2001,9,8,17
2001,4,2,6
2001,3,10,13
2001,4,3,7
2001,5,1,6
2001,7,11,18
2001,8,3,11
2001,8,4,12
2001,4,3,7
2001,6,3,9
2001,5,4,9
2001,8,4,12
2001,11,10,21
2001,7,6,13
2001,6,11,17
2001,3,1,4
2001,5,2,7
2001,7,3,10
2001,6,5,11
2001,4,3,7
2001,6,12,18
2001,9,4,13
2001,5,2,7
2001,6,2,8
2001,4,3,7
2001,5,0,5
2001,3,1,4
2001,3,10,13
2001,9,0,9
2001,5,4,9
2001,7,6,13
2001,13,1,14
2001,4,1,5
2001,4,1,5
2001,7,3,10
2001,4,1,5
2001,9,8,17
2001,7,2,9
2001,6,12,18
2001,6,3,9
2001,5,2,7
2001,2,0,2
2001,7,4,11
2001,6,1,7
2001,7,3,10
2001,6,4,10
2001,6,2,8
2001,6,4,10
2001,9,13,22
2001,8,1,9
2001,4,3,7
2001,2,1,3
2001,5,3,8
2001,5,1,6
2001,6,2,8
2001,4,3,7
2001,4,0,4
2001,6,5,11
2001,7,10,17
2001,8,7,15
2001,5,0,5
2001,3,2,5
2001,7,3,10
2001,7,4,11
2001,9,1,10
2001,9,4,13
2001,4,11,15
2001,1,0,1
2001,8,6,14
2001,7,4,11
2001,4,2,6
2001,7,1,8
2001,7,5,12
2001,5,4,9
2001,7,6,13
2001,4,2,6
2001,5,2,7
2001,4,3,7
2001,2,10,12
2001,8,2,10
2001,6,5,11
2001,3,2,5
2001,2,1,3
2001,3,2,5
2001,6,10,16
2001,4,3,7
2001,6,3,9
2001,5,2,7
2001,4,16,20
2001,6,1,7
2001,3,2,5
2001,5,4,9
2001,3,1,4
2001,9,3,12
2001,3,12,15
2001,8,3,11
2001,5,12,17
2001,6,5,11
2001,8,11,19
2001,4,1,5
2001,6,2,8
2001,8,1,9
2001,10,0,10
2001,6,5,11
2001,7,2,9
2001,7,12,19
2001,9,4,13
2001,6,2,8
2001,3,10,13
2001,4,2,6
2001,5,0,5
2001,4,2,6
2001,9,10,19
2001,3,13,16
2001,7,4,11
2001,8,4,12
2001,7,0,7
2001,2,1,3
2001,5,2,7
2001,3,2,5
2001,9,5,14
2001,3,0,3
2001,3,13,16
2001,7,6,13
2001,4,2,6
2001,4,2,6
2001,5,2,7
2001,6,3,9
2001,4,1,5
2001,5,3,8
2001,3,1,4
2001,9,3,12
2001,6,2,8
2001,1,0,1
2001,5,3,8
2001,5,12,17
2001,3,2,5
2001,5,2,7
2001,6,4,10
2001,7,5,12
2001,9,4,13
2001,8,2,10
2001,5,1,6
2001,6,4,10
2001,3,2,5
2001,8,3,11
2001,9,6,15
2001,6,4,10
2001,4,10,14
2001,6,3,9
2001,6,2,8
2001,5,2,7
2001,9,5,14
2001,5,3,8
2001,8,4,12
2001,7,4,11
2001,9,12,21
2001,4,2,6
2001,9,3,12
2001,5,4,9
2001,7,15,22
2001,6,3,9
2001,8,4,12
2001,3,1,4
2001,3,10,13
2001,6,5,11
2001,3,1,4
2001,8,0,8
2001,4,11,15
2001,8,7,15
2001,11,0,11
2001,2,1,3
2001,4,1,5
2001,7,2,9
2001,2,1,3
2001,6,14,20
2001,6,4,10
2001,9,2,11
2001,2,1,3
2001,8,3,11
2001,6,4,10
2001,8,3,11
2001,4,3,7
2001,5,4,9
2001,4,3,7
2001,6,4,10
2001,6,2,8
2001,5,2,7
2001,4,1,5
2001,8,7,15
2001,7,10,17
2001,1,0,1
2001,9,11,20
2001,3,0,3
2001,8,3,11
2001,7,6,13
2001,3,2,5
2001,5,4,9
2001,6,4,10
2001,10,1,11
2001,5,13,18
2001,2,1,3
2001,4,3,7
2001,6,2,8
2001,2,12,14
2001,5,1,6
2001,5,3,8
2001,8,10,18
2001,9,10,19
2001,7,1,8
2001,6,4,10
2001,9,2,11
2001,4,1,5
2001,8,7,15
2001,8,5,13
2001,4,3,7
2001,3,2,5
2001,5,4,9
2001,7,5,12
2001,7,2,9
2001,6,5,11
2001,2,1,3
2001,3,11,14
2001,4,2,6
2001,5,2,7
2001,7,2,9
2001,4,3,7
2001,4,3,7
2001,6,4,10
2001,9,5,14
2001,8,6,14
2001,9,4,13
2001,8,2,10
2001,4,3,7
2001,3,2,5
2001,6,0,6
2001,9,6,15
2001,5,14,19
2001,8,7,15
2001,3,10,13
2001,12,10,22
2001,6,3,9
2001,8,3,11
2001,5,2,7
2001,7,4,11
2001,4,3,7
2001,6,4,10
2001,4,3,7
2001,2,1,3
2001,5,4,9
2001,5,4,9
2001,8,1,9
2001,7,5,12
2001,6,5,11
2001,9,6,15
2001,10,1,11
2001,2,1,3
2001,5,11,16
2001,8,1,9
2001,5,10,15
2001,6,3,9
2001,8,3,11
2001,9,6,15
2001,4,0,4
2001,9,5,14
2001,9,10,19
2001,12,1,13
2001,9,3,12
2001,3,2,5
2001,6,2,8
2001,9,3,12
2001,5,4,9
2001,7,4,11
2001,2,1,3
2001,6,5,11
2001,2,1,3
2001,8,2,10
2001,5,2,7
2001,6,3,9
2001,7,6,13
2001,5,14,19
2001,9,3,12
2001,7,5,12
2001,4,2,6
2001,6,1,7
2001,8,4,12
2001,9,5,14
2001,4,11,15
2001,7,3,10
2001,7,3,10
2001,5,4,9
2001,7,11,18
2001,6,0,6
2001,8,12,20
2001,2,1,3
2001,6,4,10
2001,6,3,9
2001,3,1,4
2001,8,7,15
2001,9,4,13
2001,6,4,10
2001,5,2,7
2001,8,2,10
2001,8,1,9
2001,7,10,17
2001,7,6,13
2001,4,2,6
2001,3,11,14
2001,3,0,3
2001,5,12,17
2001,7,6,13
2001,5,3,8
2001,4,1,5
2001,7,6,13
2001,7,3,10
2001,8,14,22
2001,9,10,19
2001,3,1,4
2001,4,2,6
2001,7,5,12
2001,9,7,16
2001,5,4,9
2001,9,10,19
2001,9,1,10
2001,5,4,9
2001,4,1,5
2001,5,15,20
2001,4,10,14
2001,6,2,8
2001,6,3,9
2001,7,3,10
2001,3,1,4
2001,7,3,10
2001,6,3,9
2001,6,2,8
2001,4,3,7
2001,5,2,7
2001,9,2,11
2001,6,3,9
2001,6,5,11
2001,8,7,15
2001,1,0,1
2001,7,4,11
2001,6,3,9
2001,5,0,5
2001,9,5,14
2001,5,3,8
2001,3,1,4
2001,4,0,4
2001,7,1,8
2001,5,3,8
2001,6,1,7
2001,3,2,5
2001,3,12,15
2001,7,5,12
2001,5,0,5
2001,7,5,12
2001,3,2,5
2001,9,6,15
2001,8,4,12
2001,5,3,8
2001,6,5,11
2001,5,2,7
2001,4,1,5
2001,7,1,8
2001,7,11,18
2001,7,4,11
2001,3,2,5
2001,7,6,13
2001,5,4,9
2001,6,4,10
2001,7,3,10
2001,5,2,7
2001,4,15,19
2001,7,5,12
2001,5,0,5
2001,5,4,9
2001,2,1,3
2001,3,11,14
2001,2,1,3
2001,13,11,24
2001,6,1,7
2001,8,3,11
2001,9,3,12
2001,6,1,7
2001,8,1,9
2001,8,0,8
2001,5,4,9
2001,3,1,4
2001,4,0,4
2001,7,5,12
2001,5,10,15
2001,2,1,3
2001,8,6,14
2001,6,4,10
2001,7,1,8
2001,1,0,1
2001,9,7,16
2001,4,16,20
2001,7,14,21
2001,6,10,16
2001,5,3,8
2001,3,2,5
2001,9,1,10
2001,8,4,12
2001,6,5,11
2001,4,3,7
2001,2,0,2
2001,7,0,7
2001,3,0,3
2001,5,2,7
2001,6,5,11
2001,7,2,9
2001,8,4,12
2001,4,1,5
2001,4,3,7
2001,4,3,7
2001,3,14,17
2001,4,13,17
2001,6,4,10
2001,3,2,5
2001,4,3,7
2001,7,2,9
2001,9,6,15
2001,2,1,3
2001,2,0,2
2001,8,3,11
2001,8,1,9
2001,6,3,9
2001,9,5,14
2001,6,3,9
2001,2,12,14
2001,7,1,8
2001,5,4,9
2001,7,1,8
2001,5,1,6
2001,3,2,5
2001,5,2,7
2001,9,6,15
2001,4,13,17
2001,5,2,7
2001,4,0,4
2001,7,4,11
2001,2,14,16
2001,3,0,3
2001,3,2,5
2001,6,5,11
2001,6,10,16
2001,2,14,16
2001,6,5,11
2001,9,15,24
2001,8,3,11
2001,13,0,13
2001,5,4,9
2001,8,3,11
2001,8,3,11
2001,3,2,5
2001,5,4,9
2001,7,10,17
2001,5,1,6
2001,4,3,7
2001,3,1,4
2001,4,1,5
2001,7,6,13
2001,3,10,13
2001,6,10,16
2001,8,10,18
2001,2,1,3
2001,7,6,13
2001,3,0,3
2001,4,3,7
2001,3,13,16
2001,4,3,7
2001,9,8,17
2001,2,1,3
2001,5,4,9
2001,8,0,8
2001,9,2,11
2001,4,3,7
2001,3,11,14
2001,9,6,15
2001,5,14,19
2001,9,2,11
2001,7,1,8
2001,4,1,5
2001,2,11,13
2001,6,4,10
2001,6,1,7
2001,9,3,12
2001,4,1,5
2001,6,5,11
2001,5,1,6
2001,7,0,7
2001,9,3,12
2001,7,4,11
2001,5,13,18
2001,10,0,10
2001,4,2,6
2001,6,0,6
2001,2,1,3
2001,2,0,2
2001,4,3,7
2001,7,5,12
2001,6,3,9
2001,6,2,8
2001,7,1,8
2001,7,2,9
2001,5,1,6
2001,11,1,12
2001,3,11,14
2001,6,3,9
2001,6,2,8
2001,3,1,4
2001,7,11,18
2001,5,2,7
2001,1,0,1
2001,5,3,8
2001,4,1,5
2001,2,10,12
2001,7,5,12
2001,4,1,5
2001,3,1,4
2001,6,5,11
2001,5,4,9
2001,8,6,14
2001,5,3,8
2001,2,10,12
2001,2,0,2
2001,5,3,8
2001,4,2,6
2001,7,4,11
2001,3,2,5
2001,3,2,5
2001,2,11,13
2001,5,1,6
2001,9,1,10
2001,2,1,3
2001,8,5,13
2001,7,1,8
2001,5,3,8
2001,3,2,5
2001,8,5,13
2001,6,2,8
2001,6,3,9
2001,9,3,12
2001,4,2,6
2001,8,0,8
2001,5,1,6
2001,7,6,13
2001,7,5,12
2001,6,5,11
2001,4,2,6
2001,9,1,10
2001,4,0,4
2001,8,10,18
2001,6,5,11
2001,6,5,11
2001,3,0,3
2001,5,1,6
2001,6,3,9
2001,6,4,10
2001,5,3,8
2001,4,3,7
2001,2,0,2
2001,8,7,15
2001,4,0,4
2001,7,4,11
2001,3,1,4
2001,8,3,11
2001,4,10,14
2001,8,4,12
2001,7,11,18
2001,1,0,1
2001,3,2,5
2001,4,1,5
2001,4,1,5
2001,6,1,7
2001,4,2,6
2001,2,10,12
2001,6,4,10
2001,9,4,13
2001,3,1,4
2001,8,5,13
2001,4,12,16
2001,17,11,28
2001,2,0,2
2001,5,0,5
2001,7,2,9
2001,7,6,13
2001,4,3,7
2001,6,5,11
2001,3,0,3
2001,10,0,10
2001,2,1,3
2001,5,4,9
2001,3,10,13
2001,2,1,3
2001,2,11,13
2001,4,1,5
2001,6,3,9
2001,8,6,14
2001,12,10,22
2001,5,2,7
2001,8,3,11
2001,3,2,5
2001,8,4,12
2001,2,1,3
2001,2,1,3
2001,4,3,7
2001,6,3,9
2001,7,2,9
2001,7,3,10
2001,3,11,14
2001,5,3,8
2001,5,2,7
2001,3,14,17
2001,4,0,4
2001,4,10,14
2001,10,1,11
2001,2,11,13
2001,1,0,1
2001,4,1,5
2001,4,1,5
2001,2,1,3
2001,6,5,11
2001,3,10,13
2001,8,4,12
2001,7,22,29
2001,8,4,12
2001,5,4,9
2001,10,1,11
2001,6,3,9
2001,5,3,8
2001,6,3,9
2001,5,3,8
2001,9,2,11
2001,9,2,11
2001,2,1,3
2001,8,2,10
2001,9,4,13
2001,5,1,6
2001,8,13,21
2001,6,3,9
2001,9,8,17
2001,7,11,18
2001,3,0,3
2001,5,4,9
2001,6,3,9
2001,7,3,10
2001,3,2,5
2001,4,0,4
2001,4,12,16
2001,2,0,2
2001,7,4,11
2001,4,2,6
2001,5,4,9
2001,9,4,13
2001,2,0,2
2001,8,2,10
2001,6,2,8
2001,7,2,9
2001,3,1,4
2001,3,2,5
2001,7,2,9
2001,3,0,3
2001,9,6,15
2001,11,0,11
2001,3,11,14
2001,6,4,10
2001,2,10,12
2001,4,1,5
2001,6,4,10
2001,4,3,7
2001,7,2,9
2001,6,5,11
2001,7,6,13
2001,2,10,12
2001,6,1,7
2001,2,1,3
2001,8,7,15
2001,3,1,4
2001,9,6,15
2001,3,11,14
2001,4,3,7
2001,6,5,11
2001,7,5,12
2001,9,3,12
2001,5,2,7
2001,4,3,7
2001,4,2,6
2001,3,1,4
2001,8,4,12
2001,5,1,6
2001,2,10,12
2001,6,5,11
2001,5,2,7
2001,5,3,8
2001,3,11,14
2001,6,3,9
2001,3,1,4
2001,5,4,9
2001,3,1,4
2001,3,2,5
2001,8,14,22
2001,3,2,5
2001,7,4,11
2001,3,2,5
2001,4,0,4
2001,9,7,16
2001,4,3,7
2001,9,5,14
2001,9,5,14
2001,4,3,7
2001,5,10,15
2001,7,4,11
2001,4,2,6
2001,8,0,8
2001,7,3,10
2001,6,1,7
2001,5,0,5
2001,3,2,5
2001,4,11,15
2001,7,13,20
2001,9,1,10
2001,6,4,10
2001,4,11,15
2001,3,1,4
2001,7,4,11
2001,5,0,5
2001,6,4,10
2001,4,2,6
2001,6,10,16
2001,6,2,8
2001,5,10,15
2001,4,3,7
2001,9,3,12
2001,9,8,17
2001,3,12,15
2001,5,1,6
2001,7,3,10
2001,12,1,13
2001,1,0,1
2001,4,3,7
2001,4,3,7
2001,7,5,12
2001,8,4,12
2001,8,3,11
2001,3,2,5
2001,5,12,17
2001,8,1,9
2001,6,5,11
2001,6,4,10
2001,4,1,5
2001,2,10,12
2001,2,0,2
2001,9,3,12
2001,6,4,10
2001,3,1,4
2001,5,4,9
2001,4,3,7
2001,2,1,3
2001,2,11,13
2001,7,6,13
2001,4,2,6
2001,3,2,5
2001,3,1,4
2001,5,1,6
2001,6,2,8
2001,7,3,10
2001,8,7,15
2001,6,2,8
2001,3,1,4
2001,8,5,13
2001,6,5,11
2001,4,2,6
2001,7,6,13
2001,6,5,11
2001,8,1,9
2001,7,1,8
2001,8,2,10
2001,5,10,15
2001,5,4,9
2001,9,7,16
2001,4,3,7
2001,3,1,4
2001,4,0,4
2001,3,1,4
2001,1,0,1
2001,3,2,5
2001,4,13,17
2001,6,3,9
2001,4,17,21
2001,4,2,6
2001,2,1,3
2001,4,3,7
2001,7,4,11
2001,4,3,7
2001,2,12,14
2001,4,3,7
2001,3,0,3
2001,2,1,3
2001,9,4,13
2001,7,0,7
2001,4,0,4
2001,2,1,3
2001,7,12,19
2001,2,1,3
2001,6,2,8
2001,2,1,3
2001,3,2,5
2001,8,7,15
2001,4,2,6
2001,9,2,11
2001,4,2,6
2001,9,5,14
2001,6,4,10
2001,10,1,11
2001,4,2,6
2001,4,10,14
2001,6,2,8
2001,8,6,14
2001,8,5,13
2001,6,3,9
2001,10,1,11
2001,4,1,5
2001,3,1,4
2001,2,14,16
2001,6,2,8
2001,5,4,9
2001,2,0,2
2001,2,12,14
2001,3,0,3
2001,2,1,3
2001,2,1,3
2001,6,3,9
2001,6,4,10
2001,15,14,29
2001,5,4,9
2001,4,1,5
2001,4,1,5
2001,3,2,5
2001,8,12,20
2001,5,10,15
2001,4,3,7
2001,9,10,19
2001,8,4,12
2001,5,3,8
2001,5,4,9
2001,7,10,17
2001,5,2,7
2001,8,6,14
2001,6,3,9
2001,9,6,15
2001,3,1,4
2001,9,3,12
2001,6,5,11
2001,5,4,9
2001,9,3,12
2001,4,10,14
2001,7,3,10
2001,7,2,9
2001,3,1,4
2001,3,0,3
2001,5,2,7
2001,7,3,10
2001,2,1,3
2001,5,4,9
2001,3,2,5
2001,7,3,10
2001,15,1,16
2001,2,1,3
2001,2,1,3
2001,9,11,20
2001,7,1,8
2001,4,1,5
2001,8,2,10
2001,6,5,11
2001,5,4,9
2001,6,1,7
2001,4,3,7
2001,9,4,13
2001,4,12,16
2001,16,1,17
2001,6,19,25
2001,3,2,5
2001,6,5,11
2001,5,14,19
2001,6,4,10
2001,3,1,4
2001,6,4,10
2001,6,4,10
2001,9,6,15
2001,4,3,7
2001,6,0,6
2001,6,2,8
2001,8,5,13
2001,6,5,11
2001,4,3,7
2001,7,3,10
2001,8,7,15
2001,7,0,7
2001,9,3,12
2001,7,16,23
2001,7,2,9
2001,7,3,10
2001,5,1,6
2001,7,6,13
2001,8,1,9
2001,5,10,15
2001,3,2,5
2001,8,6,14
2001,4,2,6
2001,7,2,9
2001,7,6,13
2001,3,1,4
2001,4,2,6
2001,9,4,13
2001,7,3,10
2001,5,13,18
2001,4,1,5
2001,6,0,6
2001,6,3,9
2001,8,6,14
2001,7,3,10
2001,6,2,8
2001,4,3,7
2001,4,3,7
2001,6,5,11
2001,6,5,11
2001,9,1,10
2001,12,10,22
2001,7,6,13
2001,7,6,13
2001,5,10,15
2001,6,4,10
2001,5,0,5
2001,4,1,5
2001,4,2,6
2001,3,2,5
2001,7,6,13
2001,2,1,3
2001,4,3,7
2001,2,13,15
2001,3,0,3
2001,9,5,14
2001,3,2,5
2001,5,1,6
2001,4,3,7
2001,5,2,7
2001,6,3,9
2001,7,4,11
2001,8,7,15
2001,5,4,9
2001,7,1,8
2001,3,1,4
2001,4,1,5
2001,4,10,14
2001,5,3,8
2001,6,0,6
2001,7,13,20
2001,7,1,8
2001,6,3,9
2001,5,2,7
2001,5,4,9
2001,6,2,8
2001,6,5,11
2001,8,2,10
2001,7,2,9
2001,5,1,6
2001,5,1,6
2001,13,1,14
2001,8,6,14
2001,3,10,13
2001,2,1,3
2001,2,1,3
2001,8,4,12
2001,5,2,7
2001,9,2,11
2001,6,4,10
2001,7,5,12
2001,6,1,7
2001,4,1,5
2001,4,2,6
2001,4,3,7
2001,7,3,10
2001,5,4,9
2001,5,12,17
2001,6,5,11
2001,5,3,8
2001,8,3,11
2001,8,4,12
2001,7,2,9
2001,5,11,16
2001,9,2,11
2001,5,1,6
2001,7,2,9
2001,5,12,17
2001,4,2,6
2001,6,5,11
2001,8,3,11
2001,9,4,13
2001,4,0,4
2001,4,0,4
2001,2,1,3
2001,4,3,7
2001,3,11,14
2001,5,3,8
2001,5,1,6
2001,5,4,9
2001,6,5,11
2001,4,2,6
2001,8,3,11
2001,8,4,12
2001,3,0,3
2001,5,4,9
2001,6,4,10
2001,7,6,13
2001,4,3,7
2001,3,1,4
2001,6,3,9
2001,5,12,17
2001,6,13,19
2001,7,13,20
2001,8,7,15
2001,6,4,10
2001,4,1,5
2001,6,5,11
2001,4,3,7
2001,2,12,14
2001,6,5,11
2001,5,1,6
2001,2,10,12
2001,2,1,3
2001,4,1,5
2001,9,0,9
2001,8,4,12
2001,6,1,7
2001,7,4,11
2001,2,10,12
2001,5,4,9
2001,10,1,11
2001,3,2,5
2001,9,0,9
2001,4,1,5
2001,9,5,14
2001,8,5,13
2001,3,1,4
2001,3,1,4
2001,6,11,17
2001,5,4,9
2001,6,1,7
2001,7,5,12
2001,2,10,12
2001,5,2,7
2001,2,1,3
2001,8,2,10
2001,4,2,6
2001,4,1,5
2001,8,4,12
2001,3,13,16
2001,4,2,6
2001,6,3,9
2001,3,16,19
2001,3,1,4
2001,8,6,14
2001,13,12,25
2001,6,3,9
2001,7,1,8
2001,2,1,3
2001,5,4,9
2001,2,1,3
2001,6,0,6
2001,16,1,17
2001,11,10,21
2001,8,1,9
2001,7,6,13
2001,3,2,5
2001,8,1,9
2001,2,12,14
2001,6,2,8
2001,7,6,13
2001,6,2,8
2001,5,10,15
2001,10,0,10
2001,9,7,16
2001,2,1,3
2001,5,1,6
2001,5,1,6
2001,7,4,11
2001,5,2,7
2001,6,2,8
2001,4,1,5
2001,5,0,5
2001,8,10,18
2001,6,3,9
2001,9,3,12
2001,6,12,18
2001,6,4,10
2001,4,3,7
2001,8,4,12
2001,6,5,11
2001,5,1,6
2001,4,1,5
2001,5,4,9
2001,7,4,11
2001,7,5,12
2001,8,7,15
2001,9,0,9
2001,6,4,10
2001,7,1,8
2001,7,1,8
2001,5,4,9
2001,4,2,6
2001,3,2,5
2001,6,1,7
2001,4,3,7
2001,8,2,10
2001,3,2,5
2001,8,4,12
2001,8,7,15
2001,7,6,13
2001,9,2,11
2001,5,1,6
2001,6,1,7
2001,10,0,10
2001,7,2,9
2001,3,2,5
2001,4,17,21
2001,6,5,11
2001,7,6,13
2001,4,3,7
2001,3,1,4
2001,4,3,7
2001,3,2,5
2001,5,4,9
2001,4,2,6
2001,8,3,11
2001,5,12,17
2001,6,5,11
2001,3,1,4
2001,4,1,5
2001,7,0,7
2001,6,2,8
2001,4,3,7
2001,8,3,11
2001,8,6,14
2001,6,4,10
2001,4,10,14
2001,4,3,7
2001,6,5,11
2001,10,1,11
2001,4,0,4
2001,9,6,15
2001,5,2,7
2001,6,0,6
2001,2,0,2
2001,5,3,8
2001,4,1,5
2001,5,1,6
2001,2,1,3
2001,8,3,11
2001,6,2,8
2001,6,3,9
2001,5,3,8
2001,9,8,17
2001,8,10,18
2001,3,2,5
2001,7,5,12
2001,16,14,30
2001,5,2,7
2001,5,13,18
2001,4,2,6
2001,15,0,15
2001,5,4,9
2001,3,1,4
2001,3,1,4
2001,6,1,7
2001,2,1,3
2001,5,4,9
2001,5,1,6
2001,5,4,9
2001,6,2,8
2001,3,13,16
2001,4,0,4
2001,8,2,10
2001,3,0,3
2001,3,1,4
2001,8,11,19
2001,3,11,14
2001,7,2,9
2001,5,1,6
2001,3,2,5
2001,4,1,5
2001,6,1,7
2001,5,1,6
2001,4,1,5
2001,6,5,11
2001,5,2,7
2001,9,5,14
2001,4,3,7
2001,5,3,8
2001,6,4,10
2001,2,1,3
2001,4,3,7
2001,7,0,7
2001,8,7,15
2001,3,1,4
2001,4,3,7
2001,9,11,20
2001,3,2,5
2001,4,1,5
2001,7,5,12
2001,2,1,3
2001,8,6,14
2001,3,1,4
2001,7,4,11
2001,1,0,1
2001,1,0,1
2001,19,10,29
2001,8,6,14
2001,6,12,18
2001,7,3,10
2001,1,0,1
2001,5,4,9
2001,5,1,6
2001,6,2,8
2001,1,0,1
2001,3,1,4
2001,3,1,4
2001,11,0,11
2001,6,3,9
2001,3,2,5
2001,2,10,12
2001,5,0,5
2001,4,2,6
2001,7,10,17
2001,7,12,19
2001,3,2,5
2001,4,0,4
2001,3,2,5
2001,4,1,5
2001,7,5,12
2001,4,1,5
2001,8,5,13
2001,10,1,11
2001,4,0,4
2001,7,1,8
2001,5,2,7
2001,8,1,9
2001,3,2,5
2001,5,2,7
2001,5,3,8
2001,5,2,7
2001,6,1,7
2001,8,3,11
2001,5,2,7
2001,6,5,11
2001,14,0,14
2001,4,1,5
2001,7,10,17
2001,5,3,8
2001,3,10,13
2001,7,2,9
2001,7,6,13
2001,4,10,14
2001,6,12,18
2001,7,4,11
2001,5,1,6
2001,2,0,2
2001,6,12,18
2001,7,2,9
2001,2,12,14
2001,4,3,7
2001,7,6,13
2001,6,4,10
2001,6,2,8
2001,9,5,14
2001,5,2,7
2001,4,3,7
2001,3,0,3
2001,8,6,14
2001,9,5,14
2001,4,3,7
2001,7,3,10
2001,4,3,7
2001,3,2,5
2001,7,10,17
2001,3,2,5
2001,2,1,3
2001,6,1,7
2001,5,3,8
2001,4,2,6
2001,3,2,5
2001,9,3,12
2001,3,1,4
2001,10,1,11
2001,7,1,8
2001,8,2,10
2001,6,4,10
2001,8,6,14
2001,5,3,8
2001,8,7,15
2001,7,3,10
2001,4,3,7
2001,9,7,16
2001,7,2,9
2001,6,0,6
2001,9,2,11
2001,4,10,14
2001,5,2,7
2001,6,1,7
2001,6,5,11
2001,8,3,11
2001,3,0,3
2001,8,2,10
2001,9,5,14
2001,9,8,17
2001,9,4,13
2001,6,3,9
2001,4,2,6
2001,8,0,8
2001,4,12,16
2001,7,2,9
2001,4,3,7
2001,5,3,8
2001,6,0,6
2001,8,1,9
2001,4,3,7
2001,5,1,6
2001,8,2,10
2001,7,1,8
2001,3,2,5
2001,8,0,8
2001,7,1,8
2001,7,3,10
2001,6,4,10
2001,6,10,16
2001,5,2,7
2001,4,1,5
2001,2,1,3
2001,7,2,9
2001,3,11,14
2001,6,5,11
2001,2,11,13
2001,9,10,19
2001,3,2,5
2001,8,3,11
2001,3,1,4
2001,4,3,7
2001,7,5,12
2001,4,0,4
2001,3,2,5
2001,9,4,13
2001,6,5,11
2001,8,5,13
2001,2,12,14
2001,6,3,9
2001,10,0,10
2001,3,11,14
2001,8,2,10
2001,4,3,7
2001,6,2,8
2001,5,2,7
2001,5,2,7
2001,9,2,11
2001,5,0,5
2001,3,10,13
2001,8,2,10
2001,4,10,14
2001,4,1,5
2001,2,1,3
2001,7,5,12
2001,6,5,11
2001,4,2,6
2001,3,2,5
2001,3,0,3
2001,8,3,11
2001,5,1,6
2001,9,1,10
2001,6,3,9
2001,5,4,9
2001,7,2,9
2001,6,12,18
2001,7,6,13
2001,5,2,7
2001,8,7,15
2001,4,12,16
2001,10,0,10
2001,5,2,7
2001,6,2,8
2001,9,11,20
2001,3,2,5
2001,5,1,6
2001,1,0,1
2001,9,5,14
2001,2,0,2
2001,9,8,17
2001,7,4,11
2001,2,11,13
2001,4,3,7
2001,5,4,9
2001,8,4,12
2001,6,5,11
2001,3,1,4
2001,4,2,6
2001,3,1,4
2001,7,3,10
2001,2,11,13
2001,3,2,5
2001,4,1,5
2001,4,3,7
2001,5,4,9
2001,8,7,15
2001,5,4,9
2001,6,12,18
2001,2,10,12
2001,7,6,13
2001,6,1,7
2001,6,3,9
2001,4,2,6
2001,5,3,8
2001,5,4,9
2001,7,4,11
2001,5,4,9
2001,2,1,3
2001,2,11,13
2001,5,2,7
2001,1,0,1
2001,5,1,6
2001,3,2,5
2001,15,11,26
2001,1,0,1
2001,9,3,12
2001,4,2,6
2001,2,1,3
2001,7,6,13
2001,9,3,12
2001,9,4,13
2001,7,12,19
2001,4,2,6
2001,7,11,18
2001,8,7,15
2001,5,2,7
2001,3,2,5
2001,6,4,10
2001,9,5,14
2001,2,0,2
2001,4,0,4
2001,9,3,12
2001,8,1,9
2001,13,1,14
2001,2,13,15
2001,9,15,24
2001,9,6,15
2001,6,3,9
2001,3,1,4
2001,4,1,5
2001,5,1,6
2001,8,6,14
2001,6,4,10
2001,5,2,7
2001,5,1,6
2001,3,1,4
2001,8,0,8
2001,8,4,12
2001,7,5,12
2001,13,11,24
2001,4,2,6
2001,9,3,12
2001,6,5,11
2001,9,13,22
2001,7,1,8
2001,8,7,15
2001,6,12,18
2001,6,2,8
2001,2,1,3
2001,5,1,6
2001,2,11,13
2001,4,3,7
2001,5,3,8
2001,6,2,8
2001,7,6,13
2001,1,0,1
2001,6,5,11
2001,4,1,5
2001,6,5,11
2001,3,2,5
2001,7,0,7
2001,5,3,8
2001,5,10,15
2001,3,14,17
2001,6,1,7
2001,2,13,15
2001,8,1,9
2001,8,5,13
2001,6,2,8
2001,7,4,11
2001,9,8,17
2001,14,12,26
2001,7,2,9
2001,5,4,9
2001,2,10,12
2001,7,2,9
2001,8,4,12
2001,3,1,4
2001,2,0,2
2001,5,2,7
2001,8,6,14
2001,2,1,3
2001,9,6,15
2001,7,6,13
2001,5,4,9
2001,9,1,10
2001,10,0,10
2001,8,5,13
2001,8,3,11
2001,5,2,7
2001,1,1,2
2001,6,3,9
2001,5,4,9
2001,7,3,10
2001,6,5,11
2001,1,0,1
2001,8,1,9
2001,5,1,6
2001,3,10,13
2001,5,14,19
2001,10,1,11
2001,3,1,4
2001,4,3,7
2001,5,4,9
2001,5,0,5
2001,4,3,7
2001,4,1,5
2001,5,1,6
2001,5,1,6
2001,6,4,10
2001,10,1,11
2001,9,4,13
2001,5,2,7
2001,3,10,13
2001,4,3,7
2001,4,3,7
2001,8,3,11
2001,7,6,13
2001,7,13,20
2001,9,5,14
2001,2,0,2
2001,8,11,19
2001,4,1,5
2001,9,7,16
2001,2,1,3
2001,3,0,3
2001,5,4,9
2001,5,12,17
2001,3,10,13
2001,5,1,6
2001,5,4,9
2001,6,2,8
2001,5,4,9
2001,2,0,2
2001,5,4,9
2001,6,2,8
2001,2,10,12
2001,8,4,12
2001,3,10,13
2001,6,3,9
2001,16,1,17
2001,4,1,5
2001,6,2,8
2001,3,20,23
2001,5,0,5
2001,7,5,12
2001,3,2,5
2001,5,0,5
2001,7,4,11
2001,8,6,14
2001,4,0,4
2001,6,2,8
2001,11,10,21
2001,2,1,3
2001,8,4,12
2001,5,0,5
2001,4,3,7
2001,6,3,9
2001,7,3,10
2001,5,1,6
2001,2,13,15
2001,2,1,3
2001,5,1,6
2001,8,3,11
2001,2,1,3
2001,5,4,9
2001,6,5,11
2001,4,0,4
2001,4,10,14
2001,1,0,1
2001,6,2,8
2001,6,10,16
2001,5,2,7
2001,5,2,7
2001,6,2,8
2001,4,2,6
2001,4,3,7
2001,4,1,5
2001,4,10,14
2001,5,15,20
2001,8,5,13
2001,5,0,5
2001,5,14,19
2001,4,3,7
2001,2,1,3
2001,9,2,11
2001,1,0,1
2001,3,2,5
2001,1,0,1
2001,7,4,11
2001,5,0,5
2001,4,1,5
2001,1,0,1
2001,5,3,8
2001,2,0,2
2001,5,1,6
2001,6,2,8
2001,5,3,8
2001,2,17,19
2001,1,0,1
2001,4,1,5
2001,2,1,3
2001,6,2,8
2001,9,2,11
2001,5,3,8
2001,3,1,4
2001,2,0,2
2001,8,1,9
2001,4,2,6
2001,3,2,5
2001,5,1,6
2001,4,11,15
2001,3,14,17
2001,3,2,5
2001,3,1,4
2001,3,12,15
2001,9,1,10
2001,4,0,4
2001,2,1,3
2001,4,3,7
2001,3,2,5
2001,2,15,17
2001,3,2,5
2002,6,0,6
2002,2,0,2
2002,7,2,9
2002,3,10,13
2002,12,11,23
2002,5,4,9
2002,8,6,14
2002,6,2,8
2002,8,3,11
2002,6,5,11
2002,2,10,12
2002,7,5,12
2002,9,0,9
2002,9,3,12
2002,9,2,11
2002,7,6,13
2002,3,2,5
2002,7,4,11
2002,9,5,14
2002,6,5,11
2002,8,7,15
2002,3,1,4
2002,1,0,1
2002,3,10,13
2002,2,15,17
2002,1,0,1
2002,12,0,12
2002,6,5,11
2002,5,3,8
2002,9,6,15
2002,7,6,13
2002,6,3,9
2002,2,1,3
2002,2,11,13
2002,4,1,5
2002,3,1,4
2002,6,3,9
2002,3,0,3
2002,1,0,1
2002,3,2,5
2002,7,5,12
2002,6,1,7
2002,9,2,11
2002,7,2,9
2002,9,3,12
2002,3,0,3
2002,2,1,3
2002,8,7,15
2002,10,1,11
2002,5,1,6
2002,5,2,7
2002,9,0,9
2002,6,2,8
2002,4,0,4
2002,6,2,8
2002,7,1,8
2002,3,1,4
2002,3,1,4
2002,4,3,7
2002,2,11,13
2002,4,2,6
2002,6,1,7
2002,5,2,7
2002,5,3,8
2002,8,4,12
2002,14,0,14
2002,9,2,11
2002,6,3,9
2002,3,0,3
2002,7,3,10
2002,8,3,11
2002,4,1,5
2002,6,3,9
2002,7,5,12
2002,5,2,7
2002,4,1,5
2002,6,5,11
2002,5,1,6
2002,7,6,13
2002,9,2,11
2002,6,4,10
2002,2,0,2
2002,7,2,9
2002,3,2,5
2002,6,5,11
2002,10,1,11
2002,6,10,16
2002,5,4,9
2002,9,5,14
2002,8,4,12
2002,2,10,12
2002,2,1,3
2002,1,0,1
2002,8,0,8
2002,3,16,19
2002,5,1,6
2002,8,4,12
2002,2,0,2
2002,5,4,9
2002,5,10,15
2002,8,2,10
2002,7,4,11
2002,5,2,7
2002,3,0,3
2002,6,5,11
2002,5,4,9
2002,5,2,7
2002,8,1,9
2002,3,2,5
2002,6,2,8
2002,3,2,5
2002,9,3,12
2002,4,1,5
2002,7,5,12
2002,9,7,16
2002,7,5,12
2002,8,5,13
2002,2,1,3
2002,2,1,3
2002,6,5,11
2002,4,2,6
2002,9,7,16
2002,8,4,12
2002,6,15,21
2002,8,5,13
2002,3,2,5
2002,8,4,12
2002,8,4,12
2002,7,5,12
2002,6,2,8
2002,3,2,5
2002,4,3,7
2002,6,5,11
2002,7,0,7
2002,3,11,14
2002,5,1,6
2002,3,2,5
2002,5,2,7
2002,3,1,4
2002,8,3,11
2002,2,0,2
2002,4,2,6
2002,2,1,3
2002,8,5,13
2002,7,3,10
2002,3,0,3
2002,5,1,6
2002,7,3,10
2002,7,14,21
2002,7,3,10
2002,7,2,9
2002,7,6,13
2002,4,3,7
2002,8,7,15
2002,7,5,12
2002,5,4,9
2002,7,3,10
2002,9,8,17
2002,5,2,7
2002,3,2,5
2002,6,4,10
2002,3,2,5
2002,2,1,3
2002,5,4,9
2002,9,4,13
2002,4,1,5
2002,6,2,8
2002,9,4,13
2002,6,3,9
2002,7,0,7
2002,7,13,20
2002,6,4,10
2002,3,1,4
2002,5,1,6
2002,1,0,1
2002,4,3,7
2002,5,4,9
2002,5,4,9
2002,9,7,16
2002,5,14,19
2002,4,3,7
2002,4,13,17
2002,5,2,7
2002,6,1,7
2002,6,4,10
2002,7,6,13
2002,4,3,7
2002,13,11,24
2002,6,5,11
2002,5,3,8
2002,5,10,15
2002,8,3,11
2002,6,4,10
2002,9,3,12
2002,7,6,13
2002,5,1,6
2002,8,5,13
2002,8,4,12
2002,5,4,9
2002,3,1,4
2002,6,2,8
2002,5,1,6
2002,3,14,17
2002,4,1,5
2002,8,4,12
2002,7,2,9
2002,7,2,9
2002,6,3,9
2002,7,6,13
2002,7,5,12
2002,3,2,5
2002,3,16,19
2002,8,15,23
2002,7,1,8
2002,2,1,3
2002,7,4,11
2002,5,3,8
2002,3,10,13
2002,7,1,8
2002,5,4,9
2002,6,4,10
2002,8,7,15
2002,5,2,7
2002,7,5,12
2002,4,1,5
2002,1,0,1
2002,8,4,12
2002,4,2,6
2002,8,6,14
2002,3,2,5
2002,8,2,10
2002,5,2,7
2002,3,2,5
2002,4,0,4
2002,5,2,7
2002,6,1,7
2002,3,12,15
2002,5,3,8
2002,6,5,11
2002,9,7,16
2002,7,4,11
2002,9,0,9
2002,6,5,11
2002,9,8,17
2002,3,1,4
2002,5,12,17
2002,6,1,7
2002,9,13,22
2002,4,1,5
2002,5,3,8
2002,6,2,8
2002,7,5,12
2002,5,4,9
2002,8,7,15
2002,6,5,11
2002,3,2,5
2002,6,3,9
2002,7,1,8
2002,4,2,6
2002,8,11,19
2002,5,3,8
2002,4,0,4
2002,2,12,14
2002,8,7,15
2002,5,0,5
2002,5,3,8
2002,4,2,6
2002,6,3,9
2002,9,2,11
2002,6,5,11
2002,9,3,12
2002,5,3,8
2002,2,1,3
2002,8,3,11
2002,4,2,6
2002,6,0,6
2002,5,16,21
2002,5,2,7
2002,7,5,12
2002,4,12,16
2002,3,2,5
2002,5,1,6
2002,4,3,7
2002,3,0,3
2002,5,4,9
2002,4,3,7
2002,2,1,3
2002,8,5,13
2002,9,6,15
2002,1,0,1
2002,6,4,10
2002,2,1,3
2002,4,3,7
2002,5,3,8
2002,4,10,14
2002,4,3,7
2002,9,2,11
2002,7,4,11
2002,8,2,10
2002,5,4,9
2002,4,2,6
2002,8,5,13
2002,7,2,9
2002,5,1,6
2002,6,10,16
2002,9,1,10
2002,3,2,5
2002,5,11,16
2002,7,0,7
2002,2,1,3
2002,4,3,7
2002,6,3,9
2002,5,4,9
2002,5,1,6
2002,7,6,13
2002,6,2,8
2002,6,4,10
2002,3,2,5
2002,6,2,8
2002,9,11,20
2002,4,0,4
2002,9,0,9
2002,4,2,6
2002,10,0,10
2002,4,3,7
2002,4,1,5
2002,3,2,5
2002,5,3,8
2002,5,10,15
2002,7,6,13
2002,1,0,1
2002,6,4,10
2002,10,1,11
2002,7,1,8
2002,7,4,11
2002,4,11,15
2002,6,3,9
2002,10,0,10
2002,8,4,12
2002,8,6,14
2002,5,1,6
2002,6,3,9
2002,9,4,13
2002,5,0,5
2002,2,1,3
2002,16,1,17
2002,1,0,1
2002,4,2,6
2002,8,5,13
2002,7,1,8
2002,5,4,9
2002,4,1,5
2002,5,4,9
2002,4,2,6
2002,5,4,9
2002,5,4,9
2002,13,0,13
2002,5,2,7
2002,9,6,15
2002,10,0,10
2002,3,2,5
2002,7,2,9
2002,4,3,7
2002,2,1,3
2002,5,3,8
2002,4,0,4
2002,3,2,5
2002,8,5,13
2002,10,1,11
2002,4,0,4
2002,8,4,12
2002,21,2,23
2002,10,0,10
2002,9,3,12
2002,5,1,6
2002,3,1,4
2002,4,3,7
2002,6,3,9
2002,8,2,10
2002,2,1,3
2002,8,2,10
2002,7,2,9
2002,3,10,13
2002,7,1,8
2002,3,15,18
2002,9,2,11
2002,7,2,9
2002,6,0,6
2002,7,6,13
2002,5,4,9
2002,4,0,4
2002,3,1,4
2002,5,3,8
2002,4,1,5
2002,4,3,7
2002,2,1,3
2002,6,4,10
2002,8,1,9
2002,7,3,10
2002,6,2,8
2002,4,15,19
2002,8,0,8
2002,7,2,9
2002,8,2,10
2002,3,2,5
2002,3,2,5
2002,7,6,13
2002,9,2,11
2002,6,1,7
2002,9,6,15
2002,5,3,8
2002,6,3,9
2002,4,3,7
2002,6,1,7
2002,4,2,6
2002,3,11,14
2002,8,3,11
2002,8,4,12
2002,8,4,12
2002,6,2,8
2002,3,2,5
2002,6,4,10
2002,6,1,7
2002,2,1,3
2002,3,2,5
2002,6,4,10
2002,6,5,11
2002,10,0,10
2002,2,10,12
2002,3,0,3
2002,3,1,4
2002,3,2,5
2002,6,4,10
2002,3,2,5
2002,9,5,14
2002,6,5,11
2002,3,0,3
2002,3,0,3
2002,3,2,5
2002,7,5,12
2002,4,1,5
2002,5,2,7
2002,3,2,5
2002,3,2,5
2002,9,2,11
2002,12,1,13
2002,3,0,3
2002,7,4,11
2002,7,6,13
2002,6,10,16
2002,7,4,11
2002,6,5,11
2002,6,5,11
2002,4,2,6
2002,2,0,2
2002,8,2,10
2002,3,2,5
2002,9,4,13
2002,6,5,11
2002,8,5,13
2002,3,1,4
2002,5,3,8
2002,6,5,11
2002,3,0,3
2002,7,6,13
2002,6,5,11
2002,4,3,7
2002,8,0,8
2002,8,2,10
2002,4,12,16
2002,4,1,5
2002,5,3,8
2002,5,1,6
2002,9,7,16
2002,7,4,11
2002,4,1,5
2002,5,2,7
2002,6,11,17
2002,3,2,5
2002,4,3,7
2002,3,1,4
2002,6,2,8
2002,3,2,5
2002,5,14,19
2002,7,4,11
2002,3,1,4
2002,5,0,5
2002,8,2,10
2002,6,12,18
2002,5,3,8
2002,5,4,9
2002,7,2,9
2002,5,3,8
2002,7,6,13
2002,6,2,8
2002,9,4,13
2002,1,0,1
2002,5,3,8
2002,6,5,11
2002,4,3,7
2002,5,1,6
2002,3,1,4
2002,8,7,15
2002,3,1,4
2002,4,1,5
2002,19,0,19
2002,7,3,10
2002,6,4,10
2002,4,2,6
2002,4,3,7
2002,9,0,9
2002,5,3,8
2002,6,3,9
2002,9,5,14
2002,6,2,8
2002,4,0,4
2002,5,1,6
2002,7,2,9
2002,6,5,11
2002,2,0,2
2002,6,3,9
2002,6,1,7
2002,8,1,9
2002,3,0,3
2002,4,2,6
2002,3,2,5
2002,4,3,7
2002,7,4,11
2002,6,5,11
2002,4,2,6
2002,3,1,4
2002,6,4,10
2002,6,10,16
2002,5,4,9
2002,6,5,11
2002,4,13,17
2002,8,10,18
2002,3,11,14
2002,4,1,5
2002,4,10,14
2002,4,2,6
2002,4,3,7
2002,4,11,15
2002,3,1,4
2002,5,1,6
2002,4,10,14
2002,6,3,9
2002,5,1,6
2002,7,3,10
2002,3,17,20
2002,3,2,5
2002,3,2,5
2002,5,0,5
2002,11,0,11
2002,7,3,10
2002,7,6,13
2002,3,0,3
2002,6,2,8
2002,4,15,19
2002,6,5,11
2002,6,2,8
2002,9,2,11
2002,5,1,6
2002,8,1,9
2002,3,0,3
2002,4,3,7
2002,3,10,13
2002,2,1,3
2002,5,4,9
2002,2,0,2
2002,2,11,13
2002,6,3,9
2002,8,2,10
2002,5,2,7
2002,3,1,4
2002,7,2,9
2002,10,1,11
2002,6,2,8
2002,8,6,14
2002,2,0,2
2002,7,4,11
2002,7,10,17
2002,6,2,8
2002,2,1,3
2002,6,1,7
2002,4,1,5
2002,8,6,14
2002,4,2,6
2002,5,0,5
2002,4,0,4
2002,3,10,13
2002,3,1,4
2002,5,14,19
2002,4,3,7
2002,2,1,3
2002,13,0,13
2002,3,1,4
2002,5,4,9
2002,2,15,17
2002,9,12,21
2002,5,3,8
2002,6,3,9
2002,8,4,12
2002,6,2,8
2002,4,2,6
2002,6,3,9
2002,7,4,11
2002,8,5,13
2002,6,2,8
2002,13,12,25
2002,4,13,17
2002,9,3,12
2002,3,1,4
2002,7,1,8
2002,5,4,9
2002,5,4,9
2002,4,1,5
2002,4,10,14
2002,4,2,6
2002,4,1,5
2002,7,3,10
2002,8,7,15
2002,2,1,3
2002,3,1,4
2002,3,1,4
2002,6,2,8
2002,5,2,7
2002,5,10,15
2002,7,3,10
2002,6,3,9
2002,4,3,7
2002,4,0,4
2002,3,2,5
2002,6,1,7
2002,5,4,9
2002,2,1,3
2002,2,1,3
2002,5,3,8
2002,10,1,11
2002,5,4,9
2002,3,0,3
2002,4,3,7
2002,4,2,6
2002,10,1,11
2002,11,0,11
2002,6,3,9
2002,9,0,9
2002,4,3,7
2002,6,3,9
2002,7,3,10
2002,5,1,6
2002,9,4,13
2002,8,3,11
2002,12,1,13
2002,4,3,7
2002,6,1,7
2002,7,6,13
2002,5,1,6
2002,8,6,14
2002,8,2,10
2002,5,4,9
2002,4,1,5
2002,6,4,10
2002,4,0,4
2002,1,0,1
2002,3,1,4
2002,7,6,13
2002,5,12,17
2002,2,0,2
2002,7,4,11
2002,6,2,8
2002,5,3,8
2002,2,0,2
2002,1,0,1
2002,6,5,11
2002,2,0,2
2002,8,3,11
2002,7,6,13
2002,5,2,7
2002,3,2,5
2002,3,2,5
2002,3,1,4
2002,6,11,17
2002,8,4,12
2002,3,16,19
2002,3,16,19
2002,3,11,14
2002,1,0,1
2002,7,3,10
2002,5,4,9
2002,5,1,6
2002,3,14,17
2002,2,11,13
2002,9,8,17
2002,12,1,13
2002,8,5,13
2002,5,4,9
2002,6,2,8
2002,4,1,5
2002,5,4,9
2002,9,8,17
2002,5,2,7
2002,6,2,8
2002,5,2,7
2002,4,3,7
2002,5,10,15
2002,6,4,10
2002,3,2,5
2002,6,4,10
2002,6,3,9
2002,5,1,6
2002,6,3,9
2002,2,0,2
2002,9,13,22
2002,6,5,11
2002,6,0,6
2002,6,3,9
2002,3,2,5
2002,3,0,3
2002,5,2,7
2002,9,10,19
2002,7,5,12
2002,5,14,19
2002,9,2,11
2002,6,10,16
2002,7,5,12
2002,7,5,12
2002,9,8,17
2002,8,7,15
2002,6,5,11
2002,3,0,3
2002,7,0,7
2002,7,3,10
2002,8,1,9
2002,3,1,4
2002,5,1,6
2002,6,10,16
2002,4,1,5
2002,4,3,7
2002,5,3,8
2002,5,3,8
2002,3,2,5
2002,8,5,13
2002,7,3,10
2002,5,2,7
2002,8,6,14
2002,5,2,7
2002,5,2,7
2002,4,2,6
2002,4,2,6
2002,6,5,11
2002,4,1,5
2002,7,4,11
2002,8,4,12
2002,5,3,8
2002,3,0,3
2002,3,2,5
2002,1,0,1
2002,5,1,6
2002,4,11,15
2002,6,4,10
2002,4,3,7
2002,5,10,15
2002,6,3,9
2002,9,5,14
2002,8,2,10
2002,5,10,15
2002,2,12,14
2002,4,3,7
2002,4,3,7
2002,5,0,5
2002,3,11,14
2002,7,3,10
2002,5,2,7
2002,9,8,17
2002,7,4,11
2002,5,2,7
2002,5,4,9
2002,7,11,18
2002,4,1,5
2002,7,6,13
2002,9,8,17
2002,4,2,6
2002,1,0,1
2002,4,3,7
2002,8,7,15
2002,4,1,5
2002,7,0,7
2002,7,0,7
2002,4,2,6
2002,6,5,11
2002,6,3,9
2002,3,11,14
2002,5,2,7
2002,8,7,15
2002,12,1,13
2002,6,2,8
2002,3,1,4
2002,9,13,22
2002,7,10,17
2002,4,3,7
2002,7,3,10
2002,7,1,8
2002,8,4,12
2002,4,1,5
2002,9,7,16
2002,2,0,2
2002,4,2,6
2002,2,10,12
2002,8,4,12
2002,4,3,7
2002,5,4,9
2002,9,4,13
2002,8,3,11
2002,3,1,4
2002,8,11,19
2002,4,2,6
2002,5,1,6
2002,4,3,7
2002,7,6,13
2002,7,3,10
2002,6,3,9
2002,5,4,9
2002,7,1,8
2002,3,18,21
2002,4,3,7
2002,9,2,11
2002,5,2,7
2002,4,2,6
2002,8,6,14
2002,5,2,7
2002,4,10,14
2002,5,4,9
2002,4,0,4
2002,5,11,16
2002,7,6,13
2002,7,6,13
2002,7,5,12
2002,4,3,7
2002,4,1,5
2002,3,11,14
2002,6,1,7
2002,3,0,3
2002,6,4,10
2002,3,2,5
2002,8,5,13
2002,4,10,14
2002,5,10,15
2002,6,5,11
2002,23,2,25
2002,5,2,7
2002,5,13,18
2002,3,2,5
2002,5,0,5
2002,3,1,4
2002,3,1,4
2002,7,5,12
2002,5,4,9
2002,6,4,10
2002,6,1,7
2002,8,6,14
2002,11,0,11
2002,5,1,6
2002,6,4,10
2002,3,1,4
2002,4,3,7
2002,5,0,5
2002,2,1,3
2002,2,12,14
2002,8,6,14
2002,9,8,17
2002,3,2,5
2002,4,3,7
2002,3,2,5
2002,4,3,7
2002,8,3,11
2002,4,10,14
2002,5,4,9
2002,4,3,7
2002,4,2,6
2002,7,5,12
2002,4,3,7
2002,4,3,7
2002,11,1,12
2002,6,12,18
2002,7,12,19
2002,2,1,3
2002,5,3,8
2002,6,1,7
2002,2,0,2
2002,8,4,12
2002,7,13,20
2002,8,0,8
2002,4,3,7
2002,8,4,12
2002,3,2,5
2002,2,1,3
2002,8,6,14
2002,2,1,3
2002,3,11,14
2002,5,3,8
2002,4,3,7
2002,5,1,6
2002,9,8,17
2002,4,2,6
2002,3,2,5
2002,6,3,9
2002,3,1,4
2002,7,4,11
2002,2,1,3
2002,7,3,10
2002,2,13,15
2002,8,3,11
2002,7,5,12
2002,3,2,5
2002,6,3,9
2002,4,2,6
2002,7,6,13
2002,5,4,9
2002,5,1,6
2002,9,6,15
2002,9,3,12
2002,3,2,5
2002,4,3,7
2002,8,6,14
2002,7,3,10
2002,3,1,4
2002,3,1,4
2002,6,4,10
2002,4,2,6
2002,8,15,23
2002,6,5,11
2002,7,5,12
2002,8,6,14
2002,10,0,10
2002,5,10,15
2002,8,2,10
2002,6,5,11
2002,7,3,10
2002,6,5,11
2002,3,1,4
2002,8,10,18
2002,5,1,6
2002,2,1,3
2002,9,5,14
2002,6,0,6
2002,11,0,11
2002,6,4,10
2002,2,11,13
2002,7,4,11
2002,2,11,13
2002,8,5,13
2002,9,2,11
2002,8,5,13
2002,2,0,2
2002,7,5,12
2002,2,1,3
2002,7,3,10
2002,2,1,3
2002,5,4,9
2002,5,13,18
2002,3,2,5
2002,9,5,14
2002,8,0,8
2002,5,0,5
2002,4,2,6
2002,4,10,14
2002,6,3,9
2002,2,1,3
2002,6,3,9
2002,2,1,3
2002,8,4,12
2002,4,3,7
2002,5,3,8
2002,4,3,7
2002,9,6,15
2002,8,4,12
2002,7,5,12
2002,8,2,10
2002,4,2,6
2002,7,3,10
2002,6,3,9
2002,3,2,5
2002,3,0,3
2002,3,1,4
2002,4,2,6
2002,7,3,10
2002,4,3,7
2002,7,4,11
2002,3,0,3
2002,4,0,4
2002,5,10,15
2002,5,2,7
2002,9,3,12
2002,8,0,8
2002,4,3,7
2002,3,1,4
2002,6,2,8
2002,5,3,8
2002,2,11,13
2002,6,1,7
2002,7,10,17
2002,5,1,6
2002,5,4,9
2002,4,1,5
2002,7,6,13
2002,5,4,9
2002,7,6,13
2002,6,5,11
2002,3,2,5
2002,4,2,6
2002,5,3,8
2002,2,1,3
2002,5,1,6
2002,5,2,7
2002,6,3,9
2002,6,0,6
2002,4,3,7
2002,8,1,9
2002,5,10,15
2002,4,0,4
2002,2,1,3
2002,7,1,8
2002,5,4,9
2002,6,1,7
2002,6,3,9
2002,4,2,6
2002,4,2,6
2002,8,3,11
2002,7,2,9
2002,6,1,7
2002,4,1,5
2002,7,4,11
2002,2,0,2
2002,20,10,30
2002,2,1,3
2002,5,2,7
2002,8,1,9
2002,6,3,9
2002,4,2,6
2002,4,3,7
2002,3,2,5
2002,3,2,5
2002,8,0,8
2002,6,2,8
2002,5,1,6
2002,3,2,5
2002,7,4,11
2002,3,2,5
2002,14,11,25
2002,3,0,3
2002,2,1,3
2002,9,3,12
2002,5,4,9
2002,3,2,5
2002,6,1,7
2002,5,3,8
2002,5,0,5
2002,2,10,12
2002,3,2,5
2002,4,3,7
2002,3,2,5
2002,2,1,3
2002,5,3,8
2002,8,7,15
2002,4,1,5
2002,8,0,8
2002,3,2,5
2002,4,11,15
2002,3,1,4
2002,4,3,7
2002,3,0,3
2002,2,0,2
2002,9,1,10
2002,4,3,7
2002,6,3,9
2002,2,15,17
2002,3,10,13
2002,6,5,11
2002,5,4,9
2002,3,2,5
2002,5,4,9
2002,8,2,10
2002,5,4,9
2002,5,1,6
2002,4,1,5
2002,3,2,5
2002,1,0,1
2002,4,2,6
2002,9,3,12
2002,9,1,10
2002,8,3,11
2002,5,1,6
2002,6,5,11
2002,3,2,5
2002,5,10,15
2002,9,6,15
2002,5,2,7
2002,7,2,9
2002,5,4,9
2002,5,1,6
2002,4,10,14
2002,3,2,5
2002,3,1,4
2002,6,4,10
2002,4,15,19
2002,4,1,5
2002,5,4,9
2002,3,2,5
2002,7,6,13
2002,2,13,15
2002,8,5,13
2002,3,2,5
2002,4,3,7
2002,4,2,6
2002,5,2,7
2002,7,6,13
2002,7,3,10
2002,8,6,14
2002,4,0,4
2002,7,15,22
2002,7,4,11
2002,4,1,5
2002,7,10,17
2002,7,1,8
2002,2,0,2
2002,20,11,31
2002,5,11,16
2002,8,7,15
2002,7,4,11
2002,8,6,14
2002,6,2,8
2002,9,1,10
2002,6,5,11
2002,5,3,8
2002,6,5,11
2002,6,3,9
2002,7,4,11
2002,1,0,1
2002,6,5,11
2002,5,2,7
2002,4,2,6
2002,7,6,13
2002,3,2,5
2002,5,4,9
2002,7,3,10
2002,7,4,11
2002,5,2,7
2002,7,1,8
2002,7,4,11
2002,7,2,9
2002,7,4,11
2002,6,11,17
2002,7,2,9
2002,6,4,10
2002,6,3,9
2002,7,5,12
2002,6,2,8
2002,4,2,6
2002,9,13,22
2002,8,2,10
2002,3,1,4
2002,14,10,24
2002,5,1,6
2002,5,11,16
2002,6,10,16
2002,6,2,8
2002,3,2,5
2002,4,0,4
2002,6,5,11
2002,2,1,3
2002,7,0,7
2002,11,1,12
2002,2,1,3
2002,5,4,9
2002,4,2,6
2002,2,1,3
2002,8,4,12
2002,2,10,12
2002,2,11,13
2002,5,3,8
2002,8,1,9
2002,4,2,6
2002,3,2,5
2002,8,5,13
2002,5,4,9
2002,5,1,6
2002,8,5,13
2002,7,3,10
2002,9,2,11
2002,5,2,7
2002,6,2,8
2002,13,1,14
2002,4,3,7
2002,8,0,8
2002,7,0,7
2002,4,3,7
2002,8,12,20
2002,6,5,11
2002,7,5,12
2002,4,0,4
2002,7,5,12
2002,4,0,4
2002,7,5,12
2002,8,6,14
2002,11,1,12
2002,5,4,9
2002,6,3,9
2002,2,0,2
2002,7,0,7
2002,7,3,10
2002,3,0,3
2002,8,0,8
2002,5,2,7
2002,2,1,3
2002,6,4,10
2002,9,17,26
2002,6,5,11
2002,5,18,23
2002,9,7,16
2002,5,10,15
2002,4,3,7
2002,6,12,18
2002,6,12,18
2002,7,5,12
2002,5,11,16
2002,3,1,4
2002,1,0,1
2002,5,3,8
2002,6,5,11
2002,5,2,7
2002,5,4,9
2002,4,11,15
2002,4,14,18
2002,6,2,8
2002,8,11,19
2002,2,1,3
2002,8,7,15
2002,3,1,4
2002,3,0,3
2002,4,1,5
2002,6,5,11
2002,7,2,9
2002,6,3,9
2002,5,1,6
2002,9,5,14
2002,6,5,11
2002,5,4,9
2002,9,7,16
2002,7,1,8
2002,3,2,5
2002,2,1,3
2002,8,6,14
2002,2,1,3
2002,3,2,5
2002,8,11,19
2002,6,5,11
2002,2,1,3
2002,4,3,7
2002,9,5,14
2002,4,2,6
2002,8,6,14
2002,9,6,15
2002,5,3,8
2002,6,3,9
2002,4,3,7
2002,8,3,11
2002,4,3,7
2002,8,4,12
2002,6,5,11
2002,7,6,13
2002,4,3,7
2002,3,2,5
2002,7,3,10
2002,8,0,8
2002,7,3,10
2002,6,4,10
2002,3,2,5
2002,5,2,7
2002,8,3,11
2002,4,3,7
2002,5,3,8
2002,2,10,12
2002,7,2,9
2002,4,2,6
2002,7,5,12
2002,2,1,3
2002,5,2,7
2002,2,0,2
2002,9,8,17
2002,9,3,12
2002,7,4,11
2002,7,1,8
2002,9,3,12
2002,6,10,16
2002,3,2,5
2002,8,10,18
2002,6,1,7
2002,8,2,10
2002,6,12,18
2002,4,10,14
2002,4,1,5
2002,7,4,11
2002,9,2,11
2002,4,3,7
2002,1,0,1
2002,4,3,7
2002,3,2,5
2002,4,3,7
2002,8,5,13
2002,9,1,10
2002,3,2,5
2002,4,0,4
2002,3,10,13
2002,1,0,1
2002,5,4,9
2002,2,1,3
2002,2,1,3
2002,6,3,9
2002,3,11,14
2002,3,2,5
2002,9,2,11
2002,4,3,7
2002,8,3,11
2002,9,8,17
2002,4,3,7
2002,9,0,9
2002,2,1,3
2002,5,0,5
2002,6,0,6
2002,9,2,11
2002,5,14,19
2002,5,3,8
2002,3,1,4
2002,2,1,3
2002,4,0,4
2002,7,5,12
2002,5,3,8
2002,8,1,9
2002,6,3,9
2002,7,6,13
2002,2,1,3
2002,6,1,7
2002,4,3,7
2002,4,1,5
2002,6,3,9
2002,3,10,13
2002,7,10,17
2002,6,4,10
2002,8,3,11
2002,3,12,15
2002,2,1,3
2002,5,3,8
2002,5,4,9
2002,3,10,13
2002,4,2,6
2002,4,1,5
2002,5,3,8
2002,7,6,13
2002,6,5,11
2002,6,5,11
2002,3,2,5
2002,7,1,8
2002,4,3,7
2002,5,4,9
2002,8,6,14
2002,6,4,10
2002,4,2,6
2002,2,0,2
2002,8,10,18
2002,8,11,19
2002,8,3,11
2002,5,0,5
2002,6,3,9
2002,4,0,4
2002,8,5,13
2002,6,1,7
2002,2,0,2
2002,5,4,9
2002,9,4,13
2002,7,3,10
2002,6,5,11
2002,9,2,11
2002,6,1,7
2002,4,2,6
2002,6,3,9
2002,5,10,15
2002,5,1,6
2002,5,3,8
2002,2,1,3
2002,7,6,13
2002,10,0,10
2002,8,5,13
2002,3,12,15
2002,8,6,14
2002,7,0,7
2002,7,3,10
2002,9,6,15
2002,2,1,3
2002,4,10,14
2002,4,3,7
2002,6,3,9
2002,5,4,9
2002,6,1,7
2002,6,3,9
2002,7,1,8
2002,3,1,4
2002,8,6,14
2002,6,4,10
2002,5,3,8
2002,4,1,5
2002,4,2,6
2002,2,1,3
2002,6,5,11
2002,2,0,2
2002,6,4,10
2002,7,5,12
2002,5,1,6
2002,4,3,7
2002,5,3,8
2002,5,4,9
2002,3,15,18
2002,4,10,14
2002,5,0,5
2002,4,2,6
2002,9,5,14
2002,5,1,6
2002,4,2,6
2002,8,5,13
2002,3,2,5
2002,4,2,6
2002,10,0,10
2002,4,1,5
2002,9,12,21
2002,6,1,7
2002,8,11,19
2002,7,6,13
2002,4,3,7
2002,3,2,5
2002,8,7,15
2002,6,5,11
2002,4,14,18
2002,3,0,3
2002,7,5,12
2002,5,3,8
2002,4,2,6
2002,9,8,17
2002,6,5,11
2002,4,3,7
2002,6,15,21
2002,7,1,8
2002,12,10,22
2002,7,5,12
2002,8,7,15
2002,3,2,5
2002,9,1,10
2002,6,4,10
2002,4,2,6
2002,4,0,4
2002,13,12,25
2002,6,4,10
2002,9,8,17
2002,7,3,10
2002,2,1,3
2002,8,4,12
2002,9,11,20
2002,7,5,12
2002,5,1,6
2002,6,3,9
2002,6,11,17
2002,7,6,13
2002,6,5,11
2002,2,1,3
2002,3,1,4
2002,5,2,7
2002,5,2,7
2002,5,3,8
2002,2,1,3
2002,8,5,13
2002,4,22,26
2002,5,4,9
2002,8,7,15
2002,7,4,11
2002,7,2,9
2002,9,3,12
2002,10,1,11
2002,5,3,8
2002,7,4,11
2002,4,3,7
2002,8,6,14
2002,4,1,5
2002,4,0,4
2002,5,1,6
2002,7,1,8
2002,5,2,7
2002,9,5,14
2002,8,1,9
2002,4,2,6
2002,5,10,15
2002,7,14,21
2002,3,0,3
2002,10,0,10
2002,8,12,20
2002,2,1,3
2002,8,0,8
2002,4,3,7
2002,6,4,10
2002,5,4,9
2002,10,0,10
2002,6,0,6
2002,6,2,8
2002,5,2,7
2002,8,0,8
2002,3,2,5
2002,7,2,9
2002,4,3,7
2002,12,0,12
2002,3,2,5
2002,9,2,11
2002,2,10,12
2002,8,5,13
2002,4,3,7
2002,3,10,13
2002,5,10,15
2002,6,5,11
2002,3,2,5
2002,8,0,8
2002,6,11,17
2002,8,4,12
2002,9,12,21
2002,4,12,16
2002,4,3,7
2002,5,3,8
2002,4,0,4
2002,9,1,10
2002,5,1,6
2002,3,0,3
2002,6,5,11
2002,5,4,9
2002,7,2,9
2002,2,1,3
2002,3,1,4
2002,5,1,6
2002,7,3,10
2002,7,4,11
2002,6,10,16
2002,5,4,9
2002,7,1,8
2002,3,12,15
2002,4,2,6
2002,9,6,15
2002,4,0,4
2002,5,3,8
2002,4,0,4
2002,4,1,5
2002,6,5,11
2002,1,0,1
2002,3,1,4
2002,9,10,19
2002,9,1,10
2002,2,12,14
2002,5,4,9
2002,4,1,5
2002,8,6,14
2002,4,3,7
2002,6,1,7
2002,9,2,11
2002,6,0,6
2002,3,2,5
2002,6,5,11
2002,4,12,16
2002,5,0,5
2002,4,13,17
2002,3,0,3
2002,5,4,9
2002,3,16,19
2002,5,4,9
2002,3,10,13
2002,4,1,5
2002,5,4,9
2002,3,10,13
2002,9,6,15
2002,2,1,3
2002,9,1,10
2002,8,6,14
2002,5,11,16
2002,8,5,13
2002,9,2,11
2002,2,1,3
2002,5,1,6
2002,10,0,10
2002,6,4,10
2002,8,6,14
2002,7,6,13
2002,5,2,7
2002,2,12,14
2002,6,17,23
2002,2,1,3
2002,4,0,4
2002,8,7,15
2002,6,4,10
2002,4,0,4
2002,3,2,5
2002,6,0,6
2002,2,1,3
2002,3,1,4
2002,5,3,8
2002,2,1,3
2002,3,0,3
2002,6,10,16
2002,4,3,7
2002,7,19,26
2002,4,0,4
2002,5,11,16
2002,6,4,10
2002,1,0,1
2002,2,1,3
2002,3,1,4
2002,3,1,4
2002,3,1,4
2002,6,5,11
2002,5,2,7
2002,3,1,4
2002,8,5,13
2002,13,0,13
2002,9,8,17
2002,5,4,9
2002,6,1,7
2002,2,1,3
2002,7,11,18
2002,4,3,7
2002,5,3,8
2002,8,5,13
2002,9,2,11
2002,8,4,12
2002,8,6,14
2002,6,11,17
2002,4,3,7
2002,4,12,16
2002,6,2,8
2002,8,6,14
2002,8,4,12
2002,7,5,12
2002,2,1,3
2002,4,1,5
2002,7,2,9
2002,5,4,9
2002,5,4,9
2002,7,12,19
2002,4,0,4
2002,4,3,7
2002,5,10,15
2002,15,10,25
2002,8,10,18
2002,3,10,13
2002,3,11,14
2002,5,4,9
2002,6,3,9
2002,4,12,16
2002,2,0,2
2002,7,5,12
2002,4,3,7
2002,7,1,8
2002,4,3,7
2002,9,2,11
2002,9,1,10
2002,2,11,13
2002,4,2,6
2002,7,6,13
2002,8,2,10
2002,2,0,2
2002,3,1,4
2002,5,1,6
2002,6,2,8
2002,5,4,9
2002,11,10,21
2002,10,1,11
2002,14,12,26
2002,6,3,9
2002,6,4,10
2002,3,2,5
2002,7,6,13
2002,6,2,8
2002,7,2,9
2002,7,2,9
2002,7,2,9
2002,4,0,4
2002,6,2,8
2002,6,2,8
2002,5,2,7
2002,4,3,7
2002,4,1,5
2002,5,4,9
2002,4,1,5
2002,4,1,5
2002,4,2,6
2002,3,2,5
2002,4,2,6
2002,3,10,13
2002,2,1,3
2002,4,3,7
2002,5,10,15
2002,9,0,9
2002,6,3,9
2002,7,4,11
2002,9,3,12
2002,5,3,8
2002,3,1,4
2002,2,1,3
2002,5,4,9
2002,2,10,12
2002,12,10,22
2002,3,2,5
2002,2,0,2
2002,3,0,3
2002,6,5,11
2002,5,4,9
2002,7,6,13
2002,4,11,15
2002,3,2,5
2002,4,3,7
2002,2,1,3
2002,5,4,9
2002,9,2,11
2002,2,0,2
2002,7,3,10
2002,9,0,9
2002,4,3,7
2002,15,1,16
2002,3,2,5
2002,8,5,13
2002,6,13,19
2002,8,10,18
2002,5,2,7
2002,8,0,8
2002,8,3,11
2002,5,4,9
2002,4,11,15
2002,9,2,11
2002,3,1,4
2002,6,5,11
2002,9,7,16
2002,5,11,16
2002,9,12,21
2002,2,1,3
2002,3,13,16
2002,10,0,10
2002,6,3,9
2002,6,2,8
2002,8,5,13
2002,5,4,9
2002,9,0,9
2002,1,0,1
2002,7,0,7
2002,9,6,15
2002,1,0,1
2002,2,1,3
2002,6,10,16
2002,7,6,13
2002,7,2,9
2002,5,4,9
2002,6,1,7
2002,5,4,9
2002,5,10,15
2002,6,0,6
2002,4,3,7
2002,7,2,9
2002,5,4,9
2002,3,1,4
2002,9,5,14
2002,3,10,13
2002,9,5,14
2002,3,12,15
2002,5,4,9
2002,1,0,1
2002,4,3,7
2002,7,2,9
2002,1,0,1
2002,3,2,5
2002,6,5,11
2002,5,2,7
2002,6,2,8
2002,4,2,6
2002,4,1,5
2002,7,3,10
2002,5,12,17
2002,6,4,10
2002,6,11,17
2002,3,3,6
2002,6,4,10
2002,7,2,9
2002,7,5,12
2002,3,1,4
2002,1,0,1
2002,5,3,8
2002,5,0,5
2002,5,11,16
2002,4,3,7
2002,4,3,7
2002,5,4,9
2002,4,1,5
2002,6,5,11
2002,2,1,3
2002,9,3,12
2002,4,2,6
2002,5,0,5
2002,6,11,17
2002,3,2,5
2002,1,0,1
2002,4,0,4
2002,3,10,13
2002,9,3,12
2002,6,5,11
2002,6,5,11
2002,9,4,13
2002,3,10,13
2002,7,3,10
2002,6,2,8
2002,6,1,7
2002,7,3,10
2002,5,2,7
2002,6,5,11
2002,4,10,14
2002,9,2,11
2002,5,1,6
2002,5,0,5
2002,8,3,11
2002,7,3,10
2002,9,5,14
2002,4,1,5
2002,6,3,9
2002,7,4,11
2002,3,2,5
2002,2,1,3
2002,3,0,3
2002,6,2,8
2002,9,2,11
2002,2,1,3
2002,7,4,11
2002,5,1,6
2002,3,2,5
2002,5,2,7
2002,8,6,14
2002,7,10,17
2002,7,6,13
2002,7,3,10
2002,7,3,10
2002,7,5,12
2002,8,1,9
2002,4,3,7
2002,3,0,3
2002,4,0,4
2002,7,2,9
2002,2,0,2
2002,5,3,8
2002,7,4,11
2002,3,2,5
2002,5,0,5
2002,6,3,9
2002,8,6,14
2002,6,3,9
2002,14,12,26
2002,6,3,9
2002,2,1,3
2002,7,5,12
2002,6,2,8
2002,1,0,1
2002,8,0,8
2002,6,5,11
2002,3,11,14
2002,2,1,3
2002,5,3,8
2002,10,1,11
2002,6,0,6
2002,5,13,18
2002,8,2,10
2002,4,0,4
2002,4,3,7
2002,3,13,16
2002,5,1,6
2002,6,3,9
2002,3,1,4
2002,4,1,5
2002,7,4,11
2002,6,3,9
2002,3,2,5
2002,3,12,15
2002,9,3,12
2002,6,14,20
2002,4,2,6
2002,9,1,10
2002,8,6,14
2002,6,2,8
2002,7,0,7
2002,4,2,6
2002,9,2,11
2002,3,1,4
2002,5,4,9
2002,3,2,5
2002,7,11,18
2002,4,1,5
2002,8,2,10
2002,4,2,6
2002,4,10,14
2002,9,1,10
2002,6,4,10
2002,9,2,11
2002,4,3,7
2002,6,3,9
2002,6,2,8
2002,2,18,20
2002,7,2,9
2002,5,4,9
2002,4,0,4
2002,4,1,5
2002,8,3,11
2002,2,0,2
2002,5,2,7
2002,5,3,8
2002,5,2,7
2002,3,12,15
2002,5,3,8
2002,6,5,11
2002,4,3,7
2002,17,10,27
2002,3,2,5
2002,8,4,12
2002,7,2,9
2002,4,0,4
2002,7,0,7
2002,5,2,7
2002,8,3,11
2002,8,3,11
2002,4,12,16
2002,7,4,11
2002,7,10,17
2002,1,0,1
2002,4,2,6
2002,7,5,12
2002,3,2,5
2002,6,2,8
2002,7,6,13
2002,8,4,12
2002,5,3,8
2002,9,10,19
2002,8,4,12
2002,8,2,10
2002,4,3,7
2002,6,3,9
2002,6,3,9
2002,2,1,3
2002,3,10,13
2002,7,3,10
2002,6,0,6
2002,8,4,12
2002,5,4,9
2002,5,0,5
2002,8,5,13
2002,7,4,11
2002,5,10,15
2002,6,11,17
2002,6,4,10
2002,6,1,7
2002,6,2,8
2002,5,2,7
2002,4,2,6
2002,5,4,9
2002,9,4,13
2002,8,5,13
2002,7,0,7
2002,8,0,8
2002,9,2,11
2002,2,1,3
2002,9,1,10
2002,7,3,10
2002,2,1,3
2002,7,1,8
2002,1,0,1
2002,5,1,6
2002,2,1,3
2002,6,3,9
2002,1,0,1
2002,5,3,8
2002,6,1,7
2002,7,0,7
2002,6,10,16
2002,5,0,5
2002,13,10,23
2002,2,0,2
2002,2,1,3
2002,4,1,5
2002,9,6,15
2002,7,4,11
2002,6,2,8
2002,7,6,13
2002,6,3,9
2002,9,4,13
2002,5,15,20
2002,4,3,7
2002,4,3,7
2002,8,4,12
2002,4,2,6
2002,7,5,12
2002,4,2,6
2002,2,0,2
2002,5,1,6
2002,9,7,16
2002,9,7,16
2002,9,0,9
2002,5,0,5
2002,8,1,9
2002,4,10,14
2002,2,11,13
2002,8,7,15
2002,9,4,13
2002,3,2,5
2002,4,0,4
2002,5,3,8
2002,1,0,1
2002,6,3,9
2002,3,0,3
2002,4,2,6
2002,7,5,12
2002,5,1,6
2002,9,3,12
2002,7,6,13
2002,5,4,9
2002,4,2,6
2002,7,1,8
2002,7,0,7
2002,8,4,12
2002,2,1,3
2002,6,4,10
2002,9,5,14
2002,7,5,12
2002,9,5,14
2002,9,4,13
2002,8,3,11
2002,7,6,13
2002,19,1,20
2002,5,1,6
2002,4,2,6
2002,4,17,21
2002,11,1,12
2002,5,1,6
2002,8,4,12
2002,7,6,13
2002,5,2,7
2002,5,2,7
2002,5,3,8
2002,7,2,9
2002,5,3,8
2002,3,2,5
2002,3,0,3
2002,7,1,8
2002,10,1,11
2002,4,0,4
2002,7,6,13
2002,4,2,6
2002,3,2,5
2002,5,11,16
2002,6,2,8
2002,4,2,6
2002,3,1,4
2002,2,10,12
2002,5,4,9
2002,7,1,8
2002,6,0,6
2002,8,3,11
2002,3,0,3
2002,9,3,12
2002,8,5,13
2002,3,1,4
2002,3,11,14
2002,12,11,23
2002,5,1,6
2002,3,2,5
2002,2,1,3
2002,5,10,15
2002,4,2,6
2002,6,2,8
2002,2,11,13
2002,5,4,9
2002,6,11,17
2002,4,1,5
2002,9,3,12
2002,4,1,5
2002,5,0,5
2002,8,5,13
2002,10,1,11
2002,5,0,5
2002,6,3,9
2002,7,2,9
2002,9,7,16
2002,7,3,10
2002,7,14,21
2002,3,2,5
2002,5,3,8
2002,6,0,6
2002,8,1,9
2002,7,2,9
2002,11,0,11
2002,1,0,1
2002,2,11,13
2002,9,3,12
2002,4,0,4
2002,4,2,6
2002,4,1,5
2002,4,2,6
2002,5,3,8
2002,9,2,11
2002,6,1,7
2002,9,6,15
2002,2,0,2
2002,2,1,3
2002,5,4,9
2002,4,1,5
2002,4,3,7
2002,6,5,11
2002,2,11,13
2002,7,0,7
2002,6,2,8
2002,9,4,13
2002,7,6,13
2002,9,4,13
2002,9,16,25
2002,6,2,8
2002,5,4,9
2002,6,0,6
2002,6,4,10
2002,3,11,14
2002,11,1,12
2002,3,1,4
2002,3,1,4
2002,6,3,9
2002,2,1,3
2002,5,2,7
2002,3,2,5
2002,9,8,17
2002,9,11,20
2002,6,5,11
2002,6,10,16
2002,3,0,3
2002,5,2,7
2002,6,4,10
2002,6,5,11
2002,6,3,9
2002,7,12,19
2002,5,2,7
2002,8,2,10
2002,6,12,18
2002,6,2,8
2002,3,0,3
2002,5,4,9
2002,4,11,15
2002,4,12,16
2002,8,3,11
2002,4,11,15
2002,5,2,7
2002,3,1,4
2002,6,4,10
2002,2,1,3
2002,5,2,7
2002,12,1,13
2002,3,2,5
2002,6,5,11
2002,6,5,11
2002,8,5,13
2002,5,0,5
2002,6,3,9
2002,4,1,5
2002,6,5,11
2002,8,6,14
2002,9,6,15
2002,4,3,7
2002,8,2,10
2002,5,4,9
2002,9,2,11
2002,7,3,10
2002,6,3,9
2002,4,3,7
2002,7,6,13
2002,15,12,27
2002,5,4,9
2002,7,1,8
2002,6,3,9
2002,5,1,6
2002,8,2,10
2002,7,3,10
2002,6,1,7
2002,3,2,5
2002,6,3,9
2002,7,3,10
2002,3,2,5
2002,8,4,12
2002,8,3,11
2002,7,6,13
2002,5,12,17
2002,5,4,9
2002,4,2,6
2002,3,13,16
2002,3,2,5
2002,8,11,19
2002,2,13,15
2002,5,0,5
2002,5,3,8
2002,3,10,13
2002,5,2,7
2002,8,6,14
2002,5,0,5
2002,6,4,10
2002,3,1,4
2002,3,2,5
2002,3,16,19
2002,5,1,6
2002,5,10,15
2002,2,1,3
2002,5,4,9
2002,8,1,9
2002,1,0,1
2002,4,1,5
2002,4,12,16
2002,8,4,12
2002,4,13,17
2002,6,5,11
2002,8,3,11
2002,6,0,6
2002,5,0,5
2002,5,4,9
2002,9,3,12
2002,6,4,10
2002,8,0,8
2002,10,1,11
2002,8,4,12
2002,6,3,9
2002,1,0,1
2002,4,1,5
2002,7,4,11
2002,2,0,2
2002,6,1,7
2002,7,1,8
2002,5,2,7
2002,5,1,6
2002,7,6,13
2002,4,3,7
2002,4,3,7
2002,6,5,11
2002,2,1,3
2002,4,10,14
2002,4,2,6
2002,6,1,7
2002,4,11,15
2002,7,4,11
2002,8,5,13
2002,6,4,10
2002,5,4,9
2002,3,1,4
2002,1,0,1
2002,3,11,14
2002,3,2,5
2002,3,2,5
2002,9,7,16
2002,6,5,11
2002,2,1,3
2002,6,4,10
2002,3,1,4
2002,8,5,13
2002,2,0,2
2002,4,2,6
2002,7,4,11
2002,3,1,4
2002,2,1,3
2002,7,4,11
2002,3,2,5
2002,3,10,13
2002,3,2,5
2002,7,1,8
2002,6,0,6
2002,9,3,12
2002,2,1,3
2002,6,12,18
2002,6,5,11
2002,6,3,9
2002,5,4,9
2002,3,2,5
2002,5,3,8
2002,5,4,9
2002,3,1,4
2002,7,12,19
2002,3,2,5
2002,6,2,8
2002,4,2,6
2002,2,10,12
2002,9,4,13
2002,5,1,6
2002,6,2,8
2002,5,1,6
2002,6,1,7
2002,4,2,6
2002,5,4,9
2002,8,4,12
2002,8,1,9
2002,9,3,12
2002,7,11,18
2002,6,4,10
2002,3,0,3
2002,4,14,18
2002,5,3,8
2002,5,4,9
2002,8,15,23
2002,3,2,5
2002,3,2,5
2002,3,1,4
2002,6,3,9
2002,6,3,9
2002,4,2,6
2002,5,3,8
2002,6,4,10
2002,6,3,9
2002,4,3,7
2002,4,1,5
2002,2,13,15
2002,8,2,10
2002,4,3,7
2002,7,11,18
2002,4,3,7
2002,6,5,11
2002,3,1,4
2002,5,1,6
2002,7,5,12
2002,5,4,9
2002,4,3,7
2002,3,2,5
2002,7,3,10
2002,6,12,18
2002,5,4,9
2002,8,6,14
2002,3,2,5
2002,13,1,14
2002,4,2,6
2002,1,0,1
2002,3,1,4
2002,2,17,19
2002,1,0,1
2002,4,3,7
2002,9,6,15
2002,6,0,6
2002,5,3,8
2002,6,3,9
2002,8,7,15
2002,3,12,15
2002,3,2,5
2002,2,1,3
2002,11,1,12
2002,7,2,9
2002,8,2,10
2002,7,5,12
2002,7,6,13
2002,3,2,5
2002,7,5,12
2002,2,10,12
2002,4,3,7
2002,7,1,8
2002,4,3,7
2002,3,2,5
2002,6,0,6
2002,6,1,7
2002,4,3,7
2002,3,2,5
2002,4,2,6
2002,3,2,5
2002,1,0,1
2002,7,2,9
2002,6,5,11
2002,8,4,12
2002,4,3,7
2002,5,3,8
2002,9,1,10
2002,5,10,15
2002,5,1,6
2002,7,6,13
2002,8,6,14
2002,6,2,8
2002,6,1,7
2002,3,13,16
2002,8,3,11
2002,5,2,7
2002,1,0,1
2002,3,1,4
2002,4,3,7
2002,3,1,4
2002,7,4,11
2002,2,1,3
2002,2,1,3
2002,3,2,5
2002,5,2,7
2002,8,4,12
2002,8,17,25
2002,4,2,6
2002,9,6,15
2002,5,4,9
2002,6,5,11
2002,9,3,12
2002,2,14,16
2002,3,2,5
2002,6,0,6
2002,5,2,7
2002,5,2,7
2002,3,1,4
2002,8,10,18
2002,2,10,12
2002,7,6,13
2002,8,11,19
2002,6,1,7
2002,8,11,19
2002,7,3,10
2002,7,3,10
2002,4,3,7
2002,2,0,2
2002,3,1,4
2002,7,2,9
2002,6,1,7
2002,7,0,7
2002,4,0,4
2002,8,7,15
2002,1,0,1
2002,2,12,14
2002,8,5,13
2002,7,5,12
2002,8,5,13
2002,8,6,14
2002,9,1,10
2002,2,1,3
2002,7,3,10
2002,9,6,15
2002,6,3,9
2002,9,5,14
2002,2,11,13
2002,2,10,12
2002,6,3,9
2002,5,4,9
2002,8,3,11
2002,3,1,4
2002,2,1,3
2002,6,3,9
2002,9,6,15
2002,4,1,5
2002,2,1,3
2002,7,1,8
2002,5,4,9
2002,5,13,18
2002,4,3,7
2002,2,1,3
2002,4,3,7
2002,11,10,21
2002,4,10,14
2002,4,3,7
2002,4,16,20
2002,6,5,11
2002,4,1,5
2003,6,3,9
2003,8,0,8
2003,2,10,12
2003,6,5,11
2003,10,1,11
2003,3,1,4
2003,8,5,13
2003,3,0,3
2003,2,15,17
2003,5,2,7
2003,9,11,20
2003,6,4,10
2003,8,4,12
2003,10,0,10
2003,5,4,9
2003,4,10,14
2003,5,0,5
2003,8,1,9
2003,9,8,17
2003,10,1,11
2003,5,11,16
2003,5,0,5
2003,3,0,3
2003,4,2,6
2003,7,4,11
2003,8,1,9
2003,8,2,10
2003,8,7,15
2003,5,4,9
2003,4,1,5
2003,8,3,11
2003,5,3,8
2003,7,0,7
2003,7,5,12
2003,9,7,16
2003,4,0,4
2003,3,0,3
2003,7,5,12
2003,3,0,3
2003,8,3,11
2003,5,10,15
2003,6,12,18
2003,6,3,9
2003,7,6,13
2003,6,1,7
2003,6,4,10
2003,5,14,19
2003,7,12,19
2003,8,7,15
2003,5,2,7
2003,9,10,19
2003,2,1,3
2003,5,1,6
2003,7,5,12
2003,7,2,9
2003,4,0,4
2003,7,3,10
2003,9,1,10
2003,4,2,6
2003,6,5,11
2003,2,12,14
2003,6,4,10
2003,17,1,18
2003,2,1,3
2003,7,0,7
2003,9,7,16
2003,4,3,7
2003,3,1,4
2003,6,5,11
2003,4,3,7
2003,3,1,4
2003,4,2,6
2003,16,1,17
2003,3,0,3
2003,2,1,3
2003,6,5,11
2003,8,4,12
2003,4,13,17
2003,2,12,14
2003,2,10,12
2003,5,4,9
2003,8,3,11
2003,5,0,5
2003,8,1,9
2003,8,5,13
2003,7,6,13
2003,2,0,2
2003,4,3,7
2003,5,10,15
2003,2,11,13
2003,3,0,3
2003,6,4,10
2003,7,4,11
2003,6,1,7
2003,5,3,8
2003,15,12,27
2003,4,2,6
2003,2,1,3
2003,5,3,8
2003,7,3,10
2003,4,3,7
2003,5,3,8
2003,5,0,5
2003,9,4,13
2003,8,7,15
2003,2,1,3
2003,8,4,12
2003,3,0,3
2003,5,2,7
2003,9,4,13
2003,9,6,15
2003,3,2,5
2003,4,3,7
2003,5,2,7
2003,2,1,3
2003,2,16,18
2003,3,2,5
2003,5,1,6
2003,15,11,26
2003,7,10,17
2003,5,13,18
2003,5,10,15
2003,7,1,8
2003,7,2,9
2003,7,6,13
2003,4,2,6
2003,4,3,7
2003,4,2,6
2003,2,0,2
2003,6,2,8
2003,3,1,4
2003,3,0,3
2003,2,1,3
2003,4,3,7
2003,5,4,9
2003,8,7,15
2003,9,5,14
2003,7,11,18
2003,3,2,5
2003,7,6,13
2003,1,0,1
2003,5,0,5
2003,7,4,11
2003,3,2,5
2003,10,0,10
2003,6,4,10
2003,4,2,6
2003,3,2,5
2003,6,4,10
2003,9,4,13
2003,3,2,5
2003,6,13,19
2003,4,0,4
2003,8,5,13
2003,5,2,7
2003,4,3,7
2003,5,12,17
2003,3,0,3
2003,5,4,9
2003,5,4,9
2003,3,2,5
2003,4,13,17
2003,9,6,15
2003,8,2,10
2003,9,3,12
2003,2,0,2
2003,4,3,7
2003,13,1,14
2003,6,1,7
2003,3,2,5
2003,7,1,8
2003,8,11,19
2003,2,1,3
2003,2,1,3
2003,6,2,8
2003,4,3,7
2003,5,4,9
2003,9,3,12
2003,5,3,8
2003,3,11,14
2003,4,12,16
2003,7,5,12
2003,5,3,8
2003,9,10,19
2003,5,2,7
2003,4,3,7
2003,4,2,6
2003,4,0,4
2003,12,1,13
2003,6,5,11
2003,8,5,13
2003,11,1,12
2003,8,3,11
2003,3,2,5
2003,6,1,7
2003,6,4,10
2003,2,1,3
2003,5,0,5
2003,4,3,7
2003,3,1,4
2003,5,3,8
2003,8,4,12
2003,5,4,9
2003,4,3,7
2003,6,4,10
2003,4,3,7
2003,4,10,14
2003,4,3,7
2003,3,0,3
2003,2,15,17
2003,4,2,6
2003,3,2,5
2003,7,6,13
2003,3,1,4
2003,6,3,9
2003,4,1,5
2003,8,5,13
2003,9,8,17
2003,2,11,13
2003,6,0,6
2003,8,2,10
2003,3,16,19
2003,6,4,10
2003,4,3,7
2003,4,2,6
2003,6,0,6
2003,8,14,22
2003,4,0,4
2003,7,3,10
2003,7,2,9
2003,4,3,7
2003,9,7,16
2003,8,2,10
2003,5,4,9
2003,9,7,16
2003,7,3,10
2003,5,3,8
2003,12,1,13
2003,4,3,7
2003,5,1,6
2003,5,11,16
2003,4,11,15
2003,6,3,9
2003,9,0,9
2003,7,2,9
2003,6,3,9
2003,7,6,13
2003,4,0,4
2003,8,7,15
2003,7,2,9
2003,3,12,15
2003,9,10,19
2003,9,2,11
2003,9,3,12
2003,3,2,5
2003,4,2,6
2003,8,7,15
2003,9,5,14
2003,6,5,11
2003,2,12,14
2003,6,1,7
2003,4,3,7
2003,7,6,13
2003,8,1,9
2003,4,1,5
2003,6,5,11
2003,7,4,11
2003,8,0,8
2003,4,3,7
2003,4,16,20
2003,5,4,9
2003,8,2,10
2003,7,5,12
2003,7,4,11
2003,2,1,3
2003,8,2,10
2003,1,0,1
2003,4,0,4
2003,6,11,17
2003,9,2,11
2003,15,1,16
2003,8,3,11
2003,5,3,8
2003,3,1,4
2003,7,2,9
2003,2,1,3
2003,4,2,6
2003,4,3,7
2003,4,0,4
2003,6,2,8
2003,6,5,11
2003,5,2,7
2003,5,2,7
2003,8,5,13
2003,4,3,7
2003,5,4,9
2003,9,2,11
2003,4,2,6
2003,7,1,8
2003,2,0,2
2003,3,0,3
2003,5,4,9
2003,6,2,8
2003,4,2,6
2003,4,1,5
2003,6,4,10
2003,4,3,7
2003,4,0,4
2003,4,3,7
2003,6,1,7
2003,6,2,8
2003,4,3,7
2003,5,4,9
2003,2,1,3
2003,3,2,5
2003,4,2,6
2003,2,1,3
2003,1,0,1
2003,7,4,11
2003,2,0,2
2003,9,1,10
2003,3,1,4
2003,4,2,6
2003,5,3,8
2003,5,16,21
2003,5,2,7
2003,5,12,17
2003,6,1,7
2003,7,3,10
2003,7,11,18
2003,9,2,11
2003,2,10,12
2003,4,3,7
2003,5,2,7
2003,7,4,11
2003,5,2,7
2003,6,0,6
2003,2,1,3
2003,3,2,5
2003,6,5,11
2003,3,1,4
2003,3,2,5
2003,7,4,11
2003,7,6,13
2003,8,5,13
2003,5,3,8
2003,3,2,5
2003,6,3,9
2003,2,10,12
2003,4,3,7
2003,6,4,10
2003,7,10,17
2003,7,5,12
2003,9,6,15
2003,6,4,10
2003,7,1,8
2003,3,1,4
2003,7,5,12
2003,6,3,9
2003,7,6,13
2003,6,3,9
2003,6,1,7
2003,7,3,10
2003,4,3,7
2003,1,0,1
2003,6,2,8
2003,4,3,7
2003,7,4,11
2003,7,10,17
2003,9,10,19
2003,7,1,8
2003,3,0,3
2003,7,5,12
2003,7,2,9
2003,3,2,5
2003,10,1,11
2003,5,10,15
2003,3,11,14
2003,3,1,4
2003,6,2,8
2003,3,2,5
2003,5,3,8
2003,6,0,6
2003,7,2,9
2003,4,2,6
2003,3,13,16
2003,16,11,27
2003,7,3,10
2003,5,4,9
2003,4,1,5
2003,6,2,8
2003,13,11,24
2003,11,1,12
2003,4,0,4
2003,9,5,14
2003,8,5,13
2003,8,5,13
2003,8,5,13
2003,5,0,5
2003,4,13,17
2003,3,11,14
2003,4,3,7
2003,6,5,11
2003,7,5,12
2003,7,2,9
2003,5,2,7
2003,6,4,10
2003,8,7,15
2003,4,1,5
2003,5,0,5
2003,6,5,11
2003,2,1,3
2003,5,2,7
2003,5,1,6
2003,6,5,11
2003,7,6,13
2003,4,2,6
2003,5,2,7
2003,7,11,18
2003,9,2,11
2003,7,4,11
2003,6,5,11
2003,2,0,2
2003,4,3,7
2003,5,3,8
2003,9,3,12
2003,5,3,8
2003,5,4,9
2003,5,1,6
2003,8,1,9
2003,3,1,4
2003,7,6,13
2003,6,1,7
2003,9,1,10
2003,2,12,14
2003,6,4,10
2003,6,5,11
2003,8,6,14
2003,5,2,7
2003,4,1,5
2003,3,2,5
2003,5,3,8
2003,5,4,9
2003,9,6,15
2003,3,1,4
2003,7,1,8
2003,7,4,11
2003,4,0,4
2003,9,4,13
2003,5,1,6
2003,5,4,9
2003,3,1,4
2003,7,3,10
2003,5,2,7
2003,3,2,5
2003,5,3,8
2003,2,0,2
2003,3,1,4
2003,6,1,7
2003,6,2,8
2003,8,2,10
2003,10,1,11
2003,6,1,7
2003,5,3,8
2003,5,4,9
2003,8,1,9
2003,7,6,13
2003,6,1,7
2003,6,5,11
2003,3,2,5
2003,7,6,13
2003,9,6,15
2003,6,5,11
2003,4,2,6
2003,9,10,19
2003,7,3,10
2003,4,2,6
2003,3,2,5
2003,6,0,6
2003,7,12,19
2003,7,3,10
2003,5,15,20
2003,6,5,11
2003,5,2,7
2003,9,4,13
2003,2,1,3
2003,4,2,6
2003,3,2,5
2003,4,13,17
2003,9,6,15
2003,9,12,21
2003,2,1,3
2003,8,4,12
2003,7,2,9
2003,6,11,17
2003,5,4,9
2003,7,1,8
2003,6,12,18
2003,5,2,7
2003,8,6,14
2003,3,2,5
2003,6,2,8
2003,5,12,17
2003,6,1,7
2003,8,5,13
2003,5,16,21
2003,5,0,5
2003,8,6,14
2003,6,1,7
2003,9,2,11
2003,6,3,9
2003,7,6,13
2003,5,4,9
2003,5,15,20
2003,5,4,9
2003,5,0,5
2003,9,5,14
2003,5,4,9
2003,7,2,9
2003,5,3,8
2003,5,0,5
2003,6,3,9
2003,2,0,2
2003,9,5,14
2003,7,4,11
2003,6,3,9
2003,3,2,5
2003,9,3,12
2003,5,4,9
2003,8,4,12
2003,6,5,11
2003,6,5,11
2003,4,2,6
2003,5,2,7
2003,2,0,2
2003,5,4,9
2003,4,3,7
2003,3,1,4
2003,6,4,10
2003,4,2,6
2003,7,3,10
2003,7,5,12
2003,7,2,9
2003,8,5,13
2003,9,8,17
2003,4,3,7
2003,3,2,5
2003,5,2,7
2003,7,10,17
2003,2,1,3
2003,7,2,9
2003,9,2,11
2003,17,10,27
2003,9,6,15
2003,4,11,15
2003,5,11,16
2003,3,2,5
2003,9,4,13
2003,6,1,7
2003,4,3,7
2003,5,4,9
2003,1,0,1
2003,8,3,11
2003,9,8,17
2003,3,1,4
2003,3,1,4
2003,7,2,9
2003,4,2,6
2003,3,10,13
2003,6,1,7
2003,6,3,9
2003,6,5,11
2003,6,4,10
2003,7,2,9
2003,7,5,12
2003,7,1,8
2003,5,1,6
2003,7,2,9
2003,6,5,11
2003,2,1,3
2003,5,1,6
2003,6,1,7
2003,7,0,7
2003,5,3,8
2003,2,0,2
2003,3,2,5
2003,3,10,13
2003,6,3,9
2003,4,0,4
2003,7,6,13
2003,3,12,15
2003,8,2,10
2003,9,1,10
2003,4,2,6
2003,2,11,13
2003,4,2,6
2003,9,5,14
2003,4,10,14
2003,6,4,10
2003,6,2,8
2003,6,15,21
2003,3,11,14
2003,6,3,9
2003,9,5,14
2003,8,5,13
2003,5,1,6
2003,6,5,11
2003,3,2,5
2003,4,1,5
2003,6,3,9
2003,4,2,6
2003,18,1,19
2003,2,1,3
2003,3,12,15
2003,3,18,21
2003,8,5,13
2003,6,4,10
2003,7,5,12
2003,7,4,11
2003,8,5,13
2003,2,0,2
2003,6,2,8
2003,4,2,6
2003,6,4,10
2003,6,3,9
2003,9,4,13
2003,7,4,11
2003,4,1,5
2003,8,6,14
2003,3,1,4
2003,5,2,7
2003,2,12,14
2003,5,1,6
2003,2,1,3
2003,8,6,14
2003,9,8,17
2003,5,3,8
2003,8,5,13
2003,4,0,4
2003,6,2,8
2003,3,1,4
2003,4,3,7
2003,2,1,3
2003,6,3,9
2003,3,2,5
2003,5,1,6
2003,6,3,9
2003,5,1,6
2003,6,3,9
2003,4,3,7
2003,7,3,10
2003,2,12,14
2003,9,10,19
2003,6,5,11
2003,2,0,2
2003,7,6,13
2003,6,5,11
2003,7,10,17
2003,4,1,5
2003,9,8,17
2003,6,4,10
2003,3,2,5
2003,3,1,4
2003,8,7,15
2003,6,4,10
2003,7,11,18
2003,4,1,5
2003,7,4,11
2003,5,2,7
2003,7,6,13
2003,6,0,6
2003,4,2,6
2003,6,5,11
2003,9,3,12
2003,4,0,4
2003,7,4,11
2003,3,2,5
2003,10,0,10
2003,7,2,9
2003,5,4,9
2003,4,3,7
2003,5,2,7
2003,5,14,19
2003,8,7,15
2003,7,4,11
2003,9,4,13
2003,3,2,5
2003,5,2,7
2003,4,3,7
2003,8,2,10
2003,8,3,11
2003,6,3,9
2003,6,5,11
2003,3,2,5
2003,5,1,6
2003,8,10,18
2003,3,1,4
2003,5,3,8
2003,6,5,11
2003,9,2,11
2003,3,2,5
2003,8,4,12
2003,7,10,17
2003,7,5,12
2003,6,4,10
2003,4,2,6
2003,6,2,8
2003,4,1,5
2003,8,10,18
2003,5,2,7
2003,5,3,8
2003,7,2,9
2003,5,1,6
2003,4,10,14
2003,3,12,15
2003,1,0,1
2003,5,4,9
2003,5,1,6
2003,3,2,5
2003,6,0,6
2003,3,2,5
2003,5,2,7
2003,3,1,4
2003,6,0,6
2003,7,2,9
2003,3,10,13
2003,6,1,7
2003,9,5,14
2003,3,1,4
2003,6,4,10
2003,8,5,13
2003,6,2,8
2003,5,1,6
2003,7,3,10
2003,5,1,6
2003,5,3,8
2003,5,3,8
2003,4,3,7
2003,8,7,15
2003,3,1,4
2003,13,10,23
2003,8,4,12
2003,7,6,13
2003,10,0,10
2003,7,12,19
2003,6,5,11
2003,5,1,6
2003,8,4,12
2003,5,10,15
2003,5,11,16
2003,3,2,5
2003,4,12,16
2003,9,4,13
2003,7,3,10
2003,5,2,7
2003,7,15,22
2003,4,3,7
2003,3,11,14
2003,4,2,6
2003,4,2,6
2003,4,3,7
2003,7,4,11
2003,4,2,6
2003,5,1,6
2003,3,15,18
2003,6,2,8
2003,5,4,9
2003,6,0,6
2003,8,2,10
2003,4,3,7
2003,6,0,6
2003,5,2,7
2003,6,5,11
2003,6,5,11
2003,3,11,14
2003,8,6,14
2003,2,10,12
2003,3,1,4
2003,6,4,10
2003,8,0,8
2003,8,4,12
2003,5,12,17
2003,3,2,5
2003,6,1,7
2003,6,10,16
2003,5,0,5
2003,3,2,5
2003,7,4,11
2003,2,1,3
2003,3,2,5
2003,8,1,9
2003,9,1,10
2003,7,3,10
2003,6,0,6
2003,4,3,7
2003,6,11,17
2003,5,3,8
2003,6,0,6
2003,5,2,7
2003,5,12,17
2003,8,3,11
2003,6,2,8
2003,7,3,10
2003,8,6,14
2003,2,13,15
2003,7,1,8
2003,1,0,1
2003,4,2,6
2003,3,2,5
2003,7,6,13
2003,3,0,3
2003,5,2,7
2003,4,2,6
2003,8,7,15
2003,2,1,3
2003,4,3,7
2003,6,1,7
2003,7,10,17
2003,5,4,9
2003,9,3,12
2003,5,4,9
2003,9,10,19
2003,9,6,15
2003,6,4,10
2003,4,3,7
2003,9,5,14
2003,4,10,14
2003,4,3,7
2003,4,1,5
2003,4,10,14
2003,4,0,4
2003,5,4,9
2003,9,4,13
2003,8,11,19
2003,5,2,7
2003,4,1,5
2003,4,1,5
2003,2,1,3
2003,6,5,11
2003,3,2,5
2003,4,3,7
2003,7,3,10
2003,2,13,15
2003,6,11,17
2003,4,3,7
2003,4,15,19
2003,4,0,4
2003,3,2,5
2003,6,4,10
2003,5,11,16
2003,8,6,14
2003,5,2,7
2003,5,2,7
2003,6,2,8
2003,2,1,3
2003,6,5,11
2003,6,4,10
2003,2,1,3
2003,2,11,13
2003,7,2,9
2003,4,11,15
2003,8,3,11
2003,5,3,8
2003,4,3,7
2003,8,5,13
2003,3,2,5
2003,8,4,12
2003,8,1,9
2003,2,10,12
2003,7,4,11
2003,2,0,2
2003,11,1,12
2003,5,2,7
2003,8,7,15
2003,8,7,15
2003,5,3,8
2003,5,4,9
2003,5,4,9
2003,5,1,6
2003,5,2,7
2003,5,13,18
2003,6,3,9
2003,5,3,8
2003,9,2,11
2003,4,1,5
2003,8,11,19
2003,2,1,3
2003,9,3,12
2003,13,10,23
2003,3,2,5
2003,7,4,11
2003,7,5,12
2003,5,3,8
2003,8,6,14
2003,5,3,8
2003,8,6,14
2003,5,2,7
2003,9,8,17
2003,13,11,24
2003,9,5,14
2003,9,2,11
2003,5,4,9
2003,4,1,5
2003,11,10,21
2003,5,4,9
2003,6,2,8
2003,7,5,12
2003,8,1,9
2003,3,13,16
2003,6,5,11
2003,8,7,15
2003,5,0,5
2003,8,7,15
2003,8,5,13
2003,2,1,3
2003,3,10,13
2003,9,1,10
2003,3,2,5
2003,13,1,14
2003,7,0,7
2003,7,1,8
2003,8,3,11
2003,9,4,13
2003,7,6,13
2003,11,10,21
2003,3,0,3
2003,2,1,3
2003,4,0,4
2003,9,7,16
2003,5,3,8
2003,8,5,13
2003,3,1,4
2003,7,3,10
2003,4,12,16
2003,5,0,5
2003,5,3,8
2003,4,3,7
2003,7,3,10
2003,4,2,6
2003,9,7,16
2003,8,13,21
2003,5,3,8
2003,7,6,13
2003,13,1,14
2003,4,11,15
2003,3,2,5
2003,3,1,4
2003,4,3,7
2003,6,5,11
2003,7,4,11
2003,8,0,8
2003,6,11,17
2003,3,1,4
2003,7,6,13
2003,8,2,10
2003,8,5,13
2003,6,1,7
2003,8,7,15
2003,8,4,12
2003,9,4,13
2003,3,2,5
2003,6,5,11
2003,3,15,18
2003,6,5,11
2003,4,2,6
2003,1,0,1
2003,2,1,3
2003,11,0,11
2003,5,4,9
2003,7,3,10
2003,7,2,9
2003,4,3,7
2003,5,3,8
2003,15,1,16
2003,4,3,7
2003,7,2,9
2003,6,1,7
2003,3,1,4
2003,5,2,7
2003,8,4,12
2003,2,1,3
2003,7,1,8
2003,8,0,8
2003,5,1,6
2003,3,13,16
2003,8,3,11
2003,8,4,12
2003,6,5,11
2003,2,12,14
2003,5,2,7
2003,9,7,16
2003,7,4,11
2003,9,2,11
2003,4,13,17
2003,5,4,9
2003,3,1,4
2003,9,12,21
2003,2,13,15
2003,4,2,6
2003,8,0,8
2003,5,4,9
2003,3,2,5
2003,1,0,1
2003,4,3,7
2003,5,4,9
2003,5,4,9
2003,8,12,20
2003,5,2,7
2003,9,1,10
2003,2,1,3
2003,9,5,14
2003,4,10,14
2003,5,4,9
2003,4,2,6
2003,4,3,7
2003,7,5,12
2003,1,0,1
2003,9,8,17
2003,9,4,13
2003,6,3,9
2003,7,4,11
2003,2,1,3
2003,4,3,7
2003,7,4,11
2003,5,0,5
2003,4,3,7
2003,7,14,21
2003,4,1,5
2003,3,12,15
2003,2,11,13
2003,2,10,12
2003,4,3,7
2003,5,4,9
2003,8,4,12
2003,6,2,8
2003,3,1,4
2003,4,1,5
2003,5,3,8
2003,4,1,5
2003,5,10,15
2003,2,1,3
2003,8,6,14
2003,8,2,10
2003,9,1,10
2003,1,0,1
2003,4,3,7
2003,6,1,7
2003,7,3,10
2003,4,3,7
2003,2,0,2
2003,6,1,7
2003,4,3,7
2003,3,1,4
2003,5,10,15
2003,3,10,13
2003,5,1,6
2003,4,2,6
2003,2,16,18
2003,2,0,2
2003,8,4,12
2003,9,2,11
2003,3,2,5
2003,5,2,7
2003,2,0,2
2003,6,5,11
2003,6,3,9
2003,3,12,15
2003,7,5,12
2003,3,1,4
2003,5,2,7
2003,3,2,5
2003,8,4,12
2003,5,0,5
2003,5,3,8
2003,5,4,9
2003,5,3,8
2003,4,10,14
2003,3,12,15
2003,5,3,8
2003,2,10,12
2003,7,6,13
2003,9,6,15
2003,2,0,2
2003,4,2,6
2003,8,1,9
2003,8,5,13
2003,6,4,10
2003,6,5,11
2003,7,6,13
2003,4,2,6
2003,8,1,9
2003,9,5,14
2003,6,5,11
2003,9,3,12
2003,2,1,3
2003,5,3,8
2003,3,2,5
2003,6,3,9
2003,8,3,11
2003,4,2,6
2003,7,3,10
2003,6,5,11
2003,5,0,5
2003,8,5,13
2003,3,1,4
2003,5,2,7
2003,3,1,4
2003,7,6,13
2003,3,1,4
2003,3,0,3
2003,5,1,6
2003,3,2,5
2003,4,2,6
2003,3,1,4
2003,4,13,17
2003,6,4,10
2003,5,12,17
2003,5,3,8
2003,10,1,11
2003,9,1,10
2003,3,1,4
2003,2,1,3
2003,6,4,10
2003,8,4,12
2003,5,2,7
2003,2,1,3
2003,7,4,11
2003,9,10,19
2003,7,6,13
2003,6,4,10
2003,6,3,9
2003,3,2,5
2003,8,1,9
2003,2,11,13
2003,6,12,18
2003,3,1,4
2003,6,5,11
2003,6,5,11
2003,6,3,9
2003,7,6,13
2003,6,0,6
2003,9,6,15
2003,8,5,13
2003,9,8,17
2003,9,2,11
2003,6,10,16
2003,8,1,9
2003,6,4,10
2003,5,3,8
2003,4,1,5
2003,5,1,6
2003,6,1,7
2003,7,11,18
2003,4,3,7
2003,13,0,13
2003,8,13,21
2003,3,0,3
2003,4,2,6
2003,8,25,33
2003,4,3,7
2003,3,0,3
2003,8,3,11
2003,7,10,17
2003,6,3,9
2003,13,1,14
2003,6,4,10
2003,5,3,8
2003,8,2,10
2003,6,0,6
2003,8,2,10
2003,6,5,11
2003,3,1,4
2003,9,5,14
2003,9,10,19
2003,7,6,13
2003,5,4,9
2003,7,0,7
2003,2,0,2
2003,9,13,22
2003,5,2,7
2003,7,1,8
2003,9,8,17
2003,5,4,9
2003,6,0,6
2003,8,7,15
2003,9,7,16
2003,4,2,6
2003,3,1,4
2003,4,3,7
2003,7,11,18
2003,5,2,7
2003,3,1,4
2003,5,3,8
2003,8,5,13
2003,6,13,19
2003,5,4,9
2003,5,3,8
2003,9,0,9
2003,8,6,14
2003,5,2,7
2003,2,0,2
2003,2,10,12
2003,6,3,9
2003,6,5,11
2003,3,10,13
2003,8,7,15
2003,6,2,8
2003,8,1,9
2003,5,10,15
2003,8,5,13
2003,3,1,4
2003,3,1,4
2003,4,3,7
2003,5,1,6
2003,7,5,12
2003,7,3,10
2003,6,1,7
2003,7,4,11
2003,5,0,5
2003,20,1,21
2003,6,5,11
2003,6,3,9
2003,7,1,8
2003,7,6,13
2003,3,2,5
2003,4,3,7
2003,5,3,8
2003,5,1,6
2003,4,3,7
2003,5,0,5
2003,8,6,14
2003,6,2,8
2003,8,2,10
2003,2,1,3
2003,5,3,8
2003,8,2,10
2003,4,3,7
2003,4,11,15
2003,13,0,13
2003,1,0,1
2003,4,3,7
2003,4,1,5
2003,5,4,9
2003,6,5,11
2003,5,4,9
2003,6,5,11
2003,8,4,12
2003,7,3,10
2003,3,2,5
2003,7,4,11
2003,4,1,5
2003,5,2,7
2003,2,12,14
2003,8,7,15
2003,9,5,14
2003,6,5,11
2003,8,6,14
2003,8,5,13
2003,8,11,19
2003,7,2,9
2003,9,8,17
2003,3,1,4
2003,8,6,14
2003,9,2,11
2003,3,10,13
2003,1,0,1
2003,2,1,3
2003,3,2,5
2003,8,6,14
2003,4,3,7
2003,7,3,10
2003,3,2,5
2003,9,2,11
2003,6,5,11
2003,6,2,8
2003,9,5,14
2003,2,0,2
2003,9,8,17
2003,2,13,15
2003,2,10,12
2003,6,3,9
2003,5,4,9
2003,4,3,7
2003,5,2,7
2003,3,2,5
2003,3,2,5
2003,7,5,12
2003,5,3,8
2003,4,1,5
2003,7,5,12
2003,5,3,8
2003,2,1,3
2003,3,1,4
2003,5,3,8
2003,7,1,8
2003,6,5,11
2003,6,3,9
2003,8,3,11
2003,3,2,5
2003,3,11,14
2003,5,1,6
2003,6,14,20
2003,6,3,9
2003,7,1,8
2003,9,2,11
2003,8,1,9
2003,2,1,3
2003,7,3,10
2003,7,1,8
2003,5,1,6
2003,4,0,4
2003,9,3,12
2003,4,3,7
2003,4,0,4
2003,2,1,3
2003,6,3,9
2003,8,7,15
2003,6,13,19
2003,5,3,8
2003,9,3,12
2003,8,5,13
2003,6,5,11
2003,8,3,11
2003,8,6,14
2003,2,1,3
2003,5,3,8
2003,8,3,11
2003,5,1,6
2003,6,2,8
2003,7,11,18
2003,4,2,6
2003,2,12,14
2003,2,1,3
2003,2,0,2
2003,6,3,9
2003,6,3,9
2003,7,2,9
2003,6,5,11
2003,4,1,5
2003,8,7,15
2003,7,1,8
2003,2,14,16
2003,3,13,16
2003,3,2,5
2003,3,11,14
2003,1,0,1
2003,2,11,13
2003,5,4,9
2003,7,2,9
2003,5,2,7
2003,4,1,5
2003,9,4,13
2003,9,4,13
2003,7,1,8
2003,5,0,5
2003,7,10,17
2003,9,5,14
2003,5,12,17
2003,7,6,13
2003,5,3,8
2003,4,2,6
2003,6,1,7
2003,5,4,9
2003,3,10,13
2003,2,0,2
2003,4,3,7
2003,4,2,6
2003,3,13,16
2003,8,5,13
2003,6,1,7
2003,8,1,9
2003,7,3,10
2003,7,4,11
2003,4,2,6
2003,5,3,8
2003,4,2,6
2003,5,2,7
2003,5,1,6
2003,7,1,8
2003,4,2,6
2003,5,3,8
2003,6,5,11
2003,9,7,16
2003,8,2,10
2003,3,10,13
2003,8,3,11
2003,7,4,11
2003,7,2,9
2003,7,4,11
2003,9,3,12
2003,3,0,3
2003,5,2,7
2003,8,10,18
2003,4,11,15
2003,4,3,7
2003,1,0,1
2003,2,13,15
2003,3,1,4
2003,8,2,10
2003,6,2,8
2003,3,2,5
2003,2,1,3
2003,5,2,7
2003,9,10,19
2003,5,4,9
2003,7,1,8
2003,6,3,9
2003,6,2,8
2003,5,4,9
2003,5,2,7
2003,7,5,12
2003,9,1,10
2003,8,4,12
2003,6,12,18
2003,4,11,15
2003,6,5,11
2003,4,1,5
2003,7,5,12
2003,5,3,8
2003,6,0,6
2003,6,3,9
2003,8,5,13
2003,3,2,5
2003,4,10,14
2003,3,1,4
2003,7,2,9
2003,6,0,6
2003,7,0,7
2003,2,0,2
2003,7,4,11
2003,8,4,12
2003,5,4,9
2003,6,2,8
2003,9,8,17
2003,1,0,1
2003,5,1,6
2003,3,1,4
2003,9,4,13
2003,7,4,11
2003,4,3,7
2003,1,0,1
2003,2,0,2
2003,5,3,8
2003,7,3,10
2003,8,11,19
2003,7,6,13
2003,9,4,13
2003,10,1,11
2003,6,3,9
2003,2,16,18
2003,7,5,12
2003,7,10,17
2003,6,4,10
2003,7,4,11
2003,3,2,5
2003,6,3,9
2003,3,2,5
2003,8,4,12
2003,4,15,19
2003,6,15,21
2003,3,2,5
2003,5,14,19
2003,4,3,7
2003,2,11,13
2003,4,1,5
2003,6,1,7
2003,4,1,5
2003,5,4,9
2003,8,0,8
2003,8,6,14
2003,5,3,8
2003,5,4,9
2003,5,4,9
2003,3,2,5
2003,8,4,12
2003,6,12,18
2003,7,4,11
2003,5,2,7
2003,6,4,10
2003,9,1,10
2003,10,0,10
2003,5,2,7
2003,8,10,18
2003,7,5,12
2003,2,0,2
2003,3,2,5
2003,3,1,4
2003,3,1,4
2003,5,4,9
2003,4,10,14
2003,3,0,3
2003,6,5,11
2003,4,1,5
2003,8,3,11
2003,3,2,5
2003,8,3,11
2003,5,2,7
2003,4,2,6
2003,8,4,12
2003,6,0,6
2003,7,1,8
2003,9,12,21
2003,7,6,13
2003,5,2,7
2003,9,15,24
2003,6,14,20
2003,7,5,12
2003,7,4,11
2003,1,0,1
2003,2,1,3
2003,6,2,8
2003,5,1,6
2003,5,3,8
2003,3,0,3
2003,3,2,5
2003,6,10,16
2003,4,3,7
2003,3,2,5
2003,2,1,3
2003,4,3,7
2003,7,2,9
2003,6,5,11
2003,7,3,10
2003,8,3,11
2003,5,11,16
2003,5,3,8
2003,9,8,17
2003,3,1,4
2003,5,11,16
2003,5,2,7
2003,5,10,15
2003,5,3,8
2003,8,1,9
2003,1,0,1
2003,5,4,9
2003,6,10,16
2003,9,2,11
2003,8,13,21
2003,5,1,6
2003,5,10,15
2003,3,1,4
2003,4,15,19
2003,8,3,11
2003,4,0,4
2003,2,1,3
2003,8,13,21
2003,7,2,9
2003,10,1,11
2003,1,0,1
2003,6,4,10
2003,9,1,10
2003,3,2,5
2003,6,1,7
2003,5,1,6
2003,7,6,13
2003,5,3,8
2003,13,10,23
2003,8,5,13
2003,7,3,10
2003,6,2,8
2003,4,3,7
2003,10,1,11
2003,2,1,3
2003,6,5,11
2003,3,2,5
2003,8,10,18
2003,4,2,6
2003,10,1,11
2003,3,0,3
2003,6,2,8
2003,6,3,9
2003,3,0,3
2003,5,3,8
2003,2,1,3
2003,9,6,15
2003,7,5,12
2003,2,1,3
2003,6,3,9
2003,6,2,8
2003,2,0,2
2003,8,7,15
2003,5,11,16
2003,7,14,21
2003,9,8,17
2003,8,0,8
2003,7,3,10
2003,6,3,9
2003,3,2,5
2003,3,1,4
2003,4,15,19
2003,5,1,6
2003,11,1,12
2003,2,0,2
2003,4,2,6
2003,4,2,6
2003,7,2,9
2003,3,13,16
2003,9,2,11
2003,5,3,8
2003,2,1,3
2003,7,4,11
2003,9,4,13
2003,5,4,9
2003,8,6,14
2003,9,10,19
2003,3,2,5
2003,4,3,7
2003,3,1,4
2003,7,3,10
2003,7,10,17
2003,4,0,4
2003,7,3,10
2003,7,6,13
2003,5,0,5
2003,2,0,2
2003,2,1,3
2003,4,3,7
2003,5,3,8
2003,2,1,3
2003,9,6,15
2003,4,10,14
2003,8,4,12
2003,8,2,10
2003,3,2,5
2003,6,0,6
2003,12,11,23
2003,12,1,13
2003,3,10,13
2003,6,1,7
2003,6,4,10
2003,2,11,13
2003,4,3,7
2003,5,4,9
2003,5,2,7
2003,8,10,18
2003,9,2,11
2003,7,1,8
2003,9,10,19
2003,7,10,17
2003,6,4,10
2003,4,10,14
2003,1,0,1
2003,10,0,10
2003,9,7,16
2003,4,0,4
2003,8,4,12
2003,7,5,12
2003,2,1,3
2003,7,3,10
2003,3,1,4
2003,2,0,2
2003,7,2,9
2003,4,2,6
2003,5,13,18
2003,2,1,3
2003,5,2,7
2003,4,16,20
2003,8,2,10
2003,8,5,13
2003,3,2,5
2003,9,13,22
2003,10,1,11
2003,8,5,13
2003,3,2,5
2003,9,10,19
2003,5,4,9
2003,2,1,3
2003,7,2,9
2003,7,2,9
2003,10,1,11
2003,5,2,7
2003,4,3,7
2003,6,2,8
2003,3,0,3
2003,3,0,3
2003,4,0,4
2003,5,4,9
2003,3,2,5
2003,7,3,10
2003,4,2,6
2003,4,3,7
2003,6,10,16
2003,5,1,6
2003,9,3,12
2003,11,1,12
2003,2,1,3
2003,2,10,12
2003,5,4,9
2003,3,2,5
2003,2,0,2
2003,7,3,10
2003,7,3,10
2003,5,4,9
2003,5,3,8
2003,9,3,12
2003,3,0,3
2003,4,3,7
2003,3,2,5
2003,5,4,9
2003,4,3,7
2003,7,1,8
2003,7,5,12
2003,9,3,12
2003,7,5,12
2003,3,0,3
2003,3,2,5
2003,3,1,4
2003,4,10,14
2003,4,2,6
2003,3,2,5
2003,5,2,7
2003,6,13,19
2003,4,3,7
2003,5,1,6
2003,3,1,4
2003,5,3,8
2003,9,7,16
2003,1,0,1
2003,9,1,10
2003,7,2,9
2003,4,0,4
2003,5,3,8
2003,2,1,3
2003,6,4,10
2003,7,2,9
2003,3,2,5
2003,3,2,5
2003,4,10,14
2003,8,4,12
2003,3,1,4
2003,6,1,7
2003,7,1,8
2003,2,1,3
2003,9,5,14
2003,8,6,14
2003,3,1,4
2003,6,2,8
2003,5,3,8
2003,7,4,11
2003,5,3,8
2003,5,1,6
2003,3,1,4
2003,5,3,8
2003,4,3,7
2003,8,2,10
2003,3,1,4
2003,5,4,9
2003,8,6,14
2003,2,0,2
2003,5,2,7
2003,3,2,5
2003,7,3,10
2003,5,4,9
2003,8,10,18
2003,3,1,4
2003,9,3,12
2003,9,12,21
2003,5,3,8
2003,3,1,4
2003,4,0,4
2003,6,4,10
2003,5,3,8
2003,4,3,7
2003,9,3,12
2003,4,10,14
2003,4,14,18
2003,3,0,3
2003,2,0,2
2003,5,4,9
2003,6,0,6
2003,9,6,15
2003,6,3,9
2003,5,4,9
2003,5,3,8
2003,6,3,9
2003,6,10,16
2003,3,1,4
2003,4,2,6
2003,7,4,11
2003,2,1,3
2003,7,1,8
2003,6,4,10
2003,3,1,4
2003,2,1,3
2003,11,0,11
2003,5,0,5
2003,6,5,11
2003,9,2,11
2003,7,3,10
2003,4,11,15
2003,6,5,11
2003,6,13,19
2003,6,5,11
2003,7,3,10
2003,5,1,6
2003,7,4,11
2003,8,5,13
2003,7,1,8
2003,3,2,5
2003,6,4,10
2003,8,3,11
2003,4,2,6
2003,4,3,7
2003,4,3,7
2003,5,2,7
2003,6,3,9
2003,3,1,4
2003,4,10,14
2003,6,4,10
2003,2,1,3
2003,9,7,16
2003,1,0,1
2003,10,0,10
2003,9,2,11
2003,4,1,5
2003,5,0,5
2003,8,5,13
2003,7,4,11
2003,6,3,9
2003,5,10,15
2003,5,11,16
2003,7,11,18
2003,6,10,16
2003,5,4,9
2003,5,10,15
2003,5,2,7
2003,5,3,8
2003,6,3,9
2003,5,14,19
2003,4,1,5
2003,4,13,17
2003,6,4,10
2003,5,4,9
2003,6,4,10
2003,5,1,6
2003,8,12,20
2003,6,11,17
2003,2,0,2
2003,8,0,8
2003,3,0,3
2003,4,3,7
2003,5,4,9
2003,7,11,18
2003,5,4,9
2003,4,2,6
2003,6,4,10
2003,7,3,10
2003,6,4,10
2003,5,2,7
2003,3,1,4
2003,6,4,10
2003,6,1,7
2003,4,2,6
2003,7,4,11
2003,4,2,6
2003,4,0,4
2003,6,11,17
2003,8,0,8
2003,6,1,7
2003,9,2,11
2003,3,2,5
2003,5,2,7
2003,8,2,10
2003,2,10,12
2003,5,4,9
2003,8,12,20
2003,7,5,12
2003,6,4,10
2003,6,3,9
2003,3,2,5
2003,5,4,9
2003,5,13,18
2003,9,1,10
2003,2,0,2
2003,9,5,14
2003,8,6,14
2003,5,3,8
2003,4,3,7
2003,9,3,12
2003,6,0,6
2003,6,0,6
2003,4,1,5
2003,10,1,11
2003,8,7,15
2003,2,1,3
2003,2,1,3
2003,14,0,14
2003,5,2,7
2003,9,3,12
2003,5,4,9
2003,5,14,19
2003,7,3,10
2003,5,4,9
2003,7,10,17
2003,9,3,12
2003,2,1,3
2003,5,2,7
2003,4,3,7
2003,5,1,6
2003,4,3,7
2003,6,3,9
2003,7,3,10
2003,4,1,5
2003,6,4,10
2003,7,1,8
2003,9,3,12
2003,6,5,11
2003,4,3,7
2003,2,1,3
2003,3,2,5
2003,3,2,5
2003,4,3,7
2003,5,3,8
2003,6,4,10
2003,9,4,13
2003,8,3,11
2003,6,3,9
2003,2,13,15
2003,7,6,13
2003,2,13,15
2003,5,4,9
2003,8,14,22
2003,3,1,4
2003,4,0,4
2003,7,6,13
2003,4,3,7
2003,7,2,9
2003,1,0,1
2003,3,2,5
2003,5,3,8
2003,7,5,12
2003,5,11,16
2003,5,3,8
2003,6,1,7
2003,5,0,5
2003,6,12,18
2003,9,10,19
2003,6,3,9
2003,2,1,3
2003,9,10,19
2003,8,1,9
2003,7,0,7
2003,8,4,12
2003,7,4,11
2003,3,0,3
2003,7,5,12
2003,2,17,19
2003,8,11,19
2003,8,1,9
2003,6,10,16
2003,12,1,13
2003,5,2,7
2003,8,6,14
2003,3,0,3
2003,5,4,9
2003,6,5,11
2003,9,12,21
2003,7,1,8
2003,5,4,9
2003,3,1,4
2003,4,18,22
2003,9,2,11
2003,14,10,24
2003,2,13,15
2003,2,1,3
2003,4,3,7
2003,9,3,12
2003,7,4,11
2003,5,4,9
2003,2,10,12
2003,4,1,5
2003,6,3,9
2003,6,2,8
2003,9,7,16
2003,6,4,10
2003,6,1,7
2003,9,0,9
2003,9,6,15
2003,2,11,13
2003,6,2,8
2003,4,0,4
2003,8,4,12
2003,4,2,6
2003,6,1,7
2003,3,1,4
2003,4,3,7
2003,8,3,11
2003,6,1,7
2003,6,3,9
2003,6,5,11
2003,4,0,4
2003,7,5,12
2003,6,4,10
2003,5,0,5
2003,3,2,5
2003,3,2,5
2003,5,4,9
2003,5,10,15
2003,4,2,6
2003,8,5,13
2003,7,3,10
2003,8,4,12
2003,3,2,5
2003,7,1,8
2003,3,10,13
2003,6,4,10
2003,7,0,7
2003,5,2,7
2003,6,5,11
2003,3,2,5
2003,8,5,13
2003,2,1,3
2003,7,10,17
2003,9,5,14
2003,6,3,9
2003,9,3,12
2003,5,2,7
2003,4,3,7
2003,6,11,17
2003,5,0,5
2003,4,2,6
2003,4,2,6
2003,6,13,19
2003,13,1,14
2003,2,0,2
2003,3,1,4
2003,8,4,12
2003,2,0,2
2003,5,0,5
2003,5,4,9
2003,6,1,7
2003,5,3,8
2003,3,1,4
2003,7,4,11
2003,3,0,3
2003,4,1,5
2003,4,3,7
2003,4,10,14
2003,3,0,3
2003,11,10,21
2003,2,0,2
2003,7,0,7
2003,7,4,11
2003,5,2,7
2003,10,1,11
2003,5,4,9
2003,2,10,12
2003,3,2,5
2003,9,13,22
2003,7,3,10
2003,8,1,9
2003,2,0,2
2003,2,1,3
2003,4,2,6
2003,2,0,2
2003,8,6,14
2003,3,2,5
2003,4,1,5
2003,4,3,7
2003,6,12,18
2003,3,1,4
2003,5,3,8
2003,6,3,9
2003,2,1,3
2003,8,10,18
2003,8,7,15
2003,9,0,9
2003,5,4,9
2003,8,7,15
2003,6,5,11
2003,3,0,3
2003,8,2,10
2003,9,6,15
2003,6,5,11
2003,9,3,12
2003,8,3,11
2003,12,0,12
2003,7,6,13
2003,7,0,7
2003,3,1,4
2003,4,3,7
2003,7,5,12
2003,7,6,13
2003,2,1,3
2003,5,1,6
2003,6,5,11
2003,6,5,11
2003,1,0,1
2003,3,2,5
2003,5,0,5
2003,3,2,5
2003,5,3,8
2003,6,4,10
2003,5,3,8
2003,8,7,15
2003,4,2,6
2003,7,10,17
2003,6,2,8
2003,9,3,12
2003,1,0,1
2003,5,4,9
2003,8,1,9
2003,4,2,6
2003,3,1,4
2003,8,6,14
2003,6,5,11
2003,3,1,4
2003,9,2,11
2003,3,1,4
2003,8,5,13
2003,2,10,12
2003,8,4,12
2003,5,2,7
2003,4,14,18
2003,11,0,11
2003,9,6,15
2003,4,10,14
2003,5,4,9
2003,6,13,19
2003,7,4,11
2003,1,0,1
2003,3,0,3
2003,2,1,3
2003,2,1,3
2003,7,3,10
2003,6,2,8
2003,9,2,11
2003,5,4,9
2003,3,1,4
2003,3,1,4
2003,5,4,9
2003,7,1,8
2003,9,6,15
2003,9,0,9
2003,2,11,13
2003,8,0,8
2003,3,10,13
2003,6,4,10
2003,13,10,23
2003,5,2,7
2003,9,1,10
2003,8,4,12
2003,9,3,12
2003,5,0,5
2003,3,1,4
2003,4,1,5
2003,5,18,23
2003,9,2,11
2003,8,6,14
2003,6,10,16
2003,7,1,8
2003,7,6,13
2003,4,3,7
2003,4,2,6
2003,3,1,4
2003,8,1,9
2003,8,3,11
2003,5,4,9
2003,8,1,9
2003,6,11,17
2003,5,4,9
2003,4,2,6
2003,5,0,5
2003,4,1,5
2003,3,2,5
2003,9,7,16
2003,3,1,4
2003,8,4,12
2003,5,15,20
2003,7,3,10
2003,3,0,3
2003,7,1,8
2003,3,1,4
2003,2,10,12
2003,6,5,11
2003,2,0,2
2003,8,3,11
2003,5,2,7
2003,3,2,5
2003,6,5,11
2003,5,3,8
2003,3,2,5
2003,5,2,7
2003,4,14,18
2003,5,4,9
2003,8,2,10
2003,9,4,13
2003,3,1,4
2003,8,2,10
2003,7,4,11
2003,7,6,13
2003,4,3,7
2003,3,0,3
2003,5,4,9
2003,5,14,19
2003,6,0,6
2003,7,4,11
2003,4,10,14
2003,8,4,12
2003,7,4,11
2003,8,2,10
2003,9,3,12
2003,4,2,6
2003,6,16,22
2003,3,1,4
2003,9,6,15
2003,2,0,2
2003,7,0,7
2003,8,3,11
2003,2,0,2
2003,4,0,4
2003,5,4,9
2003,6,5,11
2003,6,3,9
2003,5,3,8
2003,5,1,6
2003,5,4,9
2003,9,3,12
2003,6,1,7
2003,5,0,5
2003,7,2,9
2003,1,0,1
2003,5,3,8
2003,7,2,9
2003,8,4,12
2003,4,1,5
2003,5,2,7
2003,7,3,10
2003,5,2,7
2003,7,10,17
2003,2,1,3
2003,5,4,9
2003,6,5,11
2003,5,3,8
2003,7,4,11
2003,13,1,14
2003,8,2,10
2003,4,1,5
2003,6,13,19
2003,4,10,14
2003,6,10,16
2003,6,3,9
2003,8,7,15
2003,2,11,13
2003,6,4,10
2003,6,5,11
2003,6,3,9
2003,3,2,5
2003,3,2,5
2003,8,12,20
2003,4,14,18
2003,9,6,15
2003,3,2,5
2003,5,2,7
2003,5,4,9
2003,14,0,14
2003,4,12,16
2003,4,2,6
2003,6,5,11
2003,5,10,15
2003,2,1,3
2003,5,3,8
2003,7,0,7
2003,2,0,2
2003,9,1,10
2003,7,5,12
2003,6,0,6
2003,2,0,2
2003,4,2,6
2003,4,14,18
2003,4,11,15
2003,8,5,13
2003,8,3,11
2003,7,6,13
2003,5,1,6
2003,1,1,2
2003,4,3,7
2003,3,2,5
2003,6,0,6
2003,6,10,16
2003,2,0,2
2003,5,3,8
2003,1,0,1
2003,5,4,9
2003,7,0,7
2003,7,3,10
2003,13,0,13
2003,2,1,3
2003,1,0,1
2003,5,2,7
2003,8,5,13
2003,2,0,2
2003,6,5,11
2003,6,4,10
2003,3,2,5
2003,6,2,8
2003,7,1,8
2003,6,1,7
2003,7,3,10
2003,9,10,19
2003,6,10,16
2003,8,1,9
2003,2,1,3
2003,3,2,5
2003,6,5,11
2003,2,1,3
2003,7,1,8
2003,4,13,17
2003,3,11,14
2003,6,0,6
2003,4,10,14
2003,7,3,10
2003,4,3,7
2003,9,3,12
2003,2,0,2
2003,8,2,10
2003,3,2,5
2003,7,1,8
2003,4,13,17
2003,8,0,8
2003,7,4,11
2003,4,10,14
2003,2,0,2
2003,5,3,8
2003,7,5,12
2003,6,4,10
2003,6,4,10
2003,4,2,6
2003,12,0,12
2003,4,3,7
2003,4,1,5
2003,6,4,10
2003,6,0,6
2003,6,11,17
2003,5,1,6
2003,6,3,9
2003,7,5,12
2003,6,3,9
2003,6,3,9
2003,6,12,18
2003,7,3,10
2003,9,5,14
2003,5,2,7
2003,2,1,3
2003,2,0,2
2003,6,5,11
2003,7,0,7
2003,6,0,6
2003,9,20,29
2003,5,4,9
2003,3,10,13
2003,6,15,21
2003,5,1,6
2003,4,1,5
2003,1,0,1
2003,4,3,7
2003,2,1,3
2003,8,5,13
2003,4,0,4
2003,9,1,10
2003,7,3,10
2003,9,4,13
2003,8,0,8
2003,6,3,9
2003,6,5,11
2003,2,1,3
2003,4,3,7
2003,8,4,12
2003,3,2,5
2003,5,3,8
2003,5,3,8
2003,2,1,3
2003,5,3,8
2003,3,14,17
2003,9,7,16
2003,8,7,15
2003,5,4,9
2003,8,4,12
2003,6,1,7
2003,7,3,10
2003,3,1,4
2003,6,1,7
2003,8,10,18
2003,5,3,8
2003,7,6,13
2003,5,1,6
2003,5,4,9
2003,4,3,7
2003,5,12,17
2003,2,11,13
2003,2,11,13
2003,3,2,5
2003,6,0,6
2003,5,0,5
2003,9,3,12
2003,10,1,11
2003,7,2,9
2003,2,1,3
2003,3,12,15
2003,3,2,5
2003,4,2,6
2003,7,2,9
2003,4,2,6
2003,9,8,17
2003,9,3,12
2003,5,2,7
2003,3,19,22
2003,6,2,8
2003,7,6,13
2003,2,10,12
2003,7,4,11
2003,5,0,5
2003,6,3,9
2003,5,4,9
2003,5,4,9
2003,4,1,5
2003,9,5,14
2003,3,2,5
2003,2,1,3
2003,9,4,13
2003,4,0,4
2003,8,5,13
2003,5,1,6
2003,3,1,4
2003,5,2,7
2003,8,10,18
2003,9,3,12
2003,3,12,15
2003,3,1,4
2003,6,2,8
2003,4,2,6
2003,3,1,4
2003,2,0,2
2003,5,3,8
2003,5,4,9
2003,9,5,14
2003,4,1,5
2003,5,1,6
2003,3,1,4
2003,4,3,7
2003,3,1,4
2003,6,4,10
2003,7,6,13
2003,3,1,4
2003,5,1,6
2003,5,4,9
2003,8,1,9
2003,4,3,7
2003,9,8,17
2003,3,12,15
2003,5,2,7
2003,6,2,8
2003,5,4,9
2003,4,3,7
2003,8,3,11
2003,4,0,4
2003,3,2,5
2003,4,2,6
2003,8,3,11
2003,9,6,15
2003,9,6,15
2003,6,5,11
2003,3,2,5
2003,6,1,7
2003,6,1,7
2003,4,3,7
2003,6,4,10
2003,2,0,2
2004,8,3,11
2004,12,1,13
2004,7,2,9
2004,7,4,11
2004,5,4,9
2004,9,7,16
2004,8,2,10
2004,7,4,11
2004,5,4,9
2004,2,1,3
2004,8,6,14
2004,7,0,7
2004,6,2,8
2004,7,2,9
2004,4,1,5
2004,4,3,7
2004,7,5,12
2004,5,4,9
2004,7,6,13
2004,3,1,4
2004,5,10,15
2004,7,5,12
2004,9,4,13
2004,7,3,10
2004,9,5,14
2004,18,10,28
2004,3,10,13
2004,3,1,4
2004,3,2,5
2004,10,1,11
2004,4,3,7
2004,2,1,3
2004,4,11,15
2004,2,1,3
2004,5,4,9
2004,7,10,17
2004,9,4,13
2004,3,2,5
2004,6,3,9
2004,6,5,11
2004,8,10,18
2004,3,2,5
2004,5,3,8
2004,6,10,16
2004,3,0,3
2004,6,1,7
2004,3,1,4
2004,6,2,8
2004,4,3,7
2004,5,1,6
2004,5,11,16
2004,6,13,19
2004,2,1,3
2004,5,10,15
2004,5,1,6
2004,4,3,7
2004,3,1,4
2004,5,1,6
2004,7,13,20
2004,3,2,5
2004,9,3,12
2004,8,6,14
2004,4,3,7
2004,4,12,16
2004,2,10,12
2004,5,2,7
2004,4,1,5
2004,3,1,4
2004,5,10,15
2004,5,3,8
2004,7,6,13
2004,7,4,11
2004,6,1,7
2004,1,0,1
2004,7,3,10
2004,2,1,3
2004,6,4,10
2004,3,11,14
2004,6,12,18
2004,6,5,11
2004,2,10,12
2004,6,4,10
2004,4,3,7
2004,6,5,11
2004,3,1,4
2004,5,3,8
2004,4,2,6
2004,7,4,11
2004,4,1,5
2004,5,4,9
2004,9,4,13
2004,6,3,9
2004,10,1,11
2004,7,2,9
2004,2,13,15
2004,6,3,9
2004,7,4,11
2004,6,10,16
2004,4,1,5
2004,7,5,12
2004,5,10,15
2004,7,6,13
2004,7,5,12
2004,5,12,17
2004,7,5,12
2004,5,0,5
2004,8,3,11
2004,4,2,6
2004,5,3,8
2004,9,10,19
2004,6,5,11
2004,9,10,19
2004,8,3,11
2004,6,10,16
2004,4,14,18
2004,5,3,8
2004,9,0,9
2004,5,1,6
2004,6,1,7
2004,4,11,15
2004,3,0,3
2004,11,1,12
2004,9,4,13
2004,6,2,8
2004,7,12,19
2004,6,5,11
2004,5,10,15
2004,3,0,3
2004,11,10,21
2004,11,0,11
2004,6,2,8
2004,3,0,3
2004,4,0,4
2004,6,4,10
2004,7,5,12
2004,7,2,9
2004,3,0,3
2004,5,4,9
2004,6,2,8
2004,11,10,21
2004,3,10,13
2004,2,0,2
2004,9,7,16
2004,7,6,13
2004,4,2,6
2004,5,0,5
2004,5,0,5
2004,3,2,5
2004,5,13,18
2004,3,0,3
2004,2,11,13
2004,6,3,9
2004,4,1,5
2004,5,2,7
2004,3,2,5
2004,6,1,7
2004,5,14,19
2004,8,4,12
2004,2,1,3
2004,6,3,9
2004,3,2,5
2004,4,1,5
2004,5,4,9
2004,8,4,12
2004,4,1,5
2004,5,3,8
2004,7,1,8
2004,3,2,5
2004,7,3,10
2004,11,10,21
2004,9,7,16
2004,6,1,7
2004,8,3,11
2004,8,1,9
2004,5,4,9
2004,6,5,11
2004,4,2,6
2004,7,6,13
2004,8,5,13
2004,5,0,5
2004,7,0,7
2004,5,4,9
2004,8,1,9
2004,4,10,14
2004,4,1,5
2004,2,1,3
2004,4,3,7
2004,6,3,9
2004,9,1,10
2004,8,11,19
2004,3,2,5
2004,5,15,20
2004,7,1,8
2004,5,3,8
2004,4,2,6
2004,6,4,10
2004,2,1,3
2004,3,1,4
2004,9,1,10
2004,2,1,3
2004,9,5,14
2004,4,2,6
2004,4,1,5
2004,7,3,10
2004,3,1,4
2004,9,5,14
2004,9,4,13
2004,6,12,18
2004,6,10,16
2004,8,11,19
2004,2,1,3
2004,8,7,15
2004,12,1,13
2004,7,4,11
2004,11,0,11
2004,4,2,6
2004,7,5,12
2004,7,6,13
2004,4,3,7
2004,5,3,8
2004,5,4,9
2004,7,1,8
2004,2,1,3
2004,9,11,20
2004,4,3,7
2004,3,2,5
2004,9,7,16
2004,8,2,10
2004,9,4,13
2004,7,3,10
2004,5,2,7
2004,3,11,14
2004,3,2,5
2004,3,1,4
2004,7,13,20
2004,3,17,20
2004,6,1,7
2004,7,5,12
2004,5,4,9
2004,2,1,3
2004,8,6,14
2004,2,11,13
2004,2,12,14
2004,6,4,10
2004,8,10,18
2004,4,2,6
2004,5,4,9
2004,4,1,5
2004,3,0,3
2004,8,5,13
2004,5,2,7
2004,7,4,11
2004,10,1,11
2004,5,3,8
2004,3,1,4
2004,7,0,7
2004,3,2,5
2004,6,3,9
2004,9,7,16
2004,3,0,3
2004,7,12,19
2004,3,15,18
2004,6,5,11
2004,4,1,5
2004,4,1,5
2004,3,2,5
2004,7,2,9
2004,4,2,6
2004,9,0,9
2004,5,2,7
2004,2,0,2
2004,2,0,2
2004,4,3,7
2004,6,0,6
2004,6,14,20
2004,9,0,9
2004,6,3,9
2004,6,1,7
2004,5,2,7
2004,3,2,5
2004,3,2,5
2004,10,1,11
2004,7,5,12
2004,7,11,18
2004,13,10,23
2004,4,10,14
2004,3,2,5
2004,9,5,14
2004,9,8,17
2004,7,4,11
2004,8,10,18
2004,3,0,3
2004,3,12,15
2004,7,3,10
2004,4,3,7
2004,3,1,4
2004,6,0,6
2004,9,8,17
2004,9,4,13
2004,2,10,12
2004,5,3,8
2004,3,2,5
2004,9,10,19
2004,9,5,14
2004,5,1,6
2004,4,2,6
2004,5,4,9
2004,7,10,17
2004,6,3,9
2004,9,5,14
2004,4,0,4
2004,7,3,10
2004,6,4,10
2004,3,12,15
2004,9,7,16
2004,6,1,7
2004,7,5,12
2004,2,0,2
2004,2,1,3
2004,4,3,7
2004,5,4,9
2004,2,11,13
2004,3,1,4
2004,6,1,7
2004,4,13,17
2004,4,2,6
2004,6,3,9
2004,5,2,7
2004,4,0,4
2004,7,6,13
2004,9,12,21
2004,4,3,7
2004,4,2,6
2004,4,3,7
2004,6,10,16
2004,3,2,5
2004,3,2,5
2004,7,11,18
2004,4,2,6
2004,4,10,14
2004,5,4,9
2004,8,7,15
2004,1,0,1
2004,4,12,16
2004,6,4,10
2004,3,1,4
2004,6,3,9
2004,4,2,6
2004,6,5,11
2004,4,3,7
2004,8,5,13
2004,3,2,5
2004,4,13,17
2004,2,12,14
2004,6,5,11
2004,6,4,10
2004,4,3,7
2004,3,1,4
2004,4,2,6
2004,6,5,11
2004,6,2,8
2004,9,8,17
2004,1,0,1
2004,8,2,10
2004,4,1,5
2004,9,11,20
2004,5,4,9
2004,2,1,3
2004,7,5,12
2004,7,3,10
2004,9,0,9
2004,3,2,5
2004,4,11,15
2004,4,2,6
2004,3,10,13
2004,6,3,9
2004,6,2,8
2004,7,6,13
2004,4,3,7
2004,4,3,7
2004,4,10,14
2004,6,2,8
2004,8,10,18
2004,6,5,11
2004,4,3,7
2004,5,4,9
2004,5,4,9
2004,6,3,9
2004,2,0,2
2004,6,5,11
2004,2,0,2
2004,5,4,9
2004,9,5,14
2004,2,0,2
2004,6,2,8
2004,2,0,2
2004,8,2,10
2004,4,3,7
2004,5,4,9
2004,5,1,6
2004,6,1,7
2004,3,10,13
2004,7,3,10
2004,7,3,10
2004,3,11,14
2004,9,6,15
2004,5,2,7
2004,9,4,13
2004,5,2,7
2004,3,1,4
2004,2,1,3
2004,7,4,11
2004,7,4,11
2004,2,1,3
2004,1,0,1
2004,4,1,5
2004,5,3,8
2004,3,2,5
2004,7,6,13
2004,11,0,11
2004,6,1,7
2004,3,1,4
2004,4,2,6
2004,7,5,12
2004,9,11,20
2004,4,0,4
2004,6,2,8
2004,8,7,15
2004,5,4,9
2004,7,2,9
2004,8,7,15
2004,5,4,9
2004,7,10,17
2004,9,1,10
2004,4,3,7
2004,5,3,8
2004,6,3,9
2004,2,0,2
2004,6,4,10
2004,3,2,5
2004,4,3,7
2004,6,0,6
2004,16,15,31
2004,4,2,6
2004,8,4,12
2004,7,1,8
2004,2,1,3
2004,12,11,23
2004,8,4,12
2004,5,4,9
2004,7,6,13
2004,7,4,11
2004,5,2,7
2004,6,5,11
2004,8,4,12
2004,9,7,16
2004,7,6,13
2004,5,3,8
2004,5,2,7
2004,8,12,20
2004,6,10,16
2004,9,3,12
2004,9,5,14
2004,5,3,8
2004,15,0,15
2004,15,10,25
2004,5,4,9
2004,6,1,7
2004,5,1,6
2004,7,3,10
2004,8,5,13
2004,7,6,13
2004,8,7,15
2004,6,3,9
2004,4,10,14
2004,5,1,6
2004,5,4,9
2004,1,0,1
2004,6,4,10
2004,2,1,3
2004,5,2,7
2004,4,3,7
2004,4,0,4
2004,4,3,7
2004,4,3,7
2004,2,11,13
2004,2,1,3
2004,4,3,7
2004,5,2,7
2004,9,8,17
2004,7,4,11
2004,1,0,1
2004,6,5,11
2004,7,5,12
2004,2,11,13
2004,3,1,4
2004,3,2,5
2004,7,3,10
2004,7,4,11
2004,1,0,1
2004,7,4,11
2004,8,2,10
2004,4,3,7
2004,6,5,11
2004,6,3,9
2004,6,12,18
2004,4,3,7
2004,9,10,19
2004,3,2,5
2004,8,7,15
2004,6,4,10
2004,7,1,8
2004,8,3,11
2004,6,2,8
2004,2,1,3
2004,2,0,2
2004,9,5,14
2004,6,1,7
2004,4,2,6
2004,6,3,9
2004,9,3,12
2004,5,0,5
2004,7,4,11
2004,4,1,5
2004,9,7,16
2004,5,16,21
2004,6,1,7
2004,7,4,11
2004,3,1,4
2004,4,0,4
2004,6,11,17
2004,7,13,20
2004,7,5,12
2004,6,4,10
2004,4,0,4
2004,4,0,4
2004,6,1,7
2004,4,0,4
2004,11,0,11
2004,10,0,10
2004,7,6,13
2004,3,1,4
2004,3,2,5
2004,6,2,8
2004,6,3,9
2004,4,1,5
2004,2,1,3
2004,4,2,6
2004,8,1,9
2004,3,2,5
2004,3,1,4
2004,7,2,9
2004,7,6,13
2004,9,5,14
2004,1,0,1
2004,2,0,2
2004,1,0,1
2004,8,3,11
2004,4,2,6
2004,9,2,11
2004,3,2,5
2004,5,4,9
2004,5,1,6
2004,8,7,15
2004,7,2,9
2004,7,3,10
2004,7,6,13
2004,5,3,8
2004,4,2,6
2004,6,4,10
2004,4,3,7
2004,4,3,7
2004,3,15,18
2004,2,10,12
2004,6,3,9
2004,1,0,1
2004,6,2,8
2004,9,4,13
2004,6,3,9
2004,7,3,10
2004,5,2,7
2004,4,1,5
2004,5,3,8
2004,6,5,11
2004,6,2,8
2004,5,1,6
2004,5,3,8
2004,3,1,4
2004,6,2,8
2004,3,10,13
2004,3,2,5
2004,4,11,15
2004,3,2,5
2004,4,0,4
2004,9,7,16
2004,11,0,11
2004,9,6,15
2004,6,3,9
2004,5,3,8
2004,2,0,2
2004,5,11,16
2004,7,6,13
2004,7,4,11
2004,6,5,11
2004,8,2,10
2004,6,5,11
2004,9,7,16
2004,7,0,7
2004,5,4,9
2004,5,0,5
2004,5,3,8
2004,9,7,16
2004,3,2,5
2004,7,4,11
2004,5,2,7
2004,7,1,8
2004,8,7,15
2004,2,11,13
2004,9,1,10
2004,7,2,9
2004,5,4,9
2004,5,4,9
2004,9,6,15
2004,3,1,4
2004,8,4,12
2004,6,3,9
2004,4,3,7
2004,8,3,11
2004,5,1,6
2004,7,2,9
2004,4,3,7
2004,7,0,7
2004,4,3,7
2004,7,17,24
2004,4,0,4
2004,3,2,5
2004,6,4,10
2004,2,1,3
2004,3,1,4
2004,5,4,9
2004,8,3,11
2004,7,5,12
2004,5,13,18
2004,5,0,5
2004,6,5,11
2004,3,11,14
2004,2,12,14
2004,7,4,11
2004,5,2,7
2004,5,4,9
2004,6,11,17
2004,5,0,5
2004,4,3,7
2004,5,3,8
2004,3,1,4
2004,5,0,5
2004,4,1,5
2004,6,1,7
2004,9,12,21
2004,9,6,15
2004,4,0,4
2004,3,0,3
2004,7,3,10
2004,6,13,19
2004,7,3,10
2004,7,3,10
2004,2,1,3
2004,6,1,7
2004,7,4,11
2004,4,3,7
2004,8,11,19
2004,4,2,6
2004,6,5,11
2004,5,18,23
2004,2,15,17
2004,9,0,9
2004,5,2,7
2004,9,5,14
2004,4,3,7
2004,7,17,24
2004,3,1,4
2004,6,1,7
2004,5,4,9
2004,6,3,9
2004,5,4,9
2004,3,2,5
2004,8,4,12
2004,4,3,7
2004,1,0,1
2004,7,5,12
2004,2,1,3
2004,2,1,3
2004,2,1,3
2004,6,3,9
2004,5,3,8
2004,7,6,13
2004,3,2,5
2004,9,5,14
2004,5,4,9
2004,4,2,6
2004,7,5,12
2004,5,4,9
2004,5,4,9
2004,5,1,6
2004,8,6,14
2004,8,4,12
2004,3,2,5
2004,3,10,13
2004,5,2,7
2004,10,0,10
2004,4,3,7
2004,4,1,5
2004,9,3,12
2004,7,10,17
2004,5,3,8
2004,5,3,8
2004,6,2,8
2004,9,7,16
2004,2,11,13
2004,4,3,7
2004,7,3,10
2004,8,6,14
2004,7,1,8
2004,8,3,11
2004,3,0,3
2004,5,2,7
2004,6,2,8
2004,4,1,5
2004,12,1,13
2004,3,1,4
2004,7,6,13
2004,4,2,6
2004,8,4,12
2004,8,2,10
2004,4,13,17
2004,3,1,4
2004,8,4,12
2004,9,7,16
2004,3,2,5
2004,7,3,10
2004,5,3,8
2004,8,3,11
2004,7,1,8
2004,6,2,8
2004,7,6,13
2004,6,5,11
2004,7,6,13
2004,5,3,8
2004,6,5,11
2004,5,3,8
2004,7,6,13
2004,4,1,5
2004,4,16,20
2004,8,7,15
2004,6,4,10
2004,4,1,5
2004,8,1,9
2004,7,1,8
2004,6,5,11
2004,7,10,17
2004,8,6,14
2004,8,4,12
2004,5,1,6
2004,5,3,8
2004,2,0,2
2004,3,1,4
2004,5,2,7
2004,4,2,6
2004,6,5,11
2004,3,2,5
2004,5,3,8
2004,5,3,8
2004,2,1,3
2004,5,3,8
2004,5,2,7
2004,5,11,16
2004,8,4,12
2004,9,6,15
2004,5,2,7
2004,5,2,7
2004,4,1,5
2004,2,1,3
2004,4,2,6
2004,9,6,15
2004,7,3,10
2004,9,1,10
2004,8,7,15
2004,2,1,3
2004,4,2,6
2004,7,13,20
2004,5,2,7
2004,3,2,5
2004,7,6,13
2004,5,1,6
2004,6,1,7
2004,3,1,4
2004,4,2,6
2004,5,3,8
2004,3,2,5
2004,3,10,13
2004,5,3,8
2004,6,1,7
2004,6,3,9
2004,2,11,13
2004,8,4,12
2004,6,0,6
2004,8,1,9
2004,7,6,13
2004,4,0,4
2004,4,0,4
2004,4,2,6
2004,4,10,14
2004,7,0,7
2004,6,5,11
2004,6,4,10
2004,5,4,9
2004,4,1,5
2004,6,5,11
2004,4,16,20
2004,5,3,8
2004,6,5,11
2004,2,1,3
2004,5,2,7
2004,8,3,11
2004,8,3,11
2004,5,4,9
2004,3,2,5
2004,4,3,7
2004,5,10,15
2004,2,13,15
2004,5,0,5
2004,6,5,11
2004,1,0,1
2004,8,1,9
2004,1,0,1
2004,14,11,25
2004,7,3,10
2004,7,5,12
2004,4,3,7
2004,4,2,6
2004,2,1,3
2004,2,1,3
2004,6,10,16
2004,1,0,1
2004,7,3,10
2004,7,1,8
2004,2,12,14
2004,8,2,10
2004,8,1,9
2004,13,10,23
2004,4,12,16
2004,8,1,9
2004,4,2,6
2004,5,3,8
2004,7,5,12
2004,8,17,25
2004,3,0,3
2004,4,3,7
2004,4,0,4
2004,5,4,9
2004,3,0,3
2004,9,3,12
2004,3,12,15
2004,4,1,5
2004,7,4,11
2004,8,0,8
2004,7,2,9
2004,3,2,5
2004,4,10,14
2004,5,2,7
2004,9,7,16
2004,4,10,14
2004,6,1,7
2004,3,2,5
2004,2,1,3
2004,6,4,10
2004,6,5,11
2004,8,4,12
2004,7,5,12
2004,9,3,12
2004,6,11,17
2004,2,10,12
2004,6,1,7
2004,1,0,1
2004,8,7,15
2004,7,12,19
2004,3,2,5
2004,5,10,15
2004,9,6,15
2004,5,4,9
2004,5,14,19
2004,8,10,18
2004,8,7,15
2004,6,2,8
2004,4,3,7
2004,7,4,11
2004,6,1,7
2004,3,2,5
2004,12,11,23
2004,3,0,3
2004,7,10,17
2004,7,2,9
2004,4,15,19
2004,6,5,11
2004,7,3,10
2004,4,1,5
2004,3,10,13
2004,8,10,18
2004,9,2,11
2004,5,2,7
2004,5,4,9
2004,2,1,3
2004,6,5,11
2004,3,13,16
2004,8,1,9
2004,3,2,5
2004,2,13,15
2004,5,3,8
2004,14,0,14
2004,7,2,9
2004,7,10,17
2004,4,2,6
2004,3,2,5
2004,5,4,9
2004,6,3,9
2004,7,5,12
2004,4,2,6
2004,5,1,6
2004,3,0,3
2004,8,2,10
2004,7,2,9
2004,3,10,13
2004,4,2,6
2004,5,2,7
2004,4,3,7
2004,8,4,12
2004,9,4,13
2004,4,10,14
2004,7,4,11
2004,7,6,13
2004,4,0,4
2004,4,1,5
2004,6,3,9
2004,4,1,5
2004,5,4,9
2004,9,1,10
2004,5,3,8
2004,9,6,15
2004,2,10,12
2004,6,2,8
2004,6,1,7
2004,4,10,14
2004,4,3,7
2004,11,0,11
2004,2,1,3
2004,5,4,9
2004,4,3,7
2004,6,3,9
2004,6,4,10
2004,6,2,8
2004,6,2,8
2004,5,4,9
2004,5,2,7
2004,4,1,5
2004,8,5,13
2004,5,4,9
2004,6,2,8
2004,4,2,6
2004,2,1,3
2004,5,3,8
2004,8,1,9
2004,5,0,5
2004,6,3,9
2004,4,1,5
2004,7,11,18
2004,3,2,5
2004,4,10,14
2004,5,4,9
2004,3,2,5
2004,9,14,23
2004,4,3,7
2004,4,11,15
2004,4,0,4
2004,4,3,7
2004,6,11,17
2004,7,6,13
2004,6,4,10
2004,6,2,8
2004,7,6,13
2004,17,14,31
2004,4,3,7
2004,4,2,6
2004,5,1,6
2004,3,2,5
2004,6,4,10
2004,9,2,11
2004,2,1,3
2004,5,2,7
2004,5,3,8
2004,4,2,6
2004,4,2,6
2004,3,1,4
2004,5,4,9
2004,4,2,6
2004,4,2,6
2004,6,1,7
2004,8,2,10
2004,5,4,9
2004,3,0,3
2004,4,0,4
2004,6,0,6
2004,3,10,13
2004,5,1,6
2004,7,5,12
2004,3,1,4
2004,3,2,5
2004,6,1,7
2004,4,10,14
2004,9,2,11
2004,9,11,20
2004,4,3,7
2004,5,4,9
2004,8,1,9
2004,6,2,8
2004,5,2,7
2004,7,4,11
2004,2,1,3
2004,5,11,16
2004,5,4,9
2004,2,10,12
2004,5,1,6
2004,7,1,8
2004,2,13,15
2004,4,2,6
2004,9,5,14
2004,6,0,6
2004,7,2,9
2004,7,3,10
2004,3,2,5
2004,5,2,7
2004,6,4,10
2004,4,3,7
2004,3,2,5
2004,9,10,19
2004,6,3,9
2004,2,1,3
2004,2,1,3
2004,5,2,7
2004,4,3,7
2004,7,1,8
2004,9,4,13
2004,3,2,5
2004,3,12,15
2004,3,0,3
2004,3,2,5
2004,6,2,8
2004,9,3,12
2004,4,0,4
2004,9,7,16
2004,19,13,32
2004,5,0,5
2004,12,1,13
2004,7,4,11
2004,6,4,10
2004,8,10,18
2004,2,1,3
2004,5,2,7
2004,13,0,13
2004,6,3,9
2004,6,4,10
2004,3,2,5
2004,2,0,2
2004,3,1,4
2004,3,1,4
2004,5,0,5
2004,9,2,11
2004,6,3,9
2004,1,0,1
2004,4,3,7
2004,7,6,13
2004,3,1,4
2004,7,5,12
2004,7,2,9
2004,9,3,12
2004,8,7,15
2004,7,3,10
2004,6,4,10
2004,8,7,15
2004,5,10,15
2004,8,7,15
2004,3,12,15
2004,9,4,13
2004,4,14,18
2004,5,3,8
2004,9,5,14
2004,3,10,13
2004,5,10,15
2004,7,3,10
2004,8,1,9
2004,6,11,17
2004,5,2,7
2004,5,1,6
2004,4,11,15
2004,1,0,1
2004,9,4,13
2004,5,10,15
2004,6,1,7
2004,10,1,11
2004,6,14,20
2004,2,1,3
2004,8,5,13
2004,2,10,12
2004,3,2,5
2004,5,4,9
2004,7,5,12
2004,7,5,12
2004,6,3,9
2004,9,7,16
2004,4,3,7
2004,2,1,3
2004,6,2,8
2004,3,11,14
2004,5,4,9
2004,7,17,24
2004,3,0,3
2004,4,3,7
2004,4,0,4
2004,8,5,13
2004,9,6,15
2004,3,2,5
2004,2,0,2
2004,5,4,9
2004,5,12,17
2004,4,13,17
2004,7,1,8
2004,9,6,15
2004,4,2,6
2004,4,2,6
2004,6,3,9
2004,6,5,11
2004,9,6,15
2004,6,2,8
2004,7,5,12
2004,9,1,10
2004,5,4,9
2004,7,6,13
2004,9,10,19
2004,7,6,13
2004,3,2,5
2004,5,4,9
2004,2,1,3
2004,5,4,9
2004,7,3,10
2004,5,10,15
2004,8,4,12
2004,14,0,14
2004,7,3,10
2004,6,5,11
2004,6,3,9
2004,6,2,8
2004,2,15,17
2004,9,8,17
2004,4,2,6
2004,7,5,12
2004,2,0,2
2004,2,11,13
2004,7,6,13
2004,8,1,9
2004,2,13,15
2004,7,5,12
2004,7,3,10
2004,2,11,13
2004,8,5,13
2004,8,4,12
2004,6,1,7
2004,4,2,6
2004,4,2,6
2004,6,11,17
2004,6,1,7
2004,8,10,18
2004,2,0,2
2004,9,10,19
2004,7,6,13
2004,5,3,8
2004,5,4,9
2004,6,2,8
2004,8,1,9
2004,6,2,8
2004,6,2,8
2004,4,10,14
2004,2,1,3
2004,5,4,9
2004,8,10,18
2004,4,3,7
2004,3,18,21
2004,6,4,10
2004,6,5,11
2004,5,2,7
2004,6,2,8
2004,7,1,8
2004,9,6,15
2004,2,1,3
2004,4,2,6
2004,8,2,10
2004,8,5,13
2004,3,1,4
2004,6,5,11
2004,1,0,1
2004,9,0,9
2004,4,11,15
2004,3,10,13
2004,6,5,11
2004,2,1,3
2004,7,4,11
2004,4,1,5
2004,3,1,4
2004,11,0,11
2004,6,2,8
2004,4,1,5
2004,6,3,9
2004,4,1,5
2004,4,2,6
2004,4,0,4
2004,1,0,1
2004,9,1,10
2004,4,1,5
2004,5,3,8
2004,8,6,14
2004,5,3,8
2004,7,6,13
2004,3,13,16
2004,3,11,14
2004,12,0,12
2004,9,8,17
2004,4,3,7
2004,11,0,11
2004,4,0,4
2004,12,0,12
2004,2,14,16
2004,8,10,18
2004,10,1,11
2004,5,1,6
2004,8,4,12
2004,4,2,6
2004,4,12,16
2004,8,7,15
2004,9,8,17
2004,10,0,10
2004,7,2,9
2004,9,3,12
2004,7,1,8
2004,2,1,3
2004,7,1,8
2004,5,4,9
2004,5,1,6
2004,8,4,12
2004,8,10,18
2004,7,0,7
2004,7,0,7
2004,6,2,8
2004,5,4,9
2004,6,3,9
2004,3,2,5
2004,3,0,3
2004,5,3,8
2004,11,0,11
2004,5,4,9
2004,7,6,13
2004,6,5,11
2004,8,3,11
2004,6,1,7
2004,5,4,9
2004,7,2,9
2004,6,14,20
2004,3,2,5
2004,7,16,23
2004,5,2,7
2004,3,1,4
2004,5,0,5
2004,4,2,6
2004,4,0,4
2004,6,3,9
2004,4,0,4
2004,6,2,8
2004,3,1,4
2004,5,2,7
2004,2,11,13
2004,7,11,18
2004,6,5,11
2004,4,3,7
2004,4,1,5
2004,5,2,7
2004,7,4,11
2004,9,6,15
2004,2,0,2
2004,2,1,3
2004,3,10,13
2004,6,4,10
2004,4,2,6
2004,9,2,11
2004,8,4,12
2004,5,2,7
2004,8,1,9
2004,4,3,7
2004,8,0,8
2004,4,1,5
2004,7,2,9
2004,7,5,12
2004,5,1,6
2004,3,1,4
2004,3,2,5
2004,4,2,6
2004,2,1,3
2004,5,4,9
2004,4,2,6
2004,6,2,8
2004,5,1,6
2004,3,2,5
2004,7,5,12
2004,7,1,8
2004,8,0,8
2004,5,1,6
2004,3,12,15
2004,5,1,6
2004,5,1,6
2004,6,2,8
2004,6,18,24
2004,2,0,2
2004,2,11,13
2004,8,3,11
2004,7,6,13
2004,6,2,8
2004,5,0,5
2004,7,5,12
2004,4,0,4
2004,5,3,8
2004,7,4,11
2004,4,1,5
2004,8,2,10
2004,5,2,7
2004,4,2,6
2004,6,5,11
2004,3,2,5
2004,4,0,4
2004,6,2,8
2004,3,10,13
2004,5,16,21
2004,4,2,6
2004,4,10,14
2004,9,10,19
2004,4,2,6
2004,5,3,8
2004,4,3,7
2004,6,1,7
2004,5,3,8
2004,4,2,6
2004,7,5,12
2004,7,2,9
2004,7,5,12
2004,8,5,13
2004,6,1,7
2004,4,2,6
2004,5,4,9
2004,8,4,12
2004,6,13,19
2004,3,1,4
2004,7,6,13
2004,7,4,11
2004,6,5,11
2004,5,3,8
2004,6,2,8
2004,8,4,12
2004,9,7,16
2004,6,12,18
2004,5,14,19
2004,3,1,4
2004,4,3,7
2004,8,11,19
2004,6,2,8
2004,9,7,16
2004,5,4,9
2004,7,5,12
2004,3,12,15
2004,9,7,16
2004,1,0,1
2004,2,1,3
2004,9,7,16
2004,4,2,6
2004,6,4,10
2004,5,2,7
2004,4,3,7
2004,5,10,15
2004,5,4,9
2004,14,0,14
2004,4,2,6
2004,6,5,11
2004,2,12,14
2004,3,10,13
2004,5,4,9
2004,2,1,3
2004,6,5,11
2004,7,1,8
2004,1,0,1
2004,3,2,5
2004,3,10,13
2004,2,1,3
2004,8,3,11
2004,4,0,4
2004,2,13,15
2004,3,0,3
2004,7,13,20
2004,4,2,6
2004,7,5,12
2004,1,0,1
2004,4,1,5
2004,8,10,18
2004,4,2,6
2004,9,4,13
2004,4,0,4
2004,11,1,12
2004,8,2,10
2004,7,3,10
2004,8,7,15
2004,6,4,10
2004,3,2,5
2004,7,6,13
2004,3,2,5
2004,2,1,3
2004,8,3,11
2004,5,1,6
2004,6,3,9
2004,8,2,10
2004,7,2,9
2004,7,4,11
2004,8,2,10
2004,4,2,6
2004,11,10,21
2004,7,6,13
2004,2,10,12
2004,4,3,7
2004,6,3,9
2004,2,12,14
2004,6,2,8
2004,5,2,7
2004,6,2,8
2004,4,3,7
2004,4,14,18
2004,8,4,12
2004,5,3,8
2004,4,2,6
2004,3,2,5
2004,8,4,12
2004,9,6,15
2004,9,2,11
2004,5,1,6
2004,9,1,10
2004,3,0,3
2004,6,4,10
2004,4,3,7
2004,9,2,11
2004,3,2,5
2004,6,5,11
2004,6,2,8
2004,6,0,6
2004,5,3,8
2004,6,1,7
2004,5,12,17
2004,6,2,8
2004,9,6,15
2004,4,13,17
2004,9,7,16
2004,3,11,14
2004,4,1,5
2004,3,1,4
2004,19,10,29
2004,5,14,19
2004,4,2,6
2004,3,2,5
2004,6,5,11
2004,2,0,2
2004,7,3,10
2004,6,0,6
2004,6,10,16
2004,7,2,9
2004,5,2,7
2004,3,10,13
2004,7,1,8
2004,4,2,6
2004,5,3,8
2004,8,4,12
2004,6,4,10
2004,6,2,8
2004,7,4,11
2004,2,0,2
2004,4,1,5
2004,5,4,9
2004,11,10,21
2004,5,4,9
2004,5,4,9
2004,6,3,9
2004,6,1,7
2004,6,3,9
2004,7,4,11
2004,3,2,5
2004,1,0,1
2004,9,4,13
2004,10,1,11
2004,3,2,5
2004,6,5,11
2004,3,2,5
2004,3,2,5
2004,10,1,11
2004,6,4,10
2004,4,0,4
2004,10,1,11
2004,9,1,10
2004,3,2,5
2004,7,4,11
2004,2,0,2
2004,7,6,13
2004,6,5,11
2004,3,1,4
2004,7,10,17
2004,3,2,5
2004,4,1,5
2004,5,4,9
2004,9,0,9
2004,7,6,13
2004,5,0,5
2004,8,2,10
2004,2,1,3
2004,3,12,15
2004,7,4,11
2004,3,0,3
2004,7,5,12
2004,9,8,17
2004,8,0,8
2004,4,3,7
2004,8,0,8
2004,8,4,12
2004,3,2,5
2004,8,5,13
2004,3,10,13
2004,4,1,5
2004,5,4,9
2004,6,4,10
2004,3,2,5
2004,8,7,15
2004,6,5,11
2004,9,4,13
2004,3,2,5
2004,6,5,11
2004,6,3,9
2004,7,5,12
2004,2,10,12
2004,6,4,10
2004,8,7,15
2004,8,7,15
2004,4,3,7
2004,9,7,16
2004,2,1,3
2004,6,1,7
2004,5,3,8
2004,4,1,5
2004,6,3,9
2004,6,1,7
2004,5,3,8
2004,9,7,16
2004,5,4,9
2004,5,3,8
2004,5,4,9
2004,3,2,5
2004,4,12,16
2004,3,2,5
2004,3,12,15
2004,10,0,10
2004,4,13,17
2004,5,2,7
2004,11,0,11
2004,6,10,16
2004,5,2,7
2004,7,6,13
2004,6,11,17
2004,6,3,9
2004,8,11,19
2004,8,0,8
2004,5,4,9
2004,11,0,11
2004,2,1,3
2004,6,5,11
2004,6,3,9
2004,8,6,14
2004,7,5,12
2004,8,7,15
2004,5,4,9
2004,5,4,9
2004,5,14,19
2004,5,11,16
2004,5,1,6
2004,2,1,3
2004,6,5,11
2004,6,4,10
2004,8,3,11
2004,6,11,17
2004,8,3,11
2004,5,1,6
2004,5,3,8
2004,3,12,15
2004,2,1,3
2004,4,2,6
2004,6,3,9
2004,4,2,6
2004,9,1,10
2004,3,2,5
2004,8,5,13
2004,4,3,7
2004,7,6,13
2004,4,0,4
2004,3,0,3
2004,9,5,14
2004,3,1,4
2004,4,11,15
2004,13,1,14
2004,6,2,8
2004,6,4,10
2004,2,1,3
2004,6,2,8
2004,3,1,4
2004,6,5,11
2004,9,5,14
2004,7,4,11
2004,5,0,5
2004,8,3,11
2004,7,5,12
2004,6,3,9
2004,4,3,7
2004,6,0,6
2004,3,1,4
2004,8,4,12
2004,2,1,3
2004,5,2,7
2004,4,11,15
2004,5,11,16
2004,3,2,5
2004,7,14,21
2004,9,11,20
2004,2,0,2
2004,5,2,7
2004,6,4,10
2004,4,1,5
2004,6,5,11
2004,8,2,10
2004,4,2,6
2004,6,3,9
2004,6,2,8
2004,5,1,6
2004,7,3,10
2004,8,3,11
2004,13,11,24
2004,5,3,8
2004,8,2,10
2004,5,4,9
2004,4,2,6
2004,3,11,14
2004,3,2,5
2004,8,4,12
2004,9,3,12
2004,8,6,14
2004,5,2,7
2004,2,0,2
2004,2,1,3
2004,4,0,4
2004,7,3,10
2004,5,4,9
2004,5,4,9
2004,8,7,15
2004,4,3,7
2004,7,1,8
2004,4,2,6
2004,3,10,13
2004,4,14,18
2004,4,2,6
2004,5,1,6
2004,11,1,12
2004,3,2,5
2004,1,0,1
2004,7,3,10
2004,5,4,9
2004,3,11,14
2004,4,15,19
2004,8,6,14
2004,4,3,7
2004,4,2,6
2004,6,1,7
2004,4,2,6
2004,6,0,6
2004,3,2,5
2004,5,4,9
2004,6,5,11
2004,6,2,8
2004,8,2,10
2004,7,5,12
2004,2,1,3
2004,5,3,8
2004,3,1,4
2004,7,0,7
2004,6,3,9
2004,5,1,6
2004,5,3,8
2004,4,1,5
2004,8,7,15
2004,8,1,9
2004,5,14,19
2004,8,2,10
2004,6,4,10
2004,6,5,11
2004,6,10,16
2004,3,10,13
2004,6,16,22
2004,9,3,12
2004,3,11,14
2004,5,3,8
2004,4,0,4
2004,8,11,19
2004,9,7,16
2004,4,3,7
2004,2,0,2
2004,5,11,16
2004,7,1,8
2004,11,1,12
2004,8,3,11
2004,4,3,7
2004,6,1,7
2004,7,6,13
2004,6,1,7
2004,6,4,10
2004,6,5,11
2004,7,2,9
2004,3,2,5
2004,4,10,14
2004,5,4,9
2004,8,5,13
2004,7,2,9
2004,4,2,6
2004,5,3,8
2004,5,4,9
2004,2,0,2
2004,6,1,7
2004,3,1,4
2004,3,0,3
2004,7,3,10
2004,6,2,8
2004,7,11,18
2004,8,7,15
2004,3,1,4
2004,8,4,12
2004,4,2,6
2004,5,4,9
2004,8,5,13
2004,5,10,15
2004,5,2,7
2004,7,1,8
2004,11,0,11
2004,5,4,9
2004,8,11,19
2004,6,4,10
2004,3,16,19
2004,6,1,7
2004,3,1,4
2004,8,2,10
2004,5,0,5
2004,6,11,17
2004,5,4,9
2004,7,2,9
2004,8,3,11
2004,4,16,20
2004,6,3,9
2004,5,4,9
2004,6,4,10
2004,9,2,11
2004,3,2,5
2004,6,4,10
2004,7,5,12
2004,7,2,9
2004,9,8,17
2004,6,5,11
2004,6,2,8
2004,4,14,18
2004,5,4,9
2004,6,4,10
2004,5,2,7
2004,8,4,12
2004,3,10,13
2004,4,2,6
2004,6,5,11
2004,9,6,15
2004,13,10,23
2004,12,10,22
2004,3,2,5
2004,7,10,17
2004,2,0,2
2004,4,14,18
2004,10,1,11
2004,4,3,7
2004,8,3,11
2004,9,2,11
2004,5,3,8
2004,3,2,5
2004,4,2,6
2004,5,1,6
2004,5,0,5
2004,6,1,7
2004,7,3,10
2004,5,4,9
2004,5,3,8
2004,9,5,14
2004,2,1,3
2004,4,10,14
2004,7,10,17
2004,5,2,7
2004,11,10,21
2004,4,3,7
2004,5,3,8
2004,7,4,11
2004,8,6,14
2004,8,1,9
2004,6,1,7
2004,8,2,10
2004,9,11,20
2004,6,10,16
2004,5,0,5
2004,11,1,12
2004,8,5,13
2004,6,5,11
2004,8,2,10
2004,5,3,8
2004,6,11,17
2004,2,10,12
2004,10,1,11
2004,9,6,15
2004,7,3,10
2004,4,3,7
2004,8,3,11
2004,3,1,4
2004,4,11,15
2004,2,1,3
2004,9,4,13
2004,8,3,11
2004,6,4,10
2004,7,0,7
2004,8,4,12
2004,8,7,15
2004,9,4,13
2004,4,3,7
2004,5,4,9
2004,9,0,9
2004,7,4,11
2004,3,0,3
2004,7,5,12
2004,6,5,11
2004,4,13,17
2004,4,3,7
2004,5,4,9
2004,9,5,14
2004,9,1,10
2004,4,2,6
2004,2,10,12
2004,3,1,4
2004,6,2,8
2004,3,1,4
2004,6,5,11
2004,5,4,9
2004,5,4,9
2004,6,21,27
2004,8,1,9
2004,4,2,6
2004,6,5,11
2004,4,3,7
2004,5,4,9
2004,6,5,11
2004,7,4,11
2004,6,3,9
2004,4,0,4
2004,3,0,3
2004,2,1,3
2004,6,5,11
2004,8,5,13
2004,5,11,16
2004,6,4,10
2004,4,1,5
2004,8,3,11
2004,1,0,1
2004,9,14,23
2004,5,0,5
2004,3,10,13
2004,3,10,13
2004,9,4,13
2004,7,3,10
2004,8,3,11
2004,7,4,11
2004,9,6,15
2004,5,3,8
2004,5,3,8
2004,7,15,22
2004,4,3,7
2004,6,3,9
2004,3,0,3
2004,3,10,13
2004,9,2,11
2004,8,7,15
2004,6,1,7
2004,8,5,13
2004,7,5,12
2004,6,4,10
2004,8,7,15
2004,7,1,8
2004,9,3,12
2004,5,1,6
2004,7,6,13
2004,6,3,9
2004,5,3,8
2004,4,3,7
2004,5,2,7
2004,4,2,6
2004,5,4,9
2004,4,3,7
2004,6,4,10
2004,9,7,16
2004,5,3,8
2004,4,3,7
2004,6,18,24
2004,4,2,6
2004,9,5,14
2004,6,1,7
2004,3,10,13
2004,6,2,8
2004,9,0,9
2004,8,4,12
2004,3,11,14
2004,2,10,12
2004,9,6,15
2004,10,0,10
2004,4,0,4
2004,5,4,9
2004,7,6,13
2004,6,4,10
2004,7,6,13
2004,9,8,17
2004,3,11,14
2004,9,1,10
2004,5,1,6
2004,5,2,7
2004,6,4,10
2004,4,1,5
2004,7,10,17
2004,7,2,9
2004,8,0,8
2004,9,8,17
2004,4,2,6
2004,8,5,13
2004,8,0,8
2004,22,0,22
2004,5,0,5
2004,5,3,8
2004,9,5,14
2004,9,3,12
2004,6,10,16
2004,7,5,12
2004,3,1,4
2004,7,12,19
2004,5,4,9
2004,9,3,12
2004,1,0,1
2004,5,2,7
2004,4,2,6
2004,2,1,3
2004,5,3,8
2004,5,4,9
2004,7,2,9
2004,4,1,5
2004,4,2,6
2004,8,0,8
2004,4,2,6
2004,8,4,12
2004,4,3,7
2004,4,2,6
2004,7,1,8
2004,2,0,2
2004,9,1,10
2004,9,6,15
2004,6,5,11
2004,7,2,9
2004,2,13,15
2004,8,6,14
2004,2,0,2
2004,7,5,12
2004,5,10,15
2004,8,6,14
2004,4,11,15
2004,2,0,2
2004,7,1,8
2004,3,1,4
2004,8,1,9
2004,7,6,13
2004,7,18,25
2004,3,0,3
2004,4,2,6
2004,7,4,11
2004,8,6,14
2004,8,7,15
2004,6,1,7
2004,6,5,11
2004,7,3,10
2004,4,3,7
2004,9,0,9
2004,7,0,7
2004,7,0,7
2004,8,2,10
2004,9,7,16
2004,5,1,6
2004,9,5,14
2004,6,5,11
2004,6,2,8
2004,2,1,3
2004,5,10,15
2004,9,2,11
2004,3,12,15
2004,4,3,7
2004,4,3,7
2004,4,2,6
2004,5,2,7
2004,4,1,5
2004,6,5,11
2004,5,13,18
2004,3,1,4
2004,4,1,5
2004,9,1,10
2004,7,3,10
2004,5,11,16
2004,7,4,11
2004,8,3,11
2004,9,5,14
2004,7,3,10
2004,5,0,5
2004,7,4,11
2004,5,2,7
2004,3,1,4
2004,7,6,13
2004,8,7,15
2004,6,2,8
2004,7,3,10
2004,9,7,16
2004,8,2,10
2004,2,11,13
2004,7,1,8
2004,2,0,2
2004,4,2,6
2004,3,10,13
2004,1,0,1
2004,5,3,8
2004,4,1,5
2004,9,0,9
2004,6,0,6
2004,5,3,8
2004,3,0,3
2004,5,2,7
2004,6,5,11
2004,8,3,11
2004,5,10,15
2004,9,5,14
2004,5,2,7
2004,5,4,9
2004,9,4,13
2004,7,2,9
2004,9,7,16
2004,5,26,31
2004,8,0,8
2004,4,0,4
2004,5,3,8
2004,9,1,10
2004,5,10,15
2004,3,1,4
2004,9,2,11
2004,7,1,8
2004,7,3,10
2004,7,5,12
2004,2,1,3
2004,4,3,7
2004,8,14,22
2004,7,0,7
2004,2,11,13
2004,6,4,10
2004,4,10,14
2004,4,1,5
2004,8,5,13
2004,7,6,13
2004,9,5,14
2004,4,3,7
2004,6,1,7
2004,2,13,15
2004,3,10,13
2004,6,13,19
2004,5,3,8
2004,8,1,9
2004,5,2,7
2004,5,2,7
2004,9,0,9
2004,2,13,15
2004,3,2,5
2004,8,6,14
2004,6,5,11
2004,9,11,20
2004,5,4,9
2004,5,2,7
2004,9,0,9
2004,7,10,17
2004,11,0,11
2004,5,2,7
2004,9,8,17
2004,9,7,16
2004,11,1,12
2004,11,0,11
2004,2,15,17
2004,8,5,13
2004,7,2,9
2004,7,6,13
2004,4,2,6
2004,1,0,1
2004,5,4,9
2004,2,0,2
2004,7,6,13
2004,9,2,11
2004,7,2,9
2004,4,3,7
2004,5,3,8
2004,6,3,9
2004,8,17,25
2004,9,7,16
2004,9,7,16
2004,7,1,8
2004,7,6,13
2004,5,1,6
2004,9,1,10
2004,4,3,7
2004,5,2,7
2004,3,2,5
2004,7,6,13
2004,3,11,14
2004,8,6,14
2004,4,0,4
2004,6,3,9
2004,3,2,5
2004,2,10,12
2004,7,0,7
2004,9,12,21
2004,3,2,5
2004,7,5,12
2004,3,2,5
2004,8,6,14
2004,5,13,18
2004,9,1,10
2004,5,3,8
2004,6,2,8
2004,4,10,14
2004,3,0,3
2004,7,3,10
2004,8,1,9
2004,6,1,7
2004,2,0,2
2004,3,10,13
2004,1,0,1
2004,4,2,6
2004,3,0,3
2004,8,5,13
2004,4,11,15
2004,5,4,9
2004,6,4,10
2004,4,3,7
2004,3,0,3
2004,4,0,4
2004,10,1,11
2004,9,4,13
2004,5,4,9
2004,6,1,7
2004,8,3,11
2004,9,5,14
2004,9,5,14
2004,11,10,21
2004,4,12,16
2004,6,4,10
2004,8,6,14
2004,8,1,9
2004,2,1,3
2004,2,11,13
2004,3,2,5
2004,8,12,20
2004,6,3,9
2004,4,1,5
2004,4,3,7
2004,4,11,15
2004,2,0,2
2004,9,8,17
2004,6,5,11
2004,7,1,8
2004,8,1,9
2004,4,2,6
2004,4,3,7
2004,3,12,15
2004,4,14,18
2004,6,5,11
2004,8,7,15
2004,7,4,11
2004,5,1,6
2004,7,0,7
2004,4,2,6
2004,1,0,1
2004,6,1,7
2004,5,1,6
2004,8,3,11
2004,7,6,13
2004,3,0,3
2004,1,0,1
2004,5,1,6
2004,11,1,12
2004,7,2,9
2004,1,0,1
2004,6,1,7
2004,2,1,3
2004,4,2,6
2004,3,2,5
2004,9,7,16
2004,5,2,7
2004,9,6,15
2004,8,2,10
2004,3,1,4
2004,5,1,6
2004,5,2,7
2004,7,4,11
2004,6,3,9
2004,6,3,9
2004,7,3,10
2004,5,4,9
2004,3,2,5
2004,8,6,14
2004,8,7,15
2004,4,2,6
2004,6,4,10
2004,6,1,7
2004,5,3,8
2004,5,4,9
2004,9,4,13
2004,9,2,11
2004,7,4,11
2004,9,4,13
2004,6,16,22
2004,8,11,19
2004,7,6,13
2004,7,6,13
2004,4,2,6
2004,7,6,13
2004,4,12,16
2004,3,2,5
2004,3,2,5
2004,5,4,9
2004,1,0,1
2004,4,0,4
2004,5,1,6
2004,7,6,13
2004,5,3,8
2004,3,2,5
2004,9,7,16
2004,7,6,13
2004,9,7,16
2004,7,1,8
2004,2,1,3
2004,9,8,17
2004,4,2,6
2004,4,2,6
2004,7,3,10
2004,6,3,9
2004,9,6,15
2004,7,3,10
2004,5,4,9
2004,6,3,9
2004,8,7,15
2004,7,5,12
2004,6,4,10
2004,8,6,14
2004,8,2,10
2004,5,4,9
2004,1,0,1
2004,8,1,9
2004,2,1,3
2004,8,14,22
2004,6,5,11
2004,3,2,5
2004,4,2,6
2004,8,7,15
2004,5,3,8
2004,1,0,1
2004,3,0,3
2004,5,12,17
2004,5,1,6
2004,5,3,8
2004,6,10,16
2004,8,0,8
2004,4,3,7
2004,4,3,7
2004,7,4,11
2004,6,5,11
2004,9,5,14
2004,6,5,11
2004,5,4,9
2004,6,2,8
2004,6,3,9
2004,5,0,5
2004,4,11,15
2004,5,1,6
2004,6,2,8
2004,9,3,12
2004,7,11,18
2004,2,1,3
2004,3,2,5
2004,4,2,6
2004,7,1,8
2004,7,4,11
2004,9,0,9
2004,3,1,4
2004,4,1,5
2004,5,12,17
2004,4,2,6
2004,3,10,13
2004,6,1,7
2004,8,7,15
2004,4,1,5
2004,6,5,11
2004,6,1,7
2004,7,3,10
2004,5,3,8
2004,9,8,17
2004,2,1,3
2004,5,2,7
2004,8,3,11
2004,6,4,10
2004,2,1,3
2004,5,1,6
2004,5,4,9
2004,5,2,7
2004,7,2,9
2004,7,5,12
2004,8,10,18
2004,8,2,10
2004,4,1,5
2004,6,3,9
2004,7,6,13
2004,4,0,4
2004,4,3,7
2004,2,11,13
2004,6,4,10
2004,5,2,7
2004,4,1,5
2004,9,1,10
2004,5,3,8
2004,5,4,9
2004,4,2,6
2004,8,4,12
2004,8,3,11
2004,4,3,7
2004,9,4,13
2004,8,7,15
2004,9,3,12
2004,2,1,3
2004,9,2,11
2004,4,2,6
2004,6,4,10
2004,3,2,5
2004,7,4,11
2004,4,1,5
2004,7,6,13
2004,8,0,8
2004,6,4,10
2004,6,3,9
2004,3,2,5
2004,8,3,11
2004,5,4,9
2004,5,1,6
2004,4,1,5
2004,4,2,6
2004,4,2,6
2004,4,2,6
2004,4,3,7
2004,4,2,6
2004,10,0,10
2004,6,2,8
2004,8,3,11
2004,4,1,5
2004,7,0,7
2004,7,6,13
2004,7,5,12
2004,7,5,12
2004,8,6,14
2004,3,1,4
2004,5,1,6
2004,9,3,12
2004,2,10,12
2004,7,3,10
2004,6,5,11
2004,6,3,9
2004,5,4,9
2004,4,3,7
2004,4,10,14
2004,5,1,6
2004,4,2,6
2004,4,1,5
2004,3,2,5
2004,8,10,18
2004,2,0,2
2004,7,4,11
2004,5,3,8
2004,5,0,5
2004,10,0,10
2004,5,2,7
2004,8,1,9
2004,3,2,5
2004,4,10,14
2004,3,0,3
2004,9,4,13
2004,3,2,5
2004,9,3,12
2004,2,0,2
2004,8,3,11
2004,8,3,11
2004,9,3,12
2004,7,6,13
2004,4,2,6
2004,8,3,11
2004,8,6,14
2004,8,4,12
2004,8,5,13
2004,4,0,4
2004,6,5,11
2004,6,5,11
2004,6,2,8
2004,3,12,15
2004,7,10,17
2004,3,1,4
2004,7,10,17
2004,6,4,10
2004,8,19,27
2004,5,2,7
2004,6,4,10
2004,6,5,11
2004,5,4,9
2004,3,0,3
2004,4,2,6
2004,3,10,13
2004,6,4,10
2004,5,2,7
2004,9,11,20
2004,6,2,8
2004,4,1,5
2004,3,0,3
2005,9,2,11
2005,6,16,22
2005,4,0,4
2005,1,0,1
2005,7,6,13
2005,12,10,22
2005,2,11,13
2005,8,4,12
2005,9,2,11
2005,5,1,6
2005,5,2,7
2005,3,2,5
2005,5,4,9
2005,9,0,9
2005,7,3,10
2005,4,3,7
2005,8,4,12
2005,4,2,6
2005,6,3,9
2005,3,2,5
2005,8,3,11
2005,9,0,9
2005,4,3,7
2005,9,5,14
2005,6,14,20
2005,7,2,9
2005,2,1,3
2005,4,1,5
2005,7,3,10
2005,7,3,10
2005,2,10,12
2005,4,1,5
2005,4,10,14
2005,8,5,13
2005,7,6,13
2005,5,1,6
2005,5,11,16
2005,6,1,7
2005,7,3,10
2005,4,2,6
2005,5,4,9
2005,1,0,1
2005,6,0,6
2005,6,2,8
2005,8,7,15
2005,3,1,4
2005,6,3,9
2005,4,3,7
2005,9,0,9
2005,3,2,5
2005,5,1,6
2005,5,12,17
2005,3,2,5
2005,9,6,15
2005,8,10,18
2005,6,5,11
2005,3,2,5
2005,6,5,11
2005,8,3,11
2005,12,10,22
2005,6,3,9
2005,4,0,4
2005,11,1,12
2005,3,2,5
2005,4,3,7
2005,8,5,13
2005,8,5,13
2005,3,11,14
2005,7,6,13
2005,4,2,6
2005,4,10,14
2005,2,11,13
2005,5,12,17
2005,8,3,11
2005,5,4,9
2005,6,1,7
2005,6,5,11
2005,7,6,13
2005,8,0,8
2005,5,2,7
2005,5,2,7
2005,7,2,9
2005,6,3,9
2005,7,6,13
2005,4,11,15
2005,4,13,17
2005,6,1,7
2005,4,3,7
2005,2,0,2
2005,2,11,13
2005,8,1,9
2005,1,0,1
2005,2,1,3
2005,4,1,5
2005,8,2,10
2005,6,2,8
2005,8,4,12
2005,3,10,13
2005,7,6,13
2005,4,2,6
2005,4,3,7
2005,8,2,10
2005,9,8,17
2005,4,2,6
2005,5,4,9
2005,5,2,7
2005,5,1,6
2005,7,6,13
2005,8,13,21
2005,5,2,7
2005,4,11,15
2005,5,2,7
2005,8,3,11
2005,8,3,11
2005,5,4,9
2005,4,0,4
2005,2,1,3
2005,4,1,5
2005,6,2,8
2005,8,4,12
2005,1,0,1
2005,6,3,9
2005,6,5,11
2005,5,1,6
2005,7,5,12
2005,8,5,13
2005,8,6,14
2005,2,10,12
2005,4,10,14
2005,4,3,7
2005,7,12,19
2005,2,1,3
2005,5,3,8
2005,8,1,9
2005,10,0,10
2005,6,4,10
2005,2,11,13
2005,3,2,5
2005,6,13,19
2005,6,5,11
2005,4,0,4
2005,3,0,3
2005,4,0,4
2005,6,1,7
2005,4,11,15
2005,8,5,13
2005,4,2,6
2005,7,6,13
2005,6,2,8
2005,2,1,3
2005,3,2,5
2005,6,4,10
2005,5,4,9
2005,7,1,8
2005,8,3,11
2005,5,3,8
2005,4,3,7
2005,1,0,1
2005,2,1,3
2005,4,3,7
2005,8,0,8
2005,9,3,12
2005,8,4,12
2005,3,1,4
2005,5,4,9
2005,6,5,11
2005,2,1,3
2005,8,6,14
2005,6,1,7
2005,6,0,6
2005,3,2,5
2005,5,2,7
2005,7,6,13
2005,2,1,3
2005,4,2,6
2005,6,5,11
2005,7,3,10
2005,6,1,7
2005,3,13,16
2005,7,12,19
2005,5,4,9
2005,7,6,13
2005,5,3,8
2005,1,0,1
2005,5,1,6
2005,7,3,10
2005,8,19,27
2005,5,4,9
2005,11,1,12
2005,7,2,9
2005,8,5,13
2005,9,4,13
2005,5,3,8
2005,8,4,12
2005,4,3,7
2005,3,1,4
2005,7,1,8
2005,8,1,9
2005,5,3,8
2005,6,5,11
2005,8,6,14
2005,6,2,8
2005,4,16,20
2005,7,1,8
2005,5,2,7
2005,3,0,3
2005,6,3,9
2005,2,0,2
2005,8,0,8
2005,6,4,10
2005,9,1,10
2005,9,2,11
2005,6,1,7
2005,5,4,9
2005,7,4,11
2005,3,1,4
2005,7,6,13
2005,2,1,3
2005,3,1,4
2005,12,10,22
2005,2,11,13
2005,2,0,2
2005,6,5,11
2005,1,0,1
2005,4,2,6
2005,4,3,7
2005,10,1,11
2005,8,7,15
2005,9,10,19
2005,6,3,9
2005,6,1,7
2005,3,0,3
2005,4,3,7
2005,4,0,4
2005,3,2,5
2005,4,3,7
2005,2,1,3
2005,4,3,7
2005,5,3,8
2005,6,2,8
2005,9,1,10
2005,5,4,9
2005,4,2,6
2005,8,2,10
2005,5,3,8
2005,3,1,4
2005,6,1,7
2005,6,1,7
2005,8,7,15
2005,5,4,9
2005,5,13,18
2005,9,5,14
2005,2,1,3
2005,11,1,12
2005,4,3,7
2005,8,6,14
2005,4,2,6
2005,3,2,5
2005,2,10,12
2005,5,10,15
2005,5,2,7
2005,6,2,8
2005,1,0,1
2005,6,5,11
2005,4,1,5
2005,1,0,1
2005,8,6,14
2005,4,0,4
2005,5,2,7
2005,8,6,14
2005,2,1,3
2005,4,3,7
2005,11,1,12
2005,4,11,15
2005,9,1,10
2005,8,5,13
2005,8,5,13
2005,3,11,14
2005,7,1,8
2005,8,4,12
2005,6,10,16
2005,6,4,10
2005,4,2,6
2005,5,4,9
2005,6,0,6
2005,2,0,2
2005,5,3,8
2005,5,4,9
2005,8,11,19
2005,9,11,20
2005,9,3,12
2005,2,1,3
2005,3,2,5
2005,4,12,16
2005,4,3,7
2005,9,7,16
2005,6,5,11
2005,5,3,8
2005,7,4,11
2005,7,5,12
2005,3,1,4
2005,8,7,15
2005,3,10,13
2005,9,4,13
2005,6,3,9
2005,5,1,6
2005,8,4,12
2005,2,1,3
2005,2,0,2
2005,3,10,13
2005,6,3,9
2005,8,2,10
2005,8,2,10
2005,3,0,3
2005,3,2,5
2005,6,5,11
2005,3,1,4
2005,4,3,7
2005,4,1,5
2005,7,4,11
2005,6,5,11
2005,5,0,5
2005,3,2,5
2005,6,0,6
2005,3,2,5
2005,6,3,9
2005,4,3,7
2005,7,4,11
2005,2,0,2
2005,4,2,6
2005,6,4,10
2005,3,2,5
2005,5,4,9
2005,7,2,9
2005,5,1,6
2005,3,2,5
2005,7,5,12
2005,4,3,7
2005,8,1,9
2005,7,5,12
2005,6,2,8
2005,6,5,11
2005,4,2,6
2005,4,3,7
2005,6,5,11
2005,2,1,3
2005,7,6,13
2005,2,0,2
2005,9,2,11
2005,5,3,8
2005,2,1,3
2005,7,4,11
2005,8,0,8
2005,6,5,11
2005,9,3,12
2005,2,1,3
2005,3,13,16
2005,2,1,3
2005,8,6,14
2005,3,2,5
2005,8,6,14
2005,8,3,11
2005,5,2,7
2005,6,5,11
2005,6,3,9
2005,9,8,17
2005,6,2,8
2005,9,10,19
2005,8,3,11
2005,4,11,15
2005,6,2,8
2005,5,1,6
2005,3,2,5
2005,5,4,9
2005,5,0,5
2005,6,2,8
2005,3,2,5
2005,6,11,17
2005,1,0,1
2005,5,4,9
2005,4,2,6
2005,5,3,8
2005,7,4,11
2005,4,2,6
2005,4,1,5
2005,4,2,6
2005,3,10,13
2005,6,1,7
2005,2,1,3
2005,5,2,7
2005,4,11,15
2005,6,2,8
2005,5,2,7
2005,5,1,6
2005,4,2,6
2005,7,3,10
2005,4,3,7
2005,6,4,10
2005,5,2,7
2005,4,3,7
2005,5,4,9
2005,3,2,5
2005,7,16,23
2005,8,7,15
2005,5,2,7
2005,8,11,19
2005,6,2,8
2005,9,3,12
2005,2,1,3
2005,2,1,3
2005,6,5,11
2005,9,0,9
2005,7,5,12
2005,8,3,11
2005,6,2,8
2005,4,3,7
2005,8,4,12
2005,9,4,13
2005,3,1,4
2005,7,2,9
2005,3,2,5
2005,6,13,19
2005,7,0,7
2005,7,4,11
2005,6,3,9
2005,9,3,12
2005,6,5,11
2005,7,1,8
2005,8,6,14
2005,5,3,8
2005,2,1,3
2005,3,2,5
2005,4,1,5
2005,5,3,8
2005,4,1,5
2005,3,11,14
2005,4,1,5
2005,7,5,12
2005,5,0,5
2005,8,11,19
2005,5,4,9
2005,8,1,9
2005,6,1,7
2005,7,10,17
2005,10,1,11
2005,2,16,18
2005,16,0,16
2005,8,10,18
2005,6,3,9
2005,6,4,10
2005,2,1,3
2005,9,3,12
2005,8,3,11
2005,5,4,9
2005,6,0,6
2005,4,3,7
2005,5,15,20
2005,9,6,15
2005,7,2,9
2005,5,4,9
2005,3,0,3
2005,4,3,7
2005,3,0,3
2005,5,13,18
2005,7,4,11
2005,6,5,11
2005,7,6,13
2005,2,1,3
2005,4,2,6
2005,4,3,7
2005,2,1,3
2005,4,2,6
2005,4,2,6
2005,2,0,2
2005,6,1,7
2005,5,4,9
2005,3,2,5
2005,6,4,10
2005,3,2,5
2005,7,0,7
2005,5,1,6
2005,9,5,14
2005,6,2,8
2005,8,5,13
2005,7,4,11
2005,5,2,7
2005,9,8,17
2005,7,6,13
2005,5,4,9
2005,3,1,4
2005,9,3,12
2005,3,2,5
2005,7,4,11
2005,6,5,11
2005,4,3,7
2005,7,2,9
2005,6,5,11
2005,2,1,3
2005,5,2,7
2005,9,13,22
2005,7,2,9
2005,9,3,12
2005,5,2,7
2005,6,5,11
2005,9,12,21
2005,3,2,5
2005,6,3,9
2005,6,3,9
2005,7,5,12
2005,7,5,12
2005,3,10,13
2005,5,3,8
2005,6,4,10
2005,3,18,21
2005,4,2,6
2005,3,2,5
2005,7,4,11
2005,9,6,15
2005,2,0,2
2005,9,4,13
2005,2,12,14
2005,4,3,7
2005,3,2,5
2005,7,14,21
2005,6,3,9
2005,9,6,15
2005,3,2,5
2005,4,10,14
2005,4,2,6
2005,3,2,5
2005,4,1,5
2005,6,5,11
2005,5,1,6
2005,5,0,5
2005,7,6,13
2005,6,15,21
2005,4,12,16
2005,2,0,2
2005,2,1,3
2005,6,3,9
2005,4,3,7
2005,6,2,8
2005,5,2,7
2005,5,4,9
2005,9,3,12
2005,9,0,9
2005,4,3,7
2005,5,2,7
2005,5,2,7
2005,4,2,6
2005,6,4,10
2005,4,3,7
2005,4,2,6
2005,4,12,16
2005,5,4,9
2005,5,4,9
2005,7,6,13
2005,3,1,4
2005,6,2,8
2005,9,2,11
2005,6,4,10
2005,5,3,8
2005,6,3,9
2005,5,2,7
2005,5,2,7
2005,5,13,18
2005,9,4,13
2005,4,3,7
2005,3,0,3
2005,8,12,20
2005,5,14,19
2005,3,10,13
2005,2,1,3
2005,7,5,12
2005,7,5,12
2005,4,3,7
2005,3,2,5
2005,6,0,6
2005,8,2,10
2005,7,0,7
2005,2,1,3
2005,3,2,5
2005,6,4,10
2005,7,6,13
2005,7,4,11
2005,8,3,11
2005,3,2,5
2005,6,10,16
2005,6,13,19
2005,8,4,12
2005,3,2,5
2005,8,4,12
2005,7,6,13
2005,1,0,1
2005,3,1,4
2005,6,2,8
2005,6,1,7
2005,7,4,11
2005,4,0,4
2005,7,4,11
2005,3,2,5
2005,9,3,12
2005,4,3,7
2005,5,1,6
2005,2,1,3
2005,6,2,8
2005,7,6,13
2005,7,6,13
2005,9,0,9
2005,7,1,8
2005,5,2,7
2005,9,4,13
2005,6,1,7
2005,8,4,12
2005,7,3,10
2005,6,1,7
2005,7,0,7
2005,7,5,12
2005,5,3,8
2005,5,3,8
2005,3,2,5
2005,4,3,7
2005,6,5,11
2005,3,1,4
2005,6,0,6
2005,7,1,8
2005,8,3,11
2005,5,3,8
2005,3,2,5
2005,3,18,21
2005,7,0,7
2005,7,2,9
2005,5,2,7
2005,4,3,7
2005,9,2,11
2005,1,0,1
2005,8,5,13
2005,9,2,11
2005,6,2,8
2005,6,5,11
2005,5,3,8
2005,4,3,7
2005,5,0,5
2005,3,1,4
2005,2,0,2
2005,9,2,11
2005,4,0,4
2005,8,6,14
2005,4,1,5
2005,5,3,8
2005,2,1,3
2005,5,2,7
2005,2,1,3
2005,4,2,6
2005,2,1,3
2005,9,5,14
2005,4,0,4
2005,3,2,5
2005,4,2,6
2005,4,3,7
2005,6,3,9
2005,4,3,7
2005,6,1,7
2005,3,12,15
2005,5,3,8
2005,2,1,3
2005,5,4,9
2005,4,3,7
2005,9,6,15
2005,4,2,6
2005,12,11,23
2005,3,0,3
2005,3,1,4
2005,5,1,6
2005,3,12,15
2005,3,2,5
2005,8,5,13
2005,11,1,12
2005,4,2,6
2005,2,10,12
2005,5,11,16
2005,6,14,20
2005,7,3,10
2005,6,1,7
2005,3,2,5
2005,10,0,10
2005,5,2,7
2005,5,2,7
2005,8,4,12
2005,5,4,9
2005,4,12,16
2005,4,3,7
2005,6,4,10
2005,2,1,3
2005,8,1,9
2005,8,1,9
2005,9,8,17
2005,7,4,11
2005,5,1,6
2005,4,3,7
2005,3,10,13
2005,6,5,11
2005,4,1,5
2005,1,0,1
2005,3,0,3
2005,6,3,9
2005,9,3,12
2005,6,3,9
2005,5,4,9
2005,6,2,8
2005,7,2,9
2005,14,1,15
2005,5,4,9
2005,5,12,17
2005,5,3,8
2005,5,1,6
2005,9,2,11
2005,6,3,9
2005,6,1,7
2005,9,6,15
2005,17,1,18
2005,5,3,8
2005,3,1,4
2005,3,2,5
2005,4,3,7
2005,7,6,13
2005,6,3,9
2005,7,2,9
2005,8,6,14
2005,6,11,17
2005,2,11,13
2005,6,2,8
2005,6,3,9
2005,2,1,3
2005,7,2,9
2005,9,6,15
2005,3,2,5
2005,9,10,19
2005,4,12,16
2005,4,0,4
2005,8,1,9
2005,5,4,9
2005,5,4,9
2005,9,0,9
2005,5,3,8
2005,5,4,9
2005,3,2,5
2005,2,1,3
2005,4,3,7
2005,3,2,5
2005,5,1,6
2005,5,4,9
2005,2,1,3
2005,8,2,10
2005,4,3,7
2005,5,3,8
2005,2,1,3
2005,4,3,7
2005,7,0,7
2005,10,1,11
2005,5,2,7
2005,5,4,9
2005,8,4,12
2005,9,7,16
2005,5,4,9
2005,9,3,12
2005,7,10,17
2005,8,6,14
2005,6,4,10
2005,4,1,5
2005,3,1,4
2005,9,5,14
2005,6,2,8
2005,2,1,3
2005,2,11,13
2005,6,10,16
2005,9,1,10
2005,5,2,7
2005,3,0,3
2005,5,4,9
2005,6,4,10
2005,8,7,15
2005,6,5,11
2005,5,2,7
2005,6,4,10
2005,4,3,7
2005,6,1,7
2005,5,3,8
2005,6,5,11
2005,6,3,9
2005,5,0,5
2005,8,6,14
2005,7,4,11
2005,6,4,10
2005,4,12,16
2005,5,3,8
2005,2,0,2
2005,2,1,3
2005,7,5,12
2005,6,3,9
2005,6,2,8
2005,3,1,4
2005,6,2,8
2005,6,1,7
2005,3,2,5
2005,6,13,19
2005,6,5,11
2005,7,5,12
2005,7,14,21
2005,9,11,20
2005,9,14,23
2005,2,1,3
2005,4,3,7
2005,5,1,6
2005,5,2,7
2005,6,10,16
2005,5,3,8
2005,1,0,1
2005,5,11,16
2005,6,5,11
2005,7,3,10
2005,6,3,9
2005,6,4,10
2005,8,6,14
2005,6,2,8
2005,6,4,10
2005,8,1,9
2005,6,10,16
2005,9,3,12
2005,6,3,9
2005,12,1,13
2005,4,12,16
2005,7,6,13
2005,5,2,7
2005,4,0,4
2005,6,5,11
2005,6,3,9
2005,4,2,6
2005,4,1,5
2005,9,3,12
2005,5,3,8
2005,4,3,7
2005,8,10,18
2005,4,3,7
2005,7,1,8
2005,9,8,17
2005,3,2,5
2005,6,4,10
2005,9,7,16
2005,2,1,3
2005,4,3,7
2005,8,4,12
2005,2,1,3
2005,3,1,4
2005,8,5,13
2005,6,5,11
2005,2,0,2
2005,8,1,9
2005,9,2,11
2005,2,1,3
2005,10,0,10
2005,8,4,12
2005,2,0,2
2005,9,11,20
2005,5,15,20
2005,5,4,9
2005,3,1,4
2005,3,12,15
2005,4,1,5
2005,2,0,2
2005,6,1,7
2005,6,1,7
2005,4,1,5
2005,4,0,4
2005,7,2,9
2005,4,3,7
2005,5,14,19
2005,8,0,8
2005,6,3,9
2005,8,10,18
2005,3,2,5
2005,9,7,16
2005,4,3,7
2005,12,11,23
2005,6,4,10
2005,6,14,20
2005,4,3,7
2005,2,0,2
2005,5,12,17
2005,4,2,6
2005,6,5,11
2005,2,12,14
2005,5,2,7
2005,7,2,9
2005,4,2,6
2005,2,10,12
2005,8,1,9
2005,9,3,12
2005,8,5,13
2005,5,3,8
2005,7,6,13
2005,10,1,11
2005,6,4,10
2005,6,5,11
2005,6,3,9
2005,5,3,8
2005,5,3,8
2005,7,5,12
2005,2,18,20
2005,2,1,3
2005,7,6,13
2005,5,0,5
2005,2,1,3
2005,9,4,13
2005,5,11,16
2005,8,1,9
2005,6,10,16
2005,7,3,10
2005,6,2,8
2005,3,0,3
2005,4,3,7
2005,4,3,7
2005,6,2,8
2005,7,5,12
2005,8,5,13
2005,5,3,8
2005,5,3,8
2005,3,2,5
2005,11,1,12
2005,8,5,13
2005,3,10,13
2005,8,1,9
2005,9,1,10
2005,5,3,8
2005,7,3,10
2005,4,1,5
2005,6,3,9
2005,6,1,7
2005,7,0,7
2005,4,10,14
2005,14,0,14
2005,2,11,13
2005,8,4,12
2005,3,2,5
2005,4,3,7
2005,9,0,9
2005,5,0,5
2005,3,1,4
2005,4,0,4
2005,7,2,9
2005,7,0,7
2005,1,0,1
2005,5,1,6
2005,6,1,7
2005,6,12,18
2005,5,15,20
2005,7,6,13
2005,8,2,10
2005,3,1,4
2005,8,4,12
2005,7,5,12
2005,3,2,5
2005,5,1,6
2005,5,3,8
2005,9,5,14
2005,5,2,7
2005,5,2,7
2005,2,1,3
2005,3,1,4
2005,9,6,15
2005,7,14,21
2005,6,1,7
2005,9,6,15
2005,3,2,5
2005,3,2,5
2005,2,1,3
2005,6,5,11
2005,6,0,6
2005,5,10,15
2005,6,13,19
2005,4,0,4
2005,7,0,7
2005,5,4,9
2005,9,6,15
2005,6,1,7
2005,5,0,5
2005,6,4,10
2005,8,1,9
2005,9,5,14
2005,2,1,3
2005,7,2,9
2005,2,0,2
2005,5,3,8
2005,6,1,7
2005,3,1,4
2005,8,2,10
2005,6,2,8
2005,7,2,9
2005,8,1,9
2005,2,1,3
2005,4,1,5
2005,5,2,7
2005,7,4,11
2005,5,2,7
2005,7,5,12
2005,4,2,6
2005,8,0,8
2005,4,3,7
2005,8,11,19
2005,3,2,5
2005,8,10,18
2005,7,1,8
2005,5,1,6
2005,6,3,9
2005,5,2,7
2005,5,11,16
2005,8,5,13
2005,8,2,10
2005,5,2,7
2005,5,1,6
2005,8,11,19
2005,6,1,7
2005,9,10,19
2005,7,0,7
2005,5,4,9
2005,5,4,9
2005,7,4,11
2005,1,0,1
2005,6,2,8
2005,8,3,11
2005,2,11,13
2005,8,6,14
2005,5,0,5
2005,5,1,6
2005,4,11,15
2005,9,2,11
2005,6,5,11
2005,4,2,6
2005,7,2,9
2005,20,11,31
2005,8,5,13
2005,4,11,15
2005,2,1,3
2005,4,2,6
2005,6,4,10
2005,9,5,14
2005,6,0,6
2005,8,0,8
2005,5,1,6
2005,7,6,13
2005,5,4,9
2005,6,2,8
2005,9,4,13
2005,8,1,9
2005,5,3,8
2005,8,4,12
2005,5,4,9
2005,6,4,10
2005,5,4,9
2005,4,0,4
2005,3,2,5
2005,8,0,8
2005,8,7,15
2005,6,2,8
2005,9,4,13
2005,4,3,7
2005,4,3,7
2005,5,0,5
2005,7,2,9
2005,7,11,18
2005,6,2,8
2005,7,0,7
2005,2,1,3
2005,7,5,12
2005,2,12,14
2005,5,4,9
2005,4,12,16
2005,5,2,7
2005,3,1,4
2005,6,4,10
2005,4,3,7
2005,8,0,8
2005,5,14,19
2005,8,1,9
2005,7,4,11
2005,3,0,3
2005,3,1,4
2005,5,1,6
2005,5,4,9
2005,6,2,8
2005,7,12,19
2005,4,2,6
2005,6,5,11
2005,7,6,13
2005,3,10,13
2005,6,3,9
2005,7,1,8
2005,8,5,13
2005,8,0,8
2005,6,2,8
2005,5,2,7
2005,5,3,8
2005,7,13,20
2005,8,1,9
2005,2,0,2
2005,4,3,7
2005,9,4,13
2005,3,2,5
2005,5,2,7
2005,5,4,9
2005,16,0,16
2005,8,12,20
2005,5,4,9
2005,5,4,9
2005,1,0,1
2005,9,5,14
2005,6,4,10
2005,7,0,7
2005,5,11,16
2005,7,2,9
2005,5,4,9
2005,3,1,4
2005,4,3,7
2005,3,13,16
2005,3,11,14
2005,5,4,9
2005,8,12,20
2005,2,0,2
2005,6,5,11
2005,2,1,3
2005,9,1,10
2005,8,3,11
2005,8,11,19
2005,8,3,11
2005,8,1,9
2005,2,1,3
2005,3,1,4
2005,5,1,6
2005,2,1,3
2005,4,2,6
2005,5,2,7
2005,3,2,5
2005,7,1,8
2005,4,3,7
2005,6,5,11
2005,4,2,6
2005,3,1,4
2005,6,3,9
2005,6,2,8
2005,3,11,14
2005,3,12,15
2005,7,6,13
2005,3,2,5
2005,9,2,11
2005,9,3,12
2005,6,10,16
2005,2,2,4
2005,6,1,7
2005,6,2,8
2005,5,3,8
2005,6,2,8
2005,7,0,7
2005,5,18,23
2005,7,5,12
2005,3,1,4
2005,2,15,17
2005,4,3,7
2005,7,10,17
2005,2,10,12
2005,5,0,5
2005,7,0,7
2005,8,4,12
2005,7,4,11
2005,7,6,13
2005,6,2,8
2005,9,1,10
2005,3,2,5
2005,6,2,8
2005,6,0,6
2005,4,0,4
2005,6,4,10
2005,4,2,6
2005,4,3,7
2005,6,11,17
2005,8,4,12
2005,5,3,8
2005,7,5,12
2005,5,3,8
2005,4,1,5
2005,7,3,10
2005,5,3,8
2005,6,3,9
2005,5,3,8
2005,6,5,11
2005,3,1,4
2005,9,4,13
2005,5,2,7
2005,5,4,9
2005,9,0,9
2005,1,0,1
2005,5,0,5
2005,3,10,13
2005,11,10,21
2005,3,2,5
2005,3,0,3
2005,7,2,9
2005,4,3,7
2005,9,6,15
2005,2,1,3
2005,5,4,9
2005,7,5,12
2005,3,10,13
2005,4,0,4
2005,8,10,18
2005,9,3,12
2005,6,0,6
2005,4,3,7
2005,3,2,5
2005,4,1,5
2005,6,0,6
2005,8,13,21
2005,12,1,13
2005,11,10,21
2005,6,5,11
2005,5,2,7
2005,2,1,3
2005,7,1,8
2005,5,1,6
2005,6,4,10
2005,3,2,5
2005,6,1,7
2005,6,4,10
2005,6,2,8
2005,8,6,14
2005,3,12,15
2005,3,0,3
2005,7,4,11
2005,7,4,11
2005,7,10,17
2005,3,2,5
2005,7,6,13
2005,2,1,3
2005,7,2,9
2005,7,3,10
2005,9,5,14
2005,5,4,9
2005,5,4,9
2005,5,1,6
2005,5,0,5
2005,7,2,9
2005,7,4,11
2005,8,0,8
2005,5,3,8
2005,2,10,12
2005,2,1,3
2005,6,0,6
2005,9,4,13
2005,3,1,4
2005,8,5,13
2005,3,11,14
2005,7,5,12
2005,8,5,13
2005,7,2,9
2005,2,1,3
2005,5,1,6
2005,6,4,10
2005,4,2,6
2005,3,2,5
2005,4,10,14
2005,4,3,7
2005,2,1,3
2005,7,2,9
2005,4,2,6
2005,2,12,14
2005,9,6,15
2005,3,2,5
2005,5,4,9
2005,5,4,9
2005,8,7,15
2005,6,5,11
2005,3,1,4
2005,7,3,10
2005,7,6,13
2005,6,3,9
2005,6,2,8
2005,9,6,15
2005,9,1,10
2005,10,1,11
2005,1,0,1
2005,8,2,10
2005,4,2,6
2005,8,12,20
2005,8,7,15
2005,1,0,1
2005,4,11,15
2005,2,0,2
2005,5,4,9
2005,12,10,22
2005,7,4,11
2005,2,0,2
2005,8,4,12
2005,4,1,5
2005,9,8,17
2005,8,5,13
2005,9,2,11
2005,6,5,11
2005,3,2,5
2005,9,4,13
2005,5,4,9
2005,6,1,7
2005,4,3,7
2005,9,4,13
2005,9,8,17
2005,8,6,14
2005,5,1,6
2005,1,0,1
2005,9,12,21
2005,4,3,7
2005,4,2,6
2005,3,2,5
2005,6,3,9
2005,6,0,6
2005,7,13,20
2005,6,0,6
2005,5,3,8
2005,3,0,3
2005,17,1,18
2005,11,1,12
2005,4,3,7
2005,7,1,8
2005,4,1,5
2005,6,0,6
2005,4,3,7
2005,3,2,5
2005,2,1,3
2005,7,2,9
2005,9,7,16
2005,7,10,17
2005,6,3,9
2005,4,3,7
2005,6,11,17
2005,7,4,11
2005,3,0,3
2005,7,6,13
2005,7,5,12
2005,5,3,8
2005,5,4,9
2005,5,3,8
2005,5,4,9
2005,3,0,3
2005,8,10,18
2005,5,10,15
2005,4,1,5
2005,3,2,5
2005,4,2,6
2005,6,5,11
2005,5,3,8
2005,8,2,10
2005,9,4,13
2005,4,0,4
2005,5,0,5
2005,4,1,5
2005,5,3,8
2005,2,1,3
2005,8,1,9
2005,5,4,9
2005,8,4,12
2005,6,1,7
2005,8,2,10
2005,3,0,3
2005,5,4,9
2005,5,2,7
2005,8,7,15
2005,3,1,4
2005,7,5,12
2005,9,4,13
2005,6,2,8
2005,3,2,5
2005,11,1,12
2005,6,1,7
2005,4,11,15
2005,11,10,21
2005,5,4,9
2005,3,1,4
2005,6,3,9
2005,5,2,7
2005,7,1,8
2005,7,3,10
2005,4,0,4
2005,4,3,7
2005,3,1,4
2005,5,4,9
2005,9,3,12
2005,6,4,10
2005,5,4,9
2005,5,4,9
2005,2,1,3
2005,12,10,22
2005,4,0,4
2005,3,0,3
2005,9,2,11
2005,9,4,13
2005,8,6,14
2005,9,3,12
2005,5,3,8
2005,3,2,5
2005,7,3,10
2005,2,10,12
2005,8,0,8
2005,4,1,5
2005,4,2,6
2005,8,4,12
2005,9,4,13
2005,3,2,5
2005,6,5,11
2005,6,5,11
2005,9,6,15
2005,10,1,11
2005,5,10,15
2005,12,0,12
2005,1,0,1
2005,8,1,9
2005,7,12,19
2005,6,4,10
2005,6,3,9
2005,3,2,5
2005,6,3,9
2005,6,5,11
2005,8,4,12
2005,6,11,17
2005,4,3,7
2005,6,12,18
2005,5,3,8
2005,6,5,11
2005,8,6,14
2005,5,3,8
2005,8,5,13
2005,2,1,3
2005,7,5,12
2005,11,10,21
2005,14,1,15
2005,8,6,14
2005,3,2,5
2005,3,0,3
2005,7,11,18
2005,4,3,7
2005,2,1,3
2005,5,2,7
2005,9,4,13
2005,7,5,12
2005,2,0,2
2005,5,3,8
2005,4,16,20
2005,6,5,11
2005,3,2,5
2005,5,4,9
2005,4,2,6
2005,4,1,5
2005,3,2,5
2005,6,4,10
2005,3,2,5
2005,6,3,9
2005,5,2,7
2005,6,5,11
2005,6,0,6
2005,5,1,6
2005,3,0,3
2005,4,1,5
2005,8,4,12
2005,6,2,8
2005,8,3,11
2005,4,1,5
2005,4,2,6
2005,3,2,5
2005,5,3,8
2005,7,1,8
2005,6,14,20
2005,4,0,4
2005,4,2,6
2005,4,13,17
2005,5,3,8
2005,4,3,7
2005,3,2,5
2005,5,4,9
2005,3,2,5
2005,4,3,7
2005,6,3,9
2005,2,1,3
2005,7,1,8
2005,7,4,11
2005,7,2,9
2005,4,0,4
2005,2,0,2
2005,4,2,6
2005,8,5,13
2005,9,10,19
2005,8,0,8
2005,4,3,7
2005,8,11,19
2005,4,3,7
2005,9,3,12
2005,3,1,4
2005,3,2,5
2005,6,5,11
2005,7,6,13
2005,3,0,3
2005,7,3,10
2005,5,4,9
2005,2,1,3
2005,9,3,12
2005,4,1,5
2005,3,2,5
2005,5,4,9
2005,2,1,3
2005,6,0,6
2005,8,5,13
2005,3,0,3
2005,3,2,5
2005,6,1,7
2005,3,0,3
2005,6,3,9
2005,3,11,14
2005,6,5,11
2005,5,10,15
2005,2,1,3
2005,2,1,3
2005,7,2,9
2005,8,5,13
2005,4,3,7
2005,5,3,8
2005,4,3,7
2005,5,2,7
2005,7,5,12
2005,7,6,13
2005,4,1,5
2005,8,4,12
2005,8,3,11
2005,5,10,15
2005,6,3,9
2005,4,1,5
2005,9,6,15
2005,9,6,15
2005,6,2,8
2005,3,2,5
2005,8,7,15
2005,3,0,3
2005,2,0,2
2005,9,4,13
2005,7,1,8
2005,8,7,15
2005,9,5,14
2005,9,1,10
2005,3,2,5
2005,7,3,10
2005,3,2,5
2005,5,4,9
2005,9,4,13
2005,4,3,7
2005,6,13,19
2005,9,2,11
2005,4,2,6
2005,9,4,13
2005,7,5,12
2005,5,1,6
2005,8,7,15
2005,5,2,7
2005,7,1,8
2005,9,7,16
2005,6,2,8
2005,5,1,6
2005,4,1,5
2005,6,3,9
2005,2,1,3
2005,6,5,11
2005,10,1,11
2005,3,1,4
2005,6,4,10
2005,7,3,10
2005,2,12,14
2005,6,5,11
2005,4,1,5
2005,5,2,7
2005,9,8,17
2005,2,1,3
2005,3,11,14
2005,4,3,7
2005,3,1,4
2005,8,10,18
2005,5,4,9
2005,8,4,12
2005,7,0,7
2005,8,5,13
2005,4,3,7
2005,8,5,13
2005,7,4,11
2005,7,10,17
2005,4,3,7
2005,6,4,10
2005,4,3,7
2005,9,8,17
2005,3,2,5
2005,9,6,15
2005,8,5,13
2005,3,1,4
2005,4,1,5
2005,7,3,10
2005,9,11,20
2005,5,4,9
2005,7,4,11
2005,4,3,7
2005,3,1,4
2005,5,2,7
2005,9,12,21
2005,6,4,10
2005,7,12,19
2005,6,4,10
2005,4,3,7
2005,5,13,18
2005,7,0,7
2005,5,4,9
2005,6,4,10
2005,4,2,6
2005,5,1,6
2005,9,6,15
2005,5,4,9
2005,12,0,12
2005,9,5,14
2005,3,1,4
2005,6,12,18
2005,4,0,4
2005,3,11,14
2005,5,10,15
2005,6,2,8
2005,6,5,11
2005,6,4,10
2005,7,14,21
2005,4,2,6
2005,4,3,7
2005,4,2,6
2005,16,1,17
2005,4,3,7
2005,2,0,2
2005,8,2,10
2005,9,4,13
2005,5,2,7
2005,8,1,9
2005,3,10,13
2005,8,5,13
2005,3,2,5
2005,4,10,14
2005,9,4,13
2005,3,1,4
2005,2,0,2
2005,6,5,11
2005,11,0,11
2005,7,11,18
2005,6,1,7
2005,2,0,2
2005,6,4,10
2005,8,1,9
2005,5,3,8
2005,9,3,12
2005,6,2,8
2005,3,0,3
2005,6,11,17
2005,9,4,13
2005,4,3,7
2005,5,3,8
2005,8,4,12
2005,3,2,5
2005,5,4,9
2005,9,8,17
2005,7,1,8
2005,5,2,7
2005,8,7,15
2005,8,3,11
2005,4,12,16
2005,5,0,5
2005,6,5,11
2005,7,13,20
2005,8,4,12
2005,5,2,7
2005,2,1,3
2005,9,2,11
2005,8,3,11
2005,1,0,1
2005,6,4,10
2005,5,4,9
2005,9,5,14
2005,5,16,21
2005,8,2,10
2005,6,5,11
2005,5,10,15
2005,7,6,13
2005,6,1,7
2005,9,5,14
2005,3,0,3
2005,2,1,3
2005,4,3,7
2005,9,1,10
2005,7,3,10
2005,4,3,7
2005,5,3,8
2005,4,2,6
2005,4,11,15
2005,3,11,14
2005,3,1,4
2005,6,3,9
2005,4,2,6
2005,5,1,6
2005,9,8,17
2005,5,4,9
2005,2,1,3
2005,2,1,3
2005,8,0,8
2005,12,0,12
2005,9,8,17
2005,4,1,5
2005,8,6,14
2005,4,2,6
2005,1,0,1
2005,6,5,11
2005,7,6,13
2005,5,3,8
2005,6,5,11
2005,1,0,1
2005,3,2,5
2005,9,4,13
2005,9,5,14
2005,1,0,1
2005,7,4,11
2005,5,2,7
2005,8,2,10
2005,8,0,8
2005,2,1,3
2005,1,0,1
2005,5,1,6
2005,4,1,5
2005,7,5,12
2005,5,2,7
2005,5,2,7
2005,9,1,10
2005,8,13,21
2005,7,6,13
2005,5,4,9
2005,1,0,1
2005,9,2,11
2005,4,1,5
2005,8,0,8
2005,8,7,15
2005,1,0,1
2005,2,1,3
2005,8,3,11
2005,3,10,13
2005,2,1,3
2005,8,3,11
2005,7,6,13
2005,5,4,9
2005,4,2,6
2005,7,3,10
2005,2,11,13
2005,7,6,13
2005,4,12,16
2005,6,2,8
2005,6,3,9
2005,3,11,14
2005,5,2,7
2005,4,3,7
2005,6,4,10
2005,9,4,13
2005,8,10,18
2005,8,2,10
2005,6,4,10
2005,7,10,17
2005,4,2,6
2005,4,1,5
2005,6,2,8
2005,4,3,7
2005,4,3,7
2005,8,2,10
2005,4,3,7
2005,4,1,5
2005,2,10,12
2005,5,1,6
2005,3,2,5
2005,3,0,3
2005,2,0,2
2005,6,5,11
2005,6,0,6
2005,4,2,6
2005,5,1,6
2005,5,3,8
2005,4,3,7
2005,5,11,16
2005,5,0,5
2005,7,6,13
2005,4,13,17
2005,7,4,11
2005,4,2,6
2005,9,4,13
2005,2,0,2
2005,5,2,7
2005,7,3,10
2005,5,0,5
2005,2,1,3
2005,5,4,9
2005,9,2,11
2005,4,3,7
2005,7,12,19
2005,3,1,4
2005,3,17,20
2005,5,4,9
2005,5,3,8
2005,9,5,14
2005,3,0,3
2005,5,3,8
2005,7,4,11
2005,1,0,1
2005,4,0,4
2005,2,11,13
2005,5,4,9
2005,2,1,3
2005,4,2,6
2005,7,2,9
2005,5,0,5
2005,6,2,8
2005,6,1,7
2005,4,2,6
2005,3,2,5
2005,6,11,17
2005,3,2,5
2005,8,3,11
2005,9,8,17
2005,2,1,3
2005,6,1,7
2005,4,2,6
2005,4,2,6
2005,5,1,6
2005,6,2,8
2005,6,2,8
2005,6,13,19
2005,5,1,6
2005,9,7,16
2005,6,17,23
2005,7,1,8
2005,8,3,11
2005,8,3,11
2005,7,4,11
2005,5,4,9
2005,4,3,7
2005,4,2,6
2005,6,3,9
2005,4,1,5
2005,4,2,6
2005,5,2,7
2005,7,0,7
2005,3,1,4
2005,6,2,8
2005,5,0,5
2005,4,11,15
2005,14,1,15
2005,7,6,13
2005,10,1,11
2005,4,1,5
2005,5,2,7
2005,8,3,11
2005,2,11,13
2005,1,0,1
2005,5,4,9
2005,10,0,10
2005,2,0,2
2005,2,10,12
2005,5,4,9
2005,6,4,10
2005,6,2,8
2005,4,18,22
2005,3,1,4
2005,3,1,4
2005,9,2,11
2005,4,3,7
2005,2,1,3
2005,6,4,10
2005,6,4,10
2005,9,5,14
2005,8,3,11
2005,7,4,11
2005,7,4,11
2005,3,13,16
2005,8,1,9
2005,5,3,8
2005,3,1,4
2005,2,0,2
2005,11,1,12
2005,7,4,11
2005,5,4,9
2005,3,1,4
2005,2,1,3
2005,6,2,8
2005,6,3,9
2005,4,12,16
2005,8,2,10
2005,5,3,8
2005,3,11,14
2005,4,1,5
2005,9,8,17
2005,7,5,12
2005,2,1,3
2005,3,1,4
2005,5,1,6
2005,6,1,7
2005,4,3,7
2005,5,3,8
2005,1,0,1
2005,8,12,20
2005,6,0,6
2005,9,3,12
2005,4,1,5
2005,2,0,2
2005,3,12,15
2005,8,12,20
2005,2,1,3
2005,8,3,11
2005,8,4,12
2005,8,7,15
2005,4,2,6
2005,4,2,6
2005,4,3,7
2005,2,1,3
2005,6,3,9
2005,7,2,9
2005,2,1,3
2005,6,0,6
2005,5,10,15
2005,3,10,13
2005,3,11,14
2005,3,14,17
2005,1,0,1
2005,5,2,7
2005,3,10,13
2005,7,2,9
2005,4,3,7
2005,9,2,11
2005,4,1,5
2005,2,1,3
2005,2,1,3
2005,4,1,5
2005,6,0,6
2005,5,10,15
2005,6,10,16
2005,9,6,15
2005,8,10,18
2005,6,1,7
2005,3,1,4
2005,7,5,12
2005,7,4,11
2005,2,1,3
2005,7,5,12
2005,2,1,3
2005,3,2,5
2005,7,6,13
2005,6,3,9
2005,7,6,13
2005,5,2,7
2005,7,4,11
2005,6,0,6
2005,6,4,10
2005,5,3,8
2005,8,3,11
2005,4,3,7
2005,8,6,14
2005,8,0,8
2005,7,2,9
2005,2,1,3
2005,5,3,8
2005,4,3,7
2005,7,6,13
2005,7,0,7
2005,4,3,7
2005,5,10,15
2005,10,0,10
2005,1,0,1
2005,6,5,11
2005,8,2,10
2005,9,5,14
2005,2,0,2
2005,5,3,8
2005,9,2,11
2005,7,0,7
2005,3,0,3
2005,8,7,15
2005,7,4,11
2005,3,12,15
2005,3,1,4
2005,5,4,9
2005,6,5,11
2005,3,1,4
2005,5,1,6
2005,5,3,8
2005,4,1,5
2005,6,3,9
2005,7,4,11
2005,7,3,10
2005,9,1,10
2005,3,11,14
2005,4,2,6
2005,6,5,11
2005,8,7,15
2005,2,12,14
2005,6,1,7
2005,12,0,12
2005,7,3,10
2005,4,3,7
2005,7,1,8
2005,6,3,9
2005,9,4,13
2005,9,3,12
2005,7,6,13
2005,6,2,8
2005,11,1,12
2005,5,4,9
2005,4,2,6
2005,5,3,8
2005,6,1,7
2005,3,2,5
2005,7,0,7
2005,9,5,14
2005,3,2,5
2005,5,4,9
2005,5,3,8
2005,3,2,5
2005,8,3,11
2005,5,1,6
2005,2,0,2
2005,7,6,13
2005,7,1,8
2005,4,1,5
2005,8,17,25
2005,3,2,5
2005,7,5,12
2005,7,3,10
2005,2,0,2
2005,1,0,1
2005,6,1,7
2005,4,2,6
2005,6,2,8
2005,5,3,8
2005,6,1,7
2005,2,0,2
2005,3,1,4
2005,7,0,7
2005,2,0,2
2005,4,3,7
2005,6,4,10
2005,5,2,7
2005,3,1,4
2005,5,0,5
2005,3,2,5
2005,6,5,11
2005,2,1,3
2005,6,1,7
2005,4,2,6
2005,7,10,17
2005,4,3,7
2005,3,2,5
2005,2,1,3
2005,4,2,6
2005,6,5,11
2005,5,2,7
2005,4,2,6
2005,4,3,7
2005,7,4,11
2005,6,3,9
2005,1,0,1
2005,5,14,19
2005,4,1,5
2005,9,8,17
2005,8,6,14
2005,5,4,9
2005,8,7,15
2005,8,6,14
2005,4,2,6
2005,4,2,6
2005,2,1,3
2005,12,1,13
2005,3,0,3
2005,4,2,6
2005,4,2,6
2005,7,4,11
2005,8,7,15
2005,3,2,5
2005,5,3,8
2005,5,0,5
2005,8,4,12
2005,6,5,11
2005,8,4,12
2005,4,2,6
2005,7,1,8
2005,2,12,14
2005,3,1,4
2005,7,4,11
2005,8,4,12
2005,5,12,17
2005,3,2,5
2005,2,1,3
2005,3,2,5
2005,7,2,9
2005,9,8,17
2005,8,6,14
2005,5,10,15
2005,6,2,8
2005,7,5,12
2005,8,5,13
2005,4,3,7
2005,3,1,4
2005,7,5,12
2005,9,2,11
2005,7,6,13
2005,5,3,8
2005,5,2,7
2005,4,2,6
2005,3,2,5
2005,5,4,9
2005,4,0,4
2005,6,1,7
2005,5,3,8
2005,4,12,16
2005,7,2,9
2005,4,14,18
2005,7,3,10
2005,4,2,6
2005,1,0,1
2005,11,1,12
2005,6,3,9
2005,3,2,5
2005,7,2,9
2005,6,5,11
2005,7,4,11
2005,9,7,16
2005,5,2,7
2005,2,0,2
2005,2,1,3
2005,8,2,10
2005,7,0,7
2005,4,1,5
2005,8,1,9
2005,4,3,7
2005,4,3,7
2005,4,2,6
2005,6,5,11
2005,3,1,4
2005,4,3,7
2005,5,2,7
2005,9,3,12
2005,4,2,6
2005,6,4,10
2005,6,4,10
2005,4,2,6
2005,5,4,9
2005,2,1,3
2005,5,4,9
2005,5,4,9
2005,3,17,20
2005,4,3,7
2005,9,3,12
2005,2,1,3
2005,7,4,11
2005,6,4,10
2005,4,2,6
2005,2,10,12
2005,9,10,19
2005,8,7,15
2005,6,3,9
2005,4,12,16
2005,9,10,19
2005,5,4,9
2005,5,3,8
2005,6,5,11
2005,7,6,13
2005,5,3,8
2005,8,6,14
2005,2,14,16
2005,6,2,8
2005,6,1,7
2005,4,1,5
2005,7,5,12
2005,6,5,11
2005,6,4,10
2005,7,1,8
2005,9,5,14
2005,4,3,7
2005,7,6,13
2005,6,5,11
2005,6,1,7
2005,3,2,5
2005,5,3,8
2005,3,1,4
2005,3,13,16
2005,2,1,3
2005,2,1,3
2005,4,0,4
2005,8,2,10
2005,5,4,9
2005,5,1,6
2005,5,4,9
2005,5,3,8
2005,11,10,21
2005,3,1,4
2005,6,5,11
2005,2,1,3
2005,2,1,3
2005,5,1,6
2005,5,4,9
2005,2,10,12
2005,7,0,7
2005,5,0,5
2005,7,4,11
2005,4,0,4
2005,8,5,13
2005,2,1,3
2005,7,6,13
2005,1,0,1
2005,5,3,8
2005,7,1,8
2005,6,5,11
2005,3,12,15
2005,7,4,11
2005,11,0,11
2005,6,14,20
2005,6,1,7
2005,2,1,3
2005,4,1,5
2005,9,7,16
2005,2,1,3
2005,5,3,8
2005,8,6,14
2005,6,5,11
2005,7,5,12
2005,8,7,15
2005,4,10,14
2005,3,2,5
2005,7,6,13
2005,7,0,7
2005,8,7,15
2005,7,5,12
2005,2,1,3
2005,4,1,5
2005,4,1,5
2005,7,6,13
2005,6,5,11
2005,20,1,21
2005,5,4,9
2005,4,2,6
2005,5,3,8
2005,9,12,21
2005,3,2,5
2005,8,3,11
2005,7,4,11
2005,2,15,17
2005,6,4,10
2005,4,3,7
2005,6,5,11
2005,3,2,5
2005,6,10,16
2005,8,0,8
2005,5,1,6
2005,5,2,7
2005,4,3,7
2005,7,6,13
2005,2,1,3
2005,5,4,9
2005,4,10,14
2005,8,12,20
2005,7,4,11
2005,3,2,5
2005,5,1,6
2005,7,4,11
2005,7,4,11
2005,4,0,4
2005,4,1,5
2005,6,2,8
2005,4,2,6
2005,6,11,17
2005,3,0,3
2005,7,6,13
2005,2,1,3
2005,2,1,3
2005,7,5,12
2005,2,0,2
2005,7,5,12
2005,5,3,8
2005,4,3,7
2005,6,3,9
2005,3,1,4
2005,5,4,9
2005,11,10,21
2005,7,6,13
2005,2,1,3
2005,7,6,13
2005,4,3,7
2005,9,6,15
2005,5,0,5
2005,3,1,4
2005,5,2,7
2005,7,3,10
2005,8,5,13
2005,6,1,7
2005,4,3,7
2005,8,1,9
2005,8,3,11
2005,3,2,5
2005,6,0,6
2005,7,1,8
2005,4,11,15
2005,8,3,11
2005,8,7,15
2005,7,4,11
2005,7,6,13
2005,5,2,7
2005,8,4,12
2005,4,3,7
2005,5,3,8
2005,9,3,12
2005,4,1,5
2005,3,2,5
2005,6,3,9
2005,6,2,8
2005,8,1,9
2005,5,4,9
2005,9,2,11
2005,2,0,2
2005,8,4,12
2005,6,2,8
2005,6,5,11
2005,6,5,11
2005,3,11,14
2005,4,3,7
2005,4,0,4
2005,9,4,13
2005,9,12,21
2005,5,0,5
2005,4,3,7
2005,6,5,11
2005,3,2,5
2005,3,12,15
2005,9,17,26
2005,3,1,4
2005,7,5,12
2005,5,3,8
2005,5,4,9
2005,3,2,5
2005,11,1,12
2005,2,0,2
2005,6,2,8
2005,3,1,4
2005,4,3,7
2005,3,2,5
2005,9,6,15
2005,3,2,5
2005,3,1,4
2005,5,10,15
2005,2,1,3
2005,7,2,9
2005,3,2,5
2005,1,0,1
2005,8,2,10
2005,7,11,18
2005,4,3,7
2005,4,11,15
2005,6,3,9
2005,6,1,7
2005,6,16,22
2005,9,1,10
2005,7,3,10
2005,7,6,13
2005,8,4,12
2005,5,4,9
2005,6,0,6
2005,4,2,6
2005,3,2,5
2005,3,2,5
2005,2,0,2
2005,6,10,16
2005,11,0,11
2005,7,1,8
2005,1,0,1
2005,4,3,7
2005,5,3,8
2005,3,2,5
2005,5,2,7
2005,4,3,7
2005,7,3,10
2005,3,2,5
2005,6,5,11
2005,3,1,4
2005,4,1,5
2005,7,3,10
2005,6,12,18
2005,7,6,13
2005,7,1,8
2005,10,1,11
2005,4,3,7
2005,8,4,12
2005,4,3,7
2005,6,4,10
2005,3,1,4
2005,3,0,3
2005,3,1,4
2005,5,1,6
2005,2,1,3
2005,4,3,7
2005,2,1,3
2005,9,6,15
2005,4,3,7
2005,7,6,13
2005,7,6,13
2005,8,4,12
2005,10,1,11
2005,3,1,4
2005,7,6,13
2005,6,4,10
2005,6,4,10
2005,3,11,14
2005,3,1,4
2005,3,1,4
2005,8,3,11
2005,3,1,4
2005,7,5,12
2005,6,2,8
2005,7,4,11
2005,7,2,9
2005,9,3,12
2005,4,2,6
2005,2,14,16
2005,8,5,13
2005,5,3,8
2005,5,10,15
2005,5,4,9
2005,7,1,8
2005,6,2,8
2005,5,3,8
2005,7,11,18
2005,7,3,10
2005,7,4,11
2005,7,6,13
2005,3,2,5
2005,5,3,8
2005,3,2,5
2005,2,1,3
2005,5,3,8
2005,4,1,5
2005,5,2,7
2005,8,2,10
2005,4,3,7
2005,6,3,9
2005,2,1,3
2005,5,4,9
2005,5,1,6
2005,5,3,8
2005,7,6,13
2005,7,5,12
2005,1,0,1
2006,4,10,14
2006,9,6,15
2006,7,16,23
2006,3,2,5
2006,1,0,1
2006,3,1,4
2006,11,10,21
2006,5,2,7
2006,3,2,5
2006,2,15,17
2006,5,13,18
2006,6,1,7
2006,5,4,9
2006,7,3,10
2006,8,2,10
2006,2,11,13
2006,5,4,9
2006,7,5,12
2006,4,3,7
2006,8,10,18
2006,4,10,14
2006,6,3,9
2006,6,16,22
2006,4,3,7
2006,8,6,14
2006,4,2,6
2006,6,5,11
2006,3,14,17
2006,9,8,17
2006,3,2,5
2006,9,5,14
2006,9,4,13
2006,4,3,7
2006,3,1,4
2006,6,4,10
2006,2,1,3
2006,4,13,17
2006,2,0,2
2006,6,5,11
2006,5,12,17
2006,5,10,15
2006,4,2,6
2006,6,2,8
2006,6,4,10
2006,6,10,16
2006,6,3,9
2006,4,1,5
2006,8,14,22
2006,5,1,6
2006,7,6,13
2006,6,11,17
2006,6,1,7
2006,7,11,18
2006,3,1,4
2006,9,3,12
2006,5,3,8
2006,4,10,14
2006,5,0,5
2006,6,14,20
2006,5,2,7
2006,9,8,17
2006,3,2,5
2006,2,1,3
2006,3,2,5
2006,9,11,20
2006,3,0,3
2006,8,12,20
2006,4,3,7
2006,5,4,9
2006,4,12,16
2006,3,0,3
2006,6,12,18
2006,7,0,7
2006,8,4,12
2006,10,1,11
2006,4,1,5
2006,8,4,12
2006,5,3,8
2006,3,2,5
2006,7,3,10
2006,3,1,4
2006,7,0,7
2006,3,2,5
2006,6,3,9
2006,6,2,8
2006,4,10,14
2006,6,4,10
2006,6,5,11
2006,5,3,8
2006,5,2,7
2006,5,2,7
2006,5,3,8
2006,5,3,8
2006,5,4,9
2006,8,3,11
2006,6,4,10
2006,6,3,9
2006,5,4,9
2006,6,5,11
2006,5,3,8
2006,9,2,11
2006,9,5,14
2006,9,3,12
2006,7,6,13
2006,9,7,16
2006,7,6,13
2006,8,4,12
2006,7,1,8
2006,3,11,14
2006,5,4,9
2006,7,5,12
2006,8,4,12
2006,4,1,5
2006,9,11,20
2006,4,3,7
2006,7,2,9
2006,6,5,11
2006,5,12,17
2006,9,5,14
2006,8,3,11
2006,7,4,11
2006,3,1,4
2006,5,3,8
2006,7,6,13
2006,8,6,14
2006,8,3,11
2006,9,5,14
2006,9,13,22
2006,9,2,11
2006,8,2,10
2006,9,3,12
2006,5,13,18
2006,5,3,8
2006,8,0,8
2006,4,3,7
2006,6,5,11
2006,4,13,17
2006,5,1,6
2006,5,4,9
2006,6,5,11
2006,2,1,3
2006,7,13,20
2006,8,10,18
2006,5,1,6
2006,5,3,8
2006,2,1,3
2006,5,1,6
2006,4,3,7
2006,6,3,9
2006,6,11,17
2006,1,0,1
2006,7,2,9
2006,10,0,10
2006,2,0,2
2006,3,2,5
2006,3,0,3
2006,4,2,6
2006,6,10,16
2006,7,2,9
2006,2,1,3
2006,3,1,4
2006,6,5,11
2006,8,2,10
2006,5,4,9
2006,2,1,3
2006,9,3,12
2006,6,3,9
2006,8,5,13
2006,4,3,7
2006,9,3,12
2006,3,2,5
2006,6,4,10
2006,1,0,1
2006,1,0,1
2006,7,5,12
2006,2,0,2
2006,9,3,12
2006,9,3,12
2006,5,3,8
2006,7,3,10
2006,8,7,15
2006,9,5,14
2006,9,10,19
2006,4,2,6
2006,7,6,13
2006,9,0,9
2006,9,1,10
2006,5,2,7
2006,2,10,12
2006,8,7,15
2006,4,1,5
2006,4,3,7
2006,2,1,3
2006,7,4,11
2006,15,1,16
2006,7,4,11
2006,4,1,5
2006,6,12,18
2006,3,2,5
2006,13,12,25
2006,2,1,3
2006,8,2,10
2006,7,1,8
2006,4,3,7
2006,3,10,13
2006,4,12,16
2006,7,4,11
2006,5,10,15
2006,3,10,13
2006,9,18,27
2006,9,1,10
2006,4,0,4
2006,9,8,17
2006,4,13,17
2006,7,2,9
2006,5,4,9
2006,12,10,22
2006,2,1,3
2006,4,11,15
2006,7,6,13
2006,4,0,4
2006,9,6,15
2006,3,1,4
2006,9,7,16
2006,9,4,13
2006,5,1,6
2006,8,12,20
2006,6,4,10
2006,4,3,7
2006,4,10,14
2006,7,2,9
2006,4,3,7
2006,7,1,8
2006,9,8,17
2006,3,2,5
2006,6,5,11
2006,6,3,9
2006,3,1,4
2006,6,5,11
2006,5,3,8
2006,4,3,7
2006,2,1,3
2006,2,1,3
2006,9,3,12
2006,7,13,20
2006,7,6,13
2006,7,3,10
2006,9,2,11
2006,6,4,10
2006,3,0,3
2006,5,11,16
2006,5,4,9
2006,11,0,11
2006,6,1,7
2006,5,4,9
2006,8,1,9
2006,2,0,2
2006,4,1,5
2006,6,5,11
2006,8,1,9
2006,7,3,10
2006,3,2,5
2006,7,2,9
2006,5,1,6
2006,6,4,10
2006,11,0,11
2006,7,1,8
2006,4,3,7
2006,4,2,6
2006,7,4,11
2006,6,4,10
2006,7,3,10
2006,8,3,11
2006,6,3,9
2006,3,1,4
2006,3,0,3
2006,6,3,9
2006,6,2,8
2006,3,2,5
2006,6,5,11
2006,4,1,5
2006,4,3,7
2006,6,2,8
2006,7,2,9
2006,3,2,5
2006,4,2,6
2006,5,2,7
2006,3,1,4
2006,8,6,14
2006,4,3,7
2006,2,1,3
2006,4,2,6
2006,9,1,10
2006,7,6,13
2006,7,0,7
2006,3,13,16
2006,4,1,5
2006,6,3,9
2006,6,5,11
2006,7,3,10
2006,6,5,11
2006,4,0,4
2006,7,5,12
2006,7,1,8
2006,8,5,13
2006,3,1,4
2006,5,4,9
2006,4,2,6
2006,9,5,14
2006,3,2,5
2006,5,1,6
2006,9,7,16
2006,4,3,7
2006,6,4,10
2006,8,2,10
2006,5,0,5
2006,3,15,18
2006,7,3,10
2006,4,1,5
2006,6,3,9
2006,6,2,8
2006,7,5,12
2006,8,5,13
2006,5,2,7
2006,5,2,7
2006,6,2,8
2006,5,4,9
2006,7,6,13
2006,9,0,9
2006,3,2,5
2006,5,3,8
2006,7,2,9
2006,3,1,4
2006,3,0,3
2006,2,10,12
2006,8,3,11
2006,5,2,7
2006,2,1,3
2006,1,0,1
2006,8,6,14
2006,2,16,18
2006,6,3,9
2006,7,5,12
2006,18,1,19
2006,8,7,15
2006,6,17,23
2006,3,2,5
2006,4,2,6
2006,3,2,5
2006,2,1,3
2006,9,6,15
2006,6,5,11
2006,8,5,13
2006,4,3,7
2006,9,0,9
2006,3,2,5
2006,8,4,12
2006,6,0,6
2006,3,1,4
2006,6,13,19
2006,4,1,5
2006,5,1,6
2006,6,5,11
2006,8,2,10
2006,9,2,11
2006,5,4,9
2006,1,0,1
2006,3,2,5
2006,2,0,2
2006,9,7,16
2006,7,3,10
2006,2,1,3
2006,6,1,7
2006,8,6,14
2006,3,2,5
2006,8,5,13
2006,4,2,6
2006,8,2,10
2006,2,1,3
2006,4,10,14
2006,3,0,3
2006,3,10,13
2006,8,10,18
2006,5,4,9
2006,9,2,11
2006,8,0,8
2006,3,2,5
2006,7,1,8
2006,4,1,5
2006,7,5,12
2006,8,5,13
2006,5,1,6
2006,6,2,8
2006,5,3,8
2006,7,5,12
2006,5,1,6
2006,7,6,13
2006,6,5,11
2006,3,0,3
2006,2,1,3
2006,5,4,9
2006,5,11,16
2006,2,0,2
2006,6,1,7
2006,4,3,7
2006,3,14,17
2006,5,4,9
2006,4,2,6
2006,2,1,3
2006,6,5,11
2006,6,0,6
2006,7,4,11
2006,4,1,5
2006,7,1,8
2006,7,2,9
2006,4,3,7
2006,3,0,3
2006,7,4,11
2006,1,0,1
2006,6,0,6
2006,4,12,16
2006,6,3,9
2006,5,10,15
2006,8,2,10
2006,3,11,14
2006,7,1,8
2006,6,3,9
2006,5,4,9
2006,5,4,9
2006,7,2,9
2006,4,3,7
2006,9,6,15
2006,8,7,15
2006,3,1,4
2006,8,3,11
2006,1,0,1
2006,9,4,13
2006,8,7,15
2006,3,13,16
2006,6,0,6
2006,3,1,4
2006,9,3,12
2006,9,2,11
2006,5,0,5
2006,7,6,13
2006,5,4,9
2006,7,6,13
2006,6,5,11
2006,3,2,5
2006,4,1,5
2006,2,1,3
2006,4,1,5
2006,6,1,7
2006,3,0,3
2006,5,4,9
2006,9,8,17
2006,3,10,13
2006,3,2,5
2006,5,3,8
2006,9,1,10
2006,2,10,12
2006,4,2,6
2006,3,13,16
2006,3,2,5
2006,9,5,14
2006,6,3,9
2006,2,0,2
2006,8,5,13
2006,3,1,4
2006,5,4,9
2006,4,3,7
2006,8,3,11
2006,6,3,9
2006,7,5,12
2006,6,2,8
2006,6,4,10
2006,5,1,6
2006,7,6,13
2006,9,1,10
2006,7,1,8
2006,2,10,12
2006,7,10,17
2006,7,12,19
2006,3,14,17
2006,5,4,9
2006,3,0,3
2006,5,4,9
2006,8,1,9
2006,6,1,7
2006,4,2,6
2006,5,15,20
2006,6,5,11
2006,6,3,9
2006,5,12,17
2006,9,6,15
2006,3,11,14
2006,8,10,18
2006,9,6,15
2006,7,3,10
2006,4,13,17
2006,7,4,11
2006,3,0,3
2006,1,0,1
2006,8,1,9
2006,7,4,11
2006,4,3,7
2006,9,7,16
2006,5,4,9
2006,9,1,10
2006,4,2,6
2006,5,3,8
2006,2,0,2
2006,8,5,13
2006,9,3,12
2006,8,3,11
2006,7,12,19
2006,6,2,8
2006,6,5,11
2006,6,0,6
2006,5,10,15
2006,8,4,12
2006,5,4,9
2006,2,12,14
2006,9,6,15
2006,10,1,11
2006,2,0,2
2006,9,12,21
2006,6,1,7
2006,5,3,8
2006,4,1,5
2006,5,4,9
2006,8,5,13
2006,11,1,12
2006,4,3,7
2006,2,0,2
2006,3,0,3
2006,2,1,3
2006,9,8,17
2006,8,4,12
2006,4,3,7
2006,4,3,7
2006,6,5,11
2006,9,1,10
2006,8,1,9
2006,9,4,13
2006,8,1,9
2006,8,7,15
2006,9,0,9
2006,2,1,3
2006,3,2,5
2006,3,0,3
2006,6,5,11
2006,9,7,16
2006,6,1,7
2006,8,2,10
2006,6,3,9
2006,7,6,13
2006,8,3,11
2006,6,5,11
2006,8,11,19
2006,11,1,12
2006,5,4,9
2006,10,1,11
2006,7,3,10
2006,4,2,6
2006,8,3,11
2006,5,2,7
2006,4,3,7
2006,6,5,11
2006,4,0,4
2006,6,4,10
2006,5,1,6
2006,7,4,11
2006,3,14,17
2006,3,2,5
2006,14,13,27
2006,6,12,18
2006,9,3,12
2006,8,3,11
2006,7,10,17
2006,3,0,3
2006,14,10,24
2006,6,4,10
2006,4,3,7
2006,5,0,5
2006,5,0,5
2006,3,2,5
2006,2,0,2
2006,10,1,11
2006,8,7,15
2006,4,3,7
2006,7,2,9
2006,7,2,9
2006,1,0,1
2006,5,2,7
2006,8,4,12
2006,9,1,10
2006,5,3,8
2006,6,5,11
2006,5,3,8
2006,5,4,9
2006,6,2,8
2006,6,3,9
2006,9,8,17
2006,6,3,9
2006,5,4,9
2006,9,10,19
2006,6,1,7
2006,4,1,5
2006,8,3,11
2006,9,4,13
2006,5,3,8
2006,9,6,15
2006,3,16,19
2006,7,1,8
2006,7,6,13
2006,1,0,1
2006,5,3,8
2006,7,4,11
2006,5,4,9
2006,5,1,6
2006,13,0,13
2006,7,0,7
2006,9,6,15
2006,5,1,6
2006,7,6,13
2006,6,0,6
2006,4,2,6
2006,8,4,12
2006,16,10,26
2006,5,4,9
2006,4,2,6
2006,8,4,12
2006,6,3,9
2006,4,3,7
2006,8,3,11
2006,2,1,3
2006,7,4,11
2006,3,2,5
2006,5,3,8
2006,1,0,1
2006,5,0,5
2006,3,10,13
2006,7,0,7
2006,5,3,8
2006,4,3,7
2006,6,0,6
2006,5,10,15
2006,8,10,18
2006,3,0,3
2006,3,1,4
2006,4,3,7
2006,9,5,14
2006,5,4,9
2006,5,15,20
2006,9,1,10
2006,8,0,8
2006,6,1,7
2006,3,1,4
2006,8,6,14
2006,9,2,11
2006,3,2,5
2006,6,4,10
2006,3,10,13
2006,7,3,10
2006,7,5,12
2006,9,3,12
2006,7,3,10
2006,5,4,9
2006,8,5,13
2006,8,1,9
2006,6,5,11
2006,9,8,17
2006,2,1,3
2006,4,14,18
2006,8,5,13
2006,7,6,13
2006,4,1,5
2006,4,1,5
2006,8,7,15
2006,8,6,14
2006,3,2,5
2006,6,2,8
2006,9,3,12
2006,6,3,9
2006,7,1,8
2006,11,0,11
2006,5,4,9
2006,6,10,16
2006,7,4,11
2006,4,10,14
2006,8,5,13
2006,8,10,18
2006,5,1,6
2006,4,1,5
2006,8,13,21
2006,5,3,8
2006,2,0,2
2006,8,7,15
2006,8,5,13
2006,5,2,7
2006,8,4,12
2006,6,5,11
2006,3,0,3
2006,8,3,11
2006,5,1,6
2006,3,1,4
2006,7,6,13
2006,6,5,11
2006,5,12,17
2006,7,1,8
2006,9,0,9
2006,5,3,8
2006,8,2,10
2006,4,10,14
2006,10,1,11
2006,6,4,10
2006,2,1,3
2006,7,0,7
2006,3,1,4
2006,7,4,11
2006,9,5,14
2006,4,15,19
2006,9,6,15
2006,8,7,15
2006,4,3,7
2006,4,1,5
2006,6,3,9
2006,3,2,5
2006,3,1,4
2006,7,6,13
2006,5,4,9
2006,13,12,25
2006,5,4,9
2006,9,0,9
2006,7,3,10
2006,4,3,7
2006,6,5,11
2006,6,2,8
2006,5,4,9
2006,8,10,18
2006,6,3,9
2006,4,3,7
2006,7,5,12
2006,4,10,14
2006,4,3,7
2006,5,12,17
2006,7,3,10
2006,11,0,11
2006,4,0,4
2006,5,1,6
2006,8,7,15
2006,6,4,10
2006,2,11,13
2006,3,14,17
2006,5,0,5
2006,3,1,4
2006,2,0,2
2006,7,6,13
2006,6,3,9
2006,8,3,11
2006,7,5,12
2006,8,3,11
2006,4,3,7
2006,6,11,17
2006,5,3,8
2006,7,2,9
2006,8,7,15
2006,4,2,6
2006,12,1,13
2006,2,0,2
2006,6,3,9
2006,6,4,10
2006,8,5,13
2006,7,1,8
2006,9,3,12
2006,6,5,11
2006,3,2,5
2006,5,0,5
2006,6,1,7
2006,6,1,7
2006,1,0,1
2006,7,0,7
2006,3,2,5
2006,6,1,7
2006,3,2,5
2006,4,3,7
2006,5,14,19
2006,8,6,14
2006,2,1,3
2006,8,6,14
2006,8,12,20
2006,7,6,13
2006,7,2,9
2006,4,0,4
2006,4,3,7
2006,6,5,11
2006,4,3,7
2006,3,10,13
2006,4,2,6
2006,3,2,5
2006,3,14,17
2006,8,6,14
2006,4,10,14
2006,2,1,3
2006,7,0,7
2006,4,0,4
2006,5,4,9
2006,4,13,17
2006,4,2,6
2006,9,13,22
2006,6,5,11
2006,8,6,14
2006,2,14,16
2006,13,0,13
2006,6,2,8
2006,7,5,12
2006,8,2,10
2006,4,3,7
2006,6,4,10
2006,3,2,5
2006,2,1,3
2006,6,4,10
2006,12,1,13
2006,8,5,13
2006,6,2,8
2006,9,3,12
2006,4,11,15
2006,2,10,12
2006,2,14,16
2006,4,3,7
2006,8,3,11
2006,6,4,10
2006,6,4,10
2006,8,4,12
2006,7,6,13
2006,5,1,6
2006,1,0,1
2006,9,4,13
2006,9,6,15
2006,5,10,15
2006,4,3,7
2006,5,4,9
2006,4,0,4
2006,5,2,7
2006,8,0,8
2006,4,1,5
2006,5,2,7
2006,5,13,18
2006,4,1,5
2006,2,14,16
2006,8,7,15
2006,4,0,4
2006,10,1,11
2006,5,3,8
2006,6,4,10
2006,4,3,7
2006,7,6,13
2006,5,4,9
2006,4,1,5
2006,6,2,8
2006,8,5,13
2006,5,1,6
2006,2,1,3
2006,4,2,6
2006,2,1,3
2006,7,0,7
2006,2,12,14
2006,7,3,10
2006,5,2,7
2006,5,3,8
2006,4,3,7
2006,2,11,13
2006,9,16,25
2006,1,0,1
2006,4,2,6
2006,9,7,16
2006,6,5,11
2006,9,10,19
2006,8,1,9
2006,7,4,11
2006,6,2,8
2006,7,1,8
2006,7,5,12
2006,6,2,8
2006,7,1,8
2006,4,1,5
2006,7,4,11
2006,16,12,28
2006,4,3,7
2006,9,3,12
2006,7,3,10
2006,5,4,9
2006,5,2,7
2006,4,1,5
2006,6,10,16
2006,4,3,7
2006,5,4,9
2006,6,5,11
2006,3,0,3
2006,7,2,9
2006,4,2,6
2006,6,10,16
2006,7,5,12
2006,6,5,11
2006,3,2,5
2006,3,2,5
2006,5,10,15
2006,9,8,17
2006,6,12,18
2006,5,0,5
2006,7,4,11
2006,4,3,7
2006,4,2,6
2006,9,12,21
2006,4,2,6
2006,9,5,14
2006,4,3,7
2006,9,7,16
2006,5,2,7
2006,2,1,3
2006,2,0,2
2006,5,3,8
2006,6,2,8
2006,6,2,8
2006,2,15,17
2006,5,4,9
2006,6,13,19
2006,8,10,18
2006,9,3,12
2006,6,5,11
2006,4,14,18
2006,8,2,10
2006,7,5,12
2006,4,0,4
2006,6,5,11
2006,7,3,10
2006,7,5,12
2006,5,10,15
2006,6,0,6
2006,4,3,7
2006,6,5,11
2006,4,3,7
2006,8,3,11
2006,6,4,10
2006,4,3,7
2006,4,1,5
2006,2,1,3
2006,9,2,11
2006,6,4,10
2006,7,1,8
2006,4,1,5
2006,5,2,7
2006,1,0,1
2006,2,0,2
2006,9,7,16
2006,2,1,3
2006,9,1,10
2006,5,2,7
2006,7,1,8
2006,9,2,11
2006,4,3,7
2006,4,11,15
2006,5,4,9
2006,3,0,3
2006,5,1,6
2006,6,5,11
2006,8,1,9
2006,6,1,7
2006,7,2,9
2006,9,3,12
2006,9,7,16
2006,5,3,8
2006,8,0,8
2006,6,3,9
2006,8,14,22
2006,3,2,5
2006,8,2,10
2006,3,2,5
2006,6,2,8
2006,3,2,5
2006,5,3,8
2006,8,4,12
2006,9,6,15
2006,5,4,9
2006,6,5,11
2006,7,3,10
2006,8,2,10
2006,4,2,6
2006,8,1,9
2006,5,4,9
2006,4,1,5
2006,5,3,8
2006,4,12,16
2006,3,1,4
2006,7,2,9
2006,6,4,10
2006,6,3,9
2006,7,3,10
2006,4,10,14
2006,4,2,6
2006,5,4,9
2006,8,1,9
2006,5,3,8
2006,7,5,12
2006,3,2,5
2006,5,3,8
2006,9,3,12
2006,8,6,14
2006,8,2,10
2006,7,2,9
2006,3,2,5
2006,4,2,6
2006,5,4,9
2006,7,2,9
2006,5,3,8
2006,8,1,9
2006,6,5,11
2006,8,4,12
2006,9,11,20
2006,7,3,10
2006,7,10,17
2006,3,12,15
2006,8,1,9
2006,4,1,5
2006,7,4,11
2006,6,3,9
2006,9,4,13
2006,5,2,7
2006,8,5,13
2006,8,2,10
2006,5,1,6
2006,4,1,5
2006,7,10,17
2006,3,2,5
2006,6,3,9
2006,8,12,20
2006,7,0,7
2006,3,1,4
2006,4,2,6
2006,4,2,6
2006,5,4,9
2006,2,1,3
2006,6,5,11
2006,6,2,8
2006,3,11,14
2006,6,20,26
2006,4,2,6
2006,6,0,6
2006,6,5,11
2006,6,10,16
2006,9,4,13
2006,10,1,11
2006,9,2,11
2006,9,7,16
2006,3,2,5
2006,8,5,13
2006,6,5,11
2006,6,3,9
2006,4,0,4
2006,9,3,12
2006,5,13,18
2006,9,2,11
2006,3,2,5
2006,5,3,8
2006,6,4,10
2006,8,5,13
2006,4,3,7
2006,6,5,11
2006,5,0,5
2006,6,3,9
2006,3,2,5
2006,3,2,5
2006,3,2,5
2006,8,5,13
2006,1,0,1
2006,4,2,6
2006,7,15,22
2006,4,2,6
2006,6,2,8
2006,4,1,5
2006,5,3,8
2006,8,2,10
2006,2,1,3
2006,2,10,12
2006,7,4,11
2006,3,0,3
2006,8,6,14
2006,6,10,16
2006,7,2,9
2006,4,10,14
2006,7,2,9
2006,6,5,11
2006,2,1,3
2006,4,3,7
2006,4,3,7
2006,6,1,7
2006,6,4,10
2006,3,2,5
2006,5,3,8
2006,6,5,11
2006,4,0,4
2006,6,11,17
2006,7,6,13
2006,6,5,11
2006,7,0,7
2006,3,0,3
2006,9,5,14
2006,8,7,15
2006,3,2,5
2006,7,4,11
2006,9,7,16
2006,9,5,14
2006,9,10,19
2006,4,2,6
2006,3,0,3
2006,4,1,5
2006,6,0,6
2006,7,4,11
2006,8,1,9
2006,2,1,3
2006,5,0,5
2006,9,4,13
2006,4,10,14
2006,4,1,5
2006,7,4,11
2006,5,4,9
2006,8,7,15
2006,6,0,6
2006,4,10,14
2006,8,5,13
2006,8,2,10
2006,5,2,7
2006,3,10,13
2006,4,12,16
2006,7,11,18
2006,9,4,13
2006,8,5,13
2006,9,8,17
2006,4,0,4
2006,8,4,12
2006,9,2,11
2006,5,2,7
2006,4,2,6
2006,3,0,3
2006,5,3,8
2006,3,1,4
2006,6,0,6
2006,6,2,8
2006,3,10,13
2006,7,4,11
2006,5,12,17
2006,2,10,12
2006,6,3,9
2006,7,2,9
2006,5,0,5
2006,3,1,4
2006,6,3,9
2006,4,3,7
2006,4,3,7
2006,8,1,9
2006,5,1,6
2006,5,4,9
2006,6,1,7
2006,3,2,5
2006,4,0,4
2006,4,2,6
2006,5,4,9
2006,6,5,11
2006,7,6,13
2006,6,5,11
2006,2,1,3
2006,8,4,12
2006,6,1,7
2006,5,3,8
2006,6,2,8
2006,9,8,17
2006,5,2,7
2006,8,2,10
2006,2,0,2
2006,6,4,10
2006,7,6,13
2006,6,5,11
2006,2,0,2
2006,7,5,12
2006,3,1,4
2006,8,1,9
2006,11,1,12
2006,9,2,11
2006,7,4,11
2006,8,6,14
2006,7,12,19
2006,5,11,16
2006,7,10,17
2006,8,3,11
2006,7,2,9
2006,9,2,11
2006,7,4,11
2006,4,1,5
2006,8,7,15
2006,8,7,15
2006,7,0,7
2006,5,2,7
2006,4,3,7
2006,4,0,4
2006,3,10,13
2006,15,11,26
2006,6,3,9
2006,4,3,7
2006,8,0,8
2006,7,16,23
2006,3,1,4
2006,9,8,17
2006,6,2,8
2006,4,3,7
2006,9,7,16
2006,9,5,14
2006,6,11,17
2006,6,2,8
2006,6,3,9
2006,8,1,9
2006,5,2,7
2006,9,6,15
2006,7,2,9
2006,6,5,11
2006,4,10,14
2006,8,7,15
2006,11,1,12
2006,5,3,8
2006,7,1,8
2006,3,0,3
2006,6,1,7
2006,9,1,10
2006,6,3,9
2006,13,0,13
2006,19,1,20
2006,6,1,7
2006,7,2,9
2006,7,2,9
2006,3,11,14
2006,5,2,7
2006,7,6,13
2006,2,1,3
2006,6,5,11
2006,6,14,20
2006,9,6,15
2006,3,2,5
2006,6,4,10
2006,4,14,18
2006,4,2,6
2006,3,11,14
2006,5,3,8
2006,1,0,1
2006,6,3,9
2006,5,4,9
2006,6,5,11
2006,5,0,5
2006,4,10,14
2006,6,3,9
2006,4,0,4
2006,5,2,7
2006,9,3,12
2006,9,18,27
2006,8,7,15
2006,8,11,19
2006,4,10,14
2006,4,2,6
2006,6,2,8
2006,5,4,9
2006,2,0,2
2006,7,5,12
2006,7,5,12
2006,5,3,8
2006,5,12,17
2006,8,7,15
2006,5,10,15
2006,7,2,9
2006,9,0,9
2006,4,3,7
2006,8,2,10
2006,3,13,16
2006,9,7,16
2006,7,2,9
2006,7,3,10
2006,3,0,3
2006,3,2,5
2006,6,1,7
2006,1,0,1
2006,9,4,13
2006,3,2,5
2006,4,1,5
2006,9,6,15
2006,7,4,11
2006,8,7,15
2006,7,6,13
2006,7,5,12
2006,7,11,18
2006,3,1,4
2006,3,2,5
2006,3,17,20
2006,6,4,10
2006,6,2,8
2006,2,1,3
2006,5,1,6
2006,4,0,4
2006,5,2,7
2006,8,3,11
2006,6,5,11
2006,5,4,9
2006,8,5,13
2006,7,5,12
2006,3,11,14
2006,3,1,4
2006,4,11,15
2006,7,6,13
2006,4,2,6
2006,8,3,11
2006,3,2,5
2006,6,5,11
2006,5,2,7
2006,9,10,19
2006,15,1,16
2006,5,4,9
2006,9,7,16
2006,6,4,10
2006,5,1,6
2006,6,4,10
2006,3,2,5
2006,4,0,4
2006,4,3,7
2006,2,1,3
2006,3,15,18
2006,6,3,9
2006,3,1,4
2006,9,10,19
2006,3,1,4
2006,3,2,5
2006,6,5,11
2006,7,4,11
2006,15,12,27
2006,5,3,8
2006,5,0,5
2006,5,3,8
2006,9,2,11
2006,8,1,9
2006,8,1,9
2006,7,0,7
2006,9,2,11
2006,3,2,5
2006,6,0,6
2006,12,0,12
2006,6,2,8
2006,3,14,17
2006,7,6,13
2006,3,11,14
2006,6,14,20
2006,2,1,3
2006,7,6,13
2006,7,5,12
2006,5,10,15
2006,4,0,4
2006,8,1,9
2006,7,13,20
2006,6,4,10
2006,9,6,15
2006,9,3,12
2006,5,2,7
2006,6,4,10
2006,8,4,12
2006,5,10,15
2006,6,2,8
2006,3,11,14
2006,4,3,7
2006,5,10,15
2006,8,3,11
2006,5,3,8
2006,5,4,9
2006,4,2,6
2006,6,3,9
2006,4,2,6
2006,3,1,4
2006,8,6,14
2006,10,1,11
2006,3,15,18
2006,10,1,11
2006,7,5,12
2006,4,1,5
2006,5,4,9
2006,1,0,1
2006,4,2,6
2006,8,3,11
2006,7,1,8
2006,7,6,13
2006,8,1,9
2006,5,4,9
2006,4,13,17
2006,6,10,16
2006,4,3,7
2006,5,14,19
2006,5,2,7
2006,6,4,10
2006,8,0,8
2006,5,1,6
2006,1,0,1
2006,4,2,6
2006,7,4,11
2006,5,2,7
2006,1,0,1
2006,7,2,9
2006,3,2,5
2006,6,5,11
2006,5,4,9
2006,7,6,13
2006,8,3,11
2006,5,4,9
2006,5,2,7
2006,6,4,10
2006,4,1,5
2006,4,2,6
2006,2,1,3
2006,5,3,8
2006,9,4,13
2006,6,4,10
2006,9,3,12
2006,5,4,9
2006,6,2,8
2006,3,10,13
2006,6,5,11
2006,6,14,20
2006,7,4,11
2006,4,1,5
2006,8,3,11
2006,2,0,2
2006,7,0,7
2006,6,5,11
2006,9,4,13
2006,8,2,10
2006,7,14,21
2006,7,3,10
2006,7,6,13
2006,4,3,7
2006,3,1,4
2006,8,7,15
2006,11,0,11
2006,9,5,14
2006,5,0,5
2006,4,3,7
2006,6,1,7
2006,4,3,7
2006,5,2,7
2006,4,3,7
2006,13,12,25
2006,5,4,9
2006,7,3,10
2006,9,7,16
2006,5,0,5
2006,4,1,5
2006,3,1,4
2006,8,4,12
2006,5,4,9
2006,3,1,4
2006,6,1,7
2006,8,4,12
2006,5,1,6
2006,9,8,17
2006,6,5,11
2006,4,2,6
2006,5,13,18
2006,7,1,8
2006,7,4,11
2006,9,7,16
2006,7,0,7
2006,7,6,13
2006,8,12,20
2006,8,7,15
2006,7,3,10
2006,8,10,18
2006,7,3,10
2006,8,4,12
2006,6,2,8
2006,2,1,3
2006,4,3,7
2006,7,12,19
2006,1,0,1
2006,2,0,2
2006,7,5,12
2006,7,3,10
2006,6,1,7
2006,8,6,14
2006,5,13,18
2006,6,5,11
2006,3,12,15
2006,6,3,9
2006,7,4,11
2006,8,6,14
2006,6,5,11
2006,7,4,11
2006,4,1,5
2006,6,1,7
2006,8,5,13
2006,4,3,7
2006,3,10,13
2006,8,4,12
2006,1,0,1
2006,5,1,6
2006,6,4,10
2006,7,4,11
2006,6,15,21
2006,8,7,15
2006,4,3,7
2006,6,1,7
2006,5,4,9
2006,9,8,17
2006,8,4,12
2006,6,4,10
2006,5,2,7
2006,5,2,7
2006,6,5,11
2006,6,4,10
2006,6,4,10
2006,8,3,11
2006,6,5,11
2006,1,0,1
2006,3,1,4
2006,8,7,15
2006,13,1,14
2006,4,3,7
2006,3,2,5
2006,6,0,6
2006,4,3,7
2006,4,1,5
2006,3,0,3
2006,3,11,14
2006,3,11,14
2006,13,11,24
2006,7,6,13
2006,4,2,6
2006,3,1,4
2006,4,2,6
2006,4,1,5
2006,7,5,12
2006,6,3,9
2006,8,6,14
2006,6,19,25
2006,7,4,11
2006,3,12,15
2006,4,3,7
2006,5,3,8
2006,6,10,16
2006,8,7,15
2006,4,10,14
2006,6,3,9
2006,7,3,10
2006,3,1,4
2006,7,6,13
2006,4,3,7
2006,4,3,7
2006,6,4,10
2006,4,2,6
2006,6,5,11
2006,5,11,16
2006,9,2,11
2006,2,1,3
2006,2,15,17
2006,3,1,4
2006,5,10,15
2006,9,8,17
2006,4,15,19
2006,4,2,6
2006,8,4,12
2006,2,15,17
2006,2,15,17
2006,7,10,17
2006,7,3,10
2006,3,2,5
2006,2,0,2
2006,6,3,9
2006,9,3,12
2006,4,10,14
2006,1,0,1
2006,6,5,11
2006,7,5,12
2006,9,0,9
2006,5,1,6
2006,4,2,6
2006,1,0,1
2006,4,1,5
2006,5,3,8
2006,4,10,14
2006,3,2,5
2006,2,1,3
2006,6,5,11
2006,5,3,8
2006,8,2,10
2006,6,5,11
2006,7,3,10
2006,2,10,12
2006,7,2,9
2006,3,2,5
2006,7,1,8
2006,8,6,14
2006,8,16,24
2006,8,3,11
2006,7,6,13
2006,7,6,13
2006,2,10,12
2006,7,3,10
2006,3,0,3
2006,4,1,5
2006,8,2,10
2006,8,1,9
2006,3,2,5
2006,5,2,7
2006,8,1,9
2006,2,1,3
2006,7,3,10
2006,8,7,15
2006,5,4,9
2006,6,0,6
2006,5,4,9
2006,7,6,13
2006,6,2,8
2006,8,5,13
2006,5,3,8
2006,6,2,8
2006,5,2,7
2006,5,2,7
2006,4,3,7
2006,3,2,5
2006,6,4,10
2006,3,10,13
2006,9,3,12
2006,5,0,5
2006,7,5,12
2006,8,6,14
2006,4,3,7
2006,2,10,12
2006,3,14,17
2006,4,3,7
2006,6,3,9
2006,5,2,7
2006,2,1,3
2006,4,3,7
2006,8,5,13
2006,7,1,8
2006,9,1,10
2006,4,3,7
2006,6,1,7
2006,6,1,7
2006,6,4,10
2006,1,0,1
2006,7,3,10
2006,5,11,16
2006,8,1,9
2006,3,2,5
2006,7,6,13
2006,6,2,8
2006,7,1,8
2006,7,6,13
2006,7,3,10
2006,8,4,12
2006,9,6,15
2006,6,3,9
2006,13,1,14
2006,9,3,12
2006,7,2,9
2006,7,4,11
2006,5,4,9
2006,8,1,9
2006,5,1,6
2006,3,1,4
2006,6,5,11
2006,3,10,13
2006,5,4,9
2006,4,2,6
2006,3,1,4
2006,6,4,10
2006,4,2,6
2006,6,3,9
2006,3,2,5
2006,7,6,13
2006,5,1,6
2006,8,4,12
2006,4,2,6
2006,5,3,8
2006,9,3,12
2006,7,6,13
2006,8,7,15
2006,4,0,4
2006,4,3,7
2006,14,1,15
2006,5,4,9
2006,3,1,4
2006,6,3,9
2006,4,3,7
2006,14,0,14
2006,2,0,2
2006,4,3,7
2006,5,2,7
2006,5,4,9
2006,6,1,7
2006,2,14,16
2006,5,2,7
2006,5,4,9
2006,4,3,7
2006,8,6,14
2006,5,0,5
2006,7,3,10
2006,8,2,10
2006,9,6,15
2006,4,1,5
2006,2,1,3
2006,9,2,11
2006,5,0,5
2006,4,3,7
2006,2,10,12
2006,4,2,6
2006,3,2,5
2006,7,1,8
2006,7,4,11
2006,5,2,7
2006,6,5,11
2006,7,1,8
2006,7,14,21
2006,2,1,3
2006,6,3,9
2006,8,5,13
2006,8,7,15
2006,4,3,7
2006,5,4,9
2006,6,5,11
2006,8,4,12
2006,6,3,9
2006,6,5,11
2006,4,0,4
2006,5,2,7
2006,6,3,9
2006,9,7,16
2006,3,2,5
2006,5,4,9
2006,6,4,10
2006,6,5,11
2006,7,4,11
2006,9,11,20
2006,7,3,10
2006,13,0,13
2006,8,7,15
2006,7,2,9
2006,1,0,1
2006,5,0,5
2006,5,3,8
2006,3,1,4
2006,7,5,12
2006,7,0,7
2006,6,10,16
2006,3,1,4
2006,7,4,11
2006,2,12,14
2006,4,3,7
2006,3,0,3
2006,4,2,6
2006,7,2,9
2006,5,4,9
2006,13,0,13
2006,4,2,6
2006,1,0,1
2006,4,10,14
2006,3,2,5
2006,4,2,6
2006,2,1,3
2006,8,6,14
2006,4,0,4
2006,4,1,5
2006,6,3,9
2006,2,11,13
2006,4,11,15
2006,6,3,9
2006,3,2,5
2006,5,0,5
2006,4,3,7
2006,9,7,16
2006,5,0,5
2006,6,4,10
2006,4,10,14
2006,9,5,14
2006,1,0,1
2006,4,15,19
2006,7,2,9
2006,3,2,5
2006,4,0,4
2006,3,0,3
2006,5,2,7
2006,7,5,12
2006,7,2,9
2006,8,3,11
2006,9,3,12
2006,9,6,15
2006,5,2,7
2006,5,4,9
2006,8,4,12
2006,4,2,6
2006,7,3,10
2006,3,2,5
2006,2,12,14
2006,7,2,9
2006,8,4,12
2006,2,1,3
2006,6,2,8
2006,5,0,5
2006,3,0,3
2006,7,2,9
2006,4,12,16
2006,14,11,25
2006,3,11,14
2006,7,3,10
2006,2,1,3
2006,6,1,7
2006,7,1,8
2006,5,3,8
2006,3,2,5
2006,7,3,10
2006,6,3,9
2006,6,4,10
2006,8,2,10
2006,7,3,10
2006,6,5,11
2006,9,7,16
2006,15,0,15
2006,5,13,18
2006,5,4,9
2006,7,14,21
2006,3,1,4
2006,5,3,8
2006,7,2,9
2006,6,4,10
2006,4,1,5
2006,7,4,11
2006,2,11,13
2006,5,3,8
2006,7,14,21
2006,5,3,8
2006,3,2,5
2006,9,2,11
2006,8,5,13
2006,5,3,8
2006,5,1,6
2006,7,6,13
2006,4,3,7
2006,6,4,10
2006,3,1,4
2006,7,3,10
2006,2,0,2
2006,12,10,22
2006,2,1,3
2006,5,2,7
2006,9,4,13
2006,3,0,3
2006,2,1,3
2006,6,5,11
2006,4,3,7
2006,7,1,8
2006,3,1,4
2006,4,2,6
2006,5,0,5
2006,4,3,7
2006,12,10,22
2006,4,3,7
2006,5,3,8
2006,6,3,9
2006,6,3,9
2006,14,0,14
2006,4,0,4
2006,7,5,12
2006,5,2,7
2006,4,1,5
2006,8,7,15
2006,1,0,1
2006,6,5,11
2006,7,6,13
2006,5,3,8
2006,4,3,7
2006,5,4,9
2006,5,4,9
2006,4,1,5
2006,2,1,3
2006,7,3,10
2006,7,5,12
2006,9,7,16
2006,15,13,28
2006,7,1,8
2006,8,10,18
2006,7,2,9
2006,9,2,11
2006,7,6,13
2006,7,3,10
2006,6,0,6
2006,2,1,3
2006,2,11,13
2006,2,11,13
2006,10,0,10
2006,8,4,12
2006,6,12,18
2006,6,2,8
2006,5,3,8
2006,4,2,6
2006,6,3,9
2006,4,3,7
2006,6,5,11
2006,9,7,16
2006,7,6,13
2006,4,0,4
2006,5,4,9
2006,4,2,6
2006,5,13,18
2006,6,5,11
2006,4,3,7
2006,5,1,6
2006,6,0,6
2006,4,1,5
2006,2,0,2
2006,9,3,12
2006,6,3,9
2006,7,12,19
2006,4,3,7
2006,10,1,11
2006,3,2,5
2006,8,7,15
2006,8,5,13
2006,5,2,7
2006,7,2,9
2006,5,11,16
2006,7,4,11
2006,4,3,7
2006,4,1,5
2006,2,1,3
2006,5,3,8
2006,2,0,2
2006,8,11,19
2006,6,3,9
2006,6,13,19
2006,5,4,9
2006,6,1,7
2006,7,1,8
2006,6,3,9
2006,4,3,7
2006,13,1,14
2006,6,3,9
2006,8,0,8
2006,6,10,16
2006,3,0,3
2006,6,10,16
2006,7,4,11
2006,6,4,10
2006,4,2,6
2006,6,5,11
2006,8,3,11
2006,9,0,9
2006,6,11,17
2006,2,0,2
2006,8,3,11
2006,8,13,21
2006,9,12,21
2006,5,2,7
2006,5,10,15
2006,3,10,13
2006,6,5,11
2006,2,0,2
2006,2,1,3
2006,7,6,13
2006,6,4,10
2006,9,1,10
2006,9,4,13
2006,6,10,16
2006,4,1,5
2006,5,3,8
2006,5,4,9
2006,3,2,5
2006,3,11,14
2006,1,0,1
2006,7,3,10
2006,4,3,7
2006,2,0,2
2006,5,3,8
2006,7,2,9
2006,9,10,19
2006,5,3,8
2006,6,13,19
2006,7,4,11
2006,5,1,6
2006,8,6,14
2006,6,4,10
2006,5,3,8
2006,8,4,12
2006,5,3,8
2006,3,1,4
2006,6,4,10
2006,5,2,7
2006,7,5,12
2006,6,5,11
2006,2,1,3
2006,6,2,8
2006,9,0,9
2006,8,7,15
2006,7,5,12
2006,6,3,9
2006,3,2,5
2006,8,1,9
2006,5,4,9
2006,6,2,8
2006,3,1,4
2006,2,1,3
2006,7,2,9
2006,5,1,6
2006,4,2,6
2006,7,2,9
2006,4,2,6
2006,5,3,8
2006,5,14,19
2006,9,6,15
2006,6,1,7
2006,6,5,11
2006,4,3,7
2006,4,16,20
2006,7,1,8
2006,1,0,1
2006,4,3,7
2006,6,5,11
2006,7,6,13
2006,4,3,7
2006,6,1,7
2006,7,4,11
2006,2,1,3
2006,2,1,3
2006,7,3,10
2006,5,12,17
2006,3,10,13
2006,10,1,11
2006,10,1,11
2006,8,7,15
2006,3,1,4
2006,2,1,3
2006,6,3,9
2006,7,6,13
2006,5,2,7
2006,5,3,8
2006,1,0,1
2006,3,2,5
2006,5,4,9
2006,5,4,9
2006,6,2,8
2006,8,5,13
2006,5,12,17
2006,6,3,9
2006,5,0,5
2006,8,1,9
2006,3,2,5
2006,7,5,12
2006,2,1,3
2006,4,3,7
2006,4,1,5
2006,5,2,7
2006,1,0,1
2006,6,5,11
2006,3,0,3
2006,4,3,7
2006,4,0,4
2006,5,0,5
2006,9,0,9
2006,5,4,9
2006,5,4,9
2006,8,0,8
2006,7,2,9
2006,2,0,2
2006,8,4,12
2006,8,1,9
2006,7,2,9
2006,3,2,5
2006,5,4,9
2006,2,0,2
2006,8,3,11
2006,2,1,3
2006,4,1,5
2006,8,0,8
2006,9,6,15
2006,5,3,8
2006,2,0,2
2006,4,2,6
2006,3,2,5
2006,7,6,13
2006,6,2,8
2006,9,1,10
2006,7,5,12
2006,5,10,15
2006,8,14,22
2006,7,2,9
2006,7,0,7
2006,4,1,5
2006,13,1,14
2006,8,4,12
2006,9,4,13
2006,9,10,19
2006,7,6,13
2006,9,1,10
2006,8,11,19
2006,3,2,5
2006,4,3,7
2006,9,5,14
2006,5,0,5
2006,7,2,9
2006,4,0,4
2006,8,6,14
2006,2,1,3
2006,3,0,3
2006,7,3,10
2006,3,2,5
2006,4,10,14
2006,8,10,18
2006,7,4,11
2006,9,5,14
2006,4,3,7
2006,4,10,14
2006,2,1,3
2006,3,2,5
2006,3,2,5
2006,5,4,9
2006,9,6,15
2006,4,3,7
2006,9,7,16
2006,2,1,3
2006,9,4,13
2006,9,3,12
2006,5,2,7
2006,4,2,6
2006,9,13,22
2006,3,0,3
2006,4,0,4
2006,12,1,13
2006,9,1,10
2006,4,2,6
2006,2,10,12
2006,9,7,16
2006,3,2,5
2006,7,6,13
2006,8,3,11
2006,9,6,15
2006,5,16,21
2006,9,4,13
2006,4,3,7
2006,6,2,8
2006,7,0,7
2006,4,3,7
2006,5,4,9
2006,6,5,11
2006,9,8,17
2006,5,4,9
2006,5,3,8
2006,3,2,5
2006,6,4,10
2006,7,5,12
2006,4,12,16
2006,4,2,6
2006,6,10,16
2006,6,5,11
2006,9,0,9
2006,4,2,6
2006,6,5,11
2006,7,2,9
2006,4,0,4
2006,6,0,6
2006,10,0,10
2006,6,2,8
2006,3,11,14
2006,7,4,11
2006,1,0,1
2006,8,4,12
2006,6,3,9
2006,2,1,3
2006,10,0,10
2006,9,8,17
2006,5,1,6
2006,4,1,5
2006,6,5,11
2006,6,5,11
2006,4,2,6
2006,9,4,13
2006,8,10,18
2006,7,4,11
2006,5,0,5
2006,2,1,3
2006,5,1,6
2006,6,4,10
2006,4,0,4
2006,5,4,9
2006,2,17,19
2006,4,3,7
2006,8,11,19
2006,3,1,4
2006,4,2,6
2006,5,3,8
2006,4,14,18
2006,2,1,3
2006,5,4,9
2006,5,2,7
2006,7,6,13
2006,2,1,3
2006,4,0,4
2006,4,1,5
2006,2,0,2
2006,7,2,9
2006,7,4,11
2006,2,11,13
2006,5,2,7
2006,7,5,12
2006,7,4,11
2006,3,2,5
2006,6,1,7
2006,6,12,18
2006,6,1,7
2006,8,5,13
2006,6,1,7
2006,8,7,15
2006,3,11,14
2006,6,1,7
2006,8,12,20
2006,6,4,10
2006,5,10,15
2006,2,1,3
2006,6,3,9
2006,5,4,9
2006,5,4,9
2006,3,0,3
2006,8,1,9
2006,5,3,8
2006,6,1,7
2006,8,2,10
2006,8,20,28
2006,5,3,8
2006,11,10,21
2006,4,3,7
2006,4,0,4
2006,7,2,9
2006,6,11,17
2006,4,1,5
2006,8,1,9
2006,7,6,13
2006,6,1,7
2006,7,3,10
2006,7,0,7
2006,4,12,16
2006,5,4,9
2006,5,2,7
2006,6,10,16
2006,2,12,14
2006,3,2,5
2006,7,3,10
2006,4,1,5
2006,5,2,7
2006,5,4,9
2006,9,7,16
2006,6,3,9
2006,9,2,11
2006,8,2,10
2006,6,2,8
2006,7,4,11
2006,7,2,9
2006,3,0,3
2006,6,4,10
2006,1,0,1
2006,6,3,9
2006,4,3,7
2006,6,2,8
2006,8,2,10
2006,4,2,6
2006,6,3,9
2006,3,2,5
2006,7,3,10
2006,4,3,7
2006,6,0,6
2006,9,0,9
2006,6,3,9
2006,6,5,11
2006,5,2,7
2006,9,4,13
2006,5,2,7
2006,7,4,11
2006,3,1,4
2006,7,3,10
2006,6,11,17
2006,4,2,6
2006,6,4,10
2006,6,5,11
2006,7,3,10
2006,2,0,2
2006,13,12,25
2006,3,2,5
2006,5,4,9
2006,5,2,7
2006,6,2,8
2006,4,1,5
2006,4,12,16
2006,7,1,8
2006,8,5,13
2006,7,11,18
2006,4,11,15
2006,9,10,19
2006,7,4,11
2006,4,15,19
2006,9,3,12
2006,8,10,18
2006,6,12,18
2006,6,2,8
2006,8,6,14
2006,2,1,3
2006,8,0,8
2006,6,3,9
2006,5,3,8
2006,6,3,9
2006,7,12,19
2006,3,2,5
2006,9,8,17
2006,7,3,10
2006,4,11,15
2006,5,1,6
2006,5,3,8
2006,5,1,6
2006,7,1,8
2006,7,10,17
2006,2,1,3
2006,4,11,15
2006,6,11,17
2006,4,13,17
2006,8,3,11
2006,5,4,9
2006,14,1,15
2006,8,1,9
2006,7,3,10
2006,5,4,9
2006,9,10,19
2006,7,1,8
2006,6,5,11
2006,16,1,17
2006,5,0,5
2006,5,2,7
2006,12,0,12
2006,5,1,6
2006,6,14,20
2006,6,0,6
2006,4,11,15
2006,4,3,7
2006,5,3,8
2006,3,2,5
2006,5,4,9
2006,7,4,11
2006,3,12,15
2006,4,2,6
2006,7,5,12
2006,4,3,7
2006,6,5,11
2006,13,1,14
2006,11,0,11
2006,3,2,5
2006,2,1,3
2006,6,4,10
2006,7,4,11
2006,7,2,9
2006,6,4,10
2006,5,16,21
2006,7,6,13
2006,7,6,13
2006,6,3,9
2006,4,2,6
2006,8,7,15
2006,2,0,2
2006,4,12,16
2006,7,4,11
2006,5,4,9
2006,19,11,30
2006,8,6,14
2006,5,1,6
2006,2,1,3
2006,7,1,8
2006,3,0,3
2006,9,4,13
2006,3,1,4
2006,6,0,6
2006,3,1,4
2006,4,1,5
2006,4,3,7
2006,5,2,7
2006,2,1,3
2006,9,7,16
2006,2,14,16
2006,4,3,7
2006,7,2,9
2006,5,2,7
2006,6,5,11
2006,4,3,7
2006,5,10,15
2006,4,3,7
2006,7,6,13
2006,3,1,4
2006,5,4,9
2006,5,4,9
2006,9,11,20
2006,6,1,7
2006,9,6,15
2006,4,3,7
2006,6,3,9
2006,6,5,11
2006,3,0,3
2006,3,1,4
2006,4,2,6
2006,3,2,5
2006,13,0,13
2006,11,10,21
2006,7,6,13
2006,3,1,4
2006,9,0,9
2006,8,5,13
2006,6,3,9
2006,8,10,18
2006,3,2,5
2006,5,1,6
2006,7,5,12
2006,1,0,1
2006,3,2,5
2006,4,3,7
2006,5,3,8
2006,6,2,8
2006,3,2,5
2006,8,4,12
2006,5,1,6
2006,5,2,7
2006,6,5,11
2006,4,3,7
2006,4,1,5
2006,2,0,2
2006,6,0,6
2006,8,3,11
2006,8,3,11
2006,9,5,14
2006,3,1,4
2006,6,2,8
2006,5,1,6
2006,8,5,13
2006,2,0,2
2006,3,0,3
2006,9,6,15
2006,6,3,9
2006,5,0,5
2006,5,12,17
2006,4,2,6
2006,4,2,6
2006,3,1,4
2006,7,2,9
2006,3,1,4
2006,5,0,5
2006,5,4,9
2006,4,2,6
2007,6,1,7
2007,4,1,5
2007,5,12,17
2007,5,1,6
2007,8,6,14
2007,5,3,8
2007,4,2,6
2007,7,1,8
2007,7,1,8
2007,7,4,11
2007,9,5,14
2007,5,3,8
2007,4,0,4
2007,9,2,11
2007,8,3,11
2007,4,3,7
2007,3,2,5
2007,4,3,7
2007,3,2,5
2007,8,4,12
2007,7,0,7
2007,4,1,5
2007,9,3,12
2007,5,3,8
2007,8,7,15
2007,4,1,5
2007,4,11,15
2007,9,10,19
2007,5,4,9
2007,7,1,8
2007,5,4,9
2007,7,2,9
2007,3,2,5
2007,9,0,9
2007,5,3,8
2007,10,0,10
2007,7,6,13
2007,4,3,7
2007,4,3,7
2007,5,2,7
2007,4,1,5
2007,7,6,13
2007,8,4,12
2007,5,3,8
2007,4,3,7
2007,5,2,7
2007,11,1,12
2007,6,1,7
2007,8,2,10
2007,4,2,6
2007,3,1,4
2007,9,3,12
2007,6,4,10
2007,4,3,7
2007,2,1,3
2007,6,5,11
2007,2,0,2
2007,7,1,8
2007,2,1,3
2007,5,3,8
2007,3,0,3
2007,7,5,12
2007,8,5,13
2007,5,1,6
2007,6,5,11
2007,6,3,9
2007,7,10,17
2007,3,2,5
2007,4,1,5
2007,8,5,13
2007,8,4,12
2007,7,1,8
2007,2,1,3
2007,3,2,5
2007,3,1,4
2007,6,3,9
2007,6,4,10
2007,10,1,11
2007,3,2,5
2007,9,4,13
2007,6,4,10
2007,2,1,3
2007,4,10,14
2007,6,3,9
2007,3,2,5
2007,3,1,4
2007,3,2,5
2007,6,2,8
2007,5,3,8
2007,5,3,8
2007,6,3,9
2007,8,2,10
2007,5,11,16
2007,4,1,5
2007,3,0,3
2007,1,0,1
2007,8,4,12
2007,9,1,10
2007,5,4,9
2007,8,0,8
2007,3,1,4
2007,3,14,17
2007,4,2,6
2007,7,6,13
2007,3,2,5
2007,2,1,3
2007,10,1,11
2007,2,1,3
2007,3,2,5
2007,6,5,11
2007,9,12,21
2007,6,3,9
2007,3,2,5
2007,8,3,11
2007,4,1,5
2007,3,0,3
2007,4,1,5
2007,5,2,7
2007,3,0,3
2007,5,1,6
2007,5,2,7
2007,6,3,9
2007,3,2,5
2007,4,0,4
2007,6,5,11
2007,7,4,11
2007,2,0,2
2007,2,1,3
2007,4,2,6
2007,3,2,5
2007,5,3,8
2007,5,4,9
2007,6,3,9
2007,4,11,15
2007,8,1,9
2007,10,1,11
2007,6,5,11
2007,6,4,10
2007,9,1,10
2007,4,2,6
2007,3,2,5
2007,5,4,9
2007,9,6,15
2007,8,5,13
2007,5,2,7
2007,2,1,3
2007,5,4,9
2007,6,4,10
2007,8,0,8
2007,7,0,7
2007,4,0,4
2007,7,2,9
2007,5,12,17
2007,6,2,8
2007,4,3,7
2007,8,5,13
2007,8,3,11
2007,3,2,5
2007,7,10,17
2007,6,4,10
2007,8,4,12
2007,1,0,1
2007,2,1,3
2007,9,3,12
2007,6,4,10
2007,5,4,9
2007,6,14,20
2007,2,10,12
2007,2,1,3
2007,5,1,6
2007,7,2,9
2007,4,12,16
2007,6,10,16
2007,8,0,8
2007,5,12,17
2007,4,3,7
2007,3,2,5
2007,9,7,16
2007,5,1,6
2007,6,4,10
2007,8,1,9
2007,4,3,7
2007,5,11,16
2007,5,3,8
2007,7,6,13
2007,6,1,7
2007,3,10,13
2007,4,1,5
2007,8,1,9
2007,2,11,13
2007,6,1,7
2007,6,4,10
2007,2,1,3
2007,6,4,10
2007,8,6,14
2007,6,0,6
2007,7,2,9
2007,7,2,9
2007,4,3,7
2007,9,2,11
2007,7,3,10
2007,9,2,11
2007,3,0,3
2007,5,2,7
2007,5,4,9
2007,6,5,11
2007,6,4,10
2007,4,1,5
2007,5,4,9
2007,3,0,3
2007,6,4,10
2007,8,6,14
2007,8,1,9
2007,3,11,14
2007,7,5,12
2007,8,6,14
2007,6,11,17
2007,6,5,11
2007,6,2,8
2007,5,3,8
2007,4,2,6
2007,8,4,12
2007,5,4,9
2007,7,6,13
2007,2,1,3
2007,2,1,3
2007,11,1,12
2007,5,4,9
2007,6,5,11
2007,7,11,18
2007,2,10,12
2007,6,5,11
2007,7,3,10
2007,4,2,6
2007,4,3,7
2007,4,16,20
2007,7,6,13
2007,5,2,7
2007,7,5,12
2007,6,0,6
2007,4,1,5
2007,7,3,10
2007,7,5,12
2007,9,3,12
2007,7,5,12
2007,7,3,10
2007,6,4,10
2007,7,2,9
2007,1,0,1
2007,6,5,11
2007,7,0,7
2007,6,1,7
2007,7,3,10
2007,7,6,13
2007,9,12,21
2007,9,3,12
2007,4,2,6
2007,6,5,11
2007,6,12,18
2007,3,1,4
2007,7,5,12
2007,4,3,7
2007,9,6,15
2007,2,1,3
2007,6,4,10
2007,4,3,7
2007,9,5,14
2007,6,5,11
2007,7,3,10
2007,5,4,9
2007,8,7,15
2007,7,4,11
2007,7,3,10
2007,6,1,7
2007,4,11,15
2007,8,10,18
2007,5,4,9
2007,9,8,17
2007,5,10,15
2007,4,2,6
2007,3,10,13
2007,4,1,5
2007,6,11,17
2007,9,7,16
2007,5,3,8
2007,5,3,8
2007,2,1,3
2007,6,3,9
2007,3,0,3
2007,3,10,13
2007,6,4,10
2007,9,1,10
2007,3,2,5
2007,6,1,7
2007,6,2,8
2007,9,3,12
2007,8,7,15
2007,4,3,7
2007,6,4,10
2007,4,3,7
2007,5,11,16
2007,2,0,2
2007,9,3,12
2007,4,3,7
2007,5,2,7
2007,3,11,14
2007,7,4,11
2007,5,2,7
2007,9,4,13
2007,5,4,9
2007,1,0,1
2007,6,0,6
2007,4,2,6
2007,4,2,6
2007,5,3,8
2007,7,5,12
2007,3,2,5
2007,7,3,10
2007,5,4,9
2007,9,7,16
2007,5,3,8
2007,4,1,5
2007,4,11,15
2007,4,1,5
2007,6,5,11
2007,3,1,4
2007,6,5,11
2007,7,4,11
2007,5,3,8
2007,5,3,8
2007,4,3,7
2007,5,4,9
2007,3,0,3
2007,7,4,11
2007,6,2,8
2007,3,11,14
2007,10,1,11
2007,3,1,4
2007,5,12,17
2007,5,11,16
2007,8,1,9
2007,3,2,5
2007,8,3,11
2007,8,1,9
2007,9,8,17
2007,6,2,8
2007,5,4,9
2007,5,2,7
2007,6,1,7
2007,9,7,16
2007,4,3,7
2007,3,1,4
2007,7,4,11
2007,5,3,8
2007,6,1,7
2007,9,5,14
2007,5,4,9
2007,5,1,6
2007,7,3,10
2007,1,0,1
2007,5,2,7
2007,8,4,12
2007,3,1,4
2007,9,1,10
2007,7,1,8
2007,9,6,15
2007,3,2,5
2007,3,2,5
2007,9,5,14
2007,6,1,7
2007,6,4,10
2007,5,4,9
2007,4,12,16
2007,5,4,9
2007,2,11,13
2007,7,5,12
2007,2,1,3
2007,2,12,14
2007,5,2,7
2007,8,6,14
2007,3,0,3
2007,5,2,7
2007,9,7,16
2007,9,1,10
2007,10,1,11
2007,4,3,7
2007,6,4,10
2007,7,6,13
2007,3,2,5
2007,3,1,4
2007,3,1,4
2007,2,1,3
2007,4,0,4
2007,6,3,9
2007,7,1,8
2007,7,3,10
2007,3,2,5
2007,5,3,8
2007,4,3,7
2007,9,4,13
2007,8,7,15
2007,6,5,11
2007,7,5,12
2007,5,2,7
2007,4,2,6
2007,9,7,16
2007,6,4,10
2007,4,3,7
2007,5,2,7
2007,5,1,6
2007,5,3,8
2007,4,0,4
2007,3,2,5
2007,6,4,10
2007,6,5,11
2007,5,4,9
2007,6,3,9
2007,10,0,10
2007,2,0,2
2007,15,11,26
2007,6,2,8
2007,3,2,5
2007,5,2,7
2007,7,1,8
2007,6,3,9
2007,6,2,8
2007,6,3,9
2007,8,2,10
2007,5,3,8
2007,9,7,16
2007,7,6,13
2007,7,5,12
2007,6,3,9
2007,2,1,3
2007,8,1,9
2007,9,4,13
2007,13,0,13
2007,3,2,5
2007,4,11,15
2007,4,3,7
2007,3,1,4
2007,6,4,10
2007,9,6,15
2007,4,3,7
2007,9,3,12
2007,3,1,4
2007,4,13,17
2007,6,4,10
2007,4,3,7
2007,5,0,5
2007,8,5,13
2007,3,1,4
2007,5,3,8
2007,3,2,5
2007,4,3,7
2007,4,2,6
2007,10,1,11
2007,5,4,9
2007,6,1,7
2007,3,0,3
2007,3,2,5
2007,9,4,13
2007,3,2,5
2007,5,1,6
2007,3,2,5
2007,3,2,5
2007,8,3,11
2007,4,3,7
2007,7,6,13
2007,9,7,16
2007,6,5,11
2007,6,1,7
2007,6,4,10
2007,7,4,11
2007,8,2,10
2007,4,1,5
2007,4,1,5
2007,9,2,11
2007,3,2,5
2007,9,3,12
2007,3,2,5
2007,1,0,1
2007,1,0,1
2007,3,2,5
2007,9,2,11
2007,5,3,8
2007,3,2,5
2007,3,1,4
2007,6,3,9
2007,6,2,8
2007,5,3,8
2007,9,2,11
2007,9,3,12
2007,8,0,8
2007,5,3,8
2007,6,11,17
2007,6,4,10
2007,9,5,14
2007,5,3,8
2007,7,3,10
2007,3,0,3
2007,3,17,20
2007,3,0,3
2007,2,14,16
2007,8,0,8
2007,6,3,9
2007,2,1,3
2007,8,3,11
2007,3,1,4
2007,2,0,2
2007,7,3,10
2007,5,4,9
2007,8,2,10
2007,7,2,9
2007,4,1,5
2007,7,0,7
2007,3,0,3
2007,6,3,9
2007,5,1,6
2007,6,0,6
2007,4,13,17
2007,5,4,9
2007,6,2,8
2007,4,10,14
2007,7,3,10
2007,8,2,10
2007,3,12,15
2007,6,3,9
2007,7,11,18
2007,9,2,11
2007,5,0,5
2007,7,2,9
2007,6,3,9
2007,5,4,9
2007,7,3,10
2007,6,5,11
2007,11,1,12
2007,2,15,17
2007,5,2,7
2007,5,10,15
2007,4,16,20
2007,9,1,10
2007,7,10,17
2007,4,1,5
2007,2,13,15
2007,3,0,3
2007,2,1,3
2007,7,6,13
2007,2,1,3
2007,6,4,10
2007,7,1,8
2007,8,4,12
2007,5,4,9
2007,2,1,3
2007,8,6,14
2007,7,0,7
2007,7,1,8
2007,7,2,9
2007,5,3,8
2007,2,1,3
2007,7,2,9
2007,7,15,22
2007,3,0,3
2007,6,5,11
2007,9,7,16
2007,10,1,11
2007,5,4,9
2007,4,3,7
2007,9,3,12
2007,2,1,3
2007,3,11,14
2007,4,3,7
2007,2,1,3
2007,6,2,8
2007,5,3,8
2007,8,1,9
2007,7,1,8
2007,5,3,8
2007,2,1,3
2007,5,4,9
2007,8,1,9
2007,4,3,7
2007,6,2,8
2007,4,3,7
2007,3,2,5
2007,5,0,5
2007,8,11,19
2007,2,1,3
2007,6,4,10
2007,2,1,3
2007,4,2,6
2007,4,1,5
2007,2,0,2
2007,3,1,4
2007,2,1,3
2007,6,5,11
2007,7,4,11
2007,3,2,5
2007,7,2,9
2007,7,3,10
2007,8,6,14
2007,4,3,7
2007,9,1,10
2007,6,3,9
2007,9,4,13
2007,5,2,7
2007,4,14,18
2007,7,4,11
2007,8,1,9
2007,3,2,5
2007,3,15,18
2007,5,3,8
2007,5,11,16
2007,8,1,9
2007,8,4,12
2007,5,4,9
2007,6,2,8
2007,3,13,16
2007,14,0,14
2007,6,11,17
2007,5,10,15
2007,6,4,10
2007,8,7,15
2007,6,1,7
2007,5,2,7
2007,7,10,17
2007,4,2,6
2007,2,13,15
2007,9,8,17
2007,7,4,11
2007,7,2,9
2007,3,2,5
2007,4,1,5
2007,6,3,9
2007,6,10,16
2007,5,3,8
2007,5,10,15
2007,6,3,9
2007,14,1,15
2007,6,5,11
2007,6,2,8
2007,4,1,5
2007,5,3,8
2007,5,2,7
2007,2,1,3
2007,4,3,7
2007,4,3,7
2007,6,5,11
2007,8,5,13
2007,8,7,15
2007,5,2,7
2007,9,5,14
2007,6,2,8
2007,4,0,4
2007,4,14,18
2007,3,1,4
2007,8,1,9
2007,6,4,10
2007,4,10,14
2007,8,4,12
2007,6,3,9
2007,5,3,8
2007,4,3,7
2007,3,2,5
2007,7,3,10
2007,5,1,6
2007,4,2,6
2007,9,4,13
2007,5,2,7
2007,7,1,8
2007,2,0,2
2007,3,0,3
2007,5,2,7
2007,4,0,4
2007,7,12,19
2007,8,7,15
2007,8,7,15
2007,7,11,18
2007,5,1,6
2007,8,3,11
2007,2,1,3
2007,9,1,10
2007,5,3,8
2007,5,1,6
2007,5,3,8
2007,9,1,10
2007,2,1,3
2007,5,4,9
2007,4,3,7
2007,12,0,12
2007,5,4,9
2007,3,10,13
2007,3,1,4
2007,3,1,4
2007,13,12,25
2007,3,13,16
2007,8,3,11
2007,3,2,5
2007,5,4,9
2007,4,10,14
2007,7,4,11
2007,6,2,8
2007,2,10,12
2007,9,8,17
2007,4,3,7
2007,6,10,16
2007,8,6,14
2007,5,3,8
2007,5,4,9
2007,6,10,16
2007,5,4,9
2007,6,4,10
2007,8,3,11
2007,9,5,14
2007,6,3,9
2007,7,2,9
2007,9,1,10
2007,4,2,6
2007,9,8,17
2007,3,1,4
2007,6,3,9
2007,6,1,7
2007,8,6,14
2007,7,4,11
2007,8,4,12
2007,6,13,19
2007,8,4,12
2007,5,11,16
2007,14,10,24
2007,5,3,8
2007,6,4,10
2007,7,4,11
2007,2,1,3
2007,4,2,6
2007,4,3,7
2007,3,0,3
2007,6,4,10
2007,7,2,9
2007,6,5,11
2007,5,12,17
2007,5,3,8
2007,5,3,8
2007,4,0,4
2007,6,2,8
2007,9,1,10
2007,2,1,3
2007,4,10,14
2007,5,3,8
2007,5,4,9
2007,6,5,11
2007,7,2,9
2007,4,1,5
2007,4,2,6
2007,9,4,13
2007,8,3,11
2007,2,1,3
2007,6,2,8
2007,5,4,9
2007,9,2,11
2007,5,4,9
2007,4,0,4
2007,5,11,16
2007,4,1,5
2007,2,14,16
2007,3,2,5
2007,10,0,10
2007,8,6,14
2007,8,4,12
2007,9,0,9
2007,8,4,12
2007,4,3,7
2007,3,0,3
2007,9,3,12
2007,7,6,13
2007,3,0,3
2007,6,1,7
2007,4,3,7
2007,9,0,9
2007,5,3,8
2007,5,10,15
2007,5,0,5
2007,6,2,8
2007,5,11,16
2007,7,3,10
2007,2,10,12
2007,4,3,7
2007,4,2,6
2007,4,2,6
2007,9,5,14
2007,2,0,2
2007,4,11,15
2007,3,2,5
2007,9,5,14
2007,8,5,13
2007,12,11,23
2007,4,2,6
2007,8,1,9
2007,8,5,13
2007,5,1,6
2007,3,2,5
2007,13,0,13
2007,5,4,9
2007,9,8,17
2007,4,1,5
2007,3,0,3
2007,4,3,7
2007,7,4,11
2007,6,11,17
2007,5,3,8
2007,9,5,14
2007,4,1,5
2007,8,3,11
2007,5,2,7
2007,7,1,8
2007,1,0,1
2007,5,2,7
2007,3,1,4
2007,5,4,9
2007,9,4,13
2007,9,3,12
2007,3,11,14
2007,4,3,7
2007,6,5,11
2007,10,1,11
2007,9,2,11
2007,9,10,19
2007,8,6,14
2007,3,0,3
2007,4,1,5
2007,4,2,6
2007,9,8,17
2007,5,4,9
2007,6,11,17
2007,5,1,6
2007,4,3,7
2007,7,3,10
2007,3,16,19
2007,6,4,10
2007,6,4,10
2007,7,2,9
2007,5,4,9
2007,8,1,9
2007,6,5,11
2007,7,4,11
2007,4,2,6
2007,5,1,6
2007,4,3,7
2007,3,1,4
2007,5,1,6
2007,7,3,10
2007,1,0,1
2007,4,1,5
2007,7,5,12
2007,4,2,6
2007,2,0,2
2007,1,0,1
2007,5,4,9
2007,4,3,7
2007,7,4,11
2007,12,11,23
2007,7,6,13
2007,8,5,13
2007,1,0,1
2007,7,4,11
2007,5,1,6
2007,4,3,7
2007,8,7,15
2007,6,2,8
2007,4,2,6
2007,3,2,5
2007,5,2,7
2007,9,5,14
2007,6,4,10
2007,10,0,10
2007,6,2,8
2007,6,5,11
2007,5,4,9
2007,2,1,3
2007,3,10,13
2007,8,3,11
2007,7,6,13
2007,6,3,9
2007,1,0,1
2007,6,5,11
2007,5,1,6
2007,4,11,15
2007,5,3,8
2007,3,2,5
2007,3,10,13
2007,9,1,10
2007,4,2,6
2007,5,2,7
2007,4,3,7
2007,3,0,3
2007,8,14,22
2007,8,4,12
2007,4,3,7
2007,8,5,13
2007,5,4,9
2007,6,5,11
2007,5,3,8
2007,6,10,16
2007,9,6,15
2007,4,3,7
2007,9,5,14
2007,3,2,5
2007,3,2,5
2007,8,6,14
2007,8,7,15
2007,7,2,9
2007,4,0,4
2007,1,0,1
2007,3,1,4
2007,9,3,12
2007,6,5,11
2007,6,0,6
2007,9,3,12
2007,4,3,7
2007,5,1,6
2007,5,4,9
2007,6,1,7
2007,6,3,9
2007,1,0,1
2007,7,15,22
2007,9,4,13
2007,5,17,22
2007,5,11,16
2007,6,3,9
2007,6,13,19
2007,4,3,7
2007,2,0,2
2007,9,6,15
2007,9,6,15
2007,2,1,3
2007,8,7,15
2007,5,3,8
2007,3,0,3
2007,4,3,7
2007,7,4,11
2007,2,1,3
2007,5,3,8
2007,5,3,8
2007,4,0,4
2007,3,0,3
2007,5,4,9
2007,8,1,9
2007,4,1,5
2007,7,3,10
2007,4,1,5
2007,7,3,10
2007,7,5,12
2007,3,2,5
2007,4,11,15
2007,9,6,15
2007,2,12,14
2007,3,2,5
2007,6,3,9
2007,3,2,5
2007,7,3,10
2007,7,3,10
2007,7,3,10
2007,9,1,10
2007,6,0,6
2007,7,2,9
2007,8,4,12
2007,8,1,9
2007,7,4,11
2007,9,0,9
2007,3,1,4
2007,7,1,8
2007,5,4,9
2007,9,7,16
2007,6,5,11
2007,3,2,5
2007,6,5,11
2007,8,17,25
2007,3,2,5
2007,7,1,8
2007,6,0,6
2007,7,1,8
2007,7,3,10
2007,2,10,12
2007,4,1,5
2007,7,6,13
2007,5,4,9
2007,2,12,14
2007,5,1,6
2007,6,2,8
2007,2,1,3
2007,3,11,14
2007,2,0,2
2007,3,14,17
2007,8,12,20
2007,4,2,6
2007,7,2,9
2007,8,4,12
2007,1,0,1
2007,1,0,1
2007,8,4,12
2007,6,2,8
2007,5,10,15
2007,9,4,13
2007,9,8,17
2007,3,0,3
2007,5,2,7
2007,8,11,19
2007,6,15,21
2007,6,3,9
2007,6,1,7
2007,7,3,10
2007,6,4,10
2007,9,5,14
2007,3,11,14
2007,4,11,15
2007,5,2,7
2007,7,4,11
2007,3,10,13
2007,5,4,9
2007,4,10,14
2007,9,10,19
2007,8,2,10
2007,6,10,16
2007,7,4,11
2007,8,7,15
2007,4,2,6
2007,9,10,19
2007,2,10,12
2007,9,4,13
2007,6,10,16
2007,10,1,11
2007,5,4,9
2007,8,1,9
2007,6,1,7
2007,5,3,8
2007,9,8,17
2007,9,5,14
2007,8,10,18
2007,4,0,4
2007,7,5,12
2007,9,6,15
2007,3,1,4
2007,6,2,8
2007,9,0,9
2007,5,2,7
2007,6,12,18
2007,5,3,8
2007,5,1,6
2007,5,4,9
2007,10,1,11
2007,15,1,16
2007,8,4,12
2007,7,4,11
2007,11,0,11
2007,5,4,9
2007,6,10,16
2007,6,1,7
2007,7,5,12
2007,6,2,8
2007,5,3,8
2007,7,1,8
2007,7,0,7
2007,7,6,13
2007,7,3,10
2007,12,1,13
2007,8,4,12
2007,4,3,7
2007,6,3,9
2007,3,0,3
2007,6,5,11
2007,8,4,12
2007,5,4,9
2007,7,1,8
2007,5,0,5
2007,5,1,6
2007,5,4,9
2007,6,11,17
2007,9,1,10
2007,2,1,3
2007,16,1,17
2007,7,3,10
2007,6,0,6
2007,6,3,9
2007,3,11,14
2007,9,8,17
2007,4,1,5
2007,10,1,11
2007,7,4,11
2007,2,1,3
2007,2,1,3
2007,11,1,12
2007,7,1,8
2007,1,0,1
2007,6,1,7
2007,9,1,10
2007,6,5,11
2007,8,3,11
2007,4,3,7
2007,7,2,9
2007,6,11,17
2007,4,3,7
2007,4,3,7
2007,8,3,11
2007,5,0,5
2007,3,0,3
2007,7,4,11
2007,4,3,7
2007,2,10,12
2007,4,2,6
2007,3,2,5
2007,7,2,9
2007,5,1,6
2007,9,4,13
2007,9,12,21
2007,5,0,5
2007,3,1,4
2007,5,3,8
2007,8,1,9
2007,4,1,5
2007,9,10,19
2007,5,2,7
2007,8,3,11
2007,6,1,7
2007,8,5,13
2007,2,1,3
2007,9,4,13
2007,4,3,7
2007,5,4,9
2007,4,12,16
2007,6,5,11
2007,6,2,8
2007,3,2,5
2007,8,5,13
2007,8,5,13
2007,9,6,15
2007,3,2,5
2007,5,11,16
2007,2,1,3
2007,5,3,8
2007,4,11,15
2007,8,7,15
2007,3,2,5
2007,6,1,7
2007,1,0,1
2007,2,0,2
2007,13,0,13
2007,4,0,4
2007,6,4,10
2007,7,13,20
2007,7,5,12
2007,6,3,9
2007,5,4,9
2007,2,0,2
2007,9,6,15
2007,2,1,3
2007,4,2,6
2007,5,3,8
2007,9,5,14
2007,8,7,15
2007,4,3,7
2007,5,2,7
2007,9,7,16
2007,8,5,13
2007,8,5,13
2007,8,7,15
2007,5,1,6
2007,9,7,16
2007,2,1,3
2007,6,5,11
2007,4,2,6
2007,2,1,3
2007,11,1,12
2007,3,12,15
2007,9,8,17
2007,8,1,9
2007,7,6,13
2007,2,1,3
2007,6,5,11
2007,5,2,7
2007,3,2,5
2007,5,3,8
2007,4,3,7
2007,6,3,9
2007,5,4,9
2007,4,13,17
2007,5,1,6
2007,8,6,14
2007,8,5,13
2007,6,5,11
2007,5,0,5
2007,3,1,4
2007,3,1,4
2007,7,0,7
2007,8,3,11
2007,7,2,9
2007,8,3,11
2007,4,1,5
2007,4,3,7
2007,2,1,3
2007,5,1,6
2007,7,11,18
2007,3,2,5
2007,1,0,1
2007,6,5,11
2007,12,0,12
2007,3,1,4
2007,5,0,5
2007,5,11,16
2007,5,3,8
2007,3,2,5
2007,2,1,3
2007,13,0,13
2007,7,3,10
2007,7,6,13
2007,2,10,12
2007,6,2,8
2007,7,5,12
2007,3,2,5
2007,8,2,10
2007,5,1,6
2007,7,11,18
2007,3,10,13
2007,3,1,4
2007,3,11,14
2007,7,2,9
2007,4,1,5
2007,5,1,6
2007,7,3,10
2007,3,11,14
2007,5,4,9
2007,5,4,9
2007,3,17,20
2007,7,6,13
2007,8,0,8
2007,3,1,4
2007,6,2,8
2007,6,4,10
2007,7,1,8
2007,8,3,11
2007,3,1,4
2007,7,5,12
2007,9,6,15
2007,9,5,14
2007,7,17,24
2007,6,4,10
2007,8,3,11
2007,4,0,4
2007,5,2,7
2007,6,2,8
2007,3,10,13
2007,5,3,8
2007,1,0,1
2007,5,4,9
2007,4,2,6
2007,6,0,6
2007,4,15,19
2007,6,11,17
2007,6,3,9
2007,3,12,15
2007,6,2,8
2007,8,6,14
2007,7,6,13
2007,3,2,5
2007,6,3,9
2007,3,2,5
2007,3,2,5
2007,5,2,7
2007,4,2,6
2007,20,14,34
2007,12,0,12
2007,8,1,9
2007,7,6,13
2007,9,2,11
2007,4,0,4
2007,6,5,11
2007,6,5,11
2007,9,14,23
2007,7,1,8
2007,8,4,12
2007,7,4,11
2007,4,3,7
2007,4,3,7
2007,8,6,14
2007,6,2,8
2007,3,1,4
2007,5,4,9
2007,6,3,9
2007,3,2,5
2007,5,3,8
2007,8,7,15
2007,7,2,9
2007,2,1,3
2007,4,0,4
2007,7,1,8
2007,8,5,13
2007,7,6,13
2007,3,0,3
2007,9,4,13
2007,5,4,9
2007,6,3,9
2007,4,3,7
2007,8,4,12
2007,6,5,11
2007,8,3,11
2007,4,12,16
2007,9,3,12
2007,12,0,12
2007,7,3,10
2007,6,2,8
2007,5,4,9
2007,7,0,7
2007,2,1,3
2007,1,0,1
2007,7,2,9
2007,9,7,16
2007,7,4,11
2007,6,2,8
2007,3,2,5
2007,3,2,5
2007,7,3,10
2007,2,1,3
2007,8,3,11
2007,9,1,10
2007,2,0,2
2007,6,5,11
2007,6,0,6
2007,5,4,9
2007,14,10,24
2007,6,10,16
2007,5,3,8
2007,8,4,12
2007,3,13,16
2007,6,3,9
2007,9,1,10
2007,6,4,10
2007,9,5,14
2007,5,4,9
2007,5,4,9
2007,7,6,13
2007,9,4,13
2007,9,3,12
2007,6,5,11
2007,5,2,7
2007,2,1,3
2007,4,3,7
2007,2,1,3
2007,4,10,14
2007,6,4,10
2007,8,7,15
2007,6,4,10
2007,5,4,9
2007,4,0,4
2007,5,1,6
2007,5,3,8
2007,2,1,3
2007,7,6,13
2007,5,3,8
2007,5,3,8
2007,4,3,7
2007,4,3,7
2007,5,2,7
2007,2,10,12
2007,7,11,18
2007,5,3,8
2007,7,6,13
2007,3,10,13
2007,4,0,4
2007,3,2,5
2007,11,10,21
2007,5,3,8
2007,3,10,13
2007,4,3,7
2007,6,4,10
2007,4,1,5
2007,8,10,18
2007,5,1,6
2007,4,2,6
2007,4,3,7
2007,6,5,11
2007,9,3,12
2007,4,2,6
2007,6,5,11
2007,4,0,4
2007,3,15,18
2007,3,2,5
2007,1,0,1
2007,3,2,5
2007,4,11,15
2007,6,2,8
2007,7,0,7
2007,8,3,11
2007,8,3,11
2007,4,2,6
2007,5,4,9
2007,6,5,11
2007,12,1,13
2007,5,1,6
2007,6,0,6
2007,5,4,9
2007,5,2,7
2007,3,2,5
2007,6,1,7
2007,6,0,6
2007,5,3,8
2007,5,4,9
2007,6,5,11
2007,7,2,9
2007,7,6,13
2007,10,1,11
2007,4,2,6
2007,9,8,17
2007,7,5,12
2007,9,13,22
2007,10,1,11
2007,4,3,7
2007,3,2,5
2007,1,0,1
2007,3,0,3
2007,7,5,12
2007,5,4,9
2007,4,2,6
2007,3,10,13
2007,6,2,8
2007,2,10,12
2007,2,10,12
2007,4,1,5
2007,8,4,12
2007,7,5,12
2007,4,14,18
2007,6,1,7
2007,2,1,3
2007,7,3,10
2007,3,2,5
2007,4,2,6
2007,3,1,4
2007,6,14,20
2007,2,11,13
2007,3,2,5
2007,8,10,18
2007,11,1,12
2007,8,6,14
2007,8,0,8
2007,5,2,7
2007,7,3,10
2007,5,17,22
2007,4,3,7
2007,7,3,10
2007,4,12,16
2007,8,5,13
2007,1,0,1
2007,3,0,3
2007,7,2,9
2007,8,5,13
2007,3,0,3
2007,5,2,7
2007,9,3,12
2007,5,4,9
2007,7,5,12
2007,7,2,9
2007,4,21,25
2007,2,0,2
2007,1,0,1
2007,9,0,9
2007,8,3,11
2007,8,0,8
2007,3,0,3
2007,6,12,18
2007,4,3,7
2007,9,6,15
2007,2,1,3
2007,6,2,8
2007,7,5,12
2007,2,10,12
2007,9,2,11
2007,4,2,6
2007,8,7,15
2007,6,4,10
2007,4,3,7
2007,9,3,12
2007,3,0,3
2007,5,3,8
2007,8,7,15
2007,5,3,8
2007,1,0,1
2007,5,3,8
2007,7,4,11
2007,9,4,13
2007,8,4,12
2007,4,3,7
2007,7,5,12
2007,4,3,7
2007,2,1,3
2007,4,3,7
2007,7,0,7
2007,7,6,13
2007,7,0,7
2007,6,1,7
2007,9,13,22
2007,7,3,10
2007,1,0,1
2007,2,10,12
2007,2,1,3
2007,7,1,8
2007,6,3,9
2007,7,5,12
2007,2,1,3
2007,7,1,8
2007,7,6,13
2007,13,1,14
2007,7,4,11
2007,7,10,17
2007,4,3,7
2007,6,5,11
2007,9,14,23
2007,5,4,9
2007,7,1,8
2007,7,0,7
2007,8,4,12
2007,7,6,13
2007,6,2,8
2007,4,2,6
2007,11,1,12
2007,6,11,17
2007,8,7,15
2007,4,2,6
2007,4,3,7
2007,5,4,9
2007,4,10,14
2007,9,4,13
2007,6,1,7
2007,6,2,8
2007,8,1,9
2007,7,1,8
2007,12,10,22
2007,2,12,14
2007,7,1,8
2007,3,10,13
2007,4,3,7
2007,7,5,12
2007,2,0,2
2007,8,1,9
2007,3,2,5
2007,6,2,8
2007,3,1,4
2007,6,5,11
2007,3,1,4
2007,6,5,11
2007,5,10,15
2007,4,3,7
2007,4,3,7
2007,7,6,13
2007,5,2,7
2007,6,12,18
2007,4,13,17
2007,14,0,14
2007,6,10,16
2007,4,1,5
2007,6,0,6
2007,4,1,5
2007,9,6,15
2007,18,11,29
2007,10,0,10
2007,5,0,5
2007,5,1,6
2007,14,10,24
2007,8,5,13
2007,9,5,14
2007,5,2,7
2007,4,1,5
2007,3,1,4
2007,5,2,7
2007,2,0,2
2007,5,4,9
2007,4,12,16
2007,5,3,8
2007,7,3,10
2007,3,1,4
2007,6,3,9
2007,3,1,4
2007,4,2,6
2007,5,3,8
2007,3,16,19
2007,7,3,10
2007,6,4,10
2007,4,0,4
2007,8,0,8
2007,2,0,2
2007,6,3,9
2007,3,12,15
2007,5,4,9
2007,5,4,9
2007,9,6,15
2007,4,3,7
2007,6,4,10
2007,8,5,13
2007,5,3,8
2007,8,1,9
2007,3,2,5
2007,15,1,16
2007,9,5,14
2007,8,7,15
2007,6,2,8
2007,7,2,9
2007,12,11,23
2007,7,4,11
2007,6,10,16
2007,5,0,5
2007,4,3,7
2007,4,2,6
2007,4,12,16
2007,9,13,22
2007,6,4,10
2007,5,4,9
2007,11,0,11
2007,7,3,10
2007,9,2,11
2007,6,2,8
2007,7,4,11
2007,8,2,10
2007,1,0,1
2007,2,1,3
2007,5,2,7
2007,7,1,8
2007,8,4,12
2007,4,13,17
2007,4,3,7
2007,7,4,11
2007,3,1,4
2007,6,4,10
2007,3,2,5
2007,6,4,10
2007,6,2,8
2007,7,5,12
2007,6,5,11
2007,8,7,15
2007,6,5,11
2007,3,2,5
2007,8,16,24
2007,2,1,3
2007,9,8,17
2007,3,2,5
2007,4,3,7
2007,9,2,11
2007,9,5,14
2007,12,1,13
2007,6,5,11
2007,8,3,11
2007,3,1,4
2007,6,5,11
2007,3,0,3
2007,8,6,14
2007,1,0,1
2007,8,5,13
2007,4,3,7
2007,5,4,9
2007,9,2,11
2007,3,11,14
2007,4,1,5
2007,6,3,9
2007,4,2,6
2007,6,2,8
2007,6,4,10
2007,2,1,3
2007,4,0,4
2007,3,2,5
2007,5,10,15
2007,9,7,16
2007,5,4,9
2007,4,10,14
2007,8,3,11
2007,3,10,13
2007,2,1,3
2007,4,0,4
2007,4,11,15
2007,9,6,15
2007,5,2,7
2007,5,1,6
2007,7,3,10
2007,11,1,12
2007,8,6,14
2007,4,0,4
2007,8,6,14
2007,9,2,11
2007,9,6,15
2007,6,10,16
2007,8,4,12
2007,6,4,10
2007,1,0,1
2007,4,19,23
2007,7,1,8
2007,8,2,10
2007,4,11,15
2007,4,3,7
2007,6,4,10
2007,5,0,5
2007,2,1,3
2007,6,3,9
2007,4,15,19
2007,4,2,6
2007,8,13,21
2007,7,5,12
2007,5,4,9
2007,2,10,12
2007,8,1,9
2007,1,0,1
2007,7,6,13
2007,4,2,6
2007,3,1,4
2007,5,0,5
2007,10,1,11
2007,4,11,15
2007,6,5,11
2007,5,3,8
2007,7,12,19
2007,6,1,7
2007,6,2,8
2007,16,10,26
2007,5,4,9
2007,2,1,3
2007,4,3,7
2007,5,4,9
2007,8,7,15
2007,2,1,3
2007,7,4,11
2007,4,3,7
2007,1,0,1
2007,6,2,8
2007,7,6,13
2007,8,3,11
2007,2,11,13
2007,2,15,17
2007,5,2,7
2007,7,4,11
2007,4,1,5
2007,7,5,12
2007,7,5,12
2007,3,13,16
2007,6,1,7
2007,3,0,3
2007,6,2,8
2007,7,6,13
2007,6,3,9
2007,6,0,6
2007,4,10,14
2007,5,3,8
2007,6,3,9
2007,6,11,17
2007,6,4,10
2007,4,1,5
2007,4,10,14
2007,5,3,8
2007,5,0,5
2007,2,12,14
2007,9,1,10
2007,3,0,3
2007,7,2,9
2007,6,2,8
2007,4,1,5
2007,7,6,13
2007,3,1,4
2007,3,10,13
2007,4,3,7
2007,5,4,9
2007,2,1,3
2007,6,5,11
2007,6,2,8
2007,5,14,19
2007,7,4,11
2007,4,12,16
2007,12,0,12
2007,4,3,7
2007,5,4,9
2007,8,0,8
2007,3,11,14
2007,5,3,8
2007,4,1,5
2007,3,2,5
2007,6,3,9
2007,6,5,11
2007,9,11,20
2007,5,2,7
2007,9,6,15
2007,6,3,9
2007,8,3,11
2007,6,3,9
2007,3,2,5
2007,8,10,18
2007,3,0,3
2007,6,1,7
2007,4,3,7
2007,2,1,3
2007,4,2,6
2007,9,3,12
2007,4,12,16
2007,5,4,9
2007,6,2,8
2007,8,0,8
2007,8,5,13
2007,8,5,13
2007,7,10,17
2007,9,11,20
2007,6,2,8
2007,4,3,7
2007,4,2,6
2007,4,0,4
2007,8,4,12
2007,7,5,12
2007,2,1,3
2007,3,0,3
2007,6,4,10
2007,8,3,11
2007,2,1,3
2007,6,1,7
2007,9,2,11
2007,8,11,19
2007,3,1,4
2007,5,4,9
2007,2,1,3
2007,5,2,7
2007,6,2,8
2007,6,12,18
2007,5,10,15
2007,5,3,8
2007,4,3,7
2007,7,4,11
2007,8,4,12
2007,5,0,5
2007,5,2,7
2007,7,3,10
2007,6,11,17
2007,3,2,5
2007,7,5,12
2007,8,1,9
2007,5,3,8
2007,7,4,11
2007,6,2,8
2007,3,1,4
2007,6,5,11
2007,4,3,7
2007,7,6,13
2007,1,0,1
2007,9,3,12
2007,6,1,7
2007,8,4,12
2007,5,3,8
2007,5,11,16
2007,4,3,7
2007,3,2,5
2007,8,2,10
2007,7,6,13
2007,9,0,9
2007,4,3,7
2007,6,4,10
2007,4,14,18
2007,4,2,6
2007,8,7,15
2007,7,0,7
2007,9,4,13
2007,6,0,6
2007,6,4,10
2007,9,18,27
2007,7,4,11
2007,6,2,8
2007,5,2,7
2007,8,7,15
2007,9,2,11
2007,2,1,3
2007,6,11,17
2007,7,2,9
2007,7,6,13
2007,5,4,9
2007,5,1,6
2007,5,2,7
2007,8,6,14
2007,6,4,10
2007,8,2,10
2007,3,2,5
2007,30,3,33
2007,9,7,16
2007,7,6,13
2007,4,2,6
2007,2,11,13
2007,8,11,19
2007,3,2,5
2007,8,4,12
2007,7,5,12
2007,3,15,18
2007,4,2,6
2007,6,4,10
2007,2,1,3
2007,4,1,5
2007,5,4,9
2007,5,2,7
2007,9,7,16
2007,5,1,6
2007,3,1,4
2007,7,6,13
2007,9,8,17
2007,5,2,7
2007,4,1,5
2007,3,11,14
2007,2,12,14
2007,9,4,13
2007,3,0,3
2007,6,2,8
2007,7,4,11
2007,3,11,14
2007,10,1,11
2007,5,3,8
2007,6,5,11
2007,9,6,15
2007,8,3,11
2007,2,1,3
2007,5,2,7
2007,3,14,17
2007,6,11,17
2007,7,2,9
2007,2,12,14
2007,4,2,6
2007,9,2,11
2007,3,1,4
2007,8,1,9
2007,2,14,16
2007,7,11,18
2007,5,1,6
2007,7,2,9
2007,4,1,5
2007,9,4,13
2007,4,3,7
2007,4,3,7
2007,6,2,8
2007,5,4,9
2007,3,14,17
2007,5,3,8
2007,3,1,4
2007,5,4,9
2007,3,11,14
2007,11,1,12
2007,9,3,12
2007,5,10,15
2007,5,4,9
2007,5,4,9
2007,5,3,8
2007,6,2,8
2007,2,14,16
2007,5,4,9
2007,4,1,5
2007,7,4,11
2007,5,3,8
2007,5,4,9
2007,8,3,11
2007,16,0,16
2007,2,13,15
2007,5,4,9
2007,6,2,8
2007,9,2,11
2007,3,1,4
2007,6,0,6
2007,4,1,5
2007,8,15,23
2007,5,3,8
2007,6,5,11
2007,4,3,7
2007,7,0,7
2007,6,3,9
2007,4,3,7
2007,5,3,8
2007,5,4,9
2007,4,2,6
2007,6,4,10
2007,3,2,5
2007,6,4,10
2007,6,10,16
2007,3,1,4
2007,4,3,7
2007,5,4,9
2007,6,1,7
2007,4,3,7
2007,7,4,11
2007,7,0,7
2007,5,0,5
2007,9,10,19
2007,4,3,7
2007,5,4,9
2007,3,2,5
2007,8,0,8
2007,3,1,4
2007,8,2,10
2007,8,0,8
2007,5,4,9
2007,8,6,14
2007,5,4,9
2007,6,5,11
2007,2,1,3
2007,6,1,7
2007,5,0,5
2007,11,10,21
2007,5,4,9
2007,8,7,15
2007,5,1,6
2007,7,6,13
2007,7,3,10
2007,7,1,8
2007,9,8,17
2007,6,1,7
2007,8,5,13
2007,9,2,11
2007,3,2,5
2007,9,4,13
2007,5,0,5
2007,9,1,10
2007,5,4,9
2007,6,4,10
2007,8,5,13
2007,7,5,12
2007,3,2,5
2007,7,6,13
2007,7,13,20
2007,5,1,6
2007,10,0,10
2007,4,3,7
2007,7,0,7
2007,6,12,18
2007,3,12,15
2007,6,4,10
2007,9,6,15
2007,6,1,7
2007,7,0,7
2007,3,11,14
2007,2,1,3
2007,4,1,5
2007,8,7,15
2007,4,3,7
2007,3,2,5
2007,3,2,5
2007,6,5,11
2007,8,0,8
2007,7,6,13
2007,7,4,11
2007,8,1,9
2007,8,2,10
2007,8,7,15
2007,5,0,5
2007,3,2,5
2007,6,4,10
2007,2,1,3
2007,9,5,14
2007,2,10,12
2007,5,1,6
2007,13,10,23
2007,3,11,14
2007,4,10,14
2007,7,4,11
2007,9,7,16
2007,5,0,5
2007,7,1,8
2007,11,0,11
2007,9,7,16
2007,8,1,9
2007,6,3,9
2007,4,3,7
2007,9,1,10
2007,5,2,7
2007,5,3,8
2007,6,2,8
2007,7,11,18
2007,6,5,11
2007,3,1,4
2007,5,3,8
2007,7,5,12
2007,3,12,15
2007,6,2,8
2007,8,4,12
2007,9,8,17
2007,4,3,7
2007,6,2,8
2007,9,6,15
2007,9,8,17
2007,6,4,10
2007,8,2,10
2007,7,0,7
2007,5,3,8
2007,2,1,3
2007,2,14,16
2007,6,2,8
2007,2,10,12
2007,8,2,10
2007,2,17,19
2007,3,2,5
2007,6,4,10
2007,3,10,13
2007,7,6,13
2007,7,4,11
2007,3,2,5
2007,4,16,20
2007,3,2,5
2007,4,2,6
2007,7,1,8
2007,4,0,4
2007,11,10,21
2007,4,11,15
2007,4,10,14
2007,6,1,7
2007,3,2,5
2007,3,11,14
2007,6,3,9
2007,6,1,7
2007,5,4,9
2007,7,2,9
2007,5,3,8
2007,6,1,7
2007,9,8,17
2007,9,2,11
2007,5,11,16
2007,8,7,15
2007,4,3,7
2007,3,1,4
2007,6,12,18
2007,5,11,16
2007,3,1,4
2007,9,1,10
2007,5,1,6
2007,6,2,8
2007,5,4,9
2007,7,3,10
2007,6,2,8
2007,6,5,11
2007,7,4,11
2007,3,2,5
2007,5,2,7
2007,5,10,15
2007,4,2,6
2007,7,14,21
2007,6,3,9
2007,4,1,5
2007,8,5,13
2007,5,10,15
2007,4,2,6
2007,3,2,5
2007,9,12,21
2007,1,0,1
2007,6,2,8
2007,3,12,15
2007,5,4,9
2007,5,4,9
2007,4,2,6
2007,3,2,5
2007,6,5,11
2007,9,0,9
2007,9,3,12
2007,5,3,8
2007,5,10,15
2007,16,10,26
2007,8,3,11
2007,7,2,9
2007,6,13,19
2007,4,1,5
2007,8,13,21
2007,5,4,9
2007,6,3,9
2007,9,4,13
2007,5,13,18
2007,8,2,10
2007,6,1,7
2007,7,4,11
2007,2,1,3
2007,9,2,11
2007,6,18,24
2007,5,4,9
2007,7,4,11
2007,5,1,6
2007,5,1,6
2007,5,4,9
2007,3,2,5
2007,6,3,9
2007,6,1,7
2007,4,3,7
2007,12,0,12
2007,7,4,11
2007,6,5,11
2007,9,4,13
2007,4,1,5
2007,3,0,3
2007,5,4,9
2007,6,2,8
2007,6,3,9
2007,6,5,11
2007,4,12,16
2007,8,7,15
2007,2,1,3
2007,8,7,15
2007,5,3,8
2007,5,4,9
2007,7,6,13
2007,4,3,7
2007,7,4,11
2007,6,5,11
2007,4,2,6
2007,3,2,5
2007,9,11,20
2007,5,4,9
2007,2,1,3
2007,5,3,8
2007,6,2,8
2007,8,5,13
2007,10,1,11
2007,2,1,3
2007,6,0,6
2007,2,10,12
2007,9,7,16
2007,6,2,8
2007,5,3,8
2007,4,3,7
2007,5,3,8
2007,7,3,10
2007,6,0,6
2007,6,2,8
2007,3,2,5
2007,4,3,7
2007,8,3,11
2007,7,4,11
2007,4,3,7
2007,9,7,16
2007,4,3,7
2007,13,0,13
2007,3,15,18
2007,6,1,7
2007,5,2,7
2007,6,4,10
2007,6,10,16
2007,9,11,20
2007,5,1,6
2007,9,2,11
2007,4,2,6
2007,8,6,14
2007,3,0,3
2007,7,10,17
2007,8,5,13
2007,6,11,17
2007,7,6,13
2007,6,5,11
2007,6,0,6
2007,3,11,14
2007,5,4,9
2007,8,5,13
2007,4,0,4
2007,3,0,3
2007,13,11,24
2007,6,1,7
2007,4,12,16
2007,2,1,3
2007,5,0,5
2007,4,3,7
2007,5,2,7
2007,7,4,11
2007,3,1,4
2007,9,8,17
2007,9,1,10
2007,3,2,5
2007,4,2,6
2007,12,0,12
2007,8,7,15
2007,5,3,8
2007,7,4,11
2007,4,3,7
2007,9,8,17
2007,2,1,3
2007,6,4,10
2007,5,1,6
2007,3,2,5
2007,4,2,6
2007,6,5,11
2007,5,4,9
2007,7,0,7
2007,4,2,6
2007,2,1,3
2007,9,5,14
2007,5,3,8
2007,2,1,3
2007,6,1,7
2007,8,4,12
2007,9,5,14
2007,3,1,4
2007,9,4,13
2007,8,7,15
2007,3,0,3
2007,6,3,9
2007,4,2,6
2007,18,1,19
2007,6,3,9
2007,7,6,13
2007,6,0,6
2007,3,12,15
2007,4,1,5
2007,8,13,21
2007,4,3,7
2007,5,4,9
2007,9,6,15
2007,6,4,10
2007,5,4,9
2007,2,1,3
2007,9,8,17
2007,6,3,9
2007,8,1,9
2007,3,2,5
2007,6,3,9
2007,3,2,5
2007,6,2,8
2007,4,3,7
2007,9,5,14
2007,9,3,12
2007,7,4,11
2007,7,2,9
2007,8,3,11
2007,12,11,23
2007,6,2,8
2007,2,0,2
2007,7,4,11
2007,8,6,14
2007,9,11,20
2007,4,1,5
2007,7,4,11
2007,7,1,8
2007,7,4,11
2007,8,0,8
2007,6,2,8
2007,7,2,9
2007,7,6,13
2007,7,1,8
2007,7,5,12
2007,7,3,10
2007,5,4,9
2007,4,3,7
2007,5,4,9
2007,3,0,3
2007,5,3,8
2007,3,2,5
2007,2,0,2
2007,5,13,18
2007,4,1,5
2007,4,13,17
2007,9,4,13
2007,8,7,15
2007,4,11,15
2007,7,3,10
2007,9,5,14
2007,8,5,13
2007,8,0,8
2007,4,2,6
2007,9,7,16
2007,9,1,10
2007,9,10,19
2007,6,10,16
2007,6,5,11
2007,4,3,7
2007,6,4,10
2007,7,6,13
2007,3,1,4
2007,8,5,13
2007,6,11,17
2007,3,0,3
2007,7,6,13
2007,9,4,13
2007,7,4,11
2007,2,0,2
2007,7,3,10
2007,9,6,15
2007,5,2,7
2007,5,1,6
2007,4,12,16
2007,3,2,5
2007,3,11,14
2007,4,12,16
2007,2,16,18
2007,8,5,13
2007,5,4,9
2007,10,0,10
2007,4,3,7
2007,6,4,10
2007,4,10,14
2007,9,5,14
2007,3,0,3
2007,6,4,10
2007,8,0,8
2007,4,2,6
2007,3,1,4
2007,9,10,19
2007,5,2,7
2007,5,2,7
2007,6,0,6
2007,4,2,6
2007,7,2,9
2007,5,3,8
2007,8,3,11
2007,6,3,9
2007,7,4,11
2007,2,0,2
2007,6,0,6
2007,6,1,7
2007,6,4,10
2007,5,4,9
2007,11,10,21
2007,6,4,10
2007,3,2,5
2007,4,0,4
2007,11,1,12
2007,3,2,5
2007,4,3,7
2007,6,5,11
2007,4,3,7
2007,13,0,13
2007,3,2,5
2007,4,2,6
2007,7,3,10
2007,5,1,6
2007,5,3,8
2007,4,10,14
2007,3,2,5
2007,3,13,16
2007,8,4,12
2007,4,3,7
2007,3,0,3
2007,4,2,6
2007,2,11,13
2007,6,11,17
2007,8,1,9
2007,3,2,5
2007,6,1,7
2007,6,5,11
2007,4,2,6
2007,8,5,13
2007,9,8,17
2007,3,1,4
2007,4,0,4
2007,4,2,6
2007,8,4,12
2007,3,12,15
2007,5,10,15
2007,6,3,9
2007,2,1,3
2007,5,1,6
2007,2,1,3
2007,9,1,10
2007,8,4,12
2007,6,4,10
2007,5,1,6
2007,3,2,5
2007,3,10,13
2007,6,13,19
2007,4,1,5
2007,4,2,6
2007,6,4,10
2007,7,3,10
2007,7,1,8
2007,2,12,14
2007,2,11,13
2007,13,1,14
2007,2,1,3
2007,5,10,15
2007,4,3,7
2008,6,5,11
2008,5,1,6
2008,3,2,5
2008,12,11,23
2008,6,2,8
2008,4,3,7
2008,4,2,6
2008,8,10,18
2008,5,4,9
2008,7,2,9
2008,5,0,5
2008,3,2,5
2008,6,11,17
2008,4,0,4
2008,5,2,7
2008,5,4,9
2008,3,2,5
2008,9,1,10
2008,3,2,5
2008,2,1,3
2008,2,1,3
2008,5,4,9
2008,2,1,3
2008,2,10,12
2008,9,6,15
2008,8,2,10
2008,6,5,11
2008,7,2,9
2008,4,0,4
2008,13,0,13
2008,2,1,3
2008,1,0,1
2008,5,2,7
2008,5,0,5
2008,1,0,1
2008,9,6,15
2008,4,1,5
2008,8,3,11
2008,4,3,7
2008,6,3,9
2008,3,2,5
2008,2,1,3
2008,4,1,5
2008,5,4,9
2008,3,2,5
2008,8,7,15
2008,3,2,5
2008,3,0,3
2008,6,11,17
2008,7,4,11
2008,4,3,7
2008,8,4,12
2008,8,1,9
2008,8,5,13
2008,5,4,9
2008,4,13,17
2008,4,3,7
2008,4,13,17
2008,6,3,9
2008,7,1,8
2008,5,4,9
2008,6,3,9
2008,2,1,3
2008,5,11,16
2008,6,4,10
2008,9,7,16
2008,4,3,7
2008,7,2,9
2008,5,3,8
2008,7,3,10
2008,5,4,9
2008,6,4,10
2008,6,3,9
2008,6,1,7
2008,4,1,5
2008,5,4,9
2008,2,10,12
2008,4,10,14
2008,3,1,4
2008,3,2,5
2008,3,2,5
2008,8,2,10
2008,5,2,7
2008,2,13,15
2008,9,2,11
2008,7,0,7
2008,3,1,4
2008,2,0,2
2008,2,1,3
2008,3,2,5
2008,3,0,3
2008,7,4,11
2008,6,4,10
2008,9,3,12
2008,5,4,9
2008,7,4,11
2008,5,3,8
2008,2,1,3
2008,5,3,8
2008,6,1,7
2008,8,10,18
2008,8,4,12
2008,7,10,17
2008,4,3,7
2008,5,10,15
2008,5,0,5
2008,4,3,7
2008,5,3,8
2008,5,2,7
2008,3,2,5
2008,5,2,7
2008,3,2,5
2008,6,5,11
2008,8,1,9
2008,9,8,17
2008,9,5,14
2008,4,3,7
2008,7,2,9
2008,5,12,17
2008,6,12,18
2008,6,4,10
2008,4,0,4
2008,4,12,16
2008,8,2,10
2008,6,4,10
2008,1,0,1
2008,7,1,8
2008,6,3,9
2008,4,10,14
2008,6,12,18
2008,6,1,7
2008,4,1,5
2008,4,3,7
2008,7,3,10
2008,5,1,6
2008,7,0,7
2008,3,1,4
2008,5,4,9
2008,3,2,5
2008,4,3,7
2008,8,2,10
2008,4,1,5
2008,5,2,7
2008,9,7,16
2008,6,10,16
2008,5,0,5
2008,7,5,12
2008,4,2,6
2008,5,3,8
2008,1,0,1
2008,8,5,13
2008,8,2,10
2008,5,10,15
2008,8,5,13
2008,3,0,3
2008,3,10,13
2008,4,3,7
2008,7,0,7
2008,7,3,10
2008,5,0,5
2008,2,0,2
2008,11,1,12
2008,5,3,8
2008,7,1,8
2008,4,3,7
2008,8,3,11
2008,8,7,15
2008,3,2,5
2008,4,1,5
2008,2,10,12
2008,5,13,18
2008,8,5,13
2008,11,0,11
2008,7,1,8
2008,5,1,6
2008,5,1,6
2008,1,0,1
2008,9,7,16
2008,6,5,11
2008,9,1,10
2008,5,10,15
2008,7,4,11
2008,6,2,8
2008,5,4,9
2008,5,4,9
2008,4,3,7
2008,2,1,3
2008,6,4,10
2008,9,11,20
2008,6,4,10
2008,5,1,6
2008,5,4,9
2008,8,7,15
2008,7,4,11
2008,3,11,14
2008,4,1,5
2008,9,5,14
2008,5,3,8
2008,6,5,11
2008,4,0,4
2008,2,11,13
2008,6,0,6
2008,4,3,7
2008,6,0,6
2008,6,11,17
2008,8,2,10
2008,6,1,7
2008,5,3,8
2008,7,4,11
2008,3,2,5
2008,3,1,4
2008,3,12,15
2008,2,13,15
2008,6,5,11
2008,8,1,9
2008,6,5,11
2008,9,15,24
2008,5,2,7
2008,4,2,6
2008,2,1,3
2008,2,10,12
2008,4,1,5
2008,5,4,9
2008,7,5,12
2008,5,3,8
2008,6,5,11
2008,9,2,11
2008,11,1,12
2008,8,0,8
2008,7,3,10
2008,7,5,12
2008,3,2,5
2008,8,1,9
2008,2,10,12
2008,2,1,3
2008,5,3,8
2008,4,1,5
2008,5,4,9
2008,9,0,9
2008,6,1,7
2008,8,2,10
2008,3,11,14
2008,3,2,5
2008,5,2,7
2008,6,4,10
2008,5,11,16
2008,4,0,4
2008,2,13,15
2008,6,4,10
2008,11,1,12
2008,9,2,11
2008,8,4,12
2008,4,1,5
2008,3,10,13
2008,4,1,5
2008,6,0,6
2008,5,3,8
2008,13,1,14
2008,5,3,8
2008,6,5,11
2008,3,2,5
2008,3,0,3
2008,6,5,11
2008,4,2,6
2008,3,0,3
2008,5,0,5
2008,3,2,5
2008,4,2,6
2008,9,4,13
2008,6,1,7
2008,7,1,8
2008,6,5,11
2008,6,13,19
2008,4,3,7
2008,6,1,7
2008,6,4,10
2008,2,1,3
2008,7,1,8
2008,5,4,9
2008,8,2,10
2008,6,0,6
2008,5,3,8
2008,4,2,6
2008,7,3,10
2008,8,3,11
2008,7,1,8
2008,9,3,12
2008,9,5,14
2008,3,10,13
2008,4,3,7
2008,4,10,14
2008,5,1,6
2008,5,4,9
2008,6,0,6
2008,7,6,13
2008,9,5,14
2008,8,1,9
2008,8,1,9
2008,8,6,14
2008,2,10,12
2008,7,11,18
2008,15,1,16
2008,9,8,17
2008,5,4,9
2008,3,2,5
2008,4,2,6
2008,6,4,10
2008,7,2,9
2008,6,4,10
2008,6,4,10
2008,9,3,12
2008,7,6,13
2008,6,19,25
2008,8,3,11
2008,5,4,9
2008,3,0,3
2008,7,4,11
2008,3,2,5
2008,3,2,5
2008,5,3,8
2008,7,2,9
2008,7,4,11
2008,7,5,12
2008,7,6,13
2008,5,3,8
2008,4,2,6
2008,8,2,10
2008,9,6,15
2008,2,0,2
2008,6,4,10
2008,3,1,4
2008,2,11,13
2008,6,2,8
2008,1,0,1
2008,8,7,15
2008,5,3,8
2008,5,10,15
2008,6,4,10
2008,4,3,7
2008,8,4,12
2008,8,7,15
2008,3,0,3
2008,6,3,9
2008,6,5,11
2008,5,1,6
2008,4,3,7
2008,3,1,4
2008,3,2,5
2008,5,4,9
2008,6,5,11
2008,5,3,8
2008,5,1,6
2008,6,5,11
2008,4,3,7
2008,6,4,10
2008,2,1,3
2008,3,11,14
2008,4,3,7
2008,4,3,7
2008,8,4,12
2008,8,7,15
2008,5,3,8
2008,9,10,19
2008,4,3,7
2008,2,1,3
2008,6,12,18
2008,7,0,7
2008,6,1,7
2008,1,0,1
2008,6,2,8
2008,5,2,7
2008,3,2,5
2008,3,2,5
2008,6,3,9
2008,5,1,6
2008,2,1,3
2008,4,2,6
2008,10,1,11
2008,5,1,6
2008,3,0,3
2008,10,0,10
2008,2,0,2
2008,2,14,16
2008,5,3,8
2008,4,3,7
2008,5,2,7
2008,4,0,4
2008,4,3,7
2008,2,0,2
2008,6,4,10
2008,7,4,11
2008,1,0,1
2008,7,10,17
2008,7,2,9
2008,7,6,13
2008,3,1,4
2008,6,4,10
2008,5,4,9
2008,7,4,11
2008,3,2,5
2008,7,2,9
2008,9,5,14
2008,6,3,9
2008,6,1,7
2008,8,7,15
2008,8,1,9
2008,2,1,3
2008,5,19,24
2008,8,3,11
2008,13,1,14
2008,4,3,7
2008,6,2,8
2008,13,1,14
2008,4,2,6
2008,3,2,5
2008,5,2,7
2008,9,11,20
2008,3,2,5
2008,8,15,23
2008,4,2,6
2008,3,0,3
2008,4,3,7
2008,3,2,5
2008,5,3,8
2008,8,4,12
2008,3,2,5
2008,2,1,3
2008,3,2,5
2008,4,3,7
2008,7,2,9
2008,2,0,2
2008,7,3,10
2008,6,11,17
2008,6,4,10
2008,7,4,11
2008,11,1,12
2008,5,1,6
2008,4,3,7
2008,6,5,11
2008,5,3,8
2008,2,0,2
2008,4,11,15
2008,3,1,4
2008,4,10,14
2008,9,1,10
2008,4,12,16
2008,4,2,6
2008,7,12,19
2008,7,2,9
2008,6,2,8
2008,4,1,5
2008,6,1,7
2008,6,3,9
2008,3,2,5
2008,9,3,12
2008,5,2,7
2008,9,8,17
2008,6,5,11
2008,5,2,7
2008,7,14,21
2008,7,3,10
2008,2,0,2
2008,7,2,9
2008,3,10,13
2008,8,6,14
2008,7,6,13
2008,8,2,10
2008,3,1,4
2008,6,5,11
2008,5,3,8
2008,4,3,7
2008,5,2,7
2008,4,11,15
2008,5,3,8
2008,6,5,11
2008,6,3,9
2008,4,0,4
2008,5,1,6
2008,2,1,3
2008,7,3,10
2008,1,0,1
2008,6,4,10
2008,5,3,8
2008,7,1,8
2008,3,0,3
2008,6,5,11
2008,5,0,5
2008,3,0,3
2008,6,5,11
2008,5,3,8
2008,5,4,9
2008,5,3,8
2008,4,2,6
2008,6,12,18
2008,10,1,11
2008,5,4,9
2008,5,4,9
2008,5,2,7
2008,13,1,14
2008,9,0,9
2008,4,3,7
2008,9,10,19
2008,6,2,8
2008,4,3,7
2008,9,4,13
2008,12,1,13
2008,3,0,3
2008,6,5,11
2008,3,1,4
2008,2,0,2
2008,6,2,8
2008,8,3,11
2008,5,4,9
2008,6,2,8
2008,9,3,12
2008,5,1,6
2008,7,2,9
2008,8,3,11
2008,4,1,5
2008,6,3,9
2008,5,4,9
2008,5,0,5
2008,8,3,11
2008,3,1,4
2008,6,1,7
2008,6,5,11
2008,7,4,11
2008,7,1,8
2008,4,3,7
2008,7,6,13
2008,3,2,5
2008,4,2,6
2008,4,2,6
2008,7,4,11
2008,2,0,2
2008,4,0,4
2008,7,3,10
2008,7,2,9
2008,12,0,12
2008,5,2,7
2008,6,5,11
2008,5,0,5
2008,5,3,8
2008,5,2,7
2008,6,12,18
2008,7,1,8
2008,5,2,7
2008,3,2,5
2008,8,4,12
2008,8,2,10
2008,2,0,2
2008,6,4,10
2008,11,0,11
2008,6,4,10
2008,4,0,4
2008,8,5,13
2008,5,3,8
2008,9,8,17
2008,8,3,11
2008,6,1,7
2008,6,3,9
2008,4,3,7
2008,8,5,13
2008,6,12,18
2008,5,4,9
2008,7,10,17
2008,3,12,15
2008,8,7,15
2008,3,0,3
2008,3,0,3
2008,8,3,11
2008,7,3,10
2008,4,10,14
2008,5,0,5
2008,8,1,9
2008,7,3,10
2008,7,1,8
2008,13,12,25
2008,2,0,2
2008,8,4,12
2008,5,4,9
2008,4,3,7
2008,5,3,8
2008,4,0,4
2008,3,2,5
2008,5,3,8
2008,5,3,8
2008,6,3,9
2008,5,4,9
2008,4,2,6
2008,8,4,12
2008,2,1,3
2008,5,2,7
2008,6,1,7
2008,4,3,7
2008,6,3,9
2008,8,5,13
2008,7,6,13
2008,2,0,2
2008,2,0,2
2008,6,4,10
2008,6,5,11
2008,5,3,8
2008,8,6,14
2008,6,3,9
2008,5,1,6
2008,2,1,3
2008,4,3,7
2008,4,3,7
2008,8,5,13
2008,4,0,4
2008,4,2,6
2008,8,4,12
2008,7,2,9
2008,3,2,5
2008,1,0,1
2008,5,0,5
2008,8,7,15
2008,5,11,16
2008,5,2,7
2008,4,2,6
2008,4,3,7
2008,3,2,5
2008,5,3,8
2008,7,4,11
2008,4,3,7
2008,4,2,6
2008,7,6,13
2008,3,10,13
2008,6,4,10
2008,2,0,2
2008,3,1,4
2008,8,16,24
2008,6,3,9
2008,3,2,5
2008,5,4,9
2008,6,5,11
2008,5,3,8
2008,7,6,13
2008,7,6,13
2008,4,2,6
2008,3,2,5
2008,7,3,10
2008,7,4,11
2008,6,3,9
2008,4,2,6
2008,3,1,4
2008,9,8,17
2008,6,2,8
2008,2,10,12
2008,4,0,4
2008,5,2,7
2008,2,1,3
2008,7,11,18
2008,4,3,7
2008,6,4,10
2008,6,2,8
2008,9,3,12
2008,2,11,13
2008,6,5,11
2008,3,2,5
2008,8,13,21
2008,5,4,9
2008,5,4,9
2008,7,0,7
2008,4,3,7
2008,7,2,9
2008,6,5,11
2008,7,6,13
2008,7,6,13
2008,8,2,10
2008,4,0,4
2008,6,1,7
2008,6,2,8
2008,2,1,3
2008,4,1,5
2008,6,5,11
2008,8,12,20
2008,3,2,5
2008,4,2,6
2008,4,1,5
2008,4,11,15
2008,2,12,14
2008,3,2,5
2008,7,2,9
2008,3,2,5
2008,3,1,4
2008,1,0,1
2008,4,11,15
2008,6,3,9
2008,7,2,9
2008,3,2,5
2008,9,4,13
2008,3,1,4
2008,5,3,8
2008,5,2,7
2008,10,1,11
2008,8,0,8
2008,9,1,10
2008,4,1,5
2008,3,11,14
2008,4,3,7
2008,2,12,14
2008,4,2,6
2008,8,11,19
2008,3,1,4
2008,9,2,11
2008,4,0,4
2008,7,5,12
2008,8,7,15
2008,2,1,3
2008,8,4,12
2008,8,2,10
2008,4,3,7
2008,11,1,12
2008,3,1,4
2008,9,13,22
2008,6,5,11
2008,9,4,13
2008,8,2,10
2008,4,3,7
2008,2,1,3
2008,2,13,15
2008,8,3,11
2008,3,12,15
2008,3,2,5
2008,2,0,2
2008,7,1,8
2008,5,1,6
2008,3,1,4
2008,2,0,2
2008,5,2,7
2008,9,2,11
2008,3,19,22
2008,4,3,7
2008,4,0,4
2008,6,12,18
2008,3,0,3
2008,5,4,9
2008,7,2,9
2008,4,11,15
2008,6,0,6
2008,5,2,7
2008,9,3,12
2008,3,2,5
2008,2,1,3
2008,4,1,5
2008,6,1,7
2008,8,6,14
2008,5,4,9
2008,6,15,21
2008,4,3,7
2008,6,5,11
2008,6,3,9
2008,6,5,11
2008,9,12,21
2008,5,4,9
2008,3,1,4
2008,7,6,13
2008,1,0,1
2008,7,3,10
2008,6,1,7
2008,3,1,4
2008,6,3,9
2008,7,3,10
2008,5,20,25
2008,5,3,8
2008,7,3,10
2008,7,2,9
2008,4,3,7
2008,3,2,5
2008,6,3,9
2008,9,10,19
2008,3,1,4
2008,9,6,15
2008,8,2,10
2008,4,3,7
2008,3,2,5
2008,5,3,8
2008,3,1,4
2008,7,4,11
2008,4,2,6
2008,4,3,7
2008,8,2,10
2008,6,12,18
2008,6,2,8
2008,3,11,14
2008,4,2,6
2008,2,1,3
2008,9,1,10
2008,6,5,11
2008,9,8,17
2008,1,0,1
2008,7,6,13
2008,2,1,3
2008,6,1,7
2008,6,4,10
2008,1,0,1
2008,6,1,7
2008,5,3,8
2008,4,3,7
2008,8,4,12
2008,7,2,9
2008,5,1,6
2008,8,1,9
2008,8,4,12
2008,12,0,12
2008,5,2,7
2008,3,2,5
2008,5,1,6
2008,4,10,14
2008,7,4,11
2008,5,2,7
2008,9,10,19
2008,3,2,5
2008,5,4,9
2008,5,1,6
2008,6,5,11
2008,9,5,14
2008,3,12,15
2008,7,4,11
2008,7,3,10
2008,5,4,9
2008,2,1,3
2008,3,1,4
2008,3,2,5
2008,4,0,4
2008,6,3,9
2008,5,4,9
2008,8,7,15
2008,4,2,6
2008,4,1,5
2008,7,6,13
2008,3,2,5
2008,7,3,10
2008,5,0,5
2008,5,1,6
2008,4,14,18
2008,2,0,2
2008,8,4,12
2008,4,3,7
2008,5,0,5
2008,9,4,13
2008,5,3,8
2008,6,2,8
2008,6,1,7
2008,10,1,11
2008,5,1,6
2008,6,1,7
2008,7,5,12
2008,7,5,12
2008,4,3,7
2008,7,4,11
2008,4,3,7
2008,8,13,21
2008,7,5,12
2008,6,3,9
2008,8,2,10
2008,4,3,7
2008,6,5,11
2008,3,2,5
2008,5,4,9
2008,7,6,13
2008,4,2,6
2008,2,10,12
2008,5,4,9
2008,9,13,22
2008,5,4,9
2008,7,4,11
2008,9,5,14
2008,3,0,3
2008,7,1,8
2008,5,3,8
2008,9,3,12
2008,5,4,9
2008,3,2,5
2008,2,0,2
2008,9,6,15
2008,5,4,9
2008,9,6,15
2008,7,12,19
2008,6,1,7
2008,6,4,10
2008,5,1,6
2008,6,4,10
2008,2,1,3
2008,10,1,11
2008,7,5,12
2008,5,1,6
2008,2,10,12
2008,2,0,2
2008,5,2,7
2008,2,1,3
2008,5,4,9
2008,5,3,8
2008,9,15,24
2008,7,5,12
2008,7,1,8
2008,6,2,8
2008,5,4,9
2008,3,2,5
2008,9,8,17
2008,5,0,5
2008,4,3,7
2008,2,1,3
2008,9,4,13
2008,4,1,5
2008,9,10,19
2008,4,3,7
2008,8,0,8
2008,6,10,16
2008,6,4,10
2008,4,2,6
2008,3,11,14
2008,6,1,7
2008,3,0,3
2008,2,1,3
2008,3,1,4
2008,3,1,4
2008,2,1,3
2008,4,12,16
2008,6,5,11
2008,10,1,11
2008,6,2,8
2008,3,11,14
2008,2,11,13
2008,7,2,9
2008,8,4,12
2008,8,7,15
2008,8,4,12
2008,7,3,10
2008,12,11,23
2008,5,3,8
2008,4,3,7
2008,2,1,3
2008,5,4,9
2008,9,5,14
2008,6,0,6
2008,6,3,9
2008,2,1,3
2008,2,12,14
2008,3,2,5
2008,5,2,7
2008,9,2,11
2008,5,4,9
2008,3,1,4
2008,6,3,9
2008,7,3,10
2008,6,4,10
2008,8,6,14
2008,6,3,9
2008,5,4,9
2008,6,3,9
2008,4,13,17
2008,7,5,12
2008,8,2,10
2008,9,4,13
2008,3,2,5
2008,5,3,8
2008,3,2,5
2008,3,2,5
2008,6,1,7
2008,6,10,16
2008,5,10,15
2008,7,2,9
2008,1,0,1
2008,5,10,15
2008,6,4,10
2008,5,4,9
2008,6,1,7
2008,6,5,11
2008,9,5,14
2008,3,1,4
2008,7,6,13
2008,7,2,9
2008,3,1,4
2008,4,2,6
2008,6,3,9
2008,7,2,9
2008,10,0,10
2008,8,5,13
2008,1,0,1
2008,5,1,6
2008,6,2,8
2008,6,10,16
2008,5,11,16
2008,5,3,8
2008,8,4,12
2008,3,1,4
2008,4,1,5
2008,2,1,3
2008,9,2,11
2008,3,2,5
2008,6,2,8
2008,2,12,14
2008,7,10,17
2008,2,1,3
2008,3,0,3
2008,9,6,15
2008,6,5,11
2008,5,4,9
2008,4,1,5
2008,7,5,12
2008,9,0,9
2008,5,2,7
2008,1,0,1
2008,9,6,15
2008,5,4,9
2008,3,1,4
2008,9,5,14
2008,5,0,5
2008,2,1,3
2008,2,10,12
2008,7,1,8
2008,7,6,13
2008,5,1,6
2008,20,2,22
2008,7,3,10
2008,3,2,5
2008,9,4,13
2008,3,12,15
2008,8,7,15
2008,2,0,2
2008,6,4,10
2008,8,3,11
2008,7,12,19
2008,8,4,12
2008,9,4,13
2008,5,2,7
2008,4,0,4
2008,3,2,5
2008,4,1,5
2008,6,2,8
2008,2,0,2
2008,8,3,11
2008,5,4,9
2008,5,3,8
2008,9,0,9
2008,7,3,10
2008,5,4,9
2008,13,0,13
2008,4,2,6
2008,8,7,15
2008,4,2,6
2008,6,2,8
2008,5,3,8
2008,7,6,13
2008,9,3,12
2008,7,4,11
2008,9,6,15
2008,7,1,8
2008,8,2,10
2008,6,1,7
2008,8,6,14
2008,6,1,7
2008,15,1,16
2008,6,5,11
2008,5,16,21
2008,3,1,4
2008,2,10,12
2008,7,0,7
2008,2,1,3
2008,8,0,8
2008,3,0,3
2008,5,4,9
2008,5,1,6
2008,2,1,3
2008,3,2,5
2008,7,5,12
2008,5,4,9
2008,11,1,12
2008,2,1,3
2008,8,2,10
2008,6,1,7
2008,4,2,6
2008,5,4,9
2008,2,11,13
2008,8,5,13
2008,7,4,11
2008,8,3,11
2008,7,2,9
2008,3,2,5
2008,5,4,9
2008,5,2,7
2008,2,1,3
2008,7,5,12
2008,8,13,21
2008,7,4,11
2008,6,3,9
2008,8,7,15
2008,9,3,12
2008,2,1,3
2008,4,1,5
2008,8,3,11
2008,5,4,9
2008,2,10,12
2008,5,4,9
2008,4,3,7
2008,7,2,9
2008,9,4,13
2008,6,4,10
2008,8,5,13
2008,7,2,9
2008,4,2,6
2008,7,6,13
2008,7,1,8
2008,1,0,1
2008,6,2,8
2008,4,3,7
2008,4,3,7
2008,5,4,9
2008,9,3,12
2008,7,11,18
2008,7,1,8
2008,5,3,8
2008,7,2,9
2008,3,2,5
2008,6,1,7
2008,6,0,6
2008,6,4,10
2008,6,2,8
2008,6,3,9
2008,7,5,12
2008,4,3,7
2008,3,13,16
2008,8,3,11
2008,5,3,8
2008,7,1,8
2008,3,1,4
2008,11,10,21
2008,4,3,7
2008,7,3,10
2008,5,3,8
2008,4,1,5
2008,7,1,8
2008,3,2,5
2008,8,5,13
2008,5,3,8
2008,3,2,5
2008,5,3,8
2008,4,1,5
2008,2,1,3
2008,8,4,12
2008,5,2,7
2008,3,2,5
2008,4,3,7
2008,5,4,9
2008,7,5,12
2008,3,2,5
2008,8,4,12
2008,6,4,10
2008,4,3,7
2008,7,3,10
2008,6,1,7
2008,11,0,11
2008,5,2,7
2008,5,12,17
2008,3,1,4
2008,14,1,15
2008,8,3,11
2008,4,2,6
2008,5,0,5
2008,7,4,11
2008,4,1,5
2008,8,7,15
2008,3,15,18
2008,3,2,5
2008,4,2,6
2008,5,0,5
2008,8,2,10
2008,4,0,4
2008,10,0,10
2008,9,3,12
2008,6,5,11
2008,5,4,9
2008,4,11,15
2008,4,1,5
2008,3,2,5
2008,6,1,7
2008,7,2,9
2008,2,0,2
2008,5,0,5
2008,4,3,7
2008,7,1,8
2008,3,10,13
2008,6,0,6
2008,7,1,8
2008,3,1,4
2008,6,1,7
2008,7,2,9
2008,6,0,6
2008,7,6,13
2008,6,15,21
2008,9,0,9
2008,4,1,5
2008,5,10,15
2008,5,2,7
2008,8,7,15
2008,4,0,4
2008,4,2,6
2008,6,5,11
2008,5,0,5
2008,7,6,13
2008,6,2,8
2008,11,10,21
2008,5,1,6
2008,1,0,1
2008,5,1,6
2008,3,2,5
2008,1,0,1
2008,4,3,7
2008,4,2,6
2008,8,6,14
2008,9,5,14
2008,9,1,10
2008,5,1,6
2008,9,5,14
2008,4,3,7
2008,4,3,7
2008,3,2,5
2008,9,6,15
2008,1,0,1
2008,5,0,5
2008,3,1,4
2008,11,1,12
2008,4,3,7
2008,9,2,11
2008,5,1,6
2008,1,0,1
2008,3,2,5
2008,6,1,7
2008,6,3,9
2008,6,5,11
2008,9,7,16
2008,4,3,7
2008,8,15,23
2008,6,5,11
2008,4,1,5
2008,5,4,9
2008,2,1,3
2008,2,0,2
2008,9,2,11
2008,7,1,8
2008,5,4,9
2008,5,3,8
2008,8,6,14
2008,8,3,11
2008,7,5,12
2008,3,2,5
2008,6,5,11
2008,4,0,4
2008,9,6,15
2008,7,6,13
2008,6,4,10
2008,3,2,5
2008,7,6,13
2008,2,1,3
2008,7,4,11
2008,3,1,4
2008,7,4,11
2008,4,3,7
2008,7,3,10
2008,5,2,7
2008,6,5,11
2008,9,5,14
2008,8,1,9
2008,4,2,6
2008,4,1,5
2008,7,0,7
2008,7,18,25
2008,4,2,6
2008,6,5,11
2008,8,7,15
2008,7,6,13
2008,6,5,11
2008,4,1,5
2008,7,10,17
2008,3,2,5
2008,5,3,8
2008,6,5,11
2008,5,2,7
2008,7,0,7
2008,8,4,12
2008,8,3,11
2008,11,1,12
2008,8,2,10
2008,5,1,6
2008,6,2,8
2008,4,10,14
2008,7,1,8
2008,3,0,3
2008,18,17,35
2008,9,1,10
2008,3,12,15
2008,6,4,10
2008,3,2,5
2008,4,1,5
2008,7,10,17
2008,2,1,3
2008,2,11,13
2008,7,5,12
2008,4,2,6
2008,6,1,7
2008,5,3,8
2008,6,1,7
2008,3,2,5
2008,6,12,18
2008,2,1,3
2008,9,6,15
2008,2,1,3
2008,9,4,13
2008,3,2,5
2008,5,2,7
2008,5,4,9
2008,3,0,3
2008,7,1,8
2008,3,2,5
2008,7,6,13
2008,11,10,21
2008,4,3,7
2008,6,5,11
2008,5,10,15
2008,6,11,17
2008,4,3,7
2008,5,4,9
2008,4,2,6
2008,2,1,3
2008,5,3,8
2008,7,1,8
2008,9,2,11
2008,1,0,1
2008,3,0,3
2008,4,3,7
2008,4,3,7
2008,9,10,19
2008,7,10,17
2008,3,1,4
2008,7,4,11
2008,9,6,15
2008,6,5,11
2008,7,3,10
2008,9,2,11
2008,8,7,15
2008,9,3,12
2008,7,3,10
2008,5,0,5
2008,7,0,7
2008,2,0,2
2008,2,0,2
2008,4,3,7
2008,10,1,11
2008,3,2,5
2008,7,6,13
2008,2,0,2
2008,5,18,23
2008,5,1,6
2008,8,6,14
2008,7,6,13
2008,2,1,3
2008,8,3,11
2008,2,1,3
2008,5,0,5
2008,6,4,10
2008,4,2,6
2008,6,4,10
2008,5,2,7
2008,5,4,9
2008,9,8,17
2008,5,0,5
2008,7,12,19
2008,2,13,15
2008,7,6,13
2008,4,1,5
2008,5,4,9
2008,11,1,12
2008,7,3,10
2008,3,2,5
2008,4,1,5
2008,4,2,6
2008,11,10,21
2008,6,5,11
2008,7,5,12
2008,7,3,10
2008,3,1,4
2008,5,0,5
2008,3,2,5
2008,3,1,4
2008,3,1,4
2008,6,5,11
2008,2,1,3
2008,9,2,11
2008,6,5,11
2008,6,0,6
2008,4,0,4
2008,7,2,9
2008,5,0,5
2008,10,0,10
2008,12,1,13
2008,8,7,15
2008,8,4,12
2008,6,5,11
2008,5,4,9
2008,5,3,8
2008,8,2,10
2008,3,0,3
2008,4,1,5
2008,4,10,14
2008,12,11,23
2008,4,1,5
2008,9,7,16
2008,9,4,13
2008,6,4,10
2008,2,1,3
2008,4,2,6
2008,5,2,7
2008,4,2,6
2008,4,3,7
2008,9,1,10
2008,3,2,5
2008,7,0,7
2008,4,3,7
2008,6,3,9
2008,6,11,17
2008,3,12,15
2008,12,11,23
2008,4,1,5
2008,5,0,5
2008,6,5,11
2008,8,10,18
2008,5,3,8
2008,4,3,7
2008,3,11,14
2008,8,7,15
2008,7,6,13
2008,7,4,11
2008,9,5,14
2008,5,2,7
2008,5,2,7
2008,4,2,6
2008,2,1,3
2008,6,0,6
2008,7,1,8
2008,8,2,10
2008,9,1,10
2008,7,11,18
2008,2,1,3
2008,4,2,6
2008,3,2,5
2008,8,2,10
2008,11,10,21
2008,9,1,10
2008,7,2,9
2008,7,1,8
2008,9,5,14
2008,4,1,5
2008,2,14,16
2008,4,3,7
2008,9,6,15
2008,8,5,13
2008,6,5,11
2008,6,4,10
2008,5,3,8
2008,6,5,11
2008,6,15,21
2008,5,1,6
2008,8,7,15
2008,7,5,12
2008,3,11,14
2008,3,2,5
2008,9,0,9
2008,1,0,1
2008,2,1,3
2008,6,2,8
2008,7,4,11
2008,9,5,14
2008,9,4,13
2008,5,2,7
2008,2,0,2
2008,8,3,11
2008,6,1,7
2008,6,4,10
2008,16,10,26
2008,4,0,4
2008,9,3,12
2008,4,19,23
2008,4,12,16
2008,4,0,4
2008,6,3,9
2008,4,0,4
2008,3,2,5
2008,9,2,11
2008,8,10,18
2008,2,10,12
2008,4,3,7
2008,10,1,11
2008,4,0,4
2008,8,2,10
2008,7,1,8
2008,8,2,10
2008,8,6,14
2008,4,2,6
2008,6,3,9
2008,4,3,7
2008,8,1,9
2008,14,11,25
2008,6,10,16
2008,5,1,6
2008,8,10,18
2008,9,5,14
2008,5,3,8
2008,9,4,13
2008,8,7,15
2008,7,1,8
2008,5,1,6
2008,6,3,9
2008,6,3,9
2008,6,4,10
2008,3,0,3
2008,4,3,7
2008,7,1,8
2008,6,3,9
2008,4,2,6
2008,3,1,4
2008,9,1,10
2008,1,0,1
2008,4,3,7
2008,6,5,11
2008,1,0,1
2008,3,2,5
2008,7,2,9
2008,5,4,9
2008,6,5,11
2008,5,3,8
2008,3,2,5
2008,3,1,4
2008,7,2,9
2008,6,14,20
2008,8,2,10
2008,6,5,11
2008,2,10,12
2008,5,4,9
2008,6,11,17
2008,3,10,13
2008,3,2,5
2008,5,1,6
2008,4,11,15
2008,7,6,13
2008,5,3,8
2008,6,0,6
2008,6,4,10
2008,8,10,18
2008,9,4,13
2008,9,10,19
2008,9,6,15
2008,5,3,8
2008,8,3,11
2008,5,2,7
2008,9,2,11
2008,9,6,15
2008,11,0,11
2008,4,2,6
2008,6,4,10
2008,6,1,7
2008,2,0,2
2008,6,11,17
2008,9,1,10
2008,6,5,11
2008,12,10,22
2008,3,1,4
2008,7,2,9
2008,5,1,6
2008,3,12,15
2008,7,5,12
2008,5,0,5
2008,7,3,10
2008,5,4,9
2008,7,6,13
2008,6,4,10
2008,7,0,7
2008,4,13,17
2008,4,2,6
2008,8,4,12
2008,8,5,13
2008,7,5,12
2008,3,1,4
2008,8,3,11
2008,6,2,8
2008,8,5,13
2008,4,1,5
2008,6,2,8
2008,2,0,2
2008,7,1,8
2008,6,5,11
2008,7,6,13
2008,5,2,7
2008,6,4,10
2008,3,0,3
2008,11,10,21
2008,3,0,3
2008,2,1,3
2008,7,2,9
2008,9,2,11
2008,14,12,26
2008,7,5,12
2008,9,5,14
2008,4,0,4
2008,7,2,9
2008,8,3,11
2008,3,13,16
2008,4,3,7
2008,7,4,11
2008,7,3,10
2008,4,3,7
2008,3,2,5
2008,8,5,13
2008,9,4,13
2008,9,4,13
2008,2,12,14
2008,2,1,3
2008,4,11,15
2008,6,10,16
2008,6,12,18
2008,8,5,13
2008,8,4,12
2008,9,0,9
2008,2,1,3
2008,3,0,3
2008,5,2,7
2008,7,3,10
2008,4,2,6
2008,2,1,3
2008,4,1,5
2008,1,0,1
2008,3,2,5
2008,5,10,15
2008,6,3,9
2008,5,2,7
2008,9,8,17
2008,5,2,7
2008,4,2,6
2008,2,12,14
2008,5,1,6
2008,5,3,8
2008,5,4,9
2008,9,7,16
2008,4,2,6
2008,5,1,6
2008,8,2,10
2008,2,0,2
2008,3,1,4
2008,2,1,3
2008,9,3,12
2008,6,4,10
2008,6,10,16
2008,5,0,5
2008,5,2,7
2008,8,5,13
2008,3,2,5
2008,4,0,4
2008,3,14,17
2008,9,3,12
2008,6,2,8
2008,9,14,23
2008,4,1,5
2008,8,4,12
2008,5,4,9
2008,6,5,11
2008,8,4,12
2008,4,2,6
2008,6,5,11
2008,7,13,20
2008,2,0,2
2008,6,3,9
2008,9,4,13
2008,4,3,7
2008,6,11,17
2008,4,2,6
2008,5,2,7
2008,9,5,14
2008,6,1,7
2008,3,0,3
2008,3,1,4
2008,8,10,18
2008,7,11,18
2008,8,1,9
2008,8,2,10
2008,8,2,10
2008,6,5,11
2008,8,2,10
2008,8,7,15
2008,4,11,15
2008,6,4,10
2008,8,4,12
2008,8,6,14
2008,4,3,7
2008,9,4,13
2008,2,0,2
2008,5,1,6
2008,4,11,15
2008,6,3,9
2008,8,2,10
2008,4,2,6
2008,5,0,5
2008,7,3,10
2008,3,2,5
2008,9,6,15
2008,7,10,17
2008,5,3,8
2008,5,1,6
2008,6,4,10
2008,8,3,11
2008,7,4,11
2008,6,3,9
2008,6,3,9
2008,5,3,8
2008,3,0,3
2008,2,1,3
2008,4,1,5
2008,3,0,3
2008,6,4,10
2008,5,10,15
2008,6,11,17
2008,9,1,10
2008,5,3,8
2008,3,2,5
2008,9,5,14
2008,6,3,9
2008,4,2,6
2008,4,1,5
2008,5,0,5
2008,3,0,3
2008,2,0,2
2008,5,3,8
2008,6,2,8
2008,5,2,7
2008,4,11,15
2008,4,11,15
2008,9,0,9
2008,6,2,8
2008,3,12,15
2008,3,1,4
2008,8,3,11
2008,2,10,12
2008,7,3,10
2008,6,0,6
2008,8,6,14
2008,4,2,6
2008,8,7,15
2008,3,2,5
2008,4,2,6
2008,4,3,7
2008,6,1,7
2008,7,15,22
2008,6,5,11
2008,6,2,8
2008,4,13,17
2008,7,16,23
2008,6,1,7
2008,5,4,9
2008,5,4,9
2008,8,2,10
2008,6,3,9
2008,3,11,14
2008,5,4,9
2008,4,0,4
2008,5,1,6
2008,8,13,21
2008,7,2,9
2008,4,2,6
2008,3,1,4
2008,8,6,14
2008,7,1,8
2008,4,0,4
2008,7,5,12
2008,7,3,10
2008,19,17,36
2008,9,0,9
2008,7,5,12
2008,4,2,6
2008,6,4,10
2008,4,3,7
2008,4,12,16
2008,4,3,7
2008,9,6,15
2008,2,1,3
2008,5,1,6
2008,5,2,7
2008,4,3,7
2008,7,10,17
2008,2,10,12
2008,8,0,8
2008,8,4,12
2008,4,0,4
2008,6,1,7
2008,6,5,11
2008,4,3,7
2008,6,4,10
2008,6,2,8
2008,7,6,13
2008,4,2,6
2008,3,2,5
2008,5,2,7
2008,7,1,8
2008,12,0,12
2008,7,11,18
2008,10,0,10
2008,9,2,11
2008,6,11,17
2008,6,2,8
2008,5,1,6
2008,3,0,3
2008,7,4,11
2008,3,1,4
2008,7,6,13
2008,3,1,4
2008,3,2,5
2008,9,3,12
2008,5,1,6
2008,5,3,8
2008,3,2,5
2008,2,11,13
2008,6,5,11
2008,2,12,14
2008,5,3,8
2008,9,3,12
2008,4,3,7
2008,6,4,10
2008,2,1,3
2008,1,0,1
2008,7,0,7
2008,4,3,7
2008,5,11,16
2008,4,1,5
2008,9,3,12
2008,4,3,7
2008,5,3,8
2008,2,1,3
2008,5,11,16
2008,4,3,7
2008,7,6,13
2008,3,2,5
2008,2,1,3
2008,7,4,11
2008,8,3,11
2008,3,0,3
2008,6,13,19
2008,3,1,4
2008,4,15,19
2008,7,3,10
2008,4,3,7
2008,8,16,24
2008,9,2,11
2008,3,0,3
2008,7,5,12
2008,8,11,19
2008,6,15,21
2008,13,1,14
2008,4,0,4
2008,2,1,3
2008,7,4,11
2008,7,2,9
2008,5,0,5
2008,6,3,9
2008,5,13,18
2008,9,3,12
2008,3,2,5
2008,5,2,7
2008,6,4,10
2008,8,7,15
2008,7,6,13
2008,7,2,9
2008,5,0,5
2008,5,0,5
2008,9,4,13
2008,8,3,11
2008,5,2,7
2008,2,13,15
2008,7,3,10
2008,5,4,9
2008,6,0,6
2008,4,1,5
2008,4,2,6
2008,3,11,14
2008,2,1,3
2008,8,6,14
2008,6,11,17
2008,3,15,18
2008,2,1,3
2008,8,5,13
2008,4,3,7
2008,5,2,7
2008,3,1,4
2008,6,3,9
2008,4,0,4
2008,6,5,11
2008,2,11,13
2008,5,4,9
2008,9,1,10
2008,5,1,6
2008,2,1,3
2008,4,1,5
2008,3,2,5
2008,3,10,13
2008,3,1,4
2008,5,4,9
2008,4,3,7
2008,2,0,2
2008,4,3,7
2008,3,14,17
2008,9,0,9
2008,5,4,9
2008,9,4,13
2008,9,4,13
2008,5,13,18
2008,8,5,13
2008,4,3,7
2008,4,10,14
2008,3,0,3
2008,8,1,9
2008,7,5,12
2008,5,0,5
2008,3,18,21
2008,7,5,12
2008,8,4,12
2008,7,5,12
2008,7,1,8
2008,5,3,8
2008,5,3,8
2008,9,2,11
2008,7,6,13
2008,4,0,4
2008,6,3,9
2008,8,3,11
2008,9,2,11
2008,5,1,6
2008,4,3,7
2008,8,4,12
2008,8,7,15
2008,11,0,11
2008,5,3,8
2008,5,2,7
2008,8,7,15
2008,6,5,11
2008,6,1,7
2008,4,3,7
2008,7,3,10
2008,4,3,7
2008,6,4,10
2008,5,2,7
2008,8,4,12
2008,7,4,11
2008,6,3,9
2008,4,3,7
2008,6,5,11
2008,2,1,3
2008,4,3,7
2008,4,3,7
2008,9,4,13
2008,9,1,10
2008,5,0,5
2008,3,12,15
2008,4,2,6
2008,4,2,6
2008,4,2,6
2008,5,1,6
2008,9,10,19
2008,8,3,11
2008,4,10,14
2008,2,1,3
2008,2,1,3
2008,7,3,10
2008,8,7,15
2008,9,14,23
2008,9,2,11
2008,3,2,5
2008,7,2,9
2008,12,0,12
2008,6,2,8
2008,2,1,3
2008,6,5,11
2008,4,1,5
2008,3,11,14
2008,9,7,16
2008,4,1,5
2008,3,2,5
2008,3,11,14
2008,6,3,9
2008,2,0,2
2008,5,4,9
2008,6,5,11
2008,4,1,5
2008,5,3,8
2008,1,0,1
2008,5,4,9
2008,7,5,12
2008,4,2,6
2008,6,4,10
2008,3,2,5
2008,3,2,5
2008,3,2,5
2008,3,2,5
2008,2,11,13
2008,3,1,4
2008,9,3,12
2008,8,0,8
2008,3,2,5
2008,7,11,18
2008,3,2,5
2008,6,3,9
2008,5,4,9
2008,3,2,5
2008,2,1,3
2008,2,12,14
2008,3,1,4
2008,9,4,13
2008,3,14,17
2008,7,3,10
2008,4,3,7
2008,6,2,8
2008,8,2,10
2008,5,2,7
2008,7,6,13
2008,4,3,7
2008,3,13,16
2008,4,3,7
2008,8,5,13
2008,7,6,13
2008,3,2,5
2008,3,11,14
2008,9,4,13
2008,9,10,19
2008,9,8,17
2008,4,3,7
2008,8,1,9
2008,4,2,6
2008,5,3,8
2008,9,3,12
2008,6,4,10
2008,4,2,6
2008,6,2,8
2008,3,0,3
2008,6,2,8
2008,4,12,16
2008,7,0,7
2008,2,1,3
2008,4,10,14
2008,8,4,12
2008,8,6,14
2008,7,4,11
2008,3,0,3
2008,5,0,5
2008,4,0,4
2008,9,13,22
2008,4,3,7
2008,5,2,7
2008,4,2,6
2008,6,12,18
2008,7,4,11
2008,8,2,10
2008,2,14,16
2008,9,7,16
2008,3,2,5
2008,9,3,12
2008,6,5,11
2008,5,4,9
2008,16,14,30
2008,5,2,7
2008,8,4,12
2008,6,5,11
2008,7,2,9
2008,6,4,10
2008,7,5,12
2008,4,0,4
2008,4,3,7
2008,5,4,9
2008,4,0,4
2008,6,5,11
2008,4,2,6
2008,9,2,11
2008,9,6,15
2008,5,3,8
2008,6,4,10
2008,9,2,11
2008,8,4,12
2008,1,0,1
2008,5,4,9
2008,9,7,16
2008,2,0,2
2008,8,6,14
2008,7,1,8
2008,5,4,9
2008,9,6,15
2008,5,2,7
2008,7,5,12
2008,9,0,9
2008,5,10,15
2008,2,11,13
2008,2,10,12
2008,2,10,12
2008,5,3,8
2008,9,3,12
2008,7,0,7
2008,3,2,5
2008,2,10,12
2008,3,0,3
2008,3,1,4
2008,7,0,7
2008,4,1,5
2008,8,1,9
2008,6,4,10
2008,8,5,13
2008,5,1,6
2008,7,6,13
2008,9,14,23
2008,2,0,2
2008,3,1,4
2008,7,2,9
2008,1,0,1
2008,6,4,10
2008,7,4,11
2008,7,6,13
2008,5,3,8
2008,8,15,23
2008,7,4,11
2008,7,4,11
2008,3,2,5
2008,4,3,7
2008,7,5,12
2008,3,1,4
2008,5,3,8
2008,10,1,11
2008,7,5,12
2008,6,2,8
2008,6,3,9
2008,5,2,7
2008,6,11,17
2008,3,1,4
2008,7,2,9
2008,1,0,1
2008,12,1,13
2008,3,14,17
2008,3,0,3
2008,8,14,22
2008,3,2,5
2008,5,4,9
2008,8,6,14
2008,4,0,4
2008,6,2,8
2008,7,1,8
2008,5,4,9
2008,6,1,7
2008,5,4,9
2008,3,1,4
2008,8,2,10
2008,3,2,5
2008,9,3,12
2008,5,4,9
2008,7,2,9
2008,8,10,18
2008,8,10,18
2008,6,2,8
2008,7,3,10
2008,5,4,9
2008,4,3,7
2008,4,2,6
2008,9,5,14
2008,7,1,8
2008,4,2,6
2008,6,5,11
2008,5,2,7
2008,7,4,11
2008,4,3,7
2008,7,1,8
2008,13,10,23
2008,7,3,10
2008,7,2,9
2008,8,7,15
2008,4,3,7
2008,4,3,7
2008,7,4,11
2008,8,4,12
2008,6,3,9
2008,6,4,10
2008,6,0,6
2008,3,2,5
2008,6,1,7
2008,6,3,9
2008,3,11,14
2008,3,2,5
2008,5,3,8
2008,3,2,5
2008,7,0,7
2008,5,12,17
2008,7,2,9
2008,2,1,3
2008,7,0,7
2008,2,10,12
2008,5,2,7
2008,5,2,7
2008,3,2,5
2008,2,12,14
2008,6,12,18
2008,8,1,9
2008,7,5,12
2008,8,3,11
2008,8,4,12
2008,5,1,6
2008,4,2,6
2008,7,1,8
2008,6,5,11
2008,3,2,5
2008,5,0,5
2008,7,1,8
2008,7,3,10
2008,7,6,13
2008,7,0,7
2008,4,3,7
2008,2,1,3
2008,7,3,10
2008,4,3,7
2008,4,2,6
2008,7,11,18
2008,3,13,16
2008,1,0,1
2008,8,7,15
2008,5,0,5
2008,8,4,12
2008,7,4,11
2008,7,4,11
2008,7,3,10
2008,6,1,7
2008,7,2,9
2008,8,6,14
2008,3,1,4
2008,3,1,4
2008,5,11,16
2008,6,1,7
2008,3,0,3
2008,4,2,6
2008,8,2,10
2008,5,13,18
2008,8,11,19
2008,7,2,9
2008,2,0,2
2008,8,7,15
2008,5,4,9
2008,7,2,9
2008,9,12,21
2008,3,10,13
2008,5,1,6
2008,6,3,9
2008,6,2,8
2008,8,1,9
2008,6,2,8
2008,2,1,3
2008,5,4,9
2008,2,0,2
2008,1,0,1
2008,7,6,13
2008,6,1,7
2008,6,2,8
2008,3,0,3
2008,6,4,10
2008,1,0,1
2008,2,14,16
2008,5,2,7
2008,5,1,6
2008,3,2,5
2008,8,15,23
2008,3,10,13
2008,4,17,21
2008,8,7,15
2008,9,7,16
2008,3,2,5
2008,4,3,7
2008,7,6,13
2008,5,4,9
2008,8,1,9
2008,12,0,12
2008,9,2,11
2008,6,4,10
2008,4,3,7
2008,8,11,19
2008,3,2,5
2008,7,2,9
2008,9,5,14
2008,6,12,18
2008,2,11,13
2008,6,5,11
2008,3,2,5
2008,8,14,22
2008,9,4,13
2008,7,1,8
2008,3,2,5
2008,2,0,2
2008,5,1,6
2008,11,1,12
2008,15,13,28
2008,4,3,7
2008,6,11,17
2008,4,2,6
2008,5,4,9
2008,4,3,7
2008,6,3,9
2008,5,3,8
2008,3,2,5
2008,5,2,7
2008,7,10,17
2008,1,0,1
2008,8,7,15
2008,6,4,10
2008,7,2,9
2008,7,3,10
2008,6,3,9
2008,6,1,7
2008,7,6,13
2008,5,1,6
2008,8,1,9
2008,5,10,15
2008,4,13,17
2008,5,2,7
2008,3,0,3
2008,1,0,1
2008,7,3,10
2008,5,3,8
2008,6,2,8
2008,4,1,5
2008,7,3,10
2008,3,0,3
2008,6,2,8
2008,4,2,6
2008,4,3,7
2008,7,5,12
2008,6,2,8
2008,9,5,14
2008,6,2,8
2008,2,1,3
2008,4,2,6
2008,4,3,7
2008,5,2,7
2008,7,5,12
2008,5,4,9
2008,5,0,5
2008,2,1,3
2008,10,1,11
2008,7,5,12
2008,9,3,12
2008,6,2,8
2008,3,2,5
2008,9,6,15
2008,9,4,13
2008,7,4,11
2008,6,4,10
2008,3,1,4
2008,9,4,13
2008,6,11,17
2008,5,4,9
2008,4,10,14
2008,5,0,5
2008,4,12,16
2008,4,2,6
2008,3,2,5
2008,9,6,15
2008,4,10,14
2008,6,5,11
2008,6,15,21
2008,4,2,6
2008,4,14,18
2008,6,2,8
2008,9,4,13
2008,6,1,7
2008,7,5,12
2008,8,6,14
2008,7,5,12
2008,5,1,6
2008,7,6,13
2008,7,6,13
2008,6,4,10
2008,3,1,4
2008,3,12,15
2008,8,2,10
2008,12,1,13
2008,6,4,10
2008,3,0,3
2008,8,19,27
2008,8,11,19
2008,6,4,10
2008,5,4,9
2008,5,1,6
2008,8,1,9
2008,6,1,7
2008,8,4,12
2008,6,3,9
2008,8,10,18
2008,6,5,11
2008,7,6,13
2008,8,4,12
2008,6,4,10
2008,2,1,3
2008,6,12,18
2008,4,3,7
2008,5,11,16
2008,7,3,10
2008,4,2,6
2008,2,0,2
2008,4,3,7
2008,3,2,5
2008,7,3,10
2008,2,1,3
2008,8,5,13
2008,7,0,7
2008,2,1,3
2008,10,1,11
2008,6,2,8
2008,4,3,7
2008,5,1,6
2008,8,7,15
2008,3,1,4
2008,3,1,4
2008,6,0,6
2008,4,2,6
2008,8,3,11
2008,6,1,7
2008,4,3,7
2008,3,1,4
2008,4,11,15
2008,8,2,10
2008,1,0,1
2008,4,1,5
2008,7,2,9
2008,3,1,4
2008,3,10,13
2008,5,2,7
2008,6,4,10
2008,7,5,12
2008,6,2,8
2008,3,1,4
2008,4,1,5
2008,5,4,9
2008,5,3,8
2008,6,2,8
2008,3,2,5
2008,6,2,8
2008,3,2,5
2008,8,5,13
2008,2,0,2
2008,9,8,17
2008,7,2,9
2008,9,1,10
2008,7,5,12
2008,4,13,17
2008,5,1,6
2008,8,7,15
2008,4,2,6
2008,3,1,4
2008,3,2,5
2008,4,2,6
2008,5,4,9
2008,2,10,12
2008,4,3,7
2009,4,1,5
2009,3,0,3
2009,9,8,17
2009,5,10,15
2009,2,1,3
2009,6,12,18
2009,4,2,6
2009,6,1,7
2009,4,1,5
2009,6,4,10
2009,9,1,10
2009,5,12,17
2009,6,4,10
2009,3,0,3
2009,5,3,8
2009,4,2,6
2009,8,3,11
2009,3,2,5
2009,6,5,11
2009,4,0,4
2009,4,2,6
2009,6,10,16
2009,9,3,12
2009,5,4,9
2009,6,4,10
2009,9,2,11
2009,7,5,12
2009,7,2,9
2009,2,0,2
2009,9,7,16
2009,6,4,10
2009,6,11,17
2009,6,5,11
2009,12,11,23
2009,5,2,7
2009,4,2,6
2009,7,4,11
2009,8,5,13
2009,5,1,6
2009,2,11,13
2009,4,3,7
2009,2,1,3
2009,8,6,14
2009,2,0,2
2009,4,3,7
2009,7,1,8
2009,2,1,3
2009,8,12,20
2009,6,2,8
2009,6,3,9
2009,9,4,13
2009,6,5,11
2009,5,4,9
2009,5,12,17
2009,7,13,20
2009,3,10,13
2009,2,15,17
2009,5,4,9
2009,4,1,5
2009,4,3,7
2009,5,4,9
2009,7,3,10
2009,5,3,8
2009,5,4,9
2009,2,11,13
2009,5,3,8
2009,6,0,6
2009,8,0,8
2009,2,10,12
2009,5,4,9
2009,8,4,12
2009,4,3,7
2009,8,4,12
2009,6,1,7
2009,6,5,11
2009,8,5,13
2009,6,3,9
2009,2,11,13
2009,5,4,9
2009,3,1,4
2009,8,5,13
2009,3,11,14
2009,6,1,7
2009,2,0,2
2009,8,4,12
2009,7,5,12
2009,6,4,10
2009,2,1,3
2009,6,4,10
2009,8,5,13
2009,1,0,1
2009,6,1,7
2009,3,0,3
2009,2,1,3
2009,4,0,4
2009,6,10,16
2009,4,2,6
2009,11,1,12
2009,7,6,13
2009,8,6,14
2009,6,5,11
2009,8,2,10
2009,7,0,7
2009,5,15,20
2009,9,10,19
2009,9,8,17
2009,7,6,13
2009,5,1,6
2009,9,3,12
2009,6,1,7
2009,3,2,5
2009,6,5,11
2009,3,2,5
2009,7,2,9
2009,7,5,12
2009,7,12,19
2009,4,10,14
2009,5,2,7
2009,9,0,9
2009,5,4,9
2009,5,4,9
2009,9,3,12
2009,2,12,14
2009,7,2,9
2009,8,2,10
2009,4,1,5
2009,3,11,14
2009,4,3,7
2009,6,19,25
2009,6,2,8
2009,7,4,11
2009,7,2,9
2009,9,2,11
2009,2,10,12
2009,6,5,11
2009,6,3,9
2009,5,1,6
2009,3,2,5
2009,8,2,10
2009,8,10,18
2009,8,7,15
2009,2,1,3
2009,4,3,7
2009,9,11,20
2009,6,5,11
2009,5,4,9
2009,8,7,15
2009,3,0,3
2009,6,3,9
2009,2,0,2
2009,6,5,11
2009,3,12,15
2009,8,5,13
2009,3,2,5
2009,6,4,10
2009,7,5,12
2009,7,0,7
2009,9,5,14
2009,9,2,11
2009,4,22,26
2009,1,0,1
2009,8,5,13
2009,10,0,10
2009,2,0,2
2009,2,0,2
2009,8,3,11
2009,2,0,2
2009,4,2,6
2009,9,6,15
2009,2,1,3
2009,4,2,6
2009,2,14,16
2009,3,1,4
2009,7,3,10
2009,4,2,6
2009,5,4,9
2009,11,1,12
2009,8,2,10
2009,2,0,2
2009,2,12,14
2009,6,5,11
2009,1,0,1
2009,7,4,11
2009,6,3,9
2009,12,1,13
2009,4,3,7
2009,8,0,8
2009,3,2,5
2009,4,3,7
2009,9,6,15
2009,3,10,13
2009,7,2,9
2009,8,7,15
2009,8,5,13
2009,5,3,8
2009,4,11,15
2009,3,2,5
2009,4,2,6
2009,8,3,11
2009,6,4,10
2009,5,4,9
2009,4,3,7
2009,12,10,22
2009,2,0,2
2009,8,2,10
2009,10,1,11
2009,7,3,10
2009,3,0,3
2009,2,0,2
2009,6,5,11
2009,9,7,16
2009,3,1,4
2009,7,4,11
2009,9,3,12
2009,1,0,1
2009,5,2,7
2009,8,7,15
2009,1,0,1
2009,5,10,15
2009,6,2,8
2009,7,1,8
2009,5,2,7
2009,2,0,2
2009,6,1,7
2009,1,0,1
2009,8,12,20
2009,5,2,7
2009,8,3,11
2009,5,1,6
2009,5,4,9
2009,5,4,9
2009,14,0,14
2009,4,3,7
2009,5,1,6
2009,6,5,11
2009,7,3,10
2009,5,2,7
2009,6,1,7
2009,4,3,7
2009,8,2,10
2009,4,3,7
2009,4,3,7
2009,9,8,17
2009,5,3,8
2009,6,5,11
2009,16,11,27
2009,2,10,12
2009,2,10,12
2009,7,1,8
2009,6,5,11
2009,6,4,10
2009,9,8,17
2009,9,1,10
2009,8,2,10
2009,5,2,7
2009,10,1,11
2009,8,2,10
2009,8,0,8
2009,5,4,9
2009,8,5,13
2009,4,1,5
2009,4,3,7
2009,8,2,10
2009,4,2,6
2009,4,10,14
2009,2,13,15
2009,3,2,5
2009,3,2,5
2009,8,1,9
2009,7,1,8
2009,8,3,11
2009,3,10,13
2009,7,2,9
2009,3,2,5
2009,6,4,10
2009,4,1,5
2009,3,1,4
2009,7,12,19
2009,4,2,6
2009,7,1,8
2009,5,10,15
2009,7,1,8
2009,7,1,8
2009,13,11,24
2009,5,4,9
2009,3,11,14
2009,2,1,3
2009,7,5,12
2009,2,1,3
2009,9,1,10
2009,8,3,11
2009,9,8,17
2009,4,3,7
2009,11,0,11
2009,8,1,9
2009,6,5,11
2009,4,3,7
2009,7,4,11
2009,7,1,8
2009,5,3,8
2009,5,4,9
2009,10,0,10
2009,5,3,8
2009,3,2,5
2009,6,3,9
2009,3,0,3
2009,6,5,11
2009,7,5,12
2009,8,6,14
2009,3,11,14
2009,1,0,1
2009,8,3,11
2009,4,3,7
2009,4,1,5
2009,9,4,13
2009,8,2,10
2009,8,6,14
2009,8,5,13
2009,4,1,5
2009,7,4,11
2009,13,0,13
2009,4,2,6
2009,9,4,13
2009,7,2,9
2009,8,6,14
2009,6,5,11
2009,1,0,1
2009,5,2,7
2009,7,5,12
2009,9,10,19
2009,7,4,11
2009,4,0,4
2009,8,7,15
2009,3,2,5
2009,6,2,8
2009,4,3,7
2009,8,4,12
2009,6,2,8
2009,5,1,6
2009,6,1,7
2009,9,7,16
2009,2,1,3
2009,4,1,5
2009,7,10,17
2009,8,4,12
2009,6,5,11
2009,8,6,14
2009,3,2,5
2009,5,1,6
2009,6,10,16
2009,9,6,15
2009,5,4,9
2009,6,1,7
2009,7,5,12
2009,6,4,10
2009,3,1,4
2009,7,3,10
2009,4,3,7
2009,7,5,12
2009,5,0,5
2009,8,7,15
2009,1,0,1
2009,5,3,8
2009,5,1,6
2009,4,3,7
2009,6,4,10
2009,4,2,6
2009,7,2,9
2009,3,2,5
2009,3,0,3
2009,7,2,9
2009,6,4,10
2009,5,2,7
2009,7,4,11
2009,9,6,15
2009,6,5,11
2009,6,1,7
2009,8,4,12
2009,9,7,16
2009,9,4,13
2009,4,3,7
2009,6,2,8
2009,9,0,9
2009,7,0,7
2009,8,7,15
2009,3,1,4
2009,7,3,10
2009,5,3,8
2009,8,5,13
2009,2,1,3
2009,7,2,9
2009,7,10,17
2009,6,3,9
2009,6,10,16
2009,11,10,21
2009,13,1,14
2009,4,1,5
2009,9,2,11
2009,3,15,18
2009,11,1,12
2009,8,6,14
2009,6,3,9
2009,9,1,10
2009,3,10,13
2009,4,3,7
2009,1,0,1
2009,3,2,5
2009,3,1,4
2009,4,2,6
2009,6,1,7
2009,5,4,9
2009,3,13,16
2009,6,0,6
2009,6,5,11
2009,8,3,11
2009,4,2,6
2009,8,5,13
2009,3,1,4
2009,9,11,20
2009,8,6,14
2009,7,5,12
2009,9,4,13
2009,4,3,7
2009,5,2,7
2009,4,1,5
2009,5,4,9
2009,4,0,4
2009,7,3,10
2009,6,0,6
2009,6,4,10
2009,1,0,1
2009,8,3,11
2009,2,0,2
2009,3,1,4
2009,3,2,5
2009,11,0,11
2009,7,3,10
2009,5,3,8
2009,6,10,16
2009,1,0,1
2009,2,1,3
2009,5,12,17
2009,5,14,19
2009,3,2,5
2009,8,3,11
2009,4,0,4
2009,3,1,4
2009,5,4,9
2009,8,0,8
2009,6,12,18
2009,9,6,15
2009,10,1,11
2009,6,4,10
2009,6,2,8
2009,4,3,7
2009,8,10,18
2009,5,3,8
2009,4,3,7
2009,7,1,8
2009,8,7,15
2009,5,3,8
2009,3,2,5
2009,5,12,17
2009,7,5,12
2009,4,2,6
2009,5,3,8
2009,8,4,12
2009,5,0,5
2009,4,2,6
2009,5,13,18
2009,9,4,13
2009,8,3,11
2009,7,11,18
2009,4,3,7
2009,3,1,4
2009,7,5,12
2009,6,2,8
2009,7,4,11
2009,12,1,13
2009,6,3,9
2009,6,2,8
2009,4,3,7
2009,3,12,15
2009,5,3,8
2009,7,1,8
2009,9,7,16
2009,7,1,8
2009,5,1,6
2009,8,4,12
2009,3,10,13
2009,8,6,14
2009,6,4,10
2009,4,0,4
2009,15,11,26
2009,8,6,14
2009,14,10,24
2009,8,7,15
2009,7,2,9
2009,9,2,11
2009,5,2,7
2009,6,3,9
2009,6,5,11
2009,8,2,10
2009,5,4,9
2009,3,11,14
2009,5,3,8
2009,9,5,14
2009,5,3,8
2009,6,5,11
2009,5,3,8
2009,5,1,6
2009,7,4,11
2009,7,11,18
2009,3,2,5
2009,3,2,5
2009,4,3,7
2009,14,1,15
2009,6,4,10
2009,8,1,9
2009,5,4,9
2009,3,1,4
2009,5,3,8
2009,5,4,9
2009,8,6,14
2009,8,7,15
2009,8,10,18
2009,8,3,11
2009,6,10,16
2009,12,0,12
2009,5,4,9
2009,9,1,10
2009,6,3,9
2009,3,2,5
2009,6,4,10
2009,7,4,11
2009,6,5,11
2009,5,3,8
2009,9,6,15
2009,1,0,1
2009,4,2,6
2009,5,3,8
2009,2,1,3
2009,8,5,13
2009,7,5,12
2009,6,5,11
2009,7,11,18
2009,5,12,17
2009,7,4,11
2009,3,2,5
2009,4,11,15
2009,3,1,4
2009,3,2,5
2009,2,0,2
2009,8,2,10
2009,7,5,12
2009,3,0,3
2009,8,2,10
2009,8,6,14
2009,5,1,6
2009,3,2,5
2009,7,6,13
2009,6,10,16
2009,8,4,12
2009,4,13,17
2009,3,2,5
2009,7,12,19
2009,8,1,9
2009,2,1,3
2009,6,2,8
2009,4,3,7
2009,4,0,4
2009,5,3,8
2009,4,2,6
2009,6,5,11
2009,5,3,8
2009,9,1,10
2009,2,1,3
2009,6,5,11
2009,3,0,3
2009,4,1,5
2009,8,5,13
2009,4,12,16
2009,8,3,11
2009,7,4,11
2009,5,1,6
2009,5,3,8
2009,8,6,14
2009,9,11,20
2009,6,4,10
2009,6,5,11
2009,2,1,3
2009,4,11,15
2009,2,1,3
2009,1,0,1
2009,2,1,3
2009,7,6,13
2009,2,1,3
2009,9,0,9
2009,5,1,6
2009,20,1,21
2009,5,12,17
2009,4,3,7
2009,4,3,7
2009,4,3,7
2009,8,3,11
2009,7,4,11
2009,3,2,5
2009,3,0,3
2009,3,1,4
2009,6,5,11
2009,5,4,9
2009,1,0,1
2009,5,3,8
2009,2,0,2
2009,3,1,4
2009,4,3,7
2009,2,15,17
2009,6,5,11
2009,3,1,4
2009,3,11,14
2009,7,3,10
2009,2,1,3
2009,4,0,4
2009,2,1,3
2009,5,0,5
2009,4,2,6
2009,4,3,7
2009,3,2,5
2009,4,0,4
2009,7,6,13
2009,4,3,7
2009,3,10,13
2009,6,3,9
2009,5,4,9
2009,6,2,8
2009,5,4,9
2009,8,7,15
2009,3,1,4
2009,5,1,6
2009,5,0,5
2009,2,1,3
2009,2,10,12
2009,5,12,17
2009,4,3,7
2009,4,3,7
2009,3,1,4
2009,5,4,9
2009,5,0,5
2009,7,10,17
2009,6,3,9
2009,4,3,7
2009,6,2,8
2009,7,2,9
2009,5,4,9
2009,3,2,5
2009,8,5,13
2009,3,17,20
2009,9,7,16
2009,4,1,5
2009,8,10,18
2009,8,5,13
2009,11,10,21
2009,6,16,22
2009,13,1,14
2009,1,0,1
2009,6,5,11
2009,5,2,7
2009,6,1,7
2009,5,3,8
2009,8,2,10
2009,11,1,12
2009,4,2,6
2009,6,5,11
2009,7,2,9
2009,6,1,7
2009,6,4,10
2009,5,1,6
2009,7,1,8
2009,6,1,7
2009,8,1,9
2009,5,2,7
2009,6,1,7
2009,4,3,7
2009,5,3,8
2009,4,0,4
2009,7,3,10
2009,3,1,4
2009,8,5,13
2009,12,10,22
2009,5,2,7
2009,6,1,7
2009,7,12,19
2009,8,6,14
2009,8,3,11
2009,3,2,5
2009,4,2,6
2009,7,4,11
2009,6,1,7
2009,6,2,8
2009,6,3,9
2009,9,2,11
2009,5,2,7
2009,5,1,6
2009,2,1,3
2009,2,1,3
2009,3,1,4
2009,5,2,7
2009,6,10,16
2009,7,2,9
2009,2,1,3
2009,3,1,4
2009,3,0,3
2009,2,11,13
2009,3,2,5
2009,2,1,3
2009,5,4,9
2009,6,1,7
2009,4,2,6
2009,5,3,8
2009,6,3,9
2009,5,2,7
2009,6,3,9
2009,4,3,7
2009,3,2,5
2009,6,3,9
2009,7,0,7
2009,5,10,15
2009,8,7,15
2009,5,3,8
2009,9,5,14
2009,7,3,10
2009,9,6,15
2009,7,4,11
2009,6,2,8
2009,5,2,7
2009,14,1,15
2009,5,3,8
2009,9,8,17
2009,9,3,12
2009,3,0,3
2009,8,2,10
2009,5,4,9
2009,5,2,7
2009,7,4,11
2009,5,2,7
2009,3,2,5
2009,4,2,6
2009,2,1,3
2009,5,3,8
2009,3,2,5
2009,5,4,9
2009,8,2,10
2009,6,2,8
2009,5,2,7
2009,7,4,11
2009,4,1,5
2009,3,2,5
2009,8,5,13
2009,5,3,8
2009,1,0,1
2009,5,3,8
2009,6,5,11
2009,5,0,5
2009,5,1,6
2009,3,10,13
2009,3,2,5
2009,6,5,11
2009,4,3,7
2009,3,12,15
2009,3,1,4
2009,5,10,15
2009,8,2,10
2009,5,2,7
2009,6,2,8
2009,6,4,10
2009,6,10,16
2009,3,2,5
2009,5,3,8
2009,5,10,15
2009,9,6,15
2009,6,4,10
2009,1,0,1
2009,10,1,11
2009,4,2,6
2009,5,1,6
2009,3,2,5
2009,9,3,12
2009,9,0,9
2009,8,1,9
2009,7,0,7
2009,6,3,9
2009,4,3,7
2009,3,10,13
2009,3,0,3
2009,3,11,14
2009,8,6,14
2009,6,11,17
2009,3,1,4
2009,3,2,5
2009,6,5,11
2009,5,1,6
2009,4,1,5
2009,4,0,4
2009,5,1,6
2009,6,0,6
2009,2,1,3
2009,2,1,3
2009,2,1,3
2009,9,1,10
2009,4,3,7
2009,9,1,10
2009,8,0,8
2009,2,1,3
2009,4,11,15
2009,9,3,12
2009,3,1,4
2009,3,0,3
2009,8,1,9
2009,4,2,6
2009,4,3,7
2009,2,1,3
2009,5,4,9
2009,6,4,10
2009,3,2,5
2009,9,7,16
2009,9,4,13
2009,6,4,10
2009,2,1,3
2009,10,1,11
2009,6,2,8
2009,7,1,8
2009,8,7,15
2009,6,3,9
2009,8,4,12
2009,6,3,9
2009,9,6,15
2009,3,2,5
2009,6,4,10
2009,7,2,9
2009,4,3,7
2009,3,0,3
2009,9,6,15
2009,4,2,6
2009,7,2,9
2009,4,0,4
2009,7,0,7
2009,7,6,13
2009,5,4,9
2009,6,1,7
2009,4,0,4
2009,5,3,8
2009,4,3,7
2009,6,3,9
2009,5,2,7
2009,6,3,9
2009,9,4,13
2009,4,3,7
2009,3,1,4
2009,7,0,7
2009,7,6,13
2009,8,4,12
2009,4,3,7
2009,7,1,8
2009,6,4,10
2009,3,2,5
2009,6,5,11
2009,5,10,15
2009,4,3,7
2009,9,0,9
2009,3,2,5
2009,6,4,10
2009,3,2,5
2009,4,1,5
2009,6,5,11
2009,2,1,3
2009,9,0,9
2009,4,13,17
2009,2,1,3
2009,3,1,4
2009,4,2,6
2009,5,4,9
2009,6,3,9
2009,9,5,14
2009,4,2,6
2009,2,1,3
2009,3,1,4
2009,6,3,9
2009,4,3,7
2009,4,3,7
2009,4,3,7
2009,6,5,11
2009,2,1,3
2009,5,4,9
2009,6,3,9
2009,4,3,7
2009,11,1,12
2009,1,0,1
2009,3,2,5
2009,6,11,17
2009,8,1,9
2009,7,2,9
2009,7,4,11
2009,7,3,10
2009,6,4,10
2009,4,1,5
2009,7,2,9
2009,9,8,17
2009,5,2,7
2009,3,1,4
2009,3,0,3
2009,4,3,7
2009,6,0,6
2009,7,3,10
2009,9,1,10
2009,6,4,10
2009,8,4,12
2009,2,0,2
2009,3,1,4
2009,5,3,8
2009,7,4,11
2009,7,1,8
2009,6,2,8
2009,6,11,17
2009,9,3,12
2009,5,2,7
2009,8,3,11
2009,3,1,4
2009,6,5,11
2009,6,0,6
2009,8,3,11
2009,2,11,13
2009,3,2,5
2009,3,0,3
2009,7,1,8
2009,7,1,8
2009,5,4,9
2009,15,0,15
2009,6,11,17
2009,6,3,9
2009,7,1,8
2009,5,4,9
2009,6,3,9
2009,3,11,14
2009,14,12,26
2009,9,7,16
2009,6,4,10
2009,8,2,10
2009,7,2,9
2009,7,5,12
2009,4,12,16
2009,5,0,5
2009,5,4,9
2009,8,2,10
2009,5,3,8
2009,8,3,11
2009,5,0,5
2009,8,1,9
2009,2,11,13
2009,6,1,7
2009,6,4,10
2009,6,1,7
2009,4,1,5
2009,4,3,7
2009,9,8,17
2009,5,3,8
2009,5,12,17
2009,5,4,9
2009,8,2,10
2009,3,2,5
2009,7,1,8
2009,4,3,7
2009,4,3,7
2009,4,3,7
2009,5,4,9
2009,5,4,9
2009,2,1,3
2009,6,5,11
2009,7,0,7
2009,4,3,7
2009,5,12,17
2009,3,2,5
2009,5,1,6
2009,3,0,3
2009,8,7,15
2009,4,3,7
2009,6,3,9
2009,5,3,8
2009,5,4,9
2009,8,2,10
2009,8,7,15
2009,4,3,7
2009,7,3,10
2009,4,10,14
2009,5,1,6
2009,5,10,15
2009,5,2,7
2009,5,3,8
2009,7,2,9
2009,7,5,12
2009,4,3,7
2009,6,4,10
2009,2,1,3
2009,6,4,10
2009,3,0,3
2009,6,5,11
2009,8,10,18
2009,9,7,16
2009,9,5,14
2009,2,1,3
2009,7,1,8
2009,6,5,11
2009,3,1,4
2009,6,5,11
2009,6,3,9
2009,7,3,10
2009,2,1,3
2009,5,3,8
2009,5,3,8
2009,6,5,11
2009,6,2,8
2009,4,1,5
2009,5,4,9
2009,3,2,5
2009,6,5,11
2009,5,12,17
2009,4,1,5
2009,6,10,16
2009,2,1,3
2009,4,1,5
2009,3,2,5
2009,3,2,5
2009,9,4,13
2009,11,1,12
2009,2,0,2
2009,6,4,10
2009,5,1,6
2009,4,3,7
2009,8,2,10
2009,4,0,4
2009,5,2,7
2009,5,4,9
2009,7,6,13
2009,2,1,3
2009,7,3,10
2009,3,0,3
2009,4,1,5
2009,5,4,9
2009,9,7,16
2009,10,1,11
2009,7,5,12
2009,3,11,14
2009,3,11,14
2009,2,1,3
2009,8,4,12
2009,7,10,17
2009,5,3,8
2009,5,2,7
2009,4,3,7
2009,4,3,7
2009,11,0,11
2009,6,3,9
2009,6,10,16
2009,4,3,7
2009,7,1,8
2009,8,2,10
2009,6,4,10
2009,9,8,17
2009,7,11,18
2009,6,5,11
2009,6,5,11
2009,3,11,14
2009,5,4,9
2009,6,4,10
2009,3,2,5
2009,3,2,5
2009,9,3,12
2009,4,10,14
2009,7,5,12
2009,9,3,12
2009,3,12,15
2009,4,1,5
2009,11,1,12
2009,5,4,9
2009,9,2,11
2009,5,4,9
2009,8,2,10
2009,5,1,6
2009,9,1,10
2009,4,2,6
2009,5,3,8
2009,3,1,4
2009,7,3,10
2009,2,12,14
2009,6,1,7
2009,2,1,3
2009,1,0,1
2009,6,3,9
2009,8,7,15
2009,7,3,10
2009,8,1,9
2009,5,1,6
2009,7,6,13
2009,5,0,5
2009,9,11,20
2009,6,2,8
2009,5,3,8
2009,3,2,5
2009,7,3,10
2009,10,0,10
2009,8,12,20
2009,2,1,3
2009,5,3,8
2009,6,0,6
2009,8,1,9
2009,4,3,7
2009,4,2,6
2009,7,0,7
2009,4,2,6
2009,3,1,4
2009,3,2,5
2009,6,2,8
2009,5,2,7
2009,2,0,2
2009,5,4,9
2009,4,0,4
2009,6,3,9
2009,4,2,6
2009,4,2,6
2009,4,2,6
2009,6,10,16
2009,7,1,8
2009,3,1,4
2009,3,1,4
2009,10,0,10
2009,5,2,7
2009,4,1,5
2009,5,4,9
2009,11,10,21
2009,6,2,8
2009,4,11,15
2009,7,5,12
2009,2,1,3
2009,3,0,3
2009,6,3,9
2009,8,5,13
2009,5,3,8
2009,3,0,3
2009,4,3,7
2009,6,3,9
2009,9,5,14
2009,4,1,5
2009,11,1,12
2009,6,5,11
2009,1,0,1
2009,6,2,8
2009,5,3,8
2009,5,1,6
2009,1,0,1
2009,1,0,1
2009,4,2,6
2009,5,1,6
2009,4,1,5
2009,7,1,8
2009,2,1,3
2009,9,7,16
2009,5,0,5
2009,5,2,7
2009,5,2,7
2009,9,5,14
2009,3,2,5
2009,4,1,5
2009,8,4,12
2009,9,8,17
2009,7,2,9
2009,5,2,7
2009,6,4,10
2009,7,6,13
2009,2,1,3
2009,7,4,11
2009,3,15,18
2009,5,0,5
2009,7,4,11
2009,5,0,5
2009,9,11,20
2009,4,2,6
2009,7,2,9
2009,6,3,9
2009,13,0,13
2009,3,1,4
2009,9,8,17
2009,4,11,15
2009,3,2,5
2009,2,11,13
2009,5,2,7
2009,5,2,7
2009,7,11,18
2009,5,3,8
2009,6,4,10
2009,4,3,7
2009,6,5,11
2009,4,1,5
2009,7,4,11
2009,9,0,9
2009,4,12,16
2009,5,3,8
2009,9,6,15
2009,8,4,12
2009,8,2,10
2009,10,1,11
2009,5,2,7
2009,4,3,7
2009,5,0,5
2009,6,3,9
2009,6,2,8
2009,8,10,18
2009,2,0,2
2009,7,6,13
2009,7,1,8
2009,5,2,7
2009,5,3,8
2009,9,4,13
2009,6,5,11
2009,6,0,6
2009,4,2,6
2009,1,0,1
2009,4,3,7
2009,4,1,5
2009,7,6,13
2009,22,1,23
2009,5,0,5
2009,5,4,9
2009,8,5,13
2009,4,3,7
2009,5,2,7
2009,6,10,16
2009,2,1,3
2009,5,4,9
2009,8,5,13
2009,6,3,9
2009,5,0,5
2009,2,10,12
2009,8,0,8
2009,4,3,7
2009,4,12,16
2009,3,0,3
2009,3,1,4
2009,8,1,9
2009,6,2,8
2009,5,4,9
2009,5,1,6
2009,4,1,5
2009,4,10,14
2009,3,1,4
2009,5,0,5
2009,5,4,9
2009,4,3,7
2009,5,4,9
2009,3,2,5
2009,5,3,8
2009,7,0,7
2009,9,10,19
2009,7,14,21
2009,8,6,14
2009,8,10,18
2009,7,6,13
2009,9,4,13
2009,5,1,6
2009,6,4,10
2009,2,11,13
2009,9,6,15
2009,3,1,4
2009,9,3,12
2009,3,2,5
2009,6,10,16
2009,8,0,8
2009,2,0,2
2009,1,0,1
2009,8,3,11
2009,4,1,5
2009,5,1,6
2009,6,5,11
2009,8,12,20
2009,6,4,10
2009,3,0,3
2009,3,2,5
2009,6,4,10
2009,8,0,8
2009,6,0,6
2009,8,14,22
2009,5,1,6
2009,4,3,7
2009,9,15,24
2009,5,2,7
2009,4,3,7
2009,5,4,9
2009,2,13,15
2009,6,3,9
2009,8,7,15
2009,4,0,4
2009,8,7,15
2009,4,1,5
2009,2,1,3
2009,7,2,9
2009,5,4,9
2009,8,1,9
2009,4,2,6
2009,6,0,6
2009,7,3,10
2009,4,2,6
2009,8,7,15
2009,10,1,11
2009,5,0,5
2009,7,4,11
2009,7,13,20
2009,9,7,16
2009,5,2,7
2009,5,3,8
2009,4,10,14
2009,7,3,10
2009,5,3,8
2009,9,6,15
2009,4,1,5
2009,4,0,4
2009,3,0,3
2009,6,2,8
2009,10,1,11
2009,6,2,8
2009,11,0,11
2009,8,12,20
2009,4,0,4
2009,6,2,8
2009,6,5,11
2009,8,7,15
2009,8,1,9
2009,5,3,8
2009,7,3,10
2009,2,1,3
2009,5,3,8
2009,6,1,7
2009,5,3,8
2009,4,1,5
2009,3,1,4
2009,5,1,6
2009,4,3,7
2009,5,1,6
2009,3,1,4
2009,4,2,6
2009,5,2,7
2009,2,1,3
2009,6,11,17
2009,2,0,2
2009,3,1,4
2009,4,2,6
2009,4,1,5
2009,6,2,8
2009,6,5,11
2009,7,1,8
2009,2,10,12
2009,5,3,8
2009,5,3,8
2009,5,0,5
2009,4,3,7
2009,4,3,7
2009,2,1,3
2009,1,0,1
2009,4,3,7
2009,6,1,7
2009,2,1,3
2009,5,3,8
2009,3,1,4
2009,3,11,14
2009,3,11,14
2009,4,3,7
2009,6,10,16
2009,3,2,5
2009,7,5,12
2009,2,1,3
2009,14,13,27
2009,10,1,11
2009,8,5,13
2009,3,2,5
2009,6,3,9
2009,6,2,8
2009,8,1,9
2009,3,2,5
2009,6,5,11
2009,9,7,16
2009,6,11,17
2009,8,5,13
2009,2,10,12
2009,3,12,15
2009,6,4,10
2009,3,2,5
2009,4,1,5
2009,2,0,2
2009,3,2,5
2009,4,2,6
2009,2,1,3
2009,4,0,4
2009,4,2,6
2009,4,3,7
2009,4,3,7
2009,2,1,3
2009,4,3,7
2009,9,6,15
2009,6,2,8
2009,6,4,10
2009,16,1,17
2009,5,10,15
2009,8,7,15
2009,5,0,5
2009,3,1,4
2009,6,10,16
2009,3,1,4
2009,6,5,11
2009,4,11,15
2009,5,1,6
2009,5,0,5
2009,2,1,3
2009,6,3,9
2009,9,4,13
2009,5,4,9
2009,4,1,5
2009,6,3,9
2009,3,10,13
2009,3,1,4
2009,8,5,13
2009,3,1,4
2009,5,1,6
2009,4,3,7
2009,5,4,9
2009,2,0,2
2009,6,3,9
2009,9,4,13
2009,8,3,11
2009,8,1,9
2009,9,0,9
2009,4,2,6
2009,6,2,8
2009,5,11,16
2009,7,0,7
2009,7,2,9
2009,5,3,8
2009,8,2,10
2009,4,3,7
2009,3,10,13
2009,6,3,9
2009,4,3,7
2009,4,0,4
2009,6,4,10
2009,6,14,20
2009,3,10,13
2009,9,10,19
2009,13,1,14
2009,10,1,11
2009,9,0,9
2009,6,2,8
2009,5,2,7
2009,4,2,6
2009,5,1,6
2009,8,3,11
2009,7,2,9
2009,8,6,14
2009,2,10,12
2009,7,5,12
2009,9,2,11
2009,3,12,15
2009,5,1,6
2009,3,2,5
2009,8,6,14
2009,6,2,8
2009,5,3,8
2009,8,3,11
2009,5,1,6
2009,6,4,10
2009,6,14,20
2009,4,3,7
2009,7,3,10
2009,4,11,15
2009,4,2,6
2009,6,1,7
2009,4,11,15
2009,5,2,7
2009,7,6,13
2009,4,3,7
2009,4,3,7
2009,9,8,17
2009,6,11,17
2009,3,2,5
2009,4,3,7
2009,8,3,11
2009,5,3,8
2009,4,0,4
2009,4,3,7
2009,3,2,5
2009,10,0,10
2009,6,2,8
2009,7,3,10
2009,9,3,12
2009,4,0,4
2009,7,3,10
2009,8,6,14
2009,12,0,12
2009,7,1,8
2009,6,3,9
2009,7,5,12
2009,3,2,5
2009,3,2,5
2009,1,0,1
2009,3,2,5
2009,6,2,8
2009,5,13,18
2009,7,3,10
2009,8,5,13
2009,3,2,5
2009,3,12,15
2009,7,4,11
2009,6,3,9
2009,7,3,10
2009,7,0,7
2009,4,2,6
2009,7,2,9
2009,5,3,8
2009,7,1,8
2009,5,0,5
2009,6,5,11
2009,5,10,15
2009,5,3,8
2009,6,5,11
2009,5,2,7
2009,5,11,16
2009,3,2,5
2009,8,5,13
2009,5,4,9
2009,7,11,18
2009,5,1,6
2009,4,3,7
2009,8,2,10
2009,5,4,9
2009,4,3,7
2009,4,0,4
2009,4,14,18
2009,6,2,8
2009,4,3,7
2009,9,8,17
2009,6,11,17
2009,9,6,15
2009,6,5,11
2009,6,11,17
2009,4,2,6
2009,2,0,2
2009,3,1,4
2009,7,1,8
2009,7,2,9
2009,9,1,10
2009,18,10,28
2009,8,5,13
2009,6,4,10
2009,11,1,12
2009,3,2,5
2009,4,13,17
2009,5,2,7
2009,7,2,9
2009,5,3,8
2009,6,1,7
2009,7,3,10
2009,2,0,2
2009,4,1,5
2009,4,2,6
2009,4,2,6
2009,6,5,11
2009,4,3,7
2009,6,5,11
2009,6,5,11
2009,3,2,5
2009,8,4,12
2009,4,2,6
2009,4,10,14
2009,5,4,9
2009,6,3,9
2009,10,1,11
2009,8,2,10
2009,8,1,9
2009,7,6,13
2009,4,17,21
2009,7,12,19
2009,6,0,6
2009,8,3,11
2009,6,0,6
2009,9,2,11
2009,4,2,6
2009,5,3,8
2009,6,4,10
2009,6,2,8
2009,4,0,4
2009,8,1,9
2009,4,2,6
2009,6,10,16
2009,6,11,17
2009,4,1,5
2009,9,0,9
2009,7,5,12
2009,7,0,7
2009,4,3,7
2009,6,2,8
2009,6,4,10
2009,8,4,12
2009,5,4,9
2009,9,5,14
2009,2,1,3
2009,7,3,10
2009,8,2,10
2009,5,4,9
2009,6,13,19
2009,6,4,10
2009,3,1,4
2009,6,11,17
2009,8,3,11
2009,8,12,20
2009,6,11,17
2009,6,2,8
2009,6,2,8
2009,8,10,18
2009,6,3,9
2009,9,4,13
2009,9,5,14
2009,2,0,2
2009,3,2,5
2009,6,4,10
2009,6,2,8
2009,7,6,13
2009,5,10,15
2009,7,5,12
2009,7,6,13
2009,3,2,5
2009,8,5,13
2009,6,5,11
2009,11,0,11
2009,5,12,17
2009,6,12,18
2009,2,1,3
2009,5,0,5
2009,6,4,10
2009,5,3,8
2009,3,1,4
2009,4,10,14
2009,4,2,6
2009,3,2,5
2009,5,2,7
2009,7,0,7
2009,8,4,12
2009,5,11,16
2009,8,7,15
2009,2,0,2
2009,6,3,9
2009,8,2,10
2009,5,2,7
2009,3,12,15
2009,7,3,10
2009,5,1,6
2009,2,11,13
2009,5,2,7
2009,7,3,10
2009,9,2,11
2009,8,7,15
2009,7,4,11
2009,9,1,10
2009,6,5,11
2009,5,11,16
2009,8,6,14
2009,5,4,9
2009,6,4,10
2009,4,2,6
2009,4,1,5
2009,6,0,6
2009,6,2,8
2009,8,1,9
2009,3,2,5
2009,7,5,12
2009,4,3,7
2009,5,0,5
2009,7,3,10
2009,9,8,17
2009,6,13,19
2009,6,14,20
2009,7,5,12
2009,3,1,4
2009,9,1,10
2009,5,4,9
2009,5,10,15
2009,6,4,10
2009,6,2,8
2009,6,3,9
2009,8,2,10
2009,5,12,17
2009,5,0,5
2009,8,0,8
2009,6,14,20
2009,6,5,11
2009,7,1,8
2009,4,3,7
2009,1,0,1
2009,4,2,6
2009,5,2,7
2009,2,0,2
2009,6,1,7
2009,7,0,7
2009,4,1,5
2009,10,1,11
2009,9,2,11
2009,9,12,21
2009,5,4,9
2009,11,1,12
2009,4,1,5
2009,3,2,5
2009,6,16,22
2009,2,17,19
2009,2,0,2
2009,1,0,1
2009,6,5,11
2009,2,11,13
2009,11,0,11
2009,3,0,3
2009,8,7,15
2009,4,2,6
2009,9,2,11
2009,5,2,7
2009,8,4,12
2009,4,3,7
2009,4,3,7
2009,5,1,6
2009,3,1,4
2009,6,10,16
2009,3,10,13
2009,6,2,8
2009,7,3,10
2009,5,4,9
2009,8,1,9
2009,5,2,7
2009,7,4,11
2009,8,3,11
2009,7,2,9
2009,9,3,12
2009,4,1,5
2009,8,17,25
2009,5,4,9
2009,3,2,5
2009,3,10,13
2009,7,3,10
2009,8,5,13
2009,7,4,11
2009,3,2,5
2009,3,2,5
2009,3,10,13
2009,7,5,12
2009,5,2,7
2009,4,3,7
2009,9,4,13
2009,8,5,13
2009,8,7,15
2009,3,2,5
2009,10,1,11
2009,3,0,3
2009,9,5,14
2009,4,1,5
2009,8,5,13
2009,5,4,9
2009,8,5,13
2009,5,4,9
2009,5,3,8
2009,6,2,8
2009,7,3,10
2009,9,4,13
2009,7,2,9
2009,5,1,6
2009,5,2,7
2009,6,3,9
2009,5,4,9
2009,9,6,15
2009,9,10,19
2009,4,3,7
2009,4,2,6
2009,1,0,1
2009,3,0,3
2009,3,1,4
2009,6,3,9
2009,3,2,5
2009,2,15,17
2009,3,2,5
2009,8,1,9
2009,3,1,4
2009,7,1,8
2009,3,1,4
2009,5,4,9
2009,6,1,7
2009,5,4,9
2009,2,1,3
2009,3,11,14
2009,7,6,13
2009,4,1,5
2009,7,2,9
2009,3,2,5
2009,3,12,15
2009,5,1,6
2009,8,7,15
2009,11,1,12
2009,8,1,9
2009,4,1,5
2009,5,3,8
2009,20,11,31
2009,5,1,6
2009,9,4,13
2009,6,3,9
2009,1,0,1
2009,5,4,9
2009,2,1,3
2009,4,2,6
2009,3,2,5
2009,5,2,7
2009,4,0,4
2009,5,3,8
2009,5,4,9
2009,7,3,10
2009,4,3,7
2009,14,1,15
2009,4,1,5
2009,4,3,7
2009,14,11,25
2009,4,2,6
2009,8,7,15
2009,2,0,2
2009,4,1,5
2009,3,2,5
2009,2,12,14
2009,7,0,7
2009,5,4,9
2009,7,3,10
2009,9,11,20
2009,7,5,12
2009,8,4,12
2009,5,4,9
2009,6,1,7
2009,4,2,6
2009,7,5,12
2009,3,10,13
2009,3,1,4
2009,9,7,16
2009,9,4,13
2009,4,1,5
2009,5,2,7
2009,4,0,4
2009,8,3,11
2009,8,3,11
2009,7,10,17
2009,8,12,20
2009,6,4,10
2009,6,10,16
2009,2,1,3
2009,6,2,8
2009,3,1,4
2009,7,12,19
2009,7,1,8
2009,5,3,8
2009,2,1,3
2009,6,3,9
2009,6,15,21
2009,5,4,9
2009,2,1,3
2009,6,2,8
2009,8,6,14
2009,7,6,13
2009,9,10,19
2009,6,4,10
2009,4,2,6
2009,5,4,9
2009,1,0,1
2009,7,3,10
2009,4,2,6
2009,5,12,17
2009,3,2,5
2009,9,4,13
2009,6,1,7
2009,5,3,8
2009,4,2,6
2009,4,3,7
2009,5,1,6
2009,9,2,11
2009,4,1,5
2009,5,3,8
2009,4,3,7
2009,3,2,5
2009,3,2,5
2009,2,0,2
2009,9,1,10
2009,5,4,9
2009,9,5,14
2009,5,4,9
2009,3,2,5
2009,3,10,13
2009,8,5,13
2009,7,2,9
2009,3,2,5
2009,8,4,12
2009,11,0,11
2009,4,3,7
2009,7,11,18
2009,7,14,21
2009,4,13,17
2009,6,5,11
2009,5,2,7
2009,4,2,6
2009,6,2,8
2009,9,5,14
2009,8,6,14
2009,3,2,5
2009,5,2,7
2009,4,2,6
2009,6,3,9
2009,2,0,2
2009,3,2,5
2009,4,3,7
2009,9,0,9
2009,5,3,8
2009,3,2,5
2009,4,11,15
2009,4,11,15
2009,3,1,4
2009,7,4,11
2009,7,3,10
2009,3,0,3
2009,10,0,10
2009,9,1,10
2009,8,4,12
2009,5,3,8
2009,9,4,13
2009,9,1,10
2009,4,3,7
2009,5,2,7
2009,7,0,7
2009,4,1,5
2009,3,2,5
2009,4,3,7
2009,6,4,10
2009,4,1,5
2009,5,3,8
2009,8,3,11
2009,3,2,5
2009,3,0,3
2009,9,5,14
2009,2,1,3
2009,5,1,6
2009,5,3,8
2009,4,3,7
2009,6,3,9
2009,7,11,18
2009,5,2,7
2009,5,3,8
2009,4,1,5
2009,8,5,13
2009,3,1,4
2009,10,0,10
2009,18,10,28
2009,9,6,15
2009,4,1,5
2009,5,11,16
2009,8,3,11
2009,8,5,13
2009,4,3,7
2009,4,3,7
2009,4,3,7
2009,4,3,7
2009,1,0,1
2009,4,1,5
2009,2,1,3
2009,7,6,13
2009,8,4,12
2009,5,2,7
2009,5,2,7
2009,2,10,12
2009,2,0,2
2009,5,3,8
2009,5,2,7
2009,4,2,6
2009,8,7,15
2009,4,1,5
2009,4,2,6
2009,4,10,14
2009,4,0,4
2009,7,0,7
2009,3,0,3
2009,3,10,13
2009,8,5,13
2009,6,4,10
2009,5,0,5
2009,8,3,11
2009,4,3,7
2009,8,3,11
2009,4,2,6
2009,7,4,11
2009,2,1,3
2009,4,3,7
2009,6,3,9
2009,5,10,15
2009,3,1,4
2009,5,1,6
2009,2,12,14
2009,5,2,7
2009,5,4,9
2009,7,0,7
2009,2,1,3
2009,2,0,2
2009,3,2,5
2009,6,2,8
2009,6,3,9
2009,7,14,21
2009,4,3,7
2009,6,0,6
2009,9,6,15
2009,3,1,4
2009,5,4,9
2009,5,1,6
2009,4,1,5
2009,4,1,5
2009,5,4,9
2009,2,1,3
2009,7,4,11
2009,3,2,5
2009,5,3,8
2009,9,5,14
2009,2,1,3
2009,8,6,14
2009,6,4,10
2009,9,5,14
2009,4,2,6
2009,7,0,7
2009,6,1,7
2009,3,1,4
2009,5,13,18
2009,4,3,7
2009,7,2,9
2009,4,3,7
2009,2,1,3
2009,4,2,6
2009,5,2,7
2009,6,5,11
2009,5,3,8
2009,8,14,22
2009,5,4,9
2009,7,2,9
2009,5,1,6
2009,4,3,7
2009,4,3,7
2009,6,3,9
2009,3,0,3
2009,4,1,5
2009,11,1,12
2009,4,2,6
2009,9,4,13
2009,6,3,9
2009,3,2,5
2009,5,4,9
2009,10,0,10
2009,3,11,14
2009,9,11,20
2009,5,10,15
2009,3,1,4
2009,2,1,3
2009,7,5,12
2009,4,3,7
2009,3,2,5
2009,4,2,6
2009,9,4,13
2009,4,3,7
2009,6,3,9
2009,5,3,8
2009,6,3,9
2009,4,3,7
2009,7,5,12
2009,4,3,7
2009,10,0,10
2009,4,3,7
2009,2,1,3
2009,5,1,6
2009,5,1,6
2009,4,2,6
2009,6,3,9
2009,8,5,13
2009,4,2,6
2009,4,1,5
2009,6,5,11
2009,3,0,3
2009,5,1,6
2009,9,7,16
2009,7,4,11
2009,4,13,17
2009,3,2,5
2009,8,7,15
2009,7,1,8
2009,6,3,9
2009,6,4,10
2009,2,1,3
2009,6,4,10
2009,5,3,8
2009,9,1,10
2009,5,12,17
2009,4,10,14
2009,4,2,6
2009,4,1,5
2009,3,10,13
2009,1,0,1
2009,4,3,7
2009,9,2,11
2009,9,1,10
2009,7,5,12
2009,6,13,19
2009,8,6,14
2009,3,11,14
2009,4,2,6
2009,4,2,6
2009,7,3,10
2009,9,10,19
2009,3,2,5
2009,9,1,10
2009,7,6,13
2009,8,3,11
2009,3,2,5
2009,5,3,8
2009,3,1,4
2009,4,0,4
2009,5,2,7
2009,7,0,7
2009,7,2,9
2009,7,2,9
2009,2,1,3
2009,8,0,8
2009,3,13,16
2009,5,4,9
2009,1,0,1
2009,7,3,10
2009,7,2,9
2009,9,2,11
2009,7,2,9
2009,5,0,5
2009,8,4,12
2009,2,0,2
2009,3,1,4
2009,6,5,11
2009,6,2,8
2009,6,3,9
2009,5,3,8
2009,4,2,6
2009,9,1,10
2009,6,11,17
2009,9,0,9
2009,6,0,6
2009,5,10,15
2009,4,1,5
2009,7,13,20
2009,5,4,9
2009,11,1,12
2009,5,4,9
2009,5,4,9
2009,4,10,14
2009,5,0,5
2009,4,2,6
2009,6,3,9
2009,2,10,12
2009,2,1,3
2009,6,1,7
2009,6,5,11
2009,4,2,6
2009,9,8,17
2009,9,5,14
2009,6,5,11
2009,4,3,7
2009,3,1,4
2009,7,3,10
2009,5,4,9
2009,6,1,7
2009,6,5,11
2009,4,1,5
2009,4,3,7
2009,5,2,7
2009,4,0,4
2009,7,3,10
2009,3,0,3
2009,4,3,7
2009,7,4,11
2009,3,2,5
2009,9,2,11
2009,5,2,7
2009,4,2,6
2009,4,3,7
2009,7,5,12
2009,9,4,13
2009,3,1,4
2009,11,0,11
2009,4,3,7
2009,8,4,12
2009,3,2,5
2009,3,0,3
2009,6,5,11
2009,2,1,3
2009,5,1,6
2009,3,2,5
2009,3,2,5
2009,4,11,15
2009,2,0,2
2009,4,10,14
2009,6,4,10
2009,5,11,16
2009,3,13,16
2009,3,2,5
2009,12,1,13
2009,7,2,9
2009,6,2,8
2009,3,2,5
2009,8,4,12
2009,2,1,3
2009,10,1,11
2009,2,1,3
2009,4,0,4
2009,3,2,5
2009,5,1,6
2009,4,2,6
2009,9,3,12
2009,2,1,3
2009,8,1,9
2009,6,2,8
2009,6,0,6
2009,6,2,8
2009,6,2,8
2009,4,11,15
2009,4,0,4
2009,7,1,8
2009,6,3,9
2009,3,1,4
2009,5,10,15
2009,5,2,7
2009,5,4,9
2009,7,0,7
2009,7,3,10
2009,9,12,21
2009,2,10,12
2009,3,11,14
2009,3,10,13
2009,6,11,17
2009,9,2,11
2009,6,5,11
2009,8,10,18
2009,8,6,14
2009,3,1,4
2009,11,10,21
2009,9,3,12
2009,3,0,3
2009,2,11,13
2009,5,1,6
2009,7,2,9
2009,3,1,4
2009,9,1,10
2009,4,10,14
2009,4,3,7
2009,6,5,11
2009,2,14,16
2009,3,2,5
2009,5,2,7
2009,8,6,14
2009,3,11,14
2009,6,3,9
2009,7,6,13
2009,3,0,3
2009,9,2,11
2009,3,2,5
2009,5,2,7
2009,9,8,17
2009,2,12,14
2009,5,4,9
2009,7,3,10
2009,5,4,9
2009,6,5,11
2009,5,4,9
2009,3,10,13
2009,9,4,13
2009,3,12,15
2009,4,1,5
2009,3,2,5
2009,5,4,9
2009,7,6,13
2009,3,0,3
2009,4,0,4
2009,2,0,2
2009,4,2,6
2009,2,1,3
2009,6,5,11
2009,4,10,14
2009,9,4,13
2009,8,4,12
2009,9,5,14
2009,3,1,4
2009,3,0,3
2009,8,3,11
2009,5,0,5
2009,4,1,5
2009,15,10,25
2009,8,5,13
2009,5,12,17
2009,9,8,17
2009,6,3,9
2009,9,6,15
2009,4,10,14
2009,6,11,17
2009,7,5,12
2009,3,0,3
2009,8,4,12
2009,6,2,8
2009,3,15,18
2009,5,4,9
2009,5,11,16
2009,7,4,11
2009,7,4,11
2009,8,4,12
2009,9,0,9
2009,4,3,7
2009,4,0,4
2009,3,2,5
2009,4,1,5
2009,6,5,11
2009,4,2,6
2009,6,5,11
2009,5,1,6
2009,7,6,13
2009,5,4,9
2009,6,3,9
2009,11,0,11
2009,4,0,4
2009,5,11,16
2009,6,1,7
2009,8,2,10
2009,8,2,10
2009,11,1,12
2009,7,6,13
2009,2,1,3
2009,5,2,7
2009,5,4,9
2009,8,7,15
2009,6,0,6
2009,7,2,9
2009,7,5,12
2009,3,2,5
2009,6,5,11
2009,4,3,7
2009,7,4,11
2009,3,1,4
2009,6,4,10
2009,8,4,12
2009,3,1,4
2009,4,3,7
2009,5,0,5
2009,5,4,9
2009,12,0,12
2009,4,0,4
2009,8,2,10
2009,6,1,7
2009,5,1,6
2009,1,0,1
2009,6,10,16
2009,7,2,9
2009,4,3,7
2009,3,10,13
2009,5,0,5
2009,7,0,7
2009,4,1,5
2009,5,3,8
2009,7,4,11
2009,3,11,14
2009,2,1,3
2009,3,0,3
2009,13,0,13
2009,9,2,11
2009,8,3,11
2009,5,3,8
2009,4,2,6
2009,7,3,10
2009,3,2,5
2009,6,3,9
2009,7,13,20
2009,6,2,8
2009,3,12,15
2009,3,1,4
2009,8,0,8
2009,4,3,7
2009,7,10,17
2009,7,1,8
2009,5,2,7
2009,7,2,9
2009,7,2,9
2009,7,4,11
2009,6,12,18
2009,4,13,17
2009,6,4,10
2009,6,3,9
2009,6,11,17
2009,5,0,5
2009,8,4,12
2009,5,1,6
2009,5,0,5
2009,5,4,9
2009,5,1,6
2009,4,2,6
2009,4,3,7
2009,2,0,2
2009,2,1,3
2009,5,4,9
2009,5,3,8
2009,2,1,3
2009,5,4,9
2009,7,12,19
2009,5,2,7
2009,6,0,6
2009,5,3,8
2009,5,3,8
2009,4,13,17
2009,4,0,4
2009,5,3,8
2009,7,6,13
2009,4,3,7
2009,4,3,7
2009,9,7,16
2009,2,10,12
2009,6,5,11
2009,5,3,8
2009,7,2,9
2009,5,1,6
2009,5,0,5
2009,3,2,5
2009,5,4,9
2009,4,1,5
2009,4,3,7
2009,5,1,6
2009,7,6,13
2009,6,5,11
2009,4,1,5
2009,5,4,9
2009,8,6,14
2009,2,1,3
2009,4,1,5
2009,4,3,7
2009,11,0,11
2009,5,4,9
2009,5,4,9
2009,10,1,11
2009,4,10,14
2009,7,6,13
2009,5,2,7
2009,6,1,7
2009,3,1,4
2009,8,5,13
2009,7,4,11
2009,8,6,14
2009,7,3,10
2010,9,7,16
2010,6,3,9
2010,6,3,9
2010,5,16,21
2010,6,0,6
2010,6,11,17
2010,5,2,7
2010,8,4,12
2010,5,3,8
2010,7,1,8
2010,5,3,8
2010,5,11,16
2010,5,4,9
2010,11,1,12
2010,5,3,8
2010,6,3,9
2010,6,4,10
2010,3,0,3
2010,7,5,12
2010,2,1,3
2010,4,3,7
2010,4,2,6
2010,5,3,8
2010,3,2,5
2010,3,1,4
2010,5,3,8
2010,6,3,9
2010,4,10,14
2010,3,2,5
2010,5,4,9
2010,7,6,13
2010,6,5,11
2010,4,3,7
2010,4,3,7
2010,7,4,11
2010,8,4,12
2010,10,1,11
2010,2,0,2
2010,5,3,8
2010,2,1,3
2010,7,3,10
2010,3,1,4
2010,6,2,8
2010,2,10,12
2010,5,4,9
2010,3,1,4
2010,6,5,11
2010,4,10,14
2010,9,1,10
2010,7,6,13
2010,4,3,7
2010,5,4,9
2010,7,0,7
2010,5,2,7
2010,7,3,10
2010,8,0,8
2010,4,3,7
2010,5,4,9
2010,8,2,10
2010,5,4,9
2010,9,3,12
2010,6,2,8
2010,4,3,7
2010,6,3,9
2010,3,0,3
2010,2,1,3
2010,4,3,7
2010,5,4,9
2010,4,2,6
2010,7,6,13
2010,9,6,15
2010,8,3,11
2010,7,1,8
2010,4,3,7
2010,7,2,9
2010,10,0,10
2010,4,3,7
2010,9,4,13
2010,6,15,21
2010,5,2,7
2010,5,4,9
2010,3,1,4
2010,4,2,6
2010,9,8,17
2010,6,5,11
2010,2,1,3
2010,8,6,14
2010,8,7,15
2010,5,2,7
2010,6,3,9
2010,7,3,10
2010,9,2,11
2010,5,1,6
2010,9,5,14
2010,4,2,6
2010,5,10,15
2010,6,5,11
2010,5,2,7
2010,7,4,11
2010,2,17,19
2010,4,0,4
2010,9,3,12
2010,5,0,5
2010,8,7,15
2010,8,6,14
2010,3,11,14
2010,6,5,11
2010,8,10,18
2010,9,5,14
2010,7,5,12
2010,3,0,3
2010,6,5,11
2010,4,2,6
2010,9,1,10
2010,7,6,13
2010,6,2,8
2010,6,5,11
2010,7,3,10
2010,5,3,8
2010,9,7,16
2010,6,3,9
2010,5,3,8
2010,7,14,21
2010,6,1,7
2010,4,2,6
2010,6,0,6
2010,2,1,3
2010,11,1,12
2010,8,6,14
2010,3,2,5
2010,5,0,5
2010,2,10,12
2010,6,5,11
2010,8,0,8
2010,6,2,8
2010,6,2,8
2010,7,5,12
2010,6,2,8
2010,5,1,6
2010,7,3,10
2010,9,5,14
2010,3,1,4
2010,7,2,9
2010,6,2,8
2010,8,10,18
2010,3,10,13
2010,5,1,6
2010,4,2,6
2010,8,6,14
2010,4,3,7
2010,6,3,9
2010,3,11,14
2010,4,3,7
2010,7,5,12
2010,5,3,8
2010,4,0,4
2010,6,5,11
2010,4,3,7
2010,3,2,5
2010,9,0,9
2010,6,5,11
2010,7,3,10
2010,4,3,7
2010,5,1,6
2010,5,4,9
2010,5,0,5
2010,4,2,6
2010,2,1,3
2010,6,3,9
2010,8,0,8
2010,4,3,7
2010,7,1,8
2010,3,2,5
2010,7,4,11
2010,2,1,3
2010,5,10,15
2010,5,2,7
2010,8,3,11
2010,2,0,2
2010,5,3,8
2010,5,3,8
2010,4,2,6
2010,5,3,8
2010,3,1,4
2010,7,11,18
2010,2,0,2
2010,4,2,6
2010,8,2,10
2010,6,1,7
2010,3,2,5
2010,8,2,10
2010,8,1,9
2010,5,2,7
2010,6,5,11
2010,9,7,16
2010,4,3,7
2010,7,6,13
2010,4,1,5
2010,9,11,20
2010,7,5,12
2010,5,1,6
2010,4,0,4
2010,7,3,10
2010,8,1,9
2010,1,0,1
2010,3,1,4
2010,4,3,7
2010,4,10,14
2010,4,3,7
2010,9,4,13
2010,2,0,2
2010,8,7,15
2010,12,0,12
2010,6,14,20
2010,5,4,9
2010,6,0,6
2010,9,3,12
2010,3,1,4
2010,8,0,8
2010,5,2,7
2010,4,1,5
2010,4,3,7
2010,6,4,10
2010,5,4,9
2010,8,3,11
2010,3,0,3
2010,2,10,12
2010,8,5,13
2010,5,1,6
2010,8,1,9
2010,5,2,7
2010,4,2,6
2010,20,0,20
2010,2,0,2
2010,6,4,10
2010,7,4,11
2010,4,3,7
2010,7,6,13
2010,4,10,14
2010,4,3,7
2010,8,3,11
2010,8,1,9
2010,5,2,7
2010,10,0,10
2010,4,1,5
2010,6,5,11
2010,5,4,9
2010,5,1,6
2010,7,1,8
2010,3,2,5
2010,7,6,13
2010,5,4,9
2010,5,0,5
2010,4,1,5
2010,8,1,9
2010,5,2,7
2010,9,7,16
2010,5,1,6
2010,3,1,4
2010,6,1,7
2010,2,0,2
2010,9,3,12
2010,8,4,12
2010,4,3,7
2010,8,4,12
2010,8,6,14
2010,7,6,13
2010,3,2,5
2010,5,4,9
2010,8,4,12
2010,3,10,13
2010,4,3,7
2010,2,12,14
2010,1,0,1
2010,11,0,11
2010,2,0,2
2010,6,0,6
2010,8,4,12
2010,1,0,1
2010,5,2,7
2010,4,3,7
2010,5,3,8
2010,10,1,11
2010,3,1,4
2010,3,17,20
2010,5,1,6
2010,4,3,7
2010,8,6,14
2010,13,12,25
2010,9,2,11
2010,5,4,9
2010,3,1,4
2010,12,1,13
2010,2,0,2
2010,4,1,5
2010,6,2,8
2010,3,2,5
2010,7,3,10
2010,4,0,4
2010,5,10,15
2010,6,2,8
2010,5,4,9
2010,8,6,14
2010,4,2,6
2010,2,1,3
2010,4,3,7
2010,8,3,11
2010,3,2,5
2010,12,11,23
2010,6,11,17
2010,6,4,10
2010,6,4,10
2010,6,5,11
2010,6,5,11
2010,7,3,10
2010,7,6,13
2010,6,0,6
2010,3,10,13
2010,6,5,11
2010,2,0,2
2010,4,0,4
2010,5,13,18
2010,3,0,3
2010,4,2,6
2010,2,0,2
2010,9,0,9
2010,4,10,14
2010,11,1,12
2010,7,5,12
2010,6,3,9
2010,4,2,6
2010,5,4,9
2010,5,11,16
2010,9,3,12
2010,6,10,16
2010,7,1,8
2010,6,2,8
2010,6,4,10
2010,9,1,10
2010,3,0,3
2010,2,0,2
2010,5,2,7
2010,3,2,5
2010,3,2,5
2010,2,10,12
2010,10,1,11
2010,9,12,21
2010,7,5,12
2010,5,4,9
2010,3,2,5
2010,7,1,8
2010,5,1,6
2010,7,6,13
2010,10,0,10
2010,2,1,3
2010,6,3,9
2010,6,1,7
2010,6,3,9
2010,4,2,6
2010,4,3,7
2010,7,1,8
2010,3,2,5
2010,5,10,15
2010,8,3,11
2010,5,1,6
2010,9,3,12
2010,9,3,12
2010,3,12,15
2010,5,11,16
2010,8,0,8
2010,3,1,4
2010,4,1,5
2010,6,0,6
2010,1,0,1
2010,9,3,12
2010,8,17,25
2010,5,1,6
2010,3,2,5
2010,5,1,6
2010,9,1,10
2010,4,10,14
2010,4,1,5
2010,4,2,6
2010,6,3,9
2010,5,2,7
2010,5,1,6
2010,7,2,9
2010,5,4,9
2010,8,5,13
2010,9,6,15
2010,1,0,1
2010,6,11,17
2010,4,3,7
2010,4,1,5
2010,7,6,13
2010,2,1,3
2010,3,2,5
2010,3,2,5
2010,5,2,7
2010,6,3,9
2010,3,1,4
2010,9,2,11
2010,5,4,9
2010,5,4,9
2010,3,2,5
2010,4,2,6
2010,3,11,14
2010,5,4,9
2010,7,5,12
2010,4,1,5
2010,4,0,4
2010,4,2,6
2010,6,5,11
2010,8,3,11
2010,7,6,13
2010,6,11,17
2010,2,0,2
2010,6,3,9
2010,6,3,9
2010,7,3,10
2010,2,0,2
2010,7,2,9
2010,11,1,12
2010,8,0,8
2010,13,12,25
2010,3,2,5
2010,3,2,5
2010,3,10,13
2010,7,4,11
2010,7,14,21
2010,7,0,7
2010,6,5,11
2010,6,4,10
2010,4,1,5
2010,7,0,7
2010,4,3,7
2010,8,0,8
2010,4,1,5
2010,4,2,6
2010,3,17,20
2010,3,14,17
2010,7,3,10
2010,2,14,16
2010,6,4,10
2010,2,1,3
2010,8,0,8
2010,7,3,10
2010,6,1,7
2010,5,4,9
2010,4,2,6
2010,4,1,5
2010,2,0,2
2010,4,3,7
2010,3,2,5
2010,5,4,9
2010,6,1,7
2010,9,3,12
2010,9,7,16
2010,5,3,8
2010,7,4,11
2010,4,3,7
2010,2,0,2
2010,6,0,6
2010,6,5,11
2010,4,0,4
2010,5,3,8
2010,4,11,15
2010,8,1,9
2010,6,4,10
2010,3,2,5
2010,5,4,9
2010,7,3,10
2010,7,6,13
2010,4,2,6
2010,9,5,14
2010,5,4,9
2010,8,2,10
2010,3,2,5
2010,2,1,3
2010,7,2,9
2010,3,13,16
2010,5,1,6
2010,6,1,7
2010,3,2,5
2010,8,2,10
2010,3,11,14
2010,5,2,7
2010,8,6,14
2010,9,0,9
2010,3,2,5
2010,6,3,9
2010,7,6,13
2010,4,3,7
2010,6,3,9
2010,5,2,7
2010,3,2,5
2010,4,3,7
2010,4,3,7
2010,2,0,2
2010,8,0,8
2010,4,0,4
2010,9,2,11
2010,3,2,5
2010,6,4,10
2010,5,0,5
2010,5,2,7
2010,9,6,15
2010,10,1,11
2010,6,5,11
2010,6,14,20
2010,6,0,6
2010,2,1,3
2010,6,4,10
2010,1,0,1
2010,4,1,5
2010,2,1,3
2010,4,0,4
2010,6,5,11
2010,8,1,9
2010,6,10,16
2010,4,3,7
2010,7,2,9
2010,7,2,9
2010,6,1,7
2010,9,5,14
2010,8,4,12
2010,4,3,7
2010,8,2,10
2010,4,3,7
2010,16,10,26
2010,3,12,15
2010,11,1,12
2010,8,2,10
2010,4,3,7
2010,4,3,7
2010,6,2,8
2010,4,3,7
2010,7,6,13
2010,7,5,12
2010,5,4,9
2010,6,10,16
2010,7,1,8
2010,4,1,5
2010,2,1,3
2010,3,2,5
2010,6,0,6
2010,4,0,4
2010,13,1,14
2010,5,1,6
2010,4,3,7
2010,7,2,9
2010,2,1,3
2010,5,1,6
2010,8,10,18
2010,5,3,8
2010,4,2,6
2010,6,3,9
2010,1,0,1
2010,4,3,7
2010,2,1,3
2010,5,2,7
2010,3,2,5
2010,4,3,7
2010,4,2,6
2010,6,3,9
2010,5,1,6
2010,6,2,8
2010,9,11,20
2010,8,4,12
2010,2,12,14
2010,3,1,4
2010,6,2,8
2010,4,3,7
2010,4,3,7
2010,8,3,11
2010,3,2,5
2010,4,3,7
2010,6,2,8
2010,5,4,9
2010,6,2,8
2010,8,0,8
2010,7,3,10
2010,7,6,13
2010,6,5,11
2010,2,1,3
2010,7,6,13
2010,3,2,5
2010,6,2,8
2010,8,7,15
2010,2,11,13
2010,13,1,14
2010,5,4,9
2010,3,2,5
2010,3,2,5
2010,8,4,12
2010,7,3,10
2010,5,10,15
2010,6,10,16
2010,5,1,6
2010,4,1,5
2010,6,4,10
2010,3,2,5
2010,5,1,6
2010,4,3,7
2010,5,3,8
2010,8,7,15
2010,9,10,19
2010,6,2,8
2010,6,5,11
2010,9,3,12
2010,4,0,4
2010,4,1,5
2010,8,6,14
2010,5,2,7
2010,5,4,9
2010,4,3,7
2010,4,3,7
2010,4,2,6
2010,7,13,20
2010,7,10,17
2010,8,6,14
2010,8,0,8
2010,7,4,11
2010,2,1,3
2010,9,2,11
2010,4,1,5
2010,3,15,18
2010,2,1,3
2010,6,1,7
2010,5,1,6
2010,7,0,7
2010,8,15,23
2010,9,5,14
2010,2,1,3
2010,5,3,8
2010,8,5,13
2010,4,1,5
2010,6,4,10
2010,4,2,6
2010,3,0,3
2010,6,4,10
2010,8,7,15
2010,5,3,8
2010,1,0,1
2010,5,0,5
2010,4,2,6
2010,2,1,3
2010,7,10,17
2010,5,4,9
2010,7,6,13
2010,4,12,16
2010,13,0,13
2010,4,3,7
2010,6,10,16
2010,7,11,18
2010,6,2,8
2010,4,3,7
2010,6,4,10
2010,3,0,3
2010,8,3,11
2010,3,2,5
2010,8,1,9
2010,6,5,11
2010,5,4,9
2010,4,3,7
2010,6,0,6
2010,7,5,12
2010,7,2,9
2010,6,1,7
2010,8,3,11
2010,5,1,6
2010,3,0,3
2010,2,1,3
2010,7,3,10
2010,3,2,5
2010,6,4,10
2010,8,7,15
2010,6,1,7
2010,1,0,1
2010,8,0,8
2010,1,0,1
2010,5,3,8
2010,4,2,6
2010,2,0,2
2010,6,5,11
2010,6,1,7
2010,8,5,13
2010,4,0,4
2010,5,4,9
2010,7,3,10
2010,7,3,10
2010,5,2,7
2010,5,0,5
2010,3,2,5
2010,5,0,5
2010,2,1,3
2010,5,4,9
2010,7,3,10
2010,3,11,14
2010,7,5,12
2010,4,3,7
2010,1,0,1
2010,8,2,10
2010,8,2,10
2010,8,3,11
2010,4,3,7
2010,8,2,10
2010,3,0,3
2010,8,3,11
2010,5,4,9
2010,5,1,6
2010,8,3,11
2010,7,3,10
2010,5,12,17
2010,7,1,8
2010,6,15,21
2010,5,4,9
2010,5,4,9
2010,3,2,5
2010,2,0,2
2010,2,1,3
2010,8,2,10
2010,5,3,8
2010,5,0,5
2010,4,2,6
2010,5,0,5
2010,5,1,6
2010,6,3,9
2010,1,0,1
2010,5,0,5
2010,2,12,14
2010,3,11,14
2010,6,0,6
2010,1,0,1
2010,8,6,14
2010,8,3,11
2010,13,11,24
2010,4,2,6
2010,12,1,13
2010,8,5,13
2010,5,2,7
2010,9,7,16
2010,5,2,7
2010,8,1,9
2010,9,1,10
2010,2,0,2
2010,4,3,7
2010,2,10,12
2010,1,0,1
2010,4,10,14
2010,6,3,9
2010,7,3,10
2010,3,2,5
2010,6,5,11
2010,8,5,13
2010,6,1,7
2010,9,3,12
2010,4,1,5
2010,5,13,18
2010,4,14,18
2010,7,1,8
2010,5,4,9
2010,2,11,13
2010,2,1,3
2010,6,18,24
2010,5,4,9
2010,4,0,4
2010,4,12,16
2010,3,2,5
2010,7,3,10
2010,9,4,13
2010,9,6,15
2010,3,2,5
2010,6,4,10
2010,8,7,15
2010,6,3,9
2010,1,0,1
2010,3,1,4
2010,3,2,5
2010,4,2,6
2010,7,1,8
2010,2,1,3
2010,9,8,17
2010,7,6,13
2010,2,1,3
2010,6,4,10
2010,9,5,14
2010,3,0,3
2010,7,4,11
2010,5,1,6
2010,7,2,9
2010,1,0,1
2010,9,1,10
2010,5,1,6
2010,2,1,3
2010,4,1,5
2010,4,1,5
2010,7,3,10
2010,9,8,17
2010,4,3,7
2010,6,12,18
2010,3,2,5
2010,6,4,10
2010,5,4,9
2010,4,3,7
2010,6,3,9
2010,4,1,5
2010,7,6,13
2010,11,0,11
2010,10,1,11
2010,3,1,4
2010,7,3,10
2010,5,4,9
2010,4,3,7
2010,5,4,9
2010,3,2,5
2010,6,4,10
2010,7,1,8
2010,8,0,8
2010,9,6,15
2010,6,1,7
2010,4,2,6
2010,4,3,7
2010,8,2,10
2010,3,1,4
2010,8,5,13
2010,4,2,6
2010,9,3,12
2010,6,1,7
2010,4,3,7
2010,6,2,8
2010,6,3,9
2010,2,11,13
2010,5,4,9
2010,6,1,7
2010,3,2,5
2010,5,1,6
2010,3,2,5
2010,4,3,7
2010,8,7,15
2010,6,3,9
2010,7,2,9
2010,5,4,9
2010,7,6,13
2010,5,4,9
2010,6,5,11
2010,6,5,11
2010,9,4,13
2010,4,3,7
2010,9,5,14
2010,4,3,7
2010,5,4,9
2010,7,4,11
2010,6,5,11
2010,4,1,5
2010,5,1,6
2010,4,12,16
2010,4,2,6
2010,3,1,4
2010,6,1,7
2010,4,2,6
2010,7,5,12
2010,7,12,19
2010,7,2,9
2010,3,0,3
2010,3,2,5
2010,4,3,7
2010,1,0,1
2010,3,2,5
2010,7,3,10
2010,2,1,3
2010,10,1,11
2010,8,10,18
2010,9,0,9
2010,7,1,8
2010,5,2,7
2010,2,1,3
2010,4,2,6
2010,3,15,18
2010,6,3,9
2010,11,0,11
2010,6,2,8
2010,4,3,7
2010,9,4,13
2010,6,2,8
2010,7,1,8
2010,10,1,11
2010,2,12,14
2010,7,5,12
2010,7,11,18
2010,4,3,7
2010,3,0,3
2010,7,6,13
2010,8,7,15
2010,5,4,9
2010,5,4,9
2010,9,8,17
2010,4,2,6
2010,3,0,3
2010,6,1,7
2010,2,0,2
2010,3,2,5
2010,3,12,15
2010,4,2,6
2010,5,2,7
2010,5,1,6
2010,2,12,14
2010,5,10,15
2010,6,5,11
2010,7,2,9
2010,5,3,8
2010,6,2,8
2010,10,1,11
2010,6,2,8
2010,2,1,3
2010,4,3,7
2010,4,3,7
2010,6,2,8
2010,9,14,23
2010,7,2,9
2010,3,1,4
2010,2,10,12
2010,2,1,3
2010,5,11,16
2010,7,1,8
2010,1,0,1
2010,4,3,7
2010,4,2,6
2010,4,3,7
2010,3,2,5
2010,9,3,12
2010,7,1,8
2010,5,4,9
2010,6,5,11
2010,7,5,12
2010,4,11,15
2010,5,3,8
2010,1,0,1
2010,7,3,10
2010,9,4,13
2010,3,10,13
2010,4,3,7
2010,6,5,11
2010,7,2,9
2010,7,3,10
2010,9,5,14
2010,4,2,6
2010,6,2,8
2010,6,1,7
2010,2,12,14
2010,6,3,9
2010,2,10,12
2010,9,3,12
2010,7,1,8
2010,4,10,14
2010,6,3,9
2010,9,5,14
2010,12,0,12
2010,7,6,13
2010,7,4,11
2010,3,2,5
2010,7,15,22
2010,9,3,12
2010,8,3,11
2010,6,4,10
2010,8,2,10
2010,4,1,5
2010,4,2,6
2010,5,1,6
2010,6,2,8
2010,6,2,8
2010,6,2,8
2010,6,2,8
2010,8,4,12
2010,8,3,11
2010,6,3,9
2010,4,2,6
2010,2,1,3
2010,6,3,9
2010,7,2,9
2010,7,1,8
2010,6,3,9
2010,2,1,3
2010,3,1,4
2010,8,5,13
2010,3,2,5
2010,7,1,8
2010,6,4,10
2010,8,3,11
2010,6,4,10
2010,5,2,7
2010,5,1,6
2010,7,1,8
2010,5,4,9
2010,6,4,10
2010,6,10,16
2010,7,6,13
2010,2,0,2
2010,7,5,12
2010,7,4,11
2010,9,3,12
2010,4,0,4
2010,9,5,14
2010,4,3,7
2010,3,2,5
2010,1,0,1
2010,6,4,10
2010,3,2,5
2010,2,1,3
2010,5,4,9
2010,5,4,9
2010,12,0,12
2010,8,7,15
2010,6,5,11
2010,9,8,17
2010,5,1,6
2010,5,3,8
2010,13,10,23
2010,6,4,10
2010,5,4,9
2010,5,1,6
2010,4,3,7
2010,3,0,3
2010,1,0,1
2010,8,5,13
2010,2,0,2
2010,12,1,13
2010,6,1,7
2010,3,1,4
2010,4,1,5
2010,5,4,9
2010,4,0,4
2010,4,1,5
2010,5,3,8
2010,9,4,13
2010,1,0,1
2010,3,2,5
2010,9,6,15
2010,6,3,9
2010,4,10,14
2010,6,4,10
2010,2,1,3
2010,6,3,9
2010,9,3,12
2010,4,10,14
2010,9,6,15
2010,2,1,3
2010,3,1,4
2010,7,5,12
2010,6,14,20
2010,4,2,6
2010,2,1,3
2010,2,0,2
2010,2,1,3
2010,6,3,9
2010,9,4,13
2010,4,3,7
2010,2,1,3
2010,6,5,11
2010,7,5,12
2010,4,2,6
2010,8,6,14
2010,6,3,9
2010,5,3,8
2010,5,0,5
2010,3,0,3
2010,7,6,13
2010,8,1,9
2010,5,4,9
2010,3,13,16
2010,1,0,1
2010,1,0,1
2010,6,10,16
2010,5,11,16
2010,2,0,2
2010,13,11,24
2010,7,5,12
2010,5,0,5
2010,6,5,11
2010,3,12,15
2010,3,2,5
2010,5,3,8
2010,6,5,11
2010,5,0,5
2010,4,3,7
2010,3,1,4
2010,7,6,13
2010,6,0,6
2010,3,10,13
2010,3,0,3
2010,4,2,6
2010,2,1,3
2010,8,3,11
2010,5,2,7
2010,4,14,18
2010,9,0,9
2010,5,4,9
2010,1,0,1
2010,7,4,11
2010,4,2,6
2010,4,3,7
2010,6,5,11
2010,3,2,5
2010,6,4,10
2010,2,1,3
2010,5,3,8
2010,9,4,13
2010,5,4,9
2010,6,0,6
2010,5,0,5
2010,5,1,6
2010,4,2,6
2010,5,3,8
2010,7,2,9
2010,3,10,13
2010,4,10,14
2010,4,3,7
2010,8,6,14
2010,5,3,8
2010,4,2,6
2010,3,10,13
2010,8,6,14
2010,3,0,3
2010,6,0,6
2010,3,2,5
2010,2,11,13
2010,5,1,6
2010,2,1,3
2010,10,1,11
2010,5,0,5
2010,2,1,3
2010,7,3,10
2010,2,1,3
2010,3,10,13
2010,3,1,4
2010,9,5,14
2010,7,5,12
2010,6,10,16
2010,4,2,6
2010,6,5,11
2010,6,5,11
2010,7,2,9
2010,4,2,6
2010,8,5,13
2010,3,1,4
2010,9,6,15
2010,5,4,9
2010,7,6,13
2010,4,3,7
2010,7,5,12
2010,4,11,15
2010,7,4,11
2010,6,3,9
2010,4,2,6
2010,8,0,8
2010,6,4,10
2010,4,1,5
2010,9,6,15
2010,9,4,13
2010,2,0,2
2010,4,3,7
2010,3,1,4
2010,6,5,11
2010,7,6,13
2010,5,1,6
2010,5,1,6
2010,7,0,7
2010,3,13,16
2010,8,2,10
2010,4,2,6
2010,2,1,3
2010,8,1,9
2010,3,2,5
2010,6,1,7
2010,7,3,10
2010,5,4,9
2010,4,2,6
2010,3,2,5
2010,6,3,9
2010,4,1,5
2010,2,1,3
2010,2,1,3
2010,5,12,17
2010,4,3,7
2010,3,2,5
2010,12,0,12
2010,3,0,3
2010,6,3,9
2010,7,1,8
2010,2,1,3
2010,6,1,7
2010,2,0,2
2010,3,0,3
2010,5,0,5
2010,5,3,8
2010,5,3,8
2010,4,2,6
2010,14,1,15
2010,4,1,5
2010,9,3,12
2010,3,1,4
2010,5,4,9
2010,8,11,19
2010,6,1,7
2010,8,6,14
2010,3,11,14
2010,4,12,16
2010,1,0,1
2010,5,12,17
2010,3,1,4
2010,6,5,11
2010,11,0,11
2010,3,1,4
2010,3,2,5
2010,6,1,7
2010,3,14,17
2010,3,1,4
2010,4,3,7
2010,8,1,9
2010,7,4,11
2010,7,6,13
2010,8,5,13
2010,3,2,5
2010,7,1,8
2010,5,3,8
2010,9,5,14
2010,9,4,13
2010,9,2,11
2010,9,12,21
2010,6,5,11
2010,6,1,7
2010,8,6,14
2010,3,1,4
2010,3,1,4
2010,6,4,10
2010,6,5,11
2010,9,3,12
2010,6,4,10
2010,4,1,5
2010,9,12,21
2010,7,5,12
2010,6,2,8
2010,7,3,10
2010,6,1,7
2010,3,0,3
2010,6,1,7
2010,6,3,9
2010,3,2,5
2010,3,2,5
2010,12,1,13
2010,7,6,13
2010,6,5,11
2010,8,3,11
2010,5,2,7
2010,8,7,15
2010,4,2,6
2010,6,3,9
2010,4,0,4
2010,2,15,17
2010,3,1,4
2010,6,2,8
2010,7,5,12
2010,7,3,10
2010,6,4,10
2010,4,3,7
2010,6,5,11
2010,7,6,13
2010,4,10,14
2010,1,0,1
2010,4,2,6
2010,2,0,2
2010,3,2,5
2010,9,3,12
2010,4,3,7
2010,3,1,4
2010,5,2,7
2010,6,4,10
2010,8,1,9
2010,7,1,8
2010,3,2,5
2010,8,2,10
2010,8,10,18
2010,7,3,10
2010,8,0,8
2010,9,7,16
2010,5,4,9
2010,4,2,6
2010,6,5,11
2010,9,7,16
2010,6,1,7
2010,9,3,12
2010,7,6,13
2010,3,14,17
2010,8,1,9
2010,5,4,9
2010,5,1,6
2010,4,2,6
2010,7,4,11
2010,4,1,5
2010,7,3,10
2010,4,3,7
2010,4,0,4
2010,15,1,16
2010,1,0,1
2010,4,1,5
2010,4,0,4
2010,6,1,7
2010,9,5,14
2010,5,10,15
2010,2,0,2
2010,5,15,20
2010,9,7,16
2010,6,3,9
2010,4,2,6
2010,7,0,7
2010,6,5,11
2010,3,0,3
2010,5,2,7
2010,1,0,1
2010,8,2,10
2010,6,5,11
2010,4,1,5
2010,3,2,5
2010,6,2,8
2010,8,3,11
2010,2,1,3
2010,7,2,9
2010,6,12,18
2010,8,7,15
2010,2,0,2
2010,7,1,8
2010,3,2,5
2010,9,3,12
2010,4,2,6
2010,8,4,12
2010,4,3,7
2010,3,2,5
2010,8,2,10
2010,4,0,4
2010,5,1,6
2010,7,4,11
2010,5,4,9
2010,5,2,7
2010,12,1,13
2010,1,0,1
2010,8,4,12
2010,7,6,13
2010,6,3,9
2010,3,2,5
2010,3,2,5
2010,4,1,5
2010,8,1,9
2010,4,3,7
2010,2,1,3
2010,2,0,2
2010,6,5,11
2010,3,2,5
2010,5,10,15
2010,6,12,18
2010,8,5,13
2010,8,4,12
2010,2,0,2
2010,2,1,3
2010,6,11,17
2010,10,1,11
2010,4,2,6
2010,6,11,17
2010,1,0,1
2010,7,2,9
2010,1,0,1
2010,9,6,15
2010,7,6,13
2010,9,5,14
2010,9,0,9
2010,6,4,10
2010,4,3,7
2010,5,4,9
2010,2,13,15
2010,8,1,9
2010,5,11,16
2010,7,2,9
2010,8,6,14
2010,9,8,17
2010,5,4,9
2010,5,2,7
2010,4,10,14
2010,2,1,3
2010,3,1,4
2010,6,1,7
2010,8,4,12
2010,3,2,5
2010,4,1,5
2010,11,10,21
2010,7,14,21
2010,8,7,15
2010,8,0,8
2010,10,0,10
2010,13,1,14
2010,7,5,12
2010,4,3,7
2010,2,10,12
2010,5,4,9
2010,9,11,20
2010,4,0,4
2010,7,1,8
2010,4,3,7
2010,6,4,10
2010,5,4,9
2010,4,3,7
2010,8,5,13
2010,4,1,5
2010,5,2,7
2010,5,2,7
2010,2,0,2
2010,6,0,6
2010,6,10,16
2010,6,4,10
2010,3,15,18
2010,2,1,3
2010,5,1,6
2010,3,0,3
2010,8,0,8
2010,5,0,5
2010,7,1,8
2010,5,2,7
2010,3,2,5
2010,2,0,2
2010,4,10,14
2010,3,2,5
2010,8,6,14
2010,2,0,2
2010,3,2,5
2010,7,4,11
2010,3,2,5
2010,5,0,5
2010,3,1,4
2010,7,6,13
2010,6,4,10
2010,6,1,7
2010,7,5,12
2010,7,1,8
2010,5,1,6
2010,6,0,6
2010,5,3,8
2010,2,1,3
2010,1,0,1
2010,4,10,14
2010,7,2,9
2010,6,5,11
2010,6,3,9
2010,3,2,5
2010,5,10,15
2010,7,0,7
2010,3,2,5
2010,4,3,7
2010,7,4,11
2010,2,10,12
2010,2,10,12
2010,9,2,11
2010,5,1,6
2010,6,2,8
2010,3,2,5
2010,4,10,14
2010,4,3,7
2010,4,2,6
2010,5,3,8
2010,6,5,11
2010,5,4,9
2010,4,0,4
2010,1,0,1
2010,8,3,11
2010,6,12,18
2010,6,4,10
2010,4,3,7
2010,6,3,9
2010,4,2,6
2010,6,4,10
2010,6,3,9
2010,6,1,7
2010,3,2,5
2010,5,2,7
2010,19,1,20
2010,3,2,5
2010,5,4,9
2010,4,3,7
2010,5,0,5
2010,9,5,14
2010,4,2,6
2010,11,0,11
2010,4,1,5
2010,4,2,6
2010,6,1,7
2010,2,11,13
2010,4,12,16
2010,8,2,10
2010,9,5,14
2010,2,0,2
2010,6,4,10
2010,3,2,5
2010,3,1,4
2010,8,2,10
2010,3,0,3
2010,7,3,10
2010,6,5,11
2010,8,0,8
2010,6,2,8
2010,8,1,9
2010,6,4,10
2010,2,10,12
2010,8,7,15
2010,7,1,8
2010,6,1,7
2010,9,10,19
2010,7,4,11
2010,3,1,4
2010,5,0,5
2010,3,1,4
2010,9,5,14
2010,4,11,15
2010,9,3,12
2010,6,5,11
2010,4,0,4
2010,3,2,5
2010,3,2,5
2010,5,0,5
2010,4,2,6
2010,7,4,11
2010,5,3,8
2010,9,7,16
2010,6,5,11
2010,6,1,7
2010,6,4,10
2010,2,17,19
2010,5,0,5
2010,7,5,12
2010,5,3,8
2010,9,6,15
2010,4,2,6
2010,6,5,11
2010,1,0,1
2010,3,2,5
2010,8,1,9
2010,8,1,9
2010,2,1,3
2010,5,4,9
2010,6,2,8
2010,5,2,7
2010,6,5,11
2010,6,0,6
2010,4,3,7
2010,4,0,4
2010,5,4,9
2010,6,3,9
2010,2,1,3
2010,11,1,12
2010,5,4,9
2010,2,1,3
2010,7,5,12
2010,4,1,5
2010,4,3,7
2010,4,1,5
2010,2,1,3
2010,8,7,15
2010,5,2,7
2010,5,4,9
2010,4,0,4
2010,14,1,15
2010,5,4,9
2010,2,0,2
2010,9,1,10
2010,3,0,3
2010,5,4,9
2010,6,4,10
2010,3,1,4
2010,4,1,5
2010,6,5,11
2010,18,1,19
2010,5,10,15
2010,8,6,14
2010,6,0,6
2010,4,0,4
2010,9,4,13
2010,4,2,6
2010,6,1,7
2010,3,2,5
2010,6,3,9
2010,3,1,4
2010,4,3,7
2010,10,0,10
2010,2,12,14
2010,7,1,8
2010,6,1,7
2010,2,1,3
2010,8,2,10
2010,3,2,5
2010,7,6,13
2010,3,2,5
2010,4,18,22
2010,6,4,10
2010,7,2,9
2010,8,3,11
2010,9,7,16
2010,9,1,10
2010,3,15,18
2010,6,1,7
2010,4,1,5
2010,7,2,9
2010,9,0,9
2010,5,1,6
2010,4,3,7
2010,9,4,13
2010,6,11,17
2010,8,4,12
2010,2,1,3
2010,8,4,12
2010,3,2,5
2010,5,4,9
2010,6,2,8
2010,6,4,10
2010,5,4,9
2010,5,0,5
2010,5,1,6
2010,6,0,6
2010,8,6,14
2010,2,1,3
2010,3,2,5
2010,2,1,3
2010,3,0,3
2010,7,6,13
2010,4,2,6
2010,7,0,7
2010,6,3,9
2010,6,5,11
2010,6,3,9
2010,5,1,6
2010,7,5,12
2010,6,3,9
2010,7,1,8
2010,2,1,3
2010,6,5,11
2010,3,0,3
2010,4,2,6
2010,4,3,7
2010,7,2,9
2010,10,1,11
2010,5,4,9
2010,3,2,5
2010,5,2,7
2010,5,2,7
2010,6,2,8
2010,1,0,1
2010,8,7,15
2010,2,1,3
2010,17,11,28
2010,10,1,11
2010,6,3,9
2010,4,3,7
2010,4,11,15
2010,5,4,9
2010,9,4,13
2010,8,3,11
2010,6,11,17
2010,7,2,9
2010,3,2,5
2010,6,5,11
2010,8,4,12
2010,3,2,5
2010,1,0,1
2010,6,4,10
2010,3,2,5
2010,7,3,10
2010,6,3,9
2010,4,10,14
2010,7,4,11
2010,2,1,3
2010,3,1,4
2010,4,3,7
2010,3,1,4
2010,6,12,18
2010,8,4,12
2010,8,14,22
2010,8,0,8
2010,4,2,6
2010,2,1,3
2010,1,0,1
2010,9,15,24
2010,4,1,5
2010,2,0,2
2010,8,6,14
2010,4,3,7
2010,7,5,12
2010,8,2,10
2010,2,1,3
2010,6,1,7
2010,6,1,7
2010,3,1,4
2010,3,2,5
2010,8,2,10
2010,8,2,10
2010,6,2,8
2010,2,0,2
2010,8,5,13
2010,5,1,6
2010,5,4,9
2010,7,6,13
2010,10,1,11
2010,9,5,14
2010,6,1,7
2010,4,1,5
2010,4,3,7
2010,8,4,12
2010,4,0,4
2010,9,10,19
2010,3,0,3
2010,8,7,15
2010,6,5,11
2010,5,0,5
2010,3,0,3
2010,1,0,1
2010,8,4,12
2010,7,2,9
2010,3,2,5
2010,5,4,9
2010,4,1,5
2010,4,3,7
2010,4,3,7
2010,1,0,1
2010,3,2,5
2010,6,3,9
2010,5,0,5
2010,9,10,19
2010,4,2,6
2010,7,2,9
2010,2,1,3
2010,3,2,5
2010,5,4,9
2010,9,3,12
2010,5,4,9
2010,3,2,5
2010,8,3,11
2010,2,0,2
2010,4,0,4
2010,3,2,5
2010,3,2,5
2010,7,3,10
2010,3,1,4
2010,9,2,11
2010,4,1,5
2010,13,1,14
2010,8,13,21
2010,2,0,2
2010,9,1,10
2010,6,5,11
2010,8,2,10
2010,1,0,1
2010,4,2,6
2010,3,1,4
2010,8,2,10
2010,9,7,16
2010,3,2,5
2010,7,3,10
2010,5,3,8
2010,4,3,7
2010,5,4,9
2010,9,5,14
2010,3,1,4
2010,3,1,4
2010,3,1,4
2010,7,1,8
2010,6,4,10
2010,6,2,8
2010,2,10,12
2010,4,0,4
2010,6,0,6
2010,1,0,1
2010,4,3,7
2010,2,1,3
2010,6,0,6
2010,7,6,13
2010,6,2,8
2010,6,2,8
2010,9,3,12
2010,6,0,6
2010,3,2,5
2010,10,1,11
2010,7,11,18
2010,3,2,5
2010,6,5,11
2010,7,5,12
2010,5,1,6
2010,3,2,5
2010,9,7,16
2010,3,2,5
2010,7,6,13
2010,9,5,14
2010,5,4,9
2010,8,2,10
2010,3,2,5
2010,3,2,5
2010,8,6,14
2010,9,5,14
2010,6,2,8
2010,4,0,4
2010,7,2,9
2010,5,3,8
2010,3,2,5
2010,7,3,10
2010,2,0,2
2010,11,0,11
2010,5,11,16
2010,4,3,7
2010,5,2,7
2010,4,2,6
2010,4,3,7
2010,2,0,2
2010,2,16,18
2010,5,3,8
2010,6,0,6
2010,9,0,9
2010,3,1,4
2010,6,10,16
2010,7,2,9
2010,6,0,6
2010,5,4,9
2010,1,0,1
2010,7,2,9
2010,6,3,9
2010,3,1,4
2010,8,6,14
2010,5,4,9
2010,5,4,9
2010,5,2,7
2010,6,3,9
2010,6,5,11
2010,7,6,13
2010,8,5,13
2010,6,5,11
2010,9,3,12
2010,9,5,14
2010,5,4,9
2010,8,1,9
2010,5,1,6
2010,5,1,6
2010,1,0,1
2010,6,4,10
2010,5,0,5
2010,5,16,21
2010,8,1,9
2010,2,1,3
2010,3,2,5
2010,5,2,7
2010,7,3,10
2010,4,0,4
2010,10,0,10
2010,3,2,5
2010,6,0,6
2010,2,1,3
2010,9,0,9
2010,4,3,7
2010,6,3,9
2010,5,4,9
2010,3,12,15
2010,3,2,5
2010,2,10,12
2010,2,11,13
2010,4,0,4
2010,3,2,5
2010,9,1,10
2010,3,10,13
2010,7,5,12
2010,5,0,5
2010,5,2,7
2010,9,1,10
2010,5,3,8
2010,6,5,11
2010,4,2,6
2010,4,3,7
2010,5,0,5
2010,5,16,21
2010,4,3,7
2010,5,11,16
2010,5,4,9
2010,3,12,15
2010,5,3,8
2010,4,2,6
2010,4,2,6
2010,6,1,7
2010,12,10,22
2010,4,3,7
2010,5,4,9
2010,5,4,9
2010,3,2,5
2010,5,2,7
2010,9,3,12
2010,12,11,23
2010,4,3,7
2010,6,3,9
2010,4,0,4
2010,8,0,8
2010,3,2,5
2010,7,1,8
2010,4,11,15
2010,5,1,6
2010,5,11,16
2010,6,4,10
2010,7,1,8
2010,11,10,21
2010,3,1,4
2010,7,1,8
2010,9,4,13
2010,7,1,8
2010,4,15,19
2010,6,2,8
2010,7,2,9
2010,2,1,3
2010,3,2,5
2010,6,3,9
2010,6,0,6
2010,3,1,4
2010,7,3,10
2010,3,2,5
2010,4,2,6
2010,5,0,5
2010,3,12,15
2010,9,12,21
2010,3,2,5
2010,4,3,7
2010,5,3,8
2010,8,7,15
2010,4,1,5
2010,3,1,4
2010,1,0,1
2010,3,11,14
2010,3,2,5
2010,5,0,5
2010,5,4,9
2010,5,14,19
2010,1,0,1
2010,7,6,13
2010,2,1,3
2010,7,5,12
2010,6,2,8
2010,5,10,15
2010,8,4,12
2010,5,1,6
2010,5,0,5
2010,2,1,3
2010,9,7,16
2010,5,3,8
2010,8,2,10
2010,4,10,14
2010,4,2,6
2010,7,2,9
2010,9,3,12
2010,2,14,16
2010,5,4,9
2010,6,10,16
2010,9,3,12
2010,3,0,3
2010,3,0,3
2010,3,0,3
2010,5,11,16
2010,5,3,8
2010,2,1,3
2010,6,2,8
2010,7,4,11
2010,9,2,11
2010,5,2,7
2010,7,14,21
2010,8,4,12
2010,4,3,7
2010,1,0,1
2010,3,0,3
2010,9,10,19
2010,8,4,12
2010,4,3,7
2010,9,3,12
2010,3,1,4
2010,5,2,7
2010,5,13,18
2010,5,2,7
2010,4,1,5
2010,9,6,15
2010,5,3,8
2010,6,1,7
2010,6,4,10
2010,16,10,26
2010,5,2,7
2010,4,3,7
2010,5,1,6
2010,2,1,3
2010,4,3,7
2010,4,2,6
2010,2,1,3
2010,2,1,3
2010,4,2,6
2010,6,4,10
2010,12,11,23
2010,9,10,19
2010,5,0,5
2010,6,3,9
2010,4,3,7
2010,4,1,5
2010,7,6,13
2010,6,1,7
2010,9,5,14
2010,4,2,6
2010,4,3,7
2010,7,3,10
2010,8,0,8
2010,1,0,1
2010,8,5,13
2010,4,3,7
2010,1,0,1
2010,3,2,5
2010,6,5,11
2010,8,4,12
2010,3,1,4
2010,3,1,4
2010,5,3,8
2010,2,0,2
2010,6,4,10
2010,5,4,9
2010,4,12,16
2010,7,5,12
2010,3,1,4
2010,5,4,9
2010,9,2,11
2010,6,2,8
2010,4,2,6
2010,6,1,7
2010,3,2,5
2010,8,7,15
2010,7,5,12
2010,5,18,23
2010,7,6,13
2010,2,1,3
2010,3,0,3
2010,6,5,11
2010,7,3,10
2010,7,4,11
2010,6,2,8
2010,8,1,9
2010,4,2,6
2010,3,0,3
2010,4,2,6
2010,3,2,5
2010,2,0,2
2010,5,12,17
2010,5,4,9
2010,5,10,15
2010,5,4,9
2010,8,6,14
2010,5,4,9
2010,4,3,7
2010,6,2,8
2010,7,1,8
2010,7,4,11
2010,3,1,4
2010,4,2,6
2010,7,2,9
2010,3,13,16
2010,6,1,7
2010,6,3,9
2010,5,14,19
2010,7,3,10
2010,4,3,7
2010,9,1,10
2010,4,2,6
2010,3,10,13
2010,6,2,8
2010,7,5,12
2010,8,7,15
2010,5,0,5
2010,2,1,3
2010,8,5,13
2010,4,1,5
2010,4,3,7
2010,3,1,4
2010,5,11,16
2010,4,0,4
2010,9,2,11
2010,5,1,6
2010,8,1,9
2010,4,3,7
2010,3,2,5
2010,4,3,7
2010,6,10,16
2010,9,3,12
2010,4,0,4
2010,8,1,9
2010,3,2,5
2010,4,11,15
2010,6,5,11
2010,6,3,9
2010,3,2,5
2010,7,3,10
2010,4,2,6
2010,4,3,7
2010,8,6,14
2010,4,3,7
2010,4,3,7
2010,2,0,2
2010,4,13,17
2010,6,3,9
2010,4,2,6
2010,4,0,4
2010,8,4,12
2010,5,0,5
2010,1,0,1
2010,6,5,11
2010,9,8,17
2010,3,1,4
2010,7,4,11
2010,6,3,9
2010,8,2,10
2010,5,4,9
2010,1,0,1
2010,2,1,3
2010,5,3,8
2010,6,3,9
2010,1,0,1
2010,4,3,7
2010,4,3,7
2010,1,0,1
2010,7,6,13
2010,13,1,14
2010,4,1,5
2010,3,0,3
2010,7,3,10
2010,6,12,18
2010,3,1,4
2010,6,2,8
2010,4,2,6
2010,6,2,8
2010,7,4,11
2010,2,0,2
2010,3,0,3
2010,5,3,8
2010,6,1,7
2010,4,1,5
2010,5,4,9
2010,6,5,11
2010,4,0,4
2010,4,3,7
2010,7,2,9
2010,6,4,10
2010,4,11,15
2010,4,2,6
2010,3,1,4
2010,1,0,1
2010,5,1,6
2010,5,1,6
2010,1,0,1
2010,6,0,6
2010,3,11,14
2010,9,3,12
2010,3,1,4
2010,4,3,7
2010,7,6,13
2010,2,1,3
2010,3,2,5
2010,3,11,14
2010,9,1,10
2010,9,6,15
2010,1,0,1
2010,7,2,9
2010,8,7,15
2010,4,11,15
2010,4,2,6
2010,3,1,4
2010,9,3,12
2010,7,5,12
2010,7,0,7
2010,9,6,15
2010,5,10,15
2010,8,6,14
2010,6,3,9
2010,8,7,15
2010,5,1,6
2010,2,1,3
2010,7,3,10
2010,4,3,7
2010,7,11,18
2010,8,5,13
2010,3,1,4
2010,3,2,5
2010,6,2,8
2010,2,10,12
2010,4,0,4
2010,4,3,7
2010,9,11,20
2010,9,2,11
2010,2,0,2
2010,5,3,8
2010,4,11,15
2010,7,5,12
2010,3,1,4
2010,6,4,10
2010,9,1,10
2010,4,3,7
2010,2,1,3
2010,3,0,3
2010,4,14,18
2010,4,3,7
2010,3,11,14
2010,4,3,7
2010,6,3,9
2010,5,3,8
2010,11,1,12
2010,6,4,10
2010,2,12,14
2010,4,2,6
2010,4,2,6
2010,5,2,7
2010,9,6,15
2010,6,1,7
2010,2,1,3
2010,8,4,12
2010,4,3,7
2010,4,3,7
2010,6,0,6
2010,9,7,16
2010,3,13,16
2010,4,3,7
2010,6,4,10
2010,7,6,13
2010,6,2,8
2010,6,3,9
2010,7,6,13
2010,4,3,7
2010,2,1,3
2010,9,2,11
2010,4,1,5
2010,6,3,9
2010,7,4,11
2010,4,2,6
2010,7,5,12
2010,4,0,4
2010,5,2,7
2010,9,3,12
2010,8,6,14
2010,3,0,3
2010,3,1,4
2010,8,2,10
2010,2,0,2
2010,3,1,4
2010,9,1,10
2010,1,0,1
2010,9,6,15
2010,5,2,7
2010,6,0,6
2010,4,3,7
2010,6,4,10
2010,8,3,11
2010,7,2,9
2010,5,3,8
2010,5,2,7
2010,5,3,8
2010,8,4,12
2010,2,1,3
2010,8,4,12
2010,6,1,7
2010,2,0,2
2010,4,2,6
2010,7,5,12
2010,3,1,4
2010,13,1,14
2010,5,1,6
2010,7,2,9
2010,4,3,7
2010,1,0,1
2010,6,11,17
2010,6,3,9
2010,4,3,7
2010,9,10,19
2010,13,0,13
2010,4,2,6
2010,3,1,4
2010,8,3,11
2010,3,10,13
2010,5,0,5
2010,9,2,11
2010,1,0,1
2010,7,2,9
2010,2,1,3
2010,3,1,4
2010,7,1,8
2010,7,3,10
2010,2,1,3
2010,10,1,11
2010,6,2,8
2010,8,10,18
2010,3,10,13
2010,3,2,5
2010,7,10,17
2010,4,3,7
2010,5,3,8
2010,6,4,10
2010,8,3,11
2010,6,2,8
2010,5,2,7
2010,7,3,10
2010,7,1,8
2010,9,10,19
2010,11,10,21
2010,4,0,4
2010,7,3,10
2010,4,3,7
2010,5,2,7
2010,6,4,10
2010,4,3,7
2010,9,1,10
2010,5,4,9
2010,5,0,5
2010,4,3,7
2010,5,4,9
2010,8,7,15
2010,5,3,8
2010,4,2,6
2010,5,1,6
2010,7,1,8
2010,4,3,7
2010,9,16,25
2010,7,3,10
2010,9,3,12
2010,2,12,14
2010,6,2,8
2010,5,2,7
2010,4,2,6
2010,6,5,11
2010,2,1,3
2010,6,1,7
2010,6,3,9
2010,3,1,4
2010,8,10,18
2010,1,0,1
2010,6,4,10
2010,4,0,4
2010,7,5,12
2010,7,5,12
2010,8,0,8
2010,4,2,6
2010,3,2,5
2010,5,4,9
2010,3,2,5
2010,9,7,16
2010,10,1,11
2010,4,3,7
2010,5,2,7
2010,4,2,6
2010,7,2,9
2010,5,0,5
2010,3,1,4
2010,6,1,7
2010,2,1,3
2010,2,1,3
2010,5,1,6
2010,5,2,7
2010,2,0,2
2010,4,0,4
2010,4,3,7
2010,7,6,13
2010,4,2,6
2010,8,7,15
2010,3,1,4
2010,3,0,3
2010,3,1,4
2010,4,1,5
2010,2,0,2
2010,6,5,11
2010,8,4,12
2010,7,1,8
2010,8,2,10
2010,9,1,10
2010,9,11,20
2010,3,2,5
2010,2,13,15
2010,9,2,11
2010,1,0,1
2010,8,1,9
2010,4,1,5
2010,6,1,7
2010,3,2,5
2010,5,11,16
2010,6,10,16
2010,2,1,3
2010,7,3,10
2010,4,3,7
2010,5,1,6
2010,2,0,2
2010,7,0,7
2010,7,5,12
2010,6,3,9
2010,2,1,3
2010,9,0,9
2010,6,4,10
2010,3,0,3
2010,5,4,9
2010,7,0,7
2010,2,1,3
2010,6,5,11
2010,7,6,13
2010,6,2,8
2010,7,4,11
2010,2,0,2
2010,8,3,11
2010,4,0,4
2010,3,2,5
2010,5,4,9
2010,7,2,9
2010,5,3,8
2010,4,2,6
2010,1,0,1
2010,6,2,8
2010,8,7,15
2010,4,2,6
2010,8,4,12
2010,6,5,11
2010,3,2,5
2010,5,2,7
2010,4,0,4
2010,3,2,5
2010,3,1,4
2010,2,1,3
2010,2,1,3
2010,4,3,7
2010,3,0,3
2010,6,1,7
2010,6,2,8
2010,6,4,10
2010,4,0,4
2010,5,1,6
2010,5,2,7
2010,1,0,1
2010,6,0,6
2010,7,4,11
2010,5,4,9
2010,6,1,7
2010,6,3,9
2010,3,2,5
2010,2,0,2
2010,5,2,7
2010,3,2,5
2010,5,1,6
2010,6,5,11
2010,4,3,7
2010,7,2,9
2010,6,1,7
2010,8,0,8
2010,3,10,13
2010,3,0,3
2010,7,2,9
2010,6,5,11
2010,4,2,6
2010,6,1,7
2010,3,2,5
2010,7,11,18
2010,9,0,9
2010,4,2,6
2010,4,0,4
2010,3,1,4
2011,7,6,13
2011,4,2,6
2011,2,1,3
2011,6,3,9
2011,5,3,8
2011,2,0,2
2011,6,3,9
2011,15,10,25
2011,7,6,13
2011,6,2,8
2011,2,1,3
2011,4,3,7
2011,6,2,8
2011,5,4,9
2011,4,1,5
2011,9,5,14
2011,3,13,16
2011,5,3,8
2011,4,2,6
2011,8,3,11
2011,3,1,4
2011,6,4,10
2011,5,4,9
2011,10,0,10
2011,6,10,16
2011,5,2,7
2011,9,4,13
2011,3,11,14
2011,3,1,4
2011,5,12,17
2011,6,1,7
2011,6,3,9
2011,5,4,9
2011,3,12,15
2011,7,1,8
2011,9,2,11
2011,9,12,21
2011,7,5,12
2011,7,10,17
2011,7,1,8
2011,7,3,10
2011,2,0,2
2011,5,1,6
2011,5,1,6
2011,4,3,7
2011,2,11,13
2011,5,1,6
2011,4,1,5
2011,2,1,3
2011,4,3,7
2011,4,3,7
2011,6,4,10
2011,6,5,11
2011,8,2,10
2011,3,1,4
2011,3,0,3
2011,3,2,5
2011,7,6,13
2011,1,0,1
2011,5,4,9
2011,7,1,8
2011,3,1,4
2011,3,2,5
2011,5,3,8
2011,3,2,5
2011,7,6,13
2011,7,3,10
2011,6,4,10
2011,4,12,16
2011,8,4,12
2011,7,5,12
2011,7,4,11
2011,7,10,17
2011,5,4,9
2011,7,10,17
2011,8,4,12
2011,3,1,4
2011,5,1,6
2011,7,3,10
2011,5,3,8
2011,9,5,14
2011,5,1,6
2011,3,2,5
2011,1,0,1
2011,5,3,8
2011,4,2,6
2011,4,3,7
2011,11,0,11
2011,7,1,8
2011,2,1,3
2011,3,2,5
2011,2,13,15
2011,6,3,9
2011,9,6,15
2011,9,7,16
2011,5,2,7
2011,4,3,7
2011,7,4,11
2011,2,1,3
2011,6,2,8
2011,4,3,7
2011,4,2,6
2011,3,12,15
2011,5,4,9
2011,6,5,11
2011,6,1,7
2011,2,10,12
2011,5,0,5
2011,13,1,14
2011,9,4,13
2011,4,2,6
2011,3,1,4
2011,7,5,12
2011,6,0,6
2011,1,0,1
2011,8,4,12
2011,6,4,10
2011,4,0,4
2011,2,1,3
2011,3,2,5
2011,3,1,4
2011,8,10,18
2011,3,0,3
2011,3,0,3
2011,4,0,4
2011,6,1,7
2011,9,5,14
2011,7,1,8
2011,6,5,11
2011,5,3,8
2011,7,3,10
2011,6,5,11
2011,7,2,9
2011,6,4,10
2011,6,1,7
2011,4,0,4
2011,8,2,10
2011,5,16,21
2011,2,1,3
2011,2,0,2
2011,5,4,9
2011,7,6,13
2011,3,2,5
2011,8,7,15
2011,6,1,7
2011,2,0,2
2011,8,13,21
2011,5,0,5
2011,3,2,5
2011,6,5,11
2011,5,4,9
2011,2,11,13
2011,4,3,7
2011,8,2,10
2011,3,2,5
2011,5,4,9
2011,7,4,11
2011,4,3,7
2011,5,15,20
2011,5,1,6
2011,7,4,11
2011,3,2,5
2011,9,5,14
2011,5,10,15
2011,7,4,11
2011,5,4,9
2011,6,0,6
2011,3,2,5
2011,8,3,11
2011,4,3,7
2011,3,2,5
2011,6,5,11
2011,1,0,1
2011,5,1,6
2011,9,5,14
2011,6,5,11
2011,6,5,11
2011,9,4,13
2011,3,0,3
2011,4,1,5
2011,4,3,7
2011,4,0,4
2011,5,2,7
2011,7,6,13
2011,4,3,7
2011,6,1,7
2011,8,2,10
2011,5,0,5
2011,4,2,6
2011,6,5,11
2011,2,11,13
2011,5,3,8
2011,8,4,12
2011,4,3,7
2011,5,2,7
2011,4,3,7
2011,5,3,8
2011,4,2,6
2011,4,0,4
2011,4,1,5
2011,7,2,9
2011,2,11,13
2011,8,3,11
2011,8,3,11
2011,5,3,8
2011,7,0,7
2011,9,2,11
2011,5,2,7
2011,6,2,8
2011,4,3,7
2011,6,5,11
2011,3,2,5
2011,8,1,9
2011,4,2,6
2011,7,6,13
2011,4,2,6
2011,9,5,14
2011,8,6,14
2011,3,2,5
2011,2,1,3
2011,6,5,11
2011,5,1,6
2011,3,2,5
2011,4,2,6
2011,8,4,12
2011,5,1,6
2011,5,3,8
2011,9,1,10
2011,1,0,1
2011,9,3,12
2011,8,1,9
2011,7,3,10
2011,4,2,6
2011,6,3,9
2011,8,3,11
2011,5,0,5
2011,7,1,8
2011,11,0,11
2011,5,4,9
2011,6,3,9
2011,6,0,6
2011,5,4,9
2011,10,1,11
2011,6,1,7
2011,5,0,5
2011,9,0,9
2011,3,13,16
2011,2,1,3
2011,4,15,19
2011,6,5,11
2011,5,4,9
2011,2,1,3
2011,5,4,9
2011,3,1,4
2011,2,10,12
2011,6,0,6
2011,7,5,12
2011,6,1,7
2011,4,3,7
2011,5,3,8
2011,4,3,7
2011,3,2,5
2011,8,6,14
2011,5,3,8
2011,4,1,5
2011,4,1,5
2011,6,2,8
2011,4,2,6
2011,3,1,4
2011,7,4,11
2011,9,5,14
2011,3,2,5
2011,5,3,8
2011,9,1,10
2011,3,0,3
2011,1,0,1
2011,5,0,5
2011,9,2,11
2011,4,3,7
2011,2,12,14
2011,9,3,12
2011,4,1,5
2011,7,14,21
2011,4,1,5
2011,2,0,2
2011,4,0,4
2011,4,1,5
2011,4,2,6
2011,6,11,17
2011,6,4,10
2011,5,0,5
2011,3,15,18
2011,8,10,18
2011,9,0,9
2011,3,1,4
2011,9,6,15
2011,3,10,13
2011,6,4,10
2011,7,2,9
2011,4,2,6
2011,9,1,10
2011,5,2,7
2011,5,3,8
2011,3,1,4
2011,6,4,10
2011,7,0,7
2011,6,3,9
2011,7,3,10
2011,3,0,3
2011,6,3,9
2011,4,1,5
2011,4,3,7
2011,8,4,12
2011,6,3,9
2011,3,1,4
2011,5,2,7
2011,9,6,15
2011,3,0,3
2011,8,7,15
2011,2,0,2
2011,5,0,5
2011,4,0,4
2011,5,3,8
2011,5,4,9
2011,9,5,14
2011,2,0,2
2011,4,2,6
2011,5,3,8
2011,6,4,10
2011,8,3,11
2011,7,5,12
2011,4,1,5
2011,4,3,7
2011,9,4,13
2011,7,3,10
2011,4,2,6
2011,6,5,11
2011,3,2,5
2011,3,2,5
2011,3,2,5
2011,8,2,10
2011,3,10,13
2011,6,4,10
2011,2,1,3
2011,8,4,12
2011,5,4,9
2011,7,2,9
2011,10,1,11
2011,5,4,9
2011,6,5,11
2011,7,6,13
2011,8,2,10
2011,3,1,4
2011,2,0,2
2011,7,0,7
2011,7,6,13
2011,6,3,9
2011,2,11,13
2011,6,2,8
2011,8,2,10
2011,7,2,9
2011,7,11,18
2011,3,15,18
2011,6,1,7
2011,3,12,15
2011,5,2,7
2011,5,2,7
2011,4,3,7
2011,4,2,6
2011,5,3,8
2011,5,4,9
2011,4,10,14
2011,7,6,13
2011,9,5,14
2011,3,0,3
2011,5,0,5
2011,4,3,7
2011,3,2,5
2011,5,3,8
2011,3,1,4
2011,3,10,13
2011,8,5,13
2011,3,0,3
2011,5,3,8
2011,3,2,5
2011,2,0,2
2011,6,2,8
2011,4,3,7
2011,3,2,5
2011,4,1,5
2011,2,1,3
2011,2,11,13
2011,5,2,7
2011,5,4,9
2011,2,11,13
2011,2,1,3
2011,2,1,3
2011,2,1,3
2011,4,3,7
2011,6,5,11
2011,3,2,5
2011,6,4,10
2011,9,5,14
2011,5,4,9
2011,8,4,12
2011,5,0,5
2011,3,10,13
2011,7,0,7
2011,5,2,7
2011,7,2,9
2011,2,1,3
2011,6,5,11
2011,5,2,7
2011,6,2,8
2011,9,5,14
2011,6,2,8
2011,5,3,8
2011,5,2,7
2011,5,4,9
2011,4,3,7
2011,6,5,11
2011,2,0,2
2011,4,3,7
2011,7,3,10
2011,1,0,1
2011,4,10,14
2011,4,2,6
2011,6,5,11
2011,4,1,5
2011,7,6,13
2011,4,1,5
2011,4,1,5
2011,6,5,11
2011,4,3,7
2011,7,5,12
2011,3,2,5
2011,6,4,10
2011,8,3,11
2011,8,0,8
2011,5,3,8
2011,3,2,5
2011,3,2,5
2011,4,0,4
2011,3,2,5
2011,5,1,6
2011,2,0,2
2011,3,1,4
2011,7,4,11
2011,7,4,11
2011,5,2,7
2011,8,7,15
2011,3,2,5
2011,3,2,5
2011,2,1,3
2011,11,0,11
2011,4,10,14
2011,6,3,9
2011,9,1,10
2011,5,2,7
2011,4,3,7
2011,7,3,10
2011,3,1,4
2011,6,3,9
2011,3,1,4
2011,2,1,3
2011,6,2,8
2011,9,2,11
2011,5,4,9
2011,3,2,5
2011,3,2,5
2011,6,3,9
2011,5,0,5
2011,3,2,5
2011,4,3,7
2011,3,2,5
2011,4,3,7
2011,6,0,6
2011,4,1,5
2011,7,4,11
2011,4,3,7
2011,8,2,10
2011,4,0,4
2011,3,2,5
2011,5,2,7
2011,4,3,7
2011,4,2,6
2011,3,0,3
2011,6,1,7
2011,6,0,6
2011,6,0,6
2011,3,2,5
2011,4,0,4
2011,7,5,12
2011,9,0,9
2011,6,5,11
2011,5,3,8
2011,9,5,14
2011,2,0,2
2011,8,0,8
2011,5,2,7
2011,4,2,6
2011,5,2,7
2011,5,4,9
2011,4,3,7
2011,5,2,7
2011,3,0,3
2011,3,1,4
2011,5,12,17
2011,5,2,7
2011,8,0,8
2011,2,1,3
2011,2,1,3
2011,6,4,10
2011,6,1,7
2011,4,3,7
2011,4,1,5
2011,7,2,9
2011,5,10,15
2011,6,2,8
2011,7,6,13
2011,7,6,13
2011,6,4,10
2011,5,4,9
2011,4,3,7
2011,2,1,3
2011,7,3,10
2011,8,6,14
2011,2,10,12
2011,3,1,4
2011,3,10,13
2011,1,0,1
2011,7,2,9
2011,7,6,13
2011,6,4,10
2011,7,3,10
2011,4,2,6
2011,4,11,15
2011,8,2,10
2011,5,3,8
2011,4,3,7
2011,6,13,19
2011,9,7,16
2011,4,3,7
2011,2,0,2
2011,4,3,7
2011,9,3,12
2011,6,5,11
2011,2,1,3
2011,9,1,10
2011,7,4,11
2011,9,5,14
2011,5,11,16
2011,3,2,5
2011,5,4,9
2011,4,11,15
2011,6,5,11
2011,5,4,9
2011,7,12,19
2011,3,1,4
2011,6,4,10
2011,4,3,7
2011,5,2,7
2011,2,0,2
2011,5,4,9
2011,4,3,7
2011,3,0,3
2011,4,1,5
2011,6,5,11
2011,5,3,8
2011,3,0,3
2011,7,3,10
2011,9,7,16
2011,3,0,3
2011,7,3,10
2011,1,0,1
2011,8,2,10
2011,9,3,12
2011,6,0,6
2011,6,2,8
2011,6,0,6
2011,3,2,5
2011,1,0,1
2011,3,2,5
2011,9,7,16
2011,8,2,10
2011,7,4,11
2011,4,1,5
2011,9,6,15
2011,3,11,14
2011,7,5,12
2011,4,3,7
2011,9,3,12
2011,5,4,9
2011,8,4,12
2011,8,4,12
2011,3,2,5
2011,8,7,15
2011,4,0,4
2011,7,4,11
2011,7,4,11
2011,4,2,6
2011,19,1,20
2011,2,1,3
2011,2,1,3
2011,5,4,9
2011,5,2,7
2011,3,1,4
2011,6,5,11
2011,4,2,6
2011,6,1,7
2011,3,1,4
2011,4,3,7
2011,7,5,12
2011,5,3,8
2011,7,3,10
2011,3,0,3
2011,14,0,14
2011,2,1,3
2011,2,1,3
2011,6,2,8
2011,5,4,9
2011,4,1,5
2011,1,0,1
2011,1,0,1
2011,5,0,5
2011,7,5,12
2011,5,4,9
2011,8,5,13
2011,3,0,3
2011,4,3,7
2011,2,1,3
2011,5,2,7
2011,3,0,3
2011,5,1,6
2011,6,5,11
2011,2,1,3
2011,2,13,15
2011,4,3,7
2011,8,2,10
2011,5,3,8
2011,5,1,6
2011,2,1,3
2011,3,1,4
2011,1,0,1
2011,11,1,12
2011,7,1,8
2011,1,0,1
2011,2,1,3
2011,4,2,6
2011,3,2,5
2011,9,0,9
2011,8,7,15
2011,5,17,22
2011,5,15,20
2011,6,4,10
2011,5,4,9
2011,5,3,8
2011,3,0,3
2011,7,6,13
2011,2,1,3
2011,3,2,5
2011,10,1,11
2011,4,1,5
2011,2,1,3
2011,5,2,7
2011,5,4,9
2011,9,6,15
2011,8,3,11
2011,9,3,12
2011,9,2,11
2011,2,1,3
2011,5,3,8
2011,3,0,3
2011,3,2,5
2011,7,3,10
2011,2,0,2
2011,6,2,8
2011,4,0,4
2011,3,0,3
2011,7,5,12
2011,4,1,5
2011,3,2,5
2011,2,1,3
2011,5,1,6
2011,8,3,11
2011,4,12,16
2011,4,0,4
2011,9,8,17
2011,3,1,4
2011,9,3,12
2011,2,0,2
2011,2,0,2
2011,6,1,7
2011,5,4,9
2011,3,2,5
2011,4,1,5
2011,3,2,5
2011,6,3,9
2011,4,3,7
2011,3,11,14
2011,8,7,15
2011,7,3,10
2011,3,10,13
2011,3,1,4
2011,4,0,4
2011,6,1,7
2011,5,3,8
2011,11,1,12
2011,4,2,6
2011,4,12,16
2011,5,2,7
2011,7,6,13
2011,5,4,9
2011,7,6,13
2011,4,2,6
2011,5,4,9
2011,6,3,9
2011,2,0,2
2011,3,2,5
2011,5,1,6
2011,8,6,14
2011,4,1,5
2011,9,2,11
2011,7,4,11
2011,2,14,16
2011,2,1,3
2011,2,1,3
2011,6,4,10
2011,3,0,3
2011,7,3,10
2011,5,4,9
2011,4,2,6
2011,3,1,4
2011,7,6,13
2011,2,1,3
2011,4,3,7
2011,6,5,11
2011,9,3,12
2011,6,3,9
2011,14,1,15
2011,4,10,14
2011,1,0,1
2011,3,1,4
2011,5,1,6
2011,4,2,6
2011,3,10,13
2011,6,3,9
2011,7,6,13
2011,3,2,5
2011,5,4,9
2011,6,5,11
2011,6,4,10
2011,6,2,8
2011,4,3,7
2011,5,0,5
2011,7,12,19
2011,4,2,6
2011,2,1,3
2011,7,6,13
2011,10,0,10
2011,4,15,19
2011,3,11,14
2011,6,1,7
2011,3,2,5
2011,1,0,1
2011,5,2,7
2011,4,2,6
2011,5,4,9
2011,7,3,10
2011,10,1,11
2011,9,8,17
2011,2,1,3
2011,2,1,3
2011,3,2,5
2011,4,3,7
2011,4,3,7
2011,3,0,3
2011,4,2,6
2011,8,0,8
2011,6,0,6
2011,6,5,11
2011,9,5,14
2011,6,4,10
2011,7,1,8
2011,7,0,7
2011,7,6,13
2011,4,13,17
2011,5,4,9
2011,4,15,19
2011,3,2,5
2011,7,3,10
2011,7,12,19
2011,7,3,10
2011,6,5,11
2011,8,10,18
2011,7,1,8
2011,7,3,10
2011,5,0,5
2011,4,3,7
2011,7,3,10
2011,5,11,16
2011,11,1,12
2011,5,4,9
2011,5,2,7
2011,5,4,9
2011,7,10,17
2011,7,3,10
2011,7,2,9
2011,8,7,15
2011,7,3,10
2011,8,2,10
2011,5,1,6
2011,3,10,13
2011,3,2,5
2011,4,3,7
2011,5,4,9
2011,6,3,9
2011,2,10,12
2011,6,5,11
2011,4,3,7
2011,7,4,11
2011,3,1,4
2011,4,3,7
2011,4,2,6
2011,2,0,2
2011,3,0,3
2011,9,3,12
2011,4,2,6
2011,2,1,3
2011,7,5,12
2011,3,0,3
2011,9,13,22
2011,2,1,3
2011,6,1,7
2011,7,4,11
2011,8,2,10
2011,9,8,17
2011,7,4,11
2011,8,2,10
2011,7,12,19
2011,3,2,5
2011,4,0,4
2011,8,4,12
2011,8,6,14
2011,6,4,10
2011,2,1,3
2011,2,11,13
2011,6,5,11
2011,5,2,7
2011,6,3,9
2011,2,1,3
2011,3,1,4
2011,7,0,7
2011,3,1,4
2011,6,1,7
2011,3,2,5
2011,2,0,2
2011,5,3,8
2011,9,8,17
2011,4,2,6
2011,8,11,19
2011,4,0,4
2011,3,2,5
2011,7,2,9
2011,5,0,5
2011,6,3,9
2011,6,3,9
2011,3,2,5
2011,2,1,3
2011,5,4,9
2011,5,3,8
2011,9,4,13
2011,7,4,11
2011,6,3,9
2011,7,3,10
2011,9,6,15
2011,2,0,2
2011,6,5,11
2011,6,0,6
2011,6,4,10
2011,7,3,10
2011,7,2,9
2011,9,6,15
2011,2,1,3
2011,3,2,5
2011,5,1,6
2011,4,2,6
2011,3,1,4
2011,8,2,10
2011,6,4,10
2011,7,2,9
2011,3,2,5
2011,3,1,4
2011,3,0,3
2011,5,4,9
2011,7,13,20
2011,4,1,5
2011,4,0,4
2011,5,1,6
2011,8,2,10
2011,1,0,1
2011,1,0,1
2011,7,4,11
2011,8,5,13
2011,2,1,3
2011,6,4,10
2011,6,2,8
2011,8,5,13
2011,2,0,2
2011,2,1,3
2011,8,1,9
2011,4,3,7
2011,3,2,5
2011,7,4,11
2011,4,1,5
2011,3,2,5
2011,3,2,5
2011,4,1,5
2011,9,8,17
2011,7,6,13
2011,6,11,17
2011,2,0,2
2011,3,2,5
2011,5,3,8
2011,3,1,4
2011,7,3,10
2011,9,4,13
2011,9,7,16
2011,4,1,5
2011,3,2,5
2011,9,2,11
2011,3,2,5
2011,4,1,5
2011,5,4,9
2011,8,3,11
2011,4,3,7
2011,2,0,2
2011,7,3,10
2011,3,0,3
2011,4,2,6
2011,7,0,7
2011,7,5,12
2011,6,5,11
2011,3,2,5
2011,6,4,10
2011,4,11,15
2011,8,0,8
2011,9,3,12
2011,7,11,18
2011,7,5,12
2011,8,1,9
2011,2,1,3
2011,3,2,5
2011,5,1,6
2011,7,5,12
2011,7,5,12
2011,3,2,5
2011,7,11,18
2011,8,1,9
2011,9,5,14
2011,6,3,9
2011,5,3,8
2011,8,1,9
2011,4,0,4
2011,7,1,8
2011,3,2,5
2011,2,1,3
2011,2,10,12
2011,4,16,20
2011,9,0,9
2011,9,6,15
2011,5,4,9
2011,8,10,18
2011,7,3,10
2011,5,1,6
2011,4,1,5
2011,4,3,7
2011,6,1,7
2011,9,1,10
2011,4,3,7
2011,7,0,7
2011,2,0,2
2011,4,2,6
2011,14,1,15
2011,1,0,1
2011,3,1,4
2011,2,1,3
2011,9,12,21
2011,8,3,11
2011,6,4,10
2011,1,0,1
2011,3,1,4
2011,6,3,9
2011,6,5,11
2011,4,3,7
2011,5,4,9
2011,6,3,9
2011,4,0,4
2011,1,0,1
2011,3,2,5
2011,4,12,16
2011,7,4,11
2011,9,1,10
2011,4,0,4
2011,4,0,4
2011,6,5,11
2011,8,6,14
2011,5,2,7
2011,4,0,4
2011,9,5,14
2011,6,3,9
2011,6,4,10
2011,7,3,10
2011,7,2,9
2011,4,1,5
2011,4,12,16
2011,2,1,3
2011,8,1,9
2011,5,4,9
2011,3,1,4
2011,3,0,3
2011,4,1,5
2011,10,0,10
2011,3,2,5
2011,9,8,17
2011,7,12,19
2011,6,2,8
2011,5,4,9
2011,1,0,1
2011,3,2,5
2011,8,4,12
2011,3,0,3
2011,4,2,6
2011,4,3,7
2011,7,4,11
2011,4,1,5
2011,6,2,8
2011,4,10,14
2011,3,1,4
2011,3,2,5
2011,5,1,6
2011,6,13,19
2011,7,3,10
2011,6,5,11
2011,4,3,7
2011,5,2,7
2011,4,2,6
2011,5,4,9
2011,5,1,6
2011,8,4,12
2011,6,2,8
2011,5,4,9
2011,4,2,6
2011,4,3,7
2011,4,0,4
2011,5,1,6
2011,5,4,9
2011,7,0,7
2011,1,0,1
2011,6,1,7
2011,4,2,6
2011,5,1,6
2011,5,4,9
2011,7,4,11
2011,4,2,6
2011,8,2,10
2011,4,2,6
2011,3,12,15
2011,4,10,14
2011,2,1,3
2011,5,2,7
2011,9,1,10
2011,1,0,1
2011,5,4,9
2011,7,3,10
2011,2,1,3
2011,2,0,2
2011,5,4,9
2011,2,1,3
2011,7,4,11
2011,2,0,2
2011,5,14,19
2011,6,3,9
2011,5,3,8
2011,8,7,15
2011,2,1,3
2011,4,0,4
2011,8,4,12
2011,8,3,11
2011,8,3,11
2011,5,1,6
2011,5,4,9
2011,3,2,5
2011,4,3,7
2011,5,2,7
2011,7,2,9
2011,6,1,7
2011,5,1,6
2011,7,3,10
2011,9,3,12
2011,9,2,11
2011,2,10,12
2011,5,4,9
2011,6,5,11
2011,5,1,6
2011,5,1,6
2011,4,3,7
2011,4,2,6
2011,2,10,12
2011,4,3,7
2011,6,5,11
2011,3,2,5
2011,7,5,12
2011,6,3,9
2011,3,2,5
2011,5,4,9
2011,5,1,6
2011,4,0,4
2011,5,3,8
2011,2,1,3
2011,5,3,8
2011,4,1,5
2011,2,1,3
2011,2,12,14
2011,1,0,1
2011,5,4,9
2011,9,5,14
2011,7,6,13
2011,5,1,6
2011,6,4,10
2011,8,3,11
2011,4,3,7
2011,4,2,6
2011,1,0,1
2011,3,1,4
2011,2,11,13
2011,5,1,6
2011,4,3,7
2011,5,4,9
2011,8,1,9
2011,5,10,15
2011,3,0,3
2011,6,0,6
2011,7,2,9
2011,3,2,5
2011,6,1,7
2011,11,1,12
2011,8,3,11
2011,4,1,5
2011,6,4,10
2011,10,1,11
2011,4,2,6
2011,1,0,1
2011,6,3,9
2011,5,14,19
2011,7,5,12
2011,2,1,3
2011,8,3,11
2011,14,10,24
2011,6,3,9
2011,3,2,5
2011,6,2,8
2011,6,4,10
2011,3,1,4
2011,4,2,6
2011,4,1,5
2011,2,1,3
2011,3,1,4
2011,5,0,5
2011,8,5,13
2011,4,3,7
2011,5,4,9
2011,7,3,10
2011,4,2,6
2011,15,0,15
2011,4,3,7
2011,3,1,4
2011,5,0,5
2011,5,11,16
2011,6,4,10
2011,6,2,8
2011,7,13,20
2011,6,3,9
2011,3,2,5
2011,3,14,17
2011,7,3,10
2011,6,4,10
2011,2,12,14
2011,1,0,1
2011,5,0,5
2011,4,2,6
2011,5,4,9
2011,4,3,7
2011,7,6,13
2011,1,0,1
2011,6,2,8
2011,5,1,6
2011,2,1,3
2011,3,2,5
2011,9,16,25
2011,3,2,5
2011,1,0,1
2011,5,2,7
2011,3,0,3
2011,2,1,3
2011,4,1,5
2011,5,3,8
2011,4,3,7
2011,2,1,3
2011,9,6,15
2011,5,2,7
2011,6,4,10
2011,5,2,7
2011,7,0,7
2011,5,0,5
2011,5,4,9
2011,5,2,7
2011,6,2,8
2011,5,0,5
2011,4,0,4
2011,6,4,10
2011,8,2,10
2011,9,0,9
2011,4,3,7
2011,7,5,12
2011,6,2,8
2011,5,1,6
2011,5,4,9
2011,6,0,6
2011,5,3,8
2011,5,15,20
2011,7,6,13
2011,2,1,3
2011,7,1,8
2011,5,4,9
2011,1,0,1
2011,3,1,4
2011,9,6,15
2011,3,15,18
2011,4,10,14
2011,8,7,15
2011,5,2,7
2011,4,2,6
2011,1,0,1
2011,5,1,6
2011,9,5,14
2011,5,3,8
2011,5,3,8
2011,4,3,7
2011,3,1,4
2011,5,4,9
2011,3,1,4
2011,7,5,12
2011,8,16,24
2011,6,3,9
2011,2,1,3
2011,9,7,16
2011,3,2,5
2011,7,2,9
2011,3,1,4
2011,8,3,11
2011,6,4,10
2011,7,4,11
2011,2,10,12
2011,5,1,6
2011,4,1,5
2011,9,7,16
2011,5,4,9
2011,6,3,9
2011,1,0,1
2011,5,2,7
2011,8,6,14
2011,7,0,7
2011,2,1,3
2011,5,3,8
2011,5,3,8
2011,1,0,1
2011,4,13,17
2011,5,4,9
2011,1,0,1
2011,5,3,8
2011,3,2,5
2011,5,3,8
2011,9,2,11
2011,2,14,16
2011,6,0,6
2011,7,3,10
2011,3,2,5
2011,4,2,6
2011,5,1,6
2011,5,3,8
2011,8,1,9
2011,4,2,6
2011,3,2,5
2011,5,4,9
2011,9,1,10
2011,6,4,10
2011,4,1,5
2011,5,3,8
2011,7,6,13
2011,5,3,8
2011,3,1,4
2011,5,12,17
2011,2,0,2
2011,8,2,10
2011,6,5,11
2011,9,8,17
2011,5,13,18
2011,5,4,9
2011,5,1,6
2011,6,3,9
2011,4,10,14
2011,6,2,8
2011,5,4,9
2011,5,0,5
2011,3,1,4
2011,6,0,6
2011,5,4,9
2011,5,1,6
2011,2,1,3
2011,4,1,5
2011,6,0,6
2011,9,10,19
2011,4,3,7
2011,3,10,13
2011,8,5,13
2011,7,11,18
2011,6,3,9
2011,6,4,10
2011,1,0,1
2011,8,7,15
2011,3,2,5
2011,7,4,11
2011,5,2,7
2011,7,6,13
2011,8,5,13
2011,3,2,5
2011,9,3,12
2011,4,0,4
2011,4,3,7
2011,5,4,9
2011,6,1,7
2011,6,13,19
2011,1,0,1
2011,8,4,12
2011,5,4,9
2011,4,1,5
2011,6,3,9
2011,3,1,4
2011,7,6,13
2011,7,6,13
2011,2,1,3
2011,4,2,6
2011,8,6,14
2011,6,3,9
2011,7,1,8
2011,5,4,9
2011,2,1,3
2011,4,1,5
2011,4,3,7
2011,1,0,1
2011,14,1,15
2011,9,1,10
2011,4,2,6
2011,4,2,6
2011,2,0,2
2011,2,0,2
2011,8,4,12
2011,6,3,9
2011,3,12,15
2011,8,4,12
2011,6,2,8
2011,5,0,5
2011,7,16,23
2011,6,4,10
2011,11,1,12
2011,6,5,11
2011,2,1,3
2011,6,5,11
2011,4,0,4
2011,8,2,10
2011,4,0,4
2011,2,1,3
2011,7,2,9
2011,5,3,8
2011,6,1,7
2011,4,0,4
2011,9,6,15
2011,7,1,8
2011,3,2,5
2011,5,2,7
2011,6,5,11
2011,3,13,16
2011,4,1,5
2011,8,7,15
2011,5,0,5
2011,6,4,10
2011,4,3,7
2011,2,11,13
2011,4,2,6
2011,4,3,7
2011,3,11,14
2011,5,1,6
2011,9,5,14
2011,4,1,5
2011,4,1,5
2011,9,8,17
2011,8,3,11
2011,7,5,12
2011,3,1,4
2011,4,3,7
2011,4,3,7
2011,7,5,12
2011,4,3,7
2011,8,5,13
2011,9,1,10
2011,4,3,7
2011,3,1,4
2011,1,0,1
2011,7,2,9
2011,3,0,3
2011,15,10,25
2011,6,1,7
2011,7,4,11
2011,5,2,7
2011,5,2,7
2011,5,2,7
2011,6,3,9
2011,4,1,5
2011,2,0,2
2011,5,0,5
2011,5,4,9
2011,7,0,7
2011,3,11,14
2011,6,2,8
2011,4,2,6
2011,3,12,15
2011,8,3,11
2011,4,0,4
2011,7,6,13
2011,4,2,6
2011,2,1,3
2011,4,2,6
2011,1,0,1
2011,5,3,8
2011,3,2,5
2011,6,5,11
2011,9,8,17
2011,5,2,7
2011,4,0,4
2011,9,1,10
2011,3,2,5
2011,7,5,12
2011,3,14,17
2011,3,2,5
2011,2,1,3
2011,7,5,12
2011,6,5,11
2011,3,1,4
2011,1,0,1
2011,4,0,4
2011,6,11,17
2011,1,0,1
2011,4,0,4
2011,9,6,15
2011,5,3,8
2011,6,2,8
2011,6,2,8
2011,2,1,3
2011,7,5,12
2011,8,4,12
2011,6,1,7
2011,7,4,11
2011,4,2,6
2011,6,4,10
2011,3,0,3
2011,7,6,13
2011,4,10,14
2011,7,2,9
2011,8,2,10
2011,7,17,24
2011,3,1,4
2011,6,4,10
2011,4,2,6
2011,2,12,14
2011,3,12,15
2011,3,2,5
2011,3,1,4
2011,5,1,6
2011,2,11,13
2011,8,5,13
2011,5,4,9
2011,7,6,13
2011,4,1,5
2011,4,3,7
2011,8,6,14
2011,9,1,10
2011,4,2,6
2011,5,4,9
2011,7,0,7
2011,9,3,12
2011,8,12,20
2011,5,4,9
2011,4,3,7
2011,4,2,6
2011,5,4,9
2011,5,0,5
2011,3,1,4
2011,5,2,7
2011,7,5,12
2011,5,3,8
2011,4,3,7
2011,2,1,3
2011,3,0,3
2011,3,1,4
2011,3,1,4
2011,6,3,9
2011,4,2,6
2011,3,2,5
2011,8,5,13
2011,3,10,13
2011,7,5,12
2011,5,4,9
2011,5,10,15
2011,6,20,26
2011,4,3,7
2011,9,13,22
2011,5,4,9
2011,8,6,14
2011,2,1,3
2011,3,2,5
2011,3,2,5
2011,4,1,5
2011,6,1,7
2011,7,2,9
2011,6,1,7
2011,3,1,4
2011,9,8,17
2011,4,12,16
2011,2,11,13
2011,2,1,3
2011,5,12,17
2011,2,1,3
2011,8,2,10
2011,3,1,4
2011,3,1,4
2011,2,0,2
2011,9,2,11
2011,4,13,17
2011,2,1,3
2011,4,3,7
2011,4,2,6
2011,7,2,9
2011,3,0,3
2011,7,5,12
2011,5,2,7
2011,4,3,7
2011,9,10,19
2011,7,12,19
2011,4,2,6
2011,8,10,18
2011,4,1,5
2011,4,3,7
2011,5,3,8
2011,4,1,5
2011,8,5,13
2011,5,2,7
2011,5,0,5
2011,3,1,4
2011,4,3,7
2011,12,0,12
2011,2,12,14
2011,9,5,14
2011,4,0,4
2011,4,2,6
2011,9,5,14
2011,3,10,13
2011,3,2,5
2011,8,0,8
2011,9,2,11
2011,3,2,5
2011,8,5,13
2011,5,1,6
2011,2,10,12
2011,7,2,9
2011,5,2,7
2011,5,1,6
2011,6,4,10
2011,6,2,8
2011,8,3,11
2011,3,17,20
2011,8,3,11
2011,7,4,11
2011,6,10,16
2011,3,2,5
2011,5,13,18
2011,3,0,3
2011,3,0,3
2011,3,1,4
2011,5,3,8
2011,9,0,9
2011,5,3,8
2011,3,2,5
2011,6,3,9
2011,5,4,9
2011,4,2,6
2011,7,3,10
2011,6,5,11
2011,8,3,11
2011,8,1,9
2011,6,3,9
2011,7,3,10
2011,3,2,5
2011,9,6,15
2011,3,2,5
2011,4,3,7
2011,4,3,7
2011,6,2,8
2011,7,3,10
2011,5,3,8
2011,6,2,8
2011,8,4,12
2011,5,2,7
2011,5,3,8
2011,5,1,6
2011,3,2,5
2011,6,0,6
2011,5,0,5
2011,6,5,11
2011,5,1,6
2011,8,2,10
2011,8,7,15
2011,4,3,7
2011,6,11,17
2011,1,0,1
2011,4,2,6
2011,6,1,7
2011,3,1,4
2011,9,3,12
2011,4,11,15
2011,4,3,7
2011,7,18,25
2011,8,6,14
2011,5,4,9
2011,5,4,9
2011,6,2,8
2011,5,10,15
2011,1,0,1
2011,3,0,3
2011,7,4,11
2011,8,1,9
2011,9,1,10
2011,6,4,10
2011,7,1,8
2011,7,3,10
2011,7,2,9
2011,6,3,9
2011,5,2,7
2011,7,4,11
2011,9,4,13
2011,7,6,13
2011,3,0,3
2011,7,6,13
2011,1,0,1
2011,7,4,11
2011,5,4,9
2011,3,2,5
2011,4,3,7
2011,5,3,8
2011,3,2,5
2011,8,1,9
2011,4,3,7
2011,5,3,8
2011,4,1,5
2011,5,15,20
2011,9,2,11
2011,8,4,12
2011,8,7,15
2011,5,1,6
2011,5,3,8
2011,6,2,8
2011,4,10,14
2011,4,11,15
2011,7,15,22
2011,2,1,3
2011,7,5,12
2011,4,3,7
2011,6,1,7
2011,7,11,18
2011,2,13,15
2011,2,1,3
2011,8,0,8
2011,7,5,12
2011,2,1,3
2011,4,3,7
2011,7,2,9
2011,3,2,5
2011,8,7,15
2011,3,2,5
2011,8,4,12
2011,7,3,10
2011,4,3,7
2011,7,0,7
2011,6,5,11
2011,7,3,10
2011,3,1,4
2011,5,4,9
2011,5,3,8
2011,9,1,10
2011,7,6,13
2011,7,10,17
2011,8,5,13
2011,5,3,8
2011,8,6,14
2011,9,8,17
2011,5,0,5
2011,2,1,3
2011,9,2,11
2011,9,11,20
2011,4,3,7
2011,3,1,4
2011,3,2,5
2011,3,2,5
2011,4,3,7
2011,2,1,3
2011,4,3,7
2011,6,4,10
2011,5,4,9
2011,6,0,6
2011,5,3,8
2011,4,0,4
2011,7,6,13
2011,4,1,5
2011,6,3,9
2011,6,4,10
2011,4,2,6
2011,3,2,5
2011,3,10,13
2011,6,2,8
2011,9,8,17
2011,5,2,7
2011,9,3,12
2011,9,5,14
2011,9,2,11
2011,5,1,6
2011,8,7,15
2011,4,3,7
2011,8,4,12
2011,8,5,13
2011,6,3,9
2011,4,3,7
2011,2,1,3
2011,4,3,7
2011,6,5,11
2011,3,2,5
2011,5,2,7
2011,4,1,5
2011,3,10,13
2011,4,3,7
2011,4,10,14
2011,5,4,9
2011,5,1,6
2011,5,3,8
2011,3,2,5
2011,2,1,3
2011,1,0,1
2011,7,2,9
2011,5,1,6
2011,9,1,10
2011,4,2,6
2011,6,4,10
2011,6,1,7
2011,5,1,6
2011,6,4,10
2011,8,4,12
2011,6,5,11
2011,5,4,9
2011,13,1,14
2011,3,1,4
2011,3,0,3
2011,6,1,7
2011,1,0,1
2011,9,2,11
2011,7,1,8
2011,3,11,14
2011,5,4,9
2011,6,1,7
2011,2,11,13
2011,5,3,8
2011,6,5,11
2011,8,5,13
2011,6,2,8
2011,7,3,10
2011,5,2,7
2011,7,0,7
2011,2,1,3
2011,7,6,13
2011,5,3,8
2011,6,2,8
2011,5,4,9
2011,8,4,12
2011,5,4,9
2011,7,4,11
2011,9,6,15
2011,4,3,7
2011,7,4,11
2011,3,0,3
2011,6,2,8
2011,6,2,8
2011,5,4,9
2011,6,5,11
2011,7,3,10
2011,2,1,3
2011,3,1,4
2011,6,2,8
2011,8,7,15
2011,6,5,11
2011,7,1,8
2011,6,5,11
2011,9,7,16
2011,2,1,3
2011,8,4,12
2011,3,2,5
2011,5,4,9
2011,6,1,7
2011,7,13,20
2011,6,4,10
2011,4,3,7
2011,7,5,12
2011,4,0,4
2011,4,1,5
2011,5,12,17
2011,6,5,11
2011,4,3,7
2011,5,4,9
2011,3,1,4
2011,6,5,11
2011,9,2,11
2011,7,2,9
2011,7,3,10
2011,5,1,6
2011,2,1,3
2011,2,1,3
2011,1,0,1
2011,4,2,6
2011,4,3,7
2011,5,1,6
2011,8,4,12
2011,7,0,7
2011,4,1,5
2011,3,1,4
2011,3,1,4
2011,8,3,11
2011,4,2,6
2011,7,4,11
2011,5,4,9
2011,8,2,10
2011,4,1,5
2011,6,0,6
2011,7,1,8
2011,8,1,9
2011,6,1,7
2011,2,0,2
2011,8,11,19
2011,4,3,7
2011,3,2,5
2011,8,4,12
2011,9,8,17
2011,8,1,9
2011,3,2,5
2011,3,0,3
2011,7,6,13
2011,10,1,11
2011,7,5,12
2011,9,4,13
2011,9,4,13
2011,9,11,20
2011,5,1,6
2011,5,3,8
2011,14,1,15
2011,8,0,8
2011,5,0,5
2011,7,1,8
2011,1,0,1
2011,10,0,10
2011,6,2,8
2011,5,3,8
2011,8,7,15
2011,6,4,10
2011,6,1,7
2011,3,0,3
2011,6,2,8
2011,1,0,1
2011,5,4,9
2011,4,3,7
2011,8,7,15
2011,5,4,9
2011,3,0,3
2011,3,2,5
2011,9,5,14
2011,4,1,5
2011,10,0,10
2011,8,1,9
2011,9,2,11
2011,2,1,3
2011,5,2,7
2011,4,0,4
2011,4,1,5
2011,5,4,9
2011,5,4,9
2011,7,5,12
2011,7,12,19
2011,8,6,14
2011,8,6,14
2011,8,1,9
2011,6,5,11
2011,9,4,13
2011,4,11,15
2011,7,5,12
2011,2,13,15
2011,2,1,3
2011,5,11,16
2011,6,4,10
2011,2,0,2
2011,8,0,8
2011,3,2,5
2011,9,2,11
2011,7,6,13
2011,6,5,11
2011,3,2,5
2011,6,1,7
2011,6,4,10
2011,7,4,11
2011,2,0,2
2011,2,1,3
2011,9,4,13
2011,3,2,5
2011,2,13,15
2011,4,3,7
2011,4,2,6
2011,8,3,11
2011,6,1,7
2011,9,22,31
2011,3,1,4
2011,8,4,12
2011,2,0,2
2011,6,0,6
2011,9,6,15
2011,8,1,9
2011,5,0,5
2011,5,12,17
2011,5,15,20
2011,4,3,7
2011,2,1,3
2011,6,1,7
2011,5,2,7
2011,8,1,9
2011,6,0,6
2011,6,5,11
2011,4,2,6
2011,2,1,3
2011,5,4,9
2011,7,11,18
2011,6,1,7
2011,3,1,4
2011,9,3,12
2011,4,0,4
2011,6,3,9
2011,8,7,15
2011,7,6,13
2011,6,4,10
2011,6,4,10
2011,3,0,3
2011,2,1,3
2011,7,0,7
2011,8,4,12
2011,6,5,11
2011,6,1,7
2011,2,0,2
2011,8,3,11
2011,5,4,9
2011,2,1,3
2011,7,6,13
2011,3,2,5
2011,4,11,15
2011,9,3,12
2011,4,3,7
2011,7,4,11
2011,9,5,14
2011,12,0,12
2011,5,1,6
2011,3,2,5
2011,3,0,3
2011,3,2,5
2011,2,1,3
2011,9,5,14
2011,7,4,11
2011,4,1,5
2011,2,1,3
2011,5,1,6
2011,5,3,8
2011,7,0,7
2011,7,3,10
2011,9,4,13
2011,9,2,11
2011,6,5,11
2011,5,2,7
2011,8,6,14
2011,9,0,9
2011,6,2,8
2011,2,1,3
2011,8,2,10
2011,8,5,13
2011,2,1,3
2011,6,0,6
2011,6,13,19
2011,5,2,7
2011,2,0,2
2011,4,2,6
2011,3,1,4
2011,13,0,13
2011,9,5,14
2011,7,6,13
2011,3,0,3
2011,4,3,7
2011,5,4,9
2011,2,0,2
2011,4,2,6
2011,8,3,11
2011,3,2,5
2011,2,1,3
2011,4,0,4
2011,4,1,5
2011,5,2,7
2011,8,6,14
2011,4,2,6
2011,6,4,10
2011,7,0,7
2011,8,11,19
2011,8,4,12
2011,7,5,12
2011,6,4,10
2011,4,3,7
2011,7,2,9
2011,5,13,18
2011,8,6,14
2011,10,0,10
2011,3,1,4
2011,8,1,9
2011,5,3,8
2011,8,2,10
2011,5,4,9
2011,3,2,5
2011,9,2,11
2011,3,0,3
2011,6,2,8
2011,8,11,19
2011,3,2,5
2011,7,3,10
2011,6,10,16
2011,2,1,3
2011,7,12,19
2011,7,5,12
2011,9,8,17
2011,8,4,12
2011,8,2,10
2011,5,1,6
2011,6,4,10
2011,3,0,3
2011,5,4,9
2011,7,2,9
2011,6,4,10
2011,6,3,9
2011,8,7,15
2011,4,1,5
2011,4,3,7
2011,4,11,15
2011,6,3,9
2011,2,18,20
2011,5,4,9
2011,4,0,4
2011,9,6,15
2011,9,3,12
2011,8,5,13
2011,7,2,9
2011,4,1,5
2011,3,2,5
2011,8,1,9
2011,6,3,9
2011,7,3,10
2011,4,3,7
2011,4,2,6
2011,7,10,17
2011,9,3,12
2011,2,1,3
2011,4,0,4
2011,11,10,21
2011,6,11,17
2011,9,0,9
2011,3,1,4
2011,7,2,9
2011,4,1,5
2011,5,1,6
2011,1,0,1
2011,7,2,9
2011,2,1,3
2011,4,2,6
2011,10,1,11
2011,8,3,11
2011,7,4,11
2011,3,0,3
2011,5,3,8
2011,7,4,11
2011,6,3,9
2011,4,1,5
2011,6,4,10
2011,4,2,6
2011,8,0,8
2011,14,0,14
2011,7,3,10
2011,3,1,4
2011,6,3,9
2011,8,6,14
2011,5,3,8
2011,1,0,1
2011,5,4,9
2011,5,4,9
2011,7,0,7
2011,3,2,5
2011,5,4,9
2011,3,1,4
2011,2,0,2
2011,5,4,9
2011,11,10,21
2011,4,1,5
2011,5,4,9
2011,8,1,9
2011,7,2,9
2011,6,5,11
2011,5,1,6
2011,4,1,5
2011,7,4,11
2011,7,4,11
2011,2,1,3
2011,3,2,5
2011,8,4,12
2011,4,1,5
2011,8,4,12
2011,5,3,8
2011,5,4,9
2011,4,13,17
2011,7,3,10
2011,2,1,3
2011,4,3,7
2011,7,2,9
2011,4,13,17
2011,2,0,2
2011,4,3,7
2011,6,0,6
2011,6,5,11
2011,7,3,10
2011,7,12,19
2011,3,2,5
2011,3,2,5
2011,5,4,9
2011,3,0,3
2011,4,2,6
2011,3,0,3
2011,4,3,7
2011,6,5,11
2011,8,7,15
2011,5,4,9
2011,9,3,12
2011,6,5,11
2011,7,6,13
2011,7,3,10
2011,4,1,5
2011,2,1,3
2011,3,2,5
2011,6,10,16
2011,4,1,5
2011,2,1,3
2011,8,1,9
2011,6,3,9
2011,9,1,10
2011,8,1,9
2011,6,5,11
2011,8,2,10
2011,5,4,9
2011,5,2,7
2011,4,14,18
2011,8,12,20
2011,5,1,6
2011,7,2,9
2011,3,2,5
2011,6,3,9
2011,6,5,11
2011,9,3,12
2011,8,3,11
2011,7,1,8
2011,4,2,6
2011,6,18,24
2011,5,0,5
2011,2,1,3
2011,5,2,7
2011,4,0,4
2011,5,4,9
2011,2,1,3
2011,3,2,5
2011,6,3,9
2011,6,4,10
2011,3,2,5
2011,3,2,5
2011,4,10,14
2011,4,1,5
2011,6,2,8
2011,5,4,9
2011,6,5,11
2011,7,2,9
2011,1,0,1
2011,7,3,10
2011,3,2,5
2011,6,2,8
2011,2,0,2
2011,4,1,5
2011,3,2,5
2011,2,1,3
2011,3,1,4
2011,9,1,10
2011,9,2,11
2011,8,6,14
2011,8,5,13
2011,7,2,9
2011,6,2,8
2011,10,1,11
2011,6,1,7
2011,3,1,4
2011,2,1,3
2011,7,4,11
2011,2,12,14
2011,8,3,11
2011,4,3,7
2011,4,3,7
2011,6,3,9
2011,9,1,10
2011,7,6,13
2011,7,2,9
2011,7,6,13
2011,3,1,4
2011,4,2,6
2011,2,0,2
2011,4,0,4
2011,5,4,9
2011,3,0,3
2011,1,0,1
2011,6,2,8
2011,4,3,7
2011,2,1,3
2011,10,1,11
2011,6,5,11
2011,3,10,13
2011,6,1,7
2011,4,10,14
2011,5,3,8
2011,9,2,11
2011,3,1,4
2011,7,6,13
2011,7,6,13
2011,4,1,5
2011,7,5,12
2011,2,11,13
2011,8,5,13
2011,3,2,5
2011,8,1,9
2011,5,12,17
2011,5,10,15
2011,15,1,16
2011,6,5,11
2011,3,0,3
2011,5,0,5
2011,5,1,6
2011,3,0,3
2011,3,0,3
2011,4,3,7
2011,1,0,1
2011,6,5,11
2011,9,18,27
2011,5,2,7
2011,3,2,5
2011,6,12,18
2011,8,2,10
2011,6,5,11
2011,6,4,10
2011,4,3,7
2011,3,2,5
2011,5,3,8
2011,7,5,12
2011,5,1,6
2011,6,4,10
2011,4,3,7
2011,5,4,9
2011,2,1,3
2011,4,0,4
2011,2,10,12
2011,2,1,3
2011,5,4,9
2011,5,0,5
2011,7,2,9
2011,4,3,7
2011,3,0,3
2011,6,11,17
2011,6,10,16
2011,8,5,13
2011,6,4,10
2011,7,1,8
2011,2,0,2
2011,8,4,12
2011,4,0,4
2011,4,0,4
2011,6,3,9
2011,8,5,13
2011,5,4,9
2011,4,2,6
2011,4,2,6
2011,3,2,5
2011,7,5,12
2011,6,5,11
2011,7,2,9
2011,2,11,13
2011,6,5,11
2011,9,6,15
2011,8,2,10
2011,3,2,5
2011,8,15,23
2011,4,3,7
2011,6,1,7
2011,8,6,14
2011,4,3,7
2011,3,1,4
2011,3,1,4
2011,11,1,12
2011,6,5,11
2011,4,3,7
2011,2,11,13
2011,4,1,5
2011,4,3,7
2011,2,0,2
2011,5,1,6
2011,5,1,6
2011,5,3,8
2011,7,4,11
2011,4,2,6
2011,2,15,17
2011,6,3,9
2011,8,2,10
2011,7,6,13
2011,6,5,11
2011,4,2,6
2011,6,4,10
2011,9,1,10
2011,2,1,3
2011,6,3,9
2011,4,3,7
2011,3,0,3
2011,2,1,3
2011,6,2,8
2011,7,3,10
2011,4,1,5
2011,6,5,11
2011,5,2,7
2011,2,1,3
2011,6,4,10
2011,6,10,16
2011,3,19,22
2011,9,5,14
2011,6,2,8
2011,7,4,11
2011,9,4,13
2011,5,4,9
2011,6,2,8
2011,3,2,5
2011,5,2,7
2011,5,12,17
2011,3,0,3
2011,4,3,7
2011,4,2,6
2011,4,2,6
2011,6,3,9
2011,4,3,7
2011,14,0,14
2011,6,4,10
2011,5,4,9
2011,9,8,17
2011,7,3,10
2011,6,5,11
2011,2,0,2
2011,4,2,6
2011,3,1,4
2011,5,2,7
2011,3,10,13
2011,7,6,13
2011,7,1,8
2011,8,7,15
2011,2,1,3
2011,9,6,15
2011,3,2,5
2011,6,13,19
2011,6,4,10
2011,7,4,11
2011,5,4,9
2011,6,2,8
2011,7,0,7
2011,7,0,7
2011,5,3,8
2011,3,1,4
2011,7,5,12
2011,4,3,7
2011,4,3,7
2011,3,2,5
2011,5,4,9
2011,3,1,4
2011,8,0,8
2011,7,3,10
2011,1,0,1
2011,3,0,3
2011,9,2,11
2011,2,0,2
2011,6,3,9
2011,8,7,15
2011,9,3,12
2011,9,0,9
2011,4,1,5
2011,6,11,17
2011,8,6,14
2011,9,4,13
2011,5,3,8
2011,5,4,9
2011,5,4,9
2011,4,3,7
2011,8,1,9
2011,10,1,11
2011,3,2,5
2011,4,3,7
2011,6,10,16
2011,5,3,8
2011,3,2,5
2011,3,2,5
2011,1,0,1
2011,3,2,5
2011,9,6,15
2011,3,12,15
2011,7,3,10
2011,5,2,7
2011,7,3,10
2011,4,3,7
2011,7,5,12
2011,4,2,6
2011,7,1,8
2011,5,15,20
2011,6,12,18
2011,3,2,5
2011,2,1,3
2011,7,16,23
2011,4,0,4
2011,4,2,6
2011,9,10,19
2011,6,2,8
2012,3,1,4
2012,4,1,5
2012,4,1,5
2012,2,1,3
2012,4,0,4
2012,7,4,11
2012,3,2,5
2012,1,0,1
2012,1,0,1
2012,5,3,8
2012,5,0,5
2012,5,4,9
2012,4,2,6
2012,5,3,8
2012,5,11,16
2012,7,3,10
2012,6,0,6
2012,7,6,13
2012,3,2,5
2012,6,3,9
2012,5,4,9
2012,8,2,10
2012,7,4,11
2012,8,3,11
2012,7,4,11
2012,10,0,10
2012,7,3,10
2012,6,0,6
2012,4,2,6
2012,8,7,15
2012,2,1,3
2012,6,5,11
2012,8,6,14
2012,4,3,7
2012,7,3,10
2012,7,6,13
2012,3,1,4
2012,4,3,7
2012,6,5,11
2012,4,3,7
2012,13,12,25
2012,3,2,5
2012,9,3,12
2012,7,5,12
2012,5,4,9
2012,8,4,12
2012,3,0,3
2012,5,0,5
2012,6,2,8
2012,7,5,12
2012,7,1,8
2012,4,2,6
2012,7,0,7
2012,8,3,11
2012,5,1,6
2012,4,3,7
2012,1,0,1
2012,6,2,8
2012,5,11,16
2012,4,2,6
2012,5,4,9
2012,7,4,11
2012,3,1,4
2012,5,2,7
2012,6,4,10
2012,2,1,3
2012,6,2,8
2012,3,0,3
2012,4,2,6
2012,1,0,1
2012,7,3,10
2012,6,4,10
2012,2,1,3
2012,4,3,7
2012,6,10,16
2012,8,17,25
2012,4,2,6
2012,6,3,9
2012,4,1,5
2012,6,5,11
2012,4,0,4
2012,5,4,9
2012,7,1,8
2012,2,1,3
2012,4,3,7
2012,3,1,4
2012,8,0,8
2012,4,2,6
2012,7,2,9
2012,3,2,5
2012,9,10,19
2012,3,1,4
2012,3,1,4
2012,5,3,8
2012,3,2,5
2012,8,10,18
2012,2,12,14
2012,5,2,7
2012,7,6,13
2012,8,3,11
2012,9,8,17
2012,5,4,9
2012,4,1,5
2012,5,0,5
2012,5,2,7
2012,4,0,4
2012,5,0,5
2012,9,5,14
2012,7,5,12
2012,2,1,3
2012,2,1,3
2012,5,13,18
2012,5,1,6
2012,8,7,15
2012,9,11,20
2012,6,1,7
2012,5,4,9
2012,6,2,8
2012,7,1,8
2012,5,0,5
2012,4,0,4
2012,4,3,7
2012,5,1,6
2012,6,4,10
2012,4,1,5
2012,7,4,11
2012,6,4,10
2012,5,2,7
2012,5,2,7
2012,7,13,20
2012,5,4,9
2012,5,4,9
2012,4,3,7
2012,5,11,16
2012,8,2,10
2012,5,3,8
2012,4,1,5
2012,3,10,13
2012,9,2,11
2012,8,5,13
2012,6,0,6
2012,5,1,6
2012,6,1,7
2012,1,0,1
2012,4,10,14
2012,7,1,8
2012,3,2,5
2012,7,3,10
2012,5,2,7
2012,6,3,9
2012,5,3,8
2012,5,4,9
2012,9,3,12
2012,3,18,21
2012,3,2,5
2012,5,3,8
2012,3,1,4
2012,5,2,7
2012,5,4,9
2012,8,3,11
2012,9,8,17
2012,4,2,6
2012,2,1,3
2012,7,3,10
2012,1,0,1
2012,6,0,6
2012,2,1,3
2012,6,14,20
2012,6,3,9
2012,8,1,9
2012,8,4,12
2012,4,3,7
2012,9,1,10
2012,3,2,5
2012,6,5,11
2012,4,1,5
2012,1,0,1
2012,11,1,12
2012,2,12,14
2012,3,2,5
2012,4,2,6
2012,2,10,12
2012,5,3,8
2012,3,10,13
2012,5,3,8
2012,4,3,7
2012,7,6,13
2012,2,0,2
2012,2,1,3
2012,6,3,9
2012,9,4,13
2012,4,11,15
2012,6,3,9
2012,9,1,10
2012,6,2,8
2012,9,4,13
2012,3,1,4
2012,4,3,7
2012,4,3,7
2012,4,3,7
2012,4,3,7
2012,4,1,5
2012,4,1,5
2012,7,3,10
2012,5,4,9
2012,2,0,2
2012,6,3,9
2012,3,2,5
2012,9,15,24
2012,6,1,7
2012,4,10,14
2012,3,2,5
2012,5,1,6
2012,9,5,14
2012,9,4,13
2012,5,4,9
2012,5,1,6
2012,2,0,2
2012,5,1,6
2012,4,0,4
2012,4,1,5
2012,3,2,5
2012,3,2,5
2012,6,4,10
2012,4,3,7
2012,3,2,5
2012,12,0,12
2012,5,3,8
2012,4,1,5
2012,5,1,6
2012,5,1,6
2012,6,1,7
2012,7,4,11
2012,6,2,8
2012,9,5,14
2012,3,2,5
2012,4,1,5
2012,7,2,9
2012,6,5,11
2012,6,5,11
2012,6,1,7
2012,7,2,9
2012,4,0,4
2012,7,4,11
2012,8,5,13
2012,2,1,3
2012,3,2,5
2012,9,2,11
2012,4,3,7
2012,7,4,11
2012,4,3,7
2012,9,6,15
2012,2,11,13
2012,2,1,3
2012,2,0,2
2012,5,4,9
2012,3,1,4
2012,5,0,5
2012,2,0,2
2012,7,2,9
2012,3,0,3
2012,5,1,6
2012,4,2,6
2012,8,2,10
2012,9,1,10
2012,4,2,6
2012,7,5,12
2012,7,6,13
2012,5,1,6
2012,5,4,9
2012,2,1,3
2012,5,1,6
2012,7,2,9
2012,3,2,5
2012,7,3,10
2012,5,2,7
2012,3,10,13
2012,6,5,11
2012,4,2,6
2012,5,4,9
2012,3,2,5
2012,2,1,3
2012,4,3,7
2012,6,1,7
2012,5,2,7
2012,3,10,13
2012,6,4,10
2012,3,2,5
2012,9,18,27
2012,3,2,5
2012,5,0,5
2012,7,6,13
2012,7,6,13
2012,5,1,6
2012,5,3,8
2012,13,1,14
2012,8,4,12
2012,9,5,14
2012,4,2,6
2012,10,1,11
2012,1,0,1
2012,6,0,6
2012,2,1,3
2012,7,5,12
2012,4,3,7
2012,3,2,5
2012,7,5,12
2012,5,2,7
2012,2,1,3
2012,7,3,10
2012,7,2,9
2012,7,0,7
2012,4,3,7
2012,5,2,7
2012,4,1,5
2012,6,5,11
2012,4,0,4
2012,6,5,11
2012,2,0,2
2012,8,4,12
2012,7,4,11
2012,6,2,8
2012,5,1,6
2012,4,1,5
2012,3,2,5
2012,5,2,7
2012,7,2,9
2012,4,3,7
2012,9,3,12
2012,6,11,17
2012,6,2,8
2012,4,3,7
2012,9,5,14
2012,2,1,3
2012,6,4,10
2012,8,3,11
2012,3,2,5
2012,4,1,5
2012,4,0,4
2012,4,2,6
2012,5,3,8
2012,7,2,9
2012,7,6,13
2012,9,3,12
2012,6,3,9
2012,7,1,8
2012,2,0,2
2012,2,1,3
2012,7,10,17
2012,3,1,4
2012,8,7,15
2012,5,1,6
2012,9,0,9
2012,15,13,28
2012,4,2,6
2012,6,3,9
2012,3,1,4
2012,8,5,13
2012,3,2,5
2012,8,1,9
2012,5,0,5
2012,5,0,5
2012,3,2,5
2012,3,12,15
2012,5,4,9
2012,5,11,16
2012,5,4,9
2012,5,0,5
2012,4,0,4
2012,7,5,12
2012,4,3,7
2012,4,3,7
2012,3,2,5
2012,6,3,9
2012,4,3,7
2012,2,1,3
2012,4,0,4
2012,6,4,10
2012,5,4,9
2012,6,3,9
2012,9,8,17
2012,5,4,9
2012,5,4,9
2012,6,2,8
2012,5,4,9
2012,6,1,7
2012,9,8,17
2012,3,2,5
2012,6,4,10
2012,7,2,9
2012,4,3,7
2012,6,2,8
2012,8,2,10
2012,5,1,6
2012,5,2,7
2012,9,13,22
2012,3,2,5
2012,8,2,10
2012,5,1,6
2012,4,3,7
2012,3,2,5
2012,4,1,5
2012,7,0,7
2012,5,2,7
2012,4,3,7
2012,7,1,8
2012,4,3,7
2012,9,6,15
2012,4,3,7
2012,4,2,6
2012,7,2,9
2012,3,1,4
2012,8,1,9
2012,4,10,14
2012,3,1,4
2012,5,0,5
2012,6,3,9
2012,5,2,7
2012,4,3,7
2012,9,5,14
2012,9,3,12
2012,9,6,15
2012,3,14,17
2012,5,1,6
2012,8,6,14
2012,3,2,5
2012,4,0,4
2012,5,11,16
2012,9,1,10
2012,6,1,7
2012,8,3,11
2012,5,2,7
2012,3,2,5
2012,3,2,5
2012,6,1,7
2012,3,10,13
2012,3,1,4
2012,5,3,8
2012,3,2,5
2012,6,4,10
2012,2,1,3
2012,8,3,11
2012,5,0,5
2012,5,3,8
2012,7,3,10
2012,7,4,11
2012,5,4,9
2012,3,1,4
2012,6,4,10
2012,7,2,9
2012,1,0,1
2012,8,1,9
2012,5,3,8
2012,4,3,7
2012,6,2,8
2012,2,1,3
2012,6,2,8
2012,4,1,5
2012,5,2,7
2012,6,10,16
2012,4,2,6
2012,6,2,8
2012,2,1,3
2012,6,5,11
2012,7,3,10
2012,8,3,11
2012,6,2,8
2012,5,3,8
2012,6,10,16
2012,4,2,6
2012,5,1,6
2012,4,3,7
2012,7,5,12
2012,5,0,5
2012,7,3,10
2012,7,3,10
2012,6,5,11
2012,8,7,15
2012,7,6,13
2012,6,2,8
2012,4,11,15
2012,7,3,10
2012,1,0,1
2012,9,7,16
2012,3,10,13
2012,5,2,7
2012,5,3,8
2012,4,1,5
2012,5,0,5
2012,2,1,3
2012,2,1,3
2012,9,3,12
2012,8,2,10
2012,2,1,3
2012,6,2,8
2012,3,1,4
2012,2,1,3
2012,5,2,7
2012,7,2,9
2012,4,2,6
2012,7,3,10
2012,9,8,17
2012,12,1,13
2012,9,1,10
2012,9,6,15
2012,5,11,16
2012,8,4,12
2012,8,2,10
2012,4,3,7
2012,6,2,8
2012,3,1,4
2012,3,2,5
2012,3,2,5
2012,7,4,11
2012,6,13,19
2012,5,0,5
2012,3,1,4
2012,8,5,13
2012,6,1,7
2012,7,5,12
2012,3,1,4
2012,3,2,5
2012,5,4,9
2012,3,1,4
2012,5,1,6
2012,3,2,5
2012,6,4,10
2012,3,1,4
2012,7,1,8
2012,8,5,13
2012,4,0,4
2012,6,2,8
2012,5,2,7
2012,5,0,5
2012,8,10,18
2012,5,1,6
2012,6,2,8
2012,5,0,5
2012,8,0,8
2012,4,3,7
2012,5,4,9
2012,7,6,13
2012,7,4,11
2012,4,3,7
2012,6,1,7
2012,7,2,9
2012,8,4,12
2012,9,2,11
2012,9,3,12
2012,6,1,7
2012,7,11,18
2012,8,3,11
2012,4,3,7
2012,6,3,9
2012,4,2,6
2012,4,1,5
2012,2,1,3
2012,4,1,5
2012,8,1,9
2012,7,4,11
2012,6,1,7
2012,7,0,7
2012,8,7,15
2012,6,5,11
2012,9,7,16
2012,4,3,7
2012,4,0,4
2012,5,3,8
2012,9,4,13
2012,8,1,9
2012,7,5,12
2012,5,3,8
2012,5,4,9
2012,4,1,5
2012,5,3,8
2012,3,2,5
2012,3,2,5
2012,4,0,4
2012,6,0,6
2012,4,1,5
2012,6,4,10
2012,6,5,11
2012,3,11,14
2012,4,0,4
2012,6,4,10
2012,7,2,9
2012,8,6,14
2012,5,3,8
2012,5,14,19
2012,2,1,3
2012,7,4,11
2012,2,0,2
2012,3,10,13
2012,4,3,7
2012,6,5,11
2012,7,3,10
2012,6,0,6
2012,5,4,9
2012,6,5,11
2012,7,5,12
2012,3,2,5
2012,4,0,4
2012,5,2,7
2012,2,0,2
2012,6,5,11
2012,6,0,6
2012,5,3,8
2012,6,4,10
2012,4,3,7
2012,6,1,7
2012,2,0,2
2012,6,5,11
2012,4,16,20
2012,5,2,7
2012,5,1,6
2012,3,2,5
2012,6,2,8
2012,2,0,2
2012,6,5,11
2012,9,3,12
2012,6,1,7
2012,8,6,14
2012,4,1,5
2012,8,4,12
2012,7,4,11
2012,4,3,7
2012,6,0,6
2012,2,1,3
2012,2,1,3
2012,5,4,9
2012,6,1,7
2012,4,3,7
2012,6,2,8
2012,8,7,15
2012,4,1,5
2012,9,2,11
2012,4,3,7
2012,5,3,8
2012,2,1,3
2012,7,6,13
2012,6,4,10
2012,3,2,5
2012,5,0,5
2012,5,2,7
2012,3,2,5
2012,3,1,4
2012,4,0,4
2012,8,5,13
2012,4,11,15
2012,6,5,11
2012,6,0,6
2012,2,1,3
2012,4,2,6
2012,5,1,6
2012,8,4,12
2012,8,5,13
2012,8,3,11
2012,3,1,4
2012,4,1,5
2012,3,1,4
2012,5,3,8
2012,6,3,9
2012,5,4,9
2012,8,11,19
2012,6,3,9
2012,2,1,3
2012,7,14,21
2012,5,11,16
2012,3,0,3
2012,9,10,19
2012,7,1,8
2012,7,4,11
2012,8,2,10
2012,7,4,11
2012,9,3,12
2012,6,3,9
2012,3,1,4
2012,7,6,13
2012,6,10,16
2012,6,1,7
2012,6,3,9
2012,1,0,1
2012,6,4,10
2012,5,3,8
2012,3,14,17
2012,8,5,13
2012,8,4,12
2012,4,3,7
2012,3,2,5
2012,7,14,21
2012,3,10,13
2012,6,3,9
2012,5,3,8
2012,6,3,9
2012,9,0,9
2012,9,2,11
2012,3,2,5
2012,5,3,8
2012,4,0,4
2012,8,7,15
2012,4,3,7
2012,7,2,9
2012,4,2,6
2012,4,3,7
2012,6,12,18
2012,7,5,12
2012,5,1,6
2012,3,2,5
2012,4,3,7
2012,2,0,2
2012,2,0,2
2012,4,10,14
2012,4,2,6
2012,8,3,11
2012,6,12,18
2012,9,8,17
2012,8,2,10
2012,7,4,11
2012,7,11,18
2012,8,5,13
2012,9,7,16
2012,7,6,13
2012,3,2,5
2012,5,3,8
2012,5,4,9
2012,8,4,12
2012,4,1,5
2012,4,2,6
2012,2,1,3
2012,4,2,6
2012,6,2,8
2012,5,1,6
2012,5,4,9
2012,6,3,9
2012,5,3,8
2012,8,2,10
2012,2,1,3
2012,3,1,4
2012,3,2,5
2012,6,3,9
2012,8,1,9
2012,3,1,4
2012,7,2,9
2012,3,10,13
2012,8,6,14
2012,6,5,11
2012,7,10,17
2012,6,4,10
2012,8,6,14
2012,6,3,9
2012,5,13,18
2012,6,3,9
2012,5,3,8
2012,4,0,4
2012,6,10,16
2012,2,1,3
2012,4,1,5
2012,4,3,7
2012,8,21,29
2012,4,1,5
2012,7,3,10
2012,5,11,16
2012,6,2,8
2012,4,2,6
2012,7,4,11
2012,7,1,8
2012,3,13,16
2012,9,4,13
2012,4,1,5
2012,2,0,2
2012,8,2,10
2012,8,0,8
2012,6,4,10
2012,7,1,8
2012,4,3,7
2012,5,0,5
2012,7,2,9
2012,3,2,5
2012,8,10,18
2012,7,4,11
2012,6,2,8
2012,4,3,7
2012,9,12,21
2012,9,3,12
2012,5,1,6
2012,5,0,5
2012,5,4,9
2012,4,2,6
2012,2,1,3
2012,2,1,3
2012,7,4,11
2012,2,0,2
2012,7,3,10
2012,4,2,6
2012,6,3,9
2012,3,2,5
2012,5,1,6
2012,5,3,8
2012,2,0,2
2012,6,5,11
2012,6,1,7
2012,5,1,6
2012,6,0,6
2012,2,0,2
2012,8,4,12
2012,5,1,6
2012,3,2,5
2012,8,6,14
2012,4,0,4
2012,7,10,17
2012,5,4,9
2012,12,1,13
2012,4,3,7
2012,3,2,5
2012,6,1,7
2012,10,0,10
2012,8,6,14
2012,9,5,14
2012,8,4,12
2012,4,2,6
2012,9,8,17
2012,1,0,1
2012,11,0,11
2012,10,0,10
2012,7,0,7
2012,6,3,9
2012,2,1,3
2012,6,5,11
2012,7,6,13
2012,8,6,14
2012,6,1,7
2012,2,1,3
2012,4,0,4
2012,5,4,9
2012,9,6,15
2012,4,3,7
2012,4,2,6
2012,2,1,3
2012,8,0,8
2012,4,1,5
2012,2,0,2
2012,6,5,11
2012,6,5,11
2012,5,3,8
2012,7,0,7
2012,4,3,7
2012,5,4,9
2012,7,5,12
2012,2,14,16
2012,8,2,10
2012,4,3,7
2012,7,3,10
2012,7,1,8
2012,8,3,11
2012,8,3,11
2012,3,1,4
2012,9,8,17
2012,4,3,7
2012,9,6,15
2012,7,4,11
2012,8,3,11
2012,6,5,11
2012,7,2,9
2012,5,1,6
2012,9,5,14
2012,8,7,15
2012,9,1,10
2012,4,2,6
2012,1,0,1
2012,5,0,5
2012,6,2,8
2012,8,3,11
2012,5,2,7
2012,6,4,10
2012,4,2,6
2012,10,1,11
2012,3,2,5
2012,5,11,16
2012,4,13,17
2012,5,2,7
2012,3,11,14
2012,4,2,6
2012,5,3,8
2012,8,3,11
2012,5,2,7
2012,2,0,2
2012,4,3,7
2012,4,12,16
2012,5,4,9
2012,4,3,7
2012,9,11,20
2012,7,6,13
2012,8,10,18
2012,4,2,6
2012,6,5,11
2012,8,2,10
2012,5,4,9
2012,3,2,5
2012,8,2,10
2012,5,0,5
2012,4,1,5
2012,3,0,3
2012,3,2,5
2012,4,1,5
2012,6,3,9
2012,6,4,10
2012,8,6,14
2012,4,3,7
2012,7,1,8
2012,8,5,13
2012,2,1,3
2012,5,2,7
2012,2,1,3
2012,7,11,18
2012,5,4,9
2012,6,3,9
2012,6,1,7
2012,2,11,13
2012,9,1,10
2012,4,2,6
2012,3,2,5
2012,7,1,8
2012,8,4,12
2012,5,3,8
2012,8,10,18
2012,4,3,7
2012,2,1,3
2012,2,10,12
2012,9,8,17
2012,1,0,1
2012,10,0,10
2012,1,0,1
2012,9,1,10
2012,1,0,1
2012,6,2,8
2012,6,12,18
2012,5,3,8
2012,5,12,17
2012,8,2,10
2012,4,3,7
2012,6,1,7
2012,6,2,8
2012,6,3,9
2012,5,3,8
2012,9,6,15
2012,3,11,14
2012,5,0,5
2012,4,2,6
2012,3,0,3
2012,2,0,2
2012,4,12,16
2012,7,6,13
2012,5,3,8
2012,7,3,10
2012,2,10,12
2012,4,2,6
2012,3,2,5
2012,11,0,11
2012,6,2,8
2012,3,0,3
2012,7,2,9
2012,2,0,2
2012,5,0,5
2012,4,3,7
2012,9,2,11
2012,4,1,5
2012,5,4,9
2012,6,2,8
2012,4,1,5
2012,6,4,10
2012,7,4,11
2012,7,10,17
2012,4,3,7
2012,8,3,11
2012,6,5,11
2012,5,3,8
2012,2,0,2
2012,2,0,2
2012,7,4,11
2012,9,5,14
2012,5,0,5
2012,2,1,3
2012,5,4,9
2012,3,1,4
2012,2,1,3
2012,2,1,3
2012,5,3,8
2012,3,0,3
2012,9,3,12
2012,6,2,8
2012,4,1,5
2012,5,3,8
2012,7,1,8
2012,3,12,15
2012,9,10,19
2012,9,7,16
2012,7,6,13
2012,6,2,8
2012,5,0,5
2012,2,1,3
2012,5,12,17
2012,9,12,21
2012,7,5,12
2012,2,1,3
2012,3,2,5
2012,6,3,9
2012,2,0,2
2012,9,10,19
2012,4,3,7
2012,5,0,5
2012,3,0,3
2012,7,2,9
2012,7,2,9
2012,7,3,10
2012,5,4,9
2012,6,0,6
2012,14,10,24
2012,5,15,20
2012,7,0,7
2012,8,1,9
2012,3,1,4
2012,2,1,3
2012,8,3,11
2012,5,10,15
2012,4,3,7
2012,4,1,5
2012,7,6,13
2012,2,1,3
2012,4,2,6
2012,3,2,5
2012,6,5,11
2012,2,1,3
2012,4,1,5
2012,4,1,5
2012,9,1,10
2012,5,2,7
2012,8,5,13
2012,6,1,7
2012,2,1,3
2012,4,1,5
2012,1,0,1
2012,5,4,9
2012,2,0,2
2012,4,11,15
2012,5,12,17
2012,6,4,10
2012,5,4,9
2012,4,1,5
2012,9,5,14
2012,4,1,5
2012,3,1,4
2012,5,10,15
2012,3,1,4
2012,8,4,12
2012,8,6,14
2012,6,0,6
2012,8,1,9
2012,8,2,10
2012,7,1,8
2012,4,3,7
2012,9,8,17
2012,7,6,13
2012,4,1,5
2012,5,1,6
2012,7,11,18
2012,5,3,8
2012,5,1,6
2012,2,1,3
2012,9,4,13
2012,1,0,1
2012,4,3,7
2012,7,1,8
2012,8,11,19
2012,9,0,9
2012,6,5,11
2012,4,2,6
2012,3,2,5
2012,7,3,10
2012,3,2,5
2012,2,0,2
2012,4,2,6
2012,9,6,15
2012,6,1,7
2012,3,1,4
2012,4,2,6
2012,8,7,15
2012,8,0,8
2012,8,7,15
2012,4,1,5
2012,7,1,8
2012,8,3,11
2012,1,0,1
2012,8,0,8
2012,8,2,10
2012,8,1,9
2012,7,3,10
2012,5,1,6
2012,5,3,8
2012,4,3,7
2012,5,12,17
2012,5,3,8
2012,8,2,10
2012,5,2,7
2012,3,2,5
2012,6,4,10
2012,5,4,9
2012,3,2,5
2012,2,0,2
2012,7,5,12
2012,6,4,10
2012,13,1,14
2012,4,10,14
2012,17,1,18
2012,8,4,12
2012,5,11,16
2012,1,0,1
2012,5,4,9
2012,5,3,8
2012,5,12,17
2012,5,4,9
2012,7,11,18
2012,2,1,3
2012,3,0,3
2012,9,13,22
2012,3,2,5
2012,7,2,9
2012,11,10,21
2012,7,3,10
2012,3,2,5
2012,4,3,7
2012,5,4,9
2012,1,0,1
2012,5,0,5
2012,5,2,7
2012,7,6,13
2012,9,7,16
2012,5,4,9
2012,9,8,17
2012,4,0,4
2012,2,10,12
2012,9,0,9
2012,6,2,8
2012,9,3,12
2012,4,3,7
2012,7,14,21
2012,5,0,5
2012,5,1,6
2012,5,14,19
2012,4,2,6
2012,4,3,7
2012,7,5,12
2012,7,5,12
2012,5,11,16
2012,3,2,5
2012,8,4,12
2012,5,0,5
2012,3,2,5
2012,2,10,12
2012,7,2,9
2012,5,1,6
2012,4,0,4
2012,3,2,5
2012,2,1,3
2012,7,3,10
2012,6,2,8
2012,7,2,9
2012,2,11,13
2012,8,4,12
2012,6,2,8
2012,3,0,3
2012,2,0,2
2012,8,3,11
2012,5,2,7
2012,2,1,3
2012,8,10,18
2012,4,2,6
2012,2,1,3
2012,4,3,7
2012,5,4,9
2012,5,3,8
2012,3,1,4
2012,6,10,16
2012,6,2,8
2012,4,1,5
2012,3,0,3
2012,6,4,10
2012,8,2,10
2012,6,5,11
2012,6,1,7
2012,2,11,13
2012,6,3,9
2012,9,3,12
2012,4,3,7
2012,3,11,14
2012,9,5,14
2012,3,10,13
2012,2,19,21
2012,9,5,14
2012,8,6,14
2012,3,1,4
2012,13,12,25
2012,11,1,12
2012,3,2,5
2012,8,7,15
2012,5,4,9
2012,3,2,5
2012,7,4,11
2012,6,3,9
2012,9,3,12
2012,8,6,14
2012,5,1,6
2012,5,4,9
2012,3,12,15
2012,5,1,6
2012,4,1,5
2012,7,6,13
2012,9,2,11
2012,3,2,5
2012,6,4,10
2012,4,2,6
2012,4,1,5
2012,4,3,7
2012,4,1,5
2012,9,4,13
2012,9,7,16
2012,4,1,5
2012,7,3,10
2012,2,1,3
2012,3,1,4
2012,7,3,10
2012,4,0,4
2012,6,5,11
2012,2,0,2
2012,2,1,3
2012,6,2,8
2012,9,6,15
2012,6,5,11
2012,3,2,5
2012,5,3,8
2012,8,10,18
2012,4,2,6
2012,3,10,13
2012,4,2,6
2012,7,1,8
2012,8,7,15
2012,4,1,5
2012,5,0,5
2012,6,5,11
2012,6,0,6
2012,3,2,5
2012,5,1,6
2012,5,1,6
2012,3,0,3
2012,5,3,8
2012,6,1,7
2012,9,5,14
2012,2,0,2
2012,7,3,10
2012,8,7,15
2012,6,3,9
2012,3,1,4
2012,7,1,8
2012,6,3,9
2012,3,1,4
2012,6,5,11
2012,3,2,5
2012,4,3,7
2012,4,1,5
2012,6,0,6
2012,7,1,8
2012,7,3,10
2012,9,11,20
2012,7,6,13
2012,7,1,8
2012,5,3,8
2012,7,0,7
2012,2,1,3
2012,4,3,7
2012,2,13,15
2012,4,2,6
2012,5,4,9
2012,4,3,7
2012,4,3,7
2012,7,5,12
2012,7,2,9
2012,8,1,9
2012,5,3,8
2012,6,2,8
2012,9,8,17
2012,2,1,3
2012,5,1,6
2012,7,10,17
2012,6,3,9
2012,6,5,11
2012,3,2,5
2012,5,1,6
2012,3,1,4
2012,1,0,1
2012,8,7,15
2012,8,6,14
2012,4,1,5
2012,3,2,5
2012,8,5,13
2012,6,3,9
2012,7,6,13
2012,2,1,3
2012,6,4,10
2012,9,3,12
2012,5,3,8
2012,7,0,7
2012,3,2,5
2012,5,3,8
2012,9,11,20
2012,6,1,7
2012,4,0,4
2012,3,1,4
2012,4,2,6
2012,5,1,6
2012,2,1,3
2012,7,2,9
2012,4,0,4
2012,4,1,5
2012,9,4,13
2012,8,10,18
2012,4,0,4
2012,3,2,5
2012,7,3,10
2012,3,0,3
2012,5,1,6
2012,5,3,8
2012,5,4,9
2012,8,6,14
2012,9,4,13
2012,3,2,5
2012,5,3,8
2012,3,2,5
2012,7,19,26
2012,6,3,9
2012,2,0,2
2012,3,2,5
2012,9,0,9
2012,7,5,12
2012,9,5,14
2012,4,0,4
2012,6,2,8
2012,13,0,13
2012,9,6,15
2012,3,2,5
2012,3,2,5
2012,6,4,10
2012,6,1,7
2012,6,1,7
2012,8,2,10
2012,4,2,6
2012,5,4,9
2012,9,4,13
2012,10,1,11
2012,5,1,6
2012,7,1,8
2012,9,6,15
2012,7,2,9
2012,8,7,15
2012,5,3,8
2012,4,3,7
2012,2,1,3
2012,6,0,6
2012,4,3,7
2012,8,4,12
2012,6,10,16
2012,4,3,7
2012,3,2,5
2012,3,1,4
2012,4,2,6
2012,7,6,13
2012,5,1,6
2012,6,1,7
2012,4,3,7
2012,4,3,7
2012,1,0,1
2012,6,0,6
2012,9,5,14
2012,6,1,7
2012,8,13,21
2012,6,1,7
2012,3,1,4
2012,2,10,12
2012,4,2,6
2012,2,1,3
2012,7,6,13
2012,3,2,5
2012,7,2,9
2012,4,3,7
2012,9,5,14
2012,4,1,5
2012,4,3,7
2012,11,10,21
2012,9,2,11
2012,3,12,15
2012,7,3,10
2012,6,2,8
2012,3,1,4
2012,7,1,8
2012,7,3,10
2012,8,5,13
2012,2,1,3
2012,6,5,11
2012,5,1,6
2012,8,6,14
2012,12,0,12
2012,2,1,3
2012,4,0,4
2012,5,2,7
2012,7,4,11
2012,8,2,10
2012,7,15,22
2012,2,1,3
2012,4,3,7
2012,6,4,10
2012,7,5,12
2012,8,3,11
2012,5,4,9
2012,4,3,7
2012,3,0,3
2012,3,2,5
2012,7,0,7
2012,2,1,3
2012,9,2,11
2012,6,3,9
2012,6,3,9
2012,7,4,11
2012,3,1,4
2012,8,3,11
2012,2,1,3
2012,8,2,10
2012,7,6,13
2012,2,0,2
2012,4,1,5
2012,7,1,8
2012,5,3,8
2012,9,1,10
2012,4,1,5
2012,6,2,8
2012,3,1,4
2012,4,11,15
2012,3,2,5
2012,4,2,6
2012,4,3,7
2012,5,2,7
2012,7,6,13
2012,5,1,6
2012,4,2,6
2012,3,2,5
2012,8,2,10
2012,2,1,3
2012,7,2,9
2012,6,11,17
2012,4,2,6
2012,10,1,11
2012,8,2,10
2012,5,3,8
2012,5,3,8
2012,7,1,8
2012,5,2,7
2012,7,6,13
2012,3,2,5
2012,5,2,7
2012,6,3,9
2012,3,2,5
2012,5,3,8
2012,16,0,16
2012,3,1,4
2012,6,2,8
2012,5,3,8
2012,5,3,8
2012,8,2,10
2012,4,1,5
2012,7,4,11
2012,4,10,14
2012,3,1,4
2012,5,11,16
2012,6,1,7
2012,9,14,23
2012,9,6,15
2012,3,0,3
2012,6,5,11
2012,7,2,9
2012,6,0,6
2012,11,0,11
2012,3,10,13
2012,6,1,7
2012,5,3,8
2012,9,5,14
2012,8,3,11
2012,3,0,3
2012,6,3,9
2012,2,1,3
2012,6,1,7
2012,3,2,5
2012,9,7,16
2012,4,3,7
2012,4,2,6
2012,4,1,5
2012,5,12,17
2012,8,6,14
2012,4,3,7
2012,10,0,10
2012,5,2,7
2012,5,1,6
2012,2,0,2
2012,5,1,6
2012,6,2,8
2012,6,1,7
2012,4,2,6
2012,7,2,9
2012,9,5,14
2012,5,4,9
2012,11,10,21
2012,5,1,6
2012,3,2,5
2012,7,6,13
2012,4,0,4
2012,2,0,2
2012,4,1,5
2012,8,2,10
2012,7,3,10
2012,4,14,18
2012,5,11,16
2012,7,2,9
2012,8,7,15
2012,7,6,13
2012,5,4,9
2012,4,3,7
2012,4,1,5
2012,8,7,15
2012,8,15,23
2012,7,1,8
2012,4,1,5
2012,5,0,5
2012,7,6,13
2012,6,11,17
2012,8,3,11
2012,8,2,10
2012,10,1,11
2012,4,3,7
2012,5,11,16
2012,8,0,8
2012,7,2,9
2012,4,1,5
2012,6,2,8
2012,8,0,8
2012,4,2,6
2012,7,5,12
2012,8,4,12
2012,6,4,10
2012,9,6,15
2012,5,2,7
2012,4,0,4
2012,4,13,17
2012,3,2,5
2012,3,12,15
2012,4,1,5
2012,5,3,8
2012,2,1,3
2012,11,10,21
2012,3,2,5
2012,6,1,7
2012,5,0,5
2012,9,4,13
2012,8,2,10
2012,7,6,13
2012,4,1,5
2012,9,1,10
2012,9,15,24
2012,3,0,3
2012,4,1,5
2012,6,5,11
2012,8,6,14
2012,3,0,3
2012,4,16,20
2012,2,10,12
2012,5,3,8
2012,6,1,7
2012,6,3,9
2012,5,4,9
2012,4,2,6
2012,3,1,4
2012,9,3,12
2012,2,0,2
2012,7,4,11
2012,5,2,7
2012,3,2,5
2012,6,4,10
2012,6,5,11
2012,5,4,9
2012,6,11,17
2012,6,1,7
2012,4,2,6
2012,3,1,4
2012,1,0,1
2012,3,1,4
2012,3,0,3
2012,6,2,8
2012,6,1,7
2012,4,0,4
2012,7,10,17
2012,6,1,7
2012,6,4,10
2012,4,2,6
2012,6,2,8
2012,8,3,11
2012,8,10,18
2012,7,6,13
2012,7,6,13
2012,6,2,8
2012,6,5,11
2012,5,4,9
2012,7,3,10
2012,3,0,3
2012,1,0,1
2012,4,1,5
2012,3,1,4
2012,9,2,11
2012,4,2,6
2012,3,14,17
2012,7,2,9
2012,5,4,9
2012,2,0,2
2012,6,3,9
2012,4,0,4
2012,6,1,7
2012,4,0,4
2012,2,0,2
2012,8,2,10
2012,8,7,15
2012,6,3,9
2012,5,2,7
2012,7,5,12
2012,6,5,11
2012,3,2,5
2012,3,1,4
2012,3,1,4
2012,4,2,6
2012,4,10,14
2012,3,0,3
2012,4,10,14
2012,7,4,11
2012,4,2,6
2012,4,1,5
2012,9,2,11
2012,9,10,19
2012,2,1,3
2012,6,2,8
2012,8,12,20
2012,4,3,7
2012,6,4,10
2012,3,2,5
2012,13,0,13
2012,9,8,17
2012,6,12,18
2012,7,6,13
2012,2,0,2
2012,15,0,15
2012,3,2,5
2012,8,2,10
2012,5,3,8
2012,5,3,8
2012,4,3,7
2012,5,0,5
2012,6,1,7
2012,6,3,9
2012,3,1,4
2012,7,1,8
2012,6,5,11
2012,9,1,10
2012,7,1,8
2012,4,3,7
2012,8,10,18
2012,3,2,5
2012,4,3,7
2012,5,2,7
2012,6,12,18
2012,4,0,4
2012,3,1,4
2012,9,8,17
2012,3,0,3
2012,6,2,8
2012,4,10,14
2012,7,4,11
2012,6,5,11
2012,7,3,10
2012,9,7,16
2012,4,2,6
2012,5,2,7
2012,6,5,11
2012,7,3,10
2012,4,2,6
2012,9,3,12
2012,4,1,5
2012,5,0,5
2012,9,3,12
2012,2,1,3
2012,5,2,7
2012,4,1,5
2012,7,4,11
2012,5,3,8
2012,7,3,10
2012,3,0,3
2012,14,1,15
2012,5,3,8
2012,5,0,5
2012,7,3,10
2012,6,5,11
2012,8,7,15
2012,5,11,16
2012,9,6,15
2012,8,3,11
2012,7,10,17
2012,6,2,8
2012,4,1,5
2012,7,1,8
2012,9,6,15
2012,4,0,4
2012,9,3,12
2012,8,2,10
2012,5,4,9
2012,4,1,5
2012,2,14,16
2012,3,2,5
2012,9,6,15
2012,6,0,6
2012,7,1,8
2012,10,1,11
2012,3,0,3
2012,8,6,14
2012,5,0,5
2012,1,0,1
2012,8,4,12
2012,3,0,3
2012,11,0,11
2012,3,2,5
2012,6,1,7
2012,8,2,10
2012,3,2,5
2012,8,4,12
2012,6,1,7
2012,5,3,8
2012,7,2,9
2012,6,1,7
2012,7,6,13
2012,3,2,5
2012,9,2,11
2012,5,1,6
2012,3,2,5
2012,9,3,12
2012,1,0,1
2012,6,4,10
2012,5,2,7
2012,9,5,14
2012,7,0,7
2012,6,0,6
2012,6,3,9
2012,8,4,12
2012,5,3,8
2012,3,0,3
2012,7,4,11
2012,6,10,16
2012,6,10,16
2012,2,1,3
2012,7,2,9
2012,3,12,15
2012,4,3,7
2012,7,3,10
2012,6,5,11
2012,5,3,8
2012,3,1,4
2012,4,2,6
2012,6,2,8
2012,6,4,10
2012,6,4,10
2012,10,1,11
2012,5,3,8
2012,2,1,3
2012,3,2,5
2012,6,4,10
2012,8,10,18
2012,6,2,8
2012,5,3,8
2012,9,7,16
2012,6,5,11
2012,3,2,5
2012,4,12,16
2012,9,4,13
2012,4,3,7
2012,4,1,5
2012,8,5,13
2012,8,7,15
2012,3,2,5
2012,5,4,9
2012,2,1,3
2012,2,0,2
2012,8,3,11
2012,5,0,5
2012,5,4,9
2012,3,2,5
2012,7,5,12
2012,8,1,9
2012,5,2,7
2012,8,0,8
2012,4,1,5
2012,7,0,7
2012,7,1,8
2012,5,1,6
2012,6,3,9
2012,2,11,13
2012,5,2,7
2012,3,12,15
2012,9,6,15
2012,2,1,3
2012,9,5,14
2012,3,1,4
2012,7,2,9
2012,5,12,17
2012,3,1,4
2012,5,3,8
2012,5,1,6
2012,5,1,6
2012,5,4,9
2012,6,5,11
2012,5,3,8
2012,7,3,10
2012,5,3,8
2012,4,1,5
2012,5,2,7
2012,6,2,8
2012,4,1,5
2012,5,4,9
2012,7,5,12
2012,5,1,6
2012,7,0,7
2012,1,0,1
2012,5,3,8
2012,4,1,5
2012,3,2,5
2012,3,0,3
2012,7,3,10
2012,2,1,3
2012,3,2,5
2012,8,4,12
2012,3,2,5
2012,5,2,7
2012,5,1,6
2012,3,2,5
2012,4,2,6
2012,3,1,4
2012,4,2,6
2012,5,3,8
2012,3,12,15
2012,5,1,6
2012,14,13,27
2012,3,2,5
2012,1,0,1
2012,4,3,7
2012,5,2,7
2012,5,13,18
2012,5,0,5
2012,6,10,16
2012,5,0,5
2012,6,4,10
2012,4,3,7
2012,9,8,17
2012,5,3,8
2012,8,5,13
2012,3,1,4
2012,2,1,3
2012,4,11,15
2012,3,1,4
2012,4,2,6
2012,6,5,11
2012,5,3,8
2012,5,4,9
2012,8,0,8
2012,9,3,12
2012,8,2,10
2012,9,10,19
2012,5,4,9
2012,4,3,7
2012,8,2,10
2012,3,1,4
2012,5,3,8
2012,8,2,10
2012,3,1,4
2012,4,2,6
2012,4,0,4
2012,7,3,10
2012,4,2,6
2012,9,3,12
2012,5,4,9
2012,8,6,14
2012,4,3,7
2012,5,0,5
2012,8,2,10
2012,4,2,6
2012,5,2,7
2012,6,2,8
2012,2,1,3
2012,4,1,5
2012,7,0,7
2012,7,1,8
2012,6,5,11
2012,3,2,5
2012,4,3,7
2012,5,1,6
2012,4,15,19
2012,3,0,3
2012,10,0,10
2012,1,0,1
2012,8,7,15
2012,4,3,7
2012,3,0,3
2012,6,5,11
2012,6,5,11
2012,5,2,7
2012,6,0,6
2012,4,1,5
2012,7,0,7
2012,8,4,12
2012,3,2,5
2012,9,8,17
2012,9,0,9
2012,5,2,7
2012,2,1,3
2012,9,5,14
2012,9,0,9
2012,2,0,2
2012,1,0,1
2012,3,10,13
2012,6,2,8
2012,8,1,9
2012,3,1,4
2012,8,4,12
2012,8,10,18
2012,6,4,10
2012,1,0,1
2012,8,4,12
2012,10,0,10
2012,8,5,13
2012,3,2,5
2012,5,0,5
2012,8,2,10
2012,8,4,12
2012,5,2,7
2012,5,3,8
2012,12,11,23
2012,7,12,19
2012,8,4,12
2012,2,1,3
2012,2,0,2
2012,5,4,9
2012,3,2,5
2012,2,0,2
2012,8,1,9
2012,8,5,13
2012,6,4,10
2012,5,3,8
2012,5,4,9
2012,7,4,11
2012,9,3,12
2012,4,3,7
2012,3,0,3
2012,9,3,12
2012,6,1,7
2012,20,2,22
2012,9,1,10
2012,2,1,3
2012,10,0,10
2012,5,1,6
2012,5,2,7
2012,4,3,7
2012,9,1,10
2012,5,1,6
2012,2,1,3
2012,3,1,4
2012,8,7,15
2012,2,1,3
2012,5,3,8
2012,3,2,5
2012,4,3,7
2012,7,1,8
2012,5,2,7
2012,5,4,9
2012,9,10,19
2012,8,7,15
2012,7,5,12
2012,8,3,11
2012,11,10,21
2012,4,2,6
2012,5,3,8
2012,6,4,10
2012,5,4,9
2012,5,1,6
2012,8,12,20
2012,8,3,11
2012,6,2,8
2012,2,1,3
2012,9,4,13
2012,4,3,7
2012,6,1,7
2012,4,2,6
2012,4,2,6
2012,3,2,5
2012,8,4,12
2012,4,3,7
2012,7,3,10
2012,8,3,11
2012,5,1,6
2012,4,1,5
2012,9,8,17
2012,5,4,9
2012,4,3,7
2012,4,0,4
2012,2,1,3
2012,6,0,6
2012,9,18,27
2012,2,1,3
2012,3,2,5
2012,6,3,9
2012,6,3,9
2012,8,4,12
2012,6,1,7
2012,6,2,8
2012,4,3,7
2012,8,6,14
2012,5,1,6
2012,5,2,7
2012,12,0,12
2012,5,11,16
2012,1,0,1
2012,6,2,8
2012,6,2,8
2012,7,1,8
2012,7,6,13
2012,4,3,7
2012,8,5,13
2012,7,1,8
2012,6,3,9
2012,2,1,3
2012,6,2,8
2012,6,2,8
2012,6,4,10
2012,6,4,10
2012,9,1,10
2012,1,0,1
2012,6,10,16
2012,5,4,9
2012,6,2,8
2012,9,2,11
2012,3,2,5
2012,8,5,13
2012,7,5,12
2012,7,5,12
2012,5,3,8
2012,7,6,13
2012,3,0,3
2012,3,2,5
2012,2,12,14
2012,6,5,11
2012,6,1,7
2012,5,2,7
2012,5,4,9
2012,3,1,4
2012,9,7,16
2012,6,1,7
2012,5,4,9
2012,9,2,11
2012,5,4,9
2012,5,1,6
2012,3,0,3
2012,3,11,14
2012,4,3,7
2012,8,5,13
2012,6,1,7
2012,3,2,5
2012,6,3,9
2012,4,2,6
2012,7,6,13
2012,3,2,5
2012,3,13,16
2012,4,3,7
2012,2,1,3
2012,5,1,6
2012,8,7,15
2012,3,2,5
2012,3,2,5
2012,7,4,11
2012,4,2,6
2012,8,2,10
2012,4,2,6
2012,4,0,4
2012,5,4,9
2012,6,0,6
2012,8,0,8
2012,3,1,4
2012,6,1,7
2012,4,3,7
2012,6,5,11
2012,4,1,5
2012,4,1,5
2012,7,2,9
2012,5,1,6
2012,3,1,4
2012,3,11,14
2012,6,5,11
2012,1,0,1
2012,9,2,11
2012,4,3,7
2012,5,3,8
2012,5,3,8
2012,9,8,17
2012,1,0,1
2012,5,0,5
2012,9,1,10
2012,5,3,8
2012,9,7,16
2012,6,4,10
2012,6,4,10
2012,4,3,7
2012,4,1,5
2012,3,2,5
2012,3,2,5
2012,5,4,9
2012,8,6,14
2012,2,1,3
2012,8,3,11
2012,5,1,6
2012,8,2,10
2012,5,10,15
2012,2,0,2
2012,3,1,4
2012,3,2,5
2012,5,2,7
2012,3,2,5
2012,6,0,6
2012,3,2,5
2012,2,0,2
2012,6,4,10
2012,2,1,3
2012,4,3,7
2012,5,4,9
2012,8,3,11
2012,6,2,8
2012,2,1,3
2012,7,4,11
2012,4,0,4
2012,6,12,18
2012,9,7,16
2012,8,5,13
2012,4,0,4
2012,7,3,10
2012,6,0,6
2012,6,4,10
2012,3,2,5
2012,7,4,11
2012,9,3,12
2012,8,5,13
2012,3,2,5
2012,5,4,9
2012,7,6,13
2012,5,3,8
2012,5,0,5
2012,3,2,5
2012,4,3,7
2012,6,4,10
2012,9,6,15
2012,5,3,8
2012,5,3,8
2012,5,2,7
2012,4,3,7
2012,8,6,14
2012,3,2,5
2012,2,10,12
2012,5,1,6
2012,9,13,22
2012,7,6,13
2012,7,6,13
2012,4,3,7
2012,5,2,7
2012,5,4,9
2012,3,0,3
2012,9,2,11
2012,6,4,10
2012,9,5,14
2012,12,11,23
2012,2,1,3
2012,5,0,5
2012,5,4,9
2012,3,0,3
2012,7,5,12
2012,3,1,4
2012,4,10,14
2012,2,1,3
2012,5,2,7
2012,3,11,14
2012,3,2,5
2012,3,1,4
2012,6,5,11
2012,2,12,14
2012,3,2,5
2012,4,3,7
2012,6,0,6
2012,4,2,6
2012,6,3,9
2012,4,1,5
2012,7,5,12
2012,6,2,8
2012,6,2,8
2012,6,5,11
2012,6,4,10
2012,6,2,8
2012,3,0,3
2012,3,0,3
2012,4,2,6
2012,2,1,3
2012,3,2,5
2012,3,1,4
2012,3,1,4
2012,7,1,8
2012,5,0,5
2012,3,13,16
2012,3,1,4
2012,7,6,13
2012,3,1,4
2012,6,5,11
2012,5,3,8
2012,4,3,7
2012,4,12,16
2012,4,3,7
2012,7,10,17
2012,16,1,17
2012,9,7,16
2012,9,2,11
2012,5,4,9
2012,7,4,11
2012,4,1,5
2012,6,2,8
2012,4,2,6
2012,5,4,9
2012,3,1,4
2012,5,15,20
2012,7,1,8
2012,6,3,9
2012,2,1,3
2012,7,3,10
2012,6,2,8
2012,6,3,9
2012,5,1,6
2012,12,1,13
2012,4,2,6
2012,4,2,6
2012,9,6,15
2012,5,4,9
2012,6,0,6
2012,8,7,15
2012,8,0,8
2012,4,1,5
2012,5,3,8
2012,9,10,19
2012,4,3,7
2012,8,2,10
2012,1,0,1
2012,8,4,12
2012,5,11,16
2012,4,10,14
2012,4,1,5
2012,2,1,3
2012,6,3,9
2012,5,3,8
2012,7,10,17
2012,4,10,14
2012,2,1,3
2012,8,1,9
2012,4,15,19
2012,5,4,9
2012,3,2,5
2012,2,1,3
2012,3,2,5
2012,6,4,10
2012,3,0,3
2012,6,2,8
2012,4,1,5
2012,9,5,14
2012,5,4,9
2012,4,2,6
2012,6,2,8
2012,6,1,7
2012,6,3,9
2012,6,2,8
2012,5,4,9
2012,2,12,14
2012,5,4,9
2012,4,3,7
2012,4,0,4
2012,5,2,7
2012,4,3,7
2012,4,2,6
2012,5,10,15
2012,2,0,2
2012,4,0,4
2012,5,4,9
2012,6,10,16
2012,6,3,9
2012,2,1,3
2012,7,2,9
2012,3,2,5
2012,4,3,7
2012,3,0,3
2012,2,12,14
2012,4,2,6
2012,6,4,10
2012,8,1,9
2012,6,0,6
2012,5,4,9
2012,2,0,2
2012,8,2,10
2012,6,0,6
2012,8,4,12
2012,8,2,10
2012,6,0,6
2012,9,3,12
2012,9,4,13
2012,6,2,8
2012,3,2,5
2012,2,1,3
2012,7,5,12
2012,5,4,9
2012,6,5,11
2012,7,3,10
2012,8,4,12
2012,7,3,10
2012,9,7,16
2012,6,0,6
2012,8,3,11
2012,3,1,4
2012,9,1,10
2012,3,1,4
2012,8,5,13
2012,8,0,8
2012,2,1,3
2012,7,6,13
2012,4,2,6
2012,8,2,10
2012,1,0,1
2012,3,1,4
2012,2,12,14
2012,7,4,11
2012,4,11,15
2012,8,2,10
2012,2,0,2
2012,4,3,7
2012,4,10,14
2012,7,6,13
2012,3,0,3
2012,9,5,14
2012,9,5,14
2012,6,4,10
2012,7,4,11
2012,2,1,3
2012,7,3,10
2012,6,4,10
2012,3,2,5
2012,7,2,9
2012,6,2,8
2012,6,3,9
2012,6,2,8
2012,3,15,18
2012,7,1,8
2012,4,1,5
2012,7,0,7
2012,2,1,3
2012,5,2,7
2012,4,3,7
2012,7,5,12
2012,4,10,14
2012,5,4,9
2012,8,7,15
2012,9,6,15
2012,7,5,12
2012,3,0,3
2012,11,0,11
2012,6,3,9
2012,3,2,5
2012,3,2,5
2012,5,3,8
2012,2,10,12
2012,4,3,7
2012,2,1,3
2012,8,4,12
2012,4,2,6
2012,5,3,8
2012,6,5,11
2012,2,0,2
2012,5,3,8
2012,3,0,3
2012,4,3,7
2012,4,2,6
2012,4,3,7
2012,4,3,7
2012,4,3,7
2012,4,3,7
2012,3,1,4
2012,5,1,6
2012,6,1,7
2012,3,1,4
2012,1,0,1
2012,4,3,7
2012,4,2,6
2012,2,1,3
2012,5,4,9
2012,9,0,9
2012,1,0,1
2012,5,1,6
2012,4,2,6
2012,7,6,13
2012,2,14,16
2012,5,12,17
2012,4,0,4
2012,12,0,12
2012,1,0,1
2012,4,1,5
2012,2,1,3
2012,5,1,6
2012,6,3,9
2012,5,1,6
2012,3,1,4
2012,5,2,7
2012,7,2,9
2012,5,4,9
2012,9,0,9
2012,3,2,5
2012,3,2,5
2012,4,12,16
2012,2,1,3
2012,2,0,2
2012,8,3,11
2012,3,2,5
2012,4,3,7
2012,8,0,8
2012,6,4,10
2012,2,1,3
2012,6,0,6
2012,2,1,3
2012,3,1,4
2012,9,7,16
2012,6,4,10
2012,3,0,3
2012,6,4,10
2012,7,1,8
2012,2,1,3
2012,3,1,4
2012,8,1,9
2012,8,3,11
2012,5,0,5
2012,6,1,7
2012,9,0,9
2012,8,3,11
2012,2,0,2
2012,2,0,2
2012,4,3,7
2013,8,2,10
2013,6,2,8
2013,7,5,12
2013,1,0,1
2013,3,1,4
2013,4,0,4
2013,5,4,9
2013,4,2,6
2013,8,2,10
2013,2,11,13
2013,2,0,2
2013,3,1,4
2013,2,0,2
2013,6,1,7
2013,7,0,7
2013,3,0,3
2013,8,4,12
2013,7,1,8
2013,7,4,11
2013,4,1,5
2013,9,10,19
2013,9,2,11
2013,5,2,7
2013,5,4,9
2013,4,0,4
2013,5,3,8
2013,7,3,10
2013,3,2,5
2013,7,4,11
2013,8,4,12
2013,6,2,8
2013,3,0,3
2013,8,7,15
2013,3,2,5
2013,3,0,3
2013,2,0,2
2013,3,1,4
2013,5,4,9
2013,8,2,10
2013,4,2,6
2013,2,1,3
2013,8,2,10
2013,3,2,5
2013,6,3,9
2013,8,10,18
2013,6,1,7
2013,4,1,5
2013,9,5,14
2013,8,7,15
2013,15,0,15
2013,5,2,7
2013,8,3,11
2013,8,3,11
2013,3,0,3
2013,3,1,4
2013,7,5,12
2013,4,13,17
2013,1,0,1
2013,4,0,4
2013,3,2,5
2013,6,4,10
2013,6,5,11
2013,6,5,11
2013,4,3,7
2013,7,6,13
2013,6,3,9
2013,8,4,12
2013,6,3,9
2013,1,0,1
2013,9,2,11
2013,7,3,10
2013,4,3,7
2013,6,3,9
2013,6,0,6
2013,8,4,12
2013,5,0,5
2013,5,1,6
2013,4,3,7
2013,4,3,7
2013,6,3,9
2013,9,1,10
2013,7,0,7
2013,9,3,12
2013,6,2,8
2013,8,7,15
2013,4,3,7
2013,9,8,17
2013,3,14,17
2013,13,0,13
2013,7,3,10
2013,13,0,13
2013,5,3,8
2013,3,1,4
2013,7,4,11
2013,6,11,17
2013,3,1,4
2013,2,0,2
2013,7,2,9
2013,3,0,3
2013,4,2,6
2013,4,13,17
2013,5,4,9
2013,9,5,14
2013,6,5,11
2013,6,3,9
2013,14,1,15
2013,7,3,10
2013,7,4,11
2013,3,2,5
2013,8,3,11
2013,9,3,12
2013,9,16,25
2013,9,6,15
2013,5,1,6
2013,6,1,7
2013,8,7,15
2013,5,11,16
2013,2,10,12
2013,8,5,13
2013,8,6,14
2013,3,0,3
2013,8,0,8
2013,7,3,10
2013,4,3,7
2013,8,3,11
2013,10,0,10
2013,10,0,10
2013,2,0,2
2013,5,2,7
2013,8,1,9
2013,3,2,5
2013,7,6,13
2013,11,1,12
2013,3,2,5
2013,4,3,7
2013,7,4,11
2013,5,0,5
2013,3,0,3
2013,4,3,7
2013,1,0,1
2013,8,4,12
2013,3,1,4
2013,5,16,21
2013,5,2,7
2013,4,3,7
2013,6,5,11
2013,7,5,12
2013,3,1,4
2013,2,0,2
2013,6,4,10
2013,5,4,9
2013,7,5,12
2013,2,1,3
2013,3,2,5
2013,9,4,13
2013,3,2,5
2013,2,1,3
2013,4,2,6
2013,5,3,8
2013,7,3,10
2013,3,1,4
2013,9,5,14
2013,3,1,4
2013,8,0,8
2013,3,1,4
2013,4,1,5
2013,1,0,1
2013,5,0,5
2013,7,10,17
2013,3,1,4
2013,3,2,5
2013,2,1,3
2013,3,0,3
2013,10,1,11
2013,7,10,17
2013,2,1,3
2013,4,3,7
2013,4,3,7
2013,9,0,9
2013,3,2,5
2013,4,2,6
2013,6,3,9
2013,3,10,13
2013,8,2,10
2013,2,11,13
2013,6,10,16
2013,4,3,7
2013,6,3,9
2013,5,4,9
2013,4,2,6
2013,1,0,1
2013,7,2,9
2013,8,4,12
2013,9,8,17
2013,9,2,11
2013,8,2,10
2013,8,10,18
2013,8,6,14
2013,4,2,6
2013,4,3,7
2013,6,2,8
2013,4,3,7
2013,1,0,1
2013,6,2,8
2013,2,11,13
2013,6,3,9
2013,7,2,9
2013,6,1,7
2013,4,3,7
2013,4,3,7
2013,7,5,12
2013,5,0,5
2013,2,1,3
2013,7,0,7
2013,6,10,16
2013,6,2,8
2013,11,1,12
2013,6,3,9
2013,3,11,14
2013,7,2,9
2013,6,2,8
2013,4,3,7
2013,6,4,10
2013,2,0,2
2013,3,1,4
2013,8,1,9
2013,2,1,3
2013,3,1,4
2013,3,2,5
2013,5,4,9
2013,7,1,8
2013,8,2,10
2013,6,0,6
2013,3,2,5
2013,8,3,11
2013,7,0,7
2013,9,4,13
2013,10,0,10
2013,7,5,12
2013,6,1,7
2013,4,3,7
2013,2,1,3
2013,3,2,5
2013,4,3,7
2013,6,19,25
2013,5,1,6
2013,7,6,13
2013,5,0,5
2013,3,1,4
2013,2,0,2
2013,1,0,1
2013,5,0,5
2013,5,3,8
2013,4,3,7
2013,7,4,11
2013,4,2,6
2013,5,4,9
2013,5,3,8
2013,6,10,16
2013,5,4,9
2013,5,4,9
2013,4,2,6
2013,2,0,2
2013,7,3,10
2013,4,2,6
2013,5,0,5
2013,8,1,9
2013,3,11,14
2013,8,4,12
2013,7,6,13
2013,2,1,3
2013,9,6,15
2013,3,2,5
2013,5,4,9
2013,7,1,8
2013,3,2,5
2013,7,1,8
2013,5,4,9
2013,5,1,6
2013,3,2,5
2013,5,4,9
2013,4,3,7
2013,13,0,13
2013,4,2,6
2013,4,3,7
2013,2,10,12
2013,3,2,5
2013,4,3,7
2013,8,5,13
2013,7,2,9
2013,2,0,2
2013,6,3,9
2013,6,4,10
2013,4,3,7
2013,2,0,2
2013,3,11,14
2013,6,5,11
2013,6,5,11
2013,3,2,5
2013,1,0,1
2013,6,5,11
2013,7,5,12
2013,3,10,13
2013,7,3,10
2013,5,3,8
2013,2,1,3
2013,3,2,5
2013,3,0,3
2013,4,2,6
2013,3,2,5
2013,7,2,9
2013,5,2,7
2013,8,3,11
2013,4,3,7
2013,2,1,3
2013,5,3,8
2013,3,2,5
2013,2,10,12
2013,6,4,10
2013,6,0,6
2013,8,1,9
2013,6,3,9
2013,7,3,10
2013,5,4,9
2013,10,0,10
2013,7,5,12
2013,4,2,6
2013,4,3,7
2013,6,4,10
2013,4,0,4
2013,3,0,3
2013,2,1,3
2013,6,3,9
2013,9,1,10
2013,1,0,1
2013,3,2,5
2013,8,4,12
2013,4,10,14
2013,7,4,11
2013,3,2,5
2013,6,4,10
2013,3,2,5
2013,7,2,9
2013,5,4,9
2013,9,4,13
2013,7,3,10
2013,8,7,15
2013,3,2,5
2013,5,3,8
2013,6,3,9
2013,4,2,6
2013,6,1,7
2013,8,3,11
2013,8,3,11
2013,9,0,9
2013,3,10,13
2013,2,0,2
2013,6,4,10
2013,5,0,5
2013,3,2,5
2013,5,1,6
2013,9,8,17
2013,6,4,10
2013,2,1,3
2013,9,0,9
2013,5,2,7
2013,6,4,10
2013,3,2,5
2013,5,3,8
2013,4,3,7
2013,9,0,9
2013,2,12,14
2013,4,3,7
2013,4,10,14
2013,9,1,10
2013,8,10,18
2013,6,2,8
2013,2,1,3
2013,2,1,3
2013,8,1,9
2013,7,13,20
2013,2,14,16
2013,6,1,7
2013,8,2,10
2013,6,2,8
2013,2,1,3
2013,8,12,20
2013,7,4,11
2013,6,10,16
2013,7,2,9
2013,2,1,3
2013,6,10,16
2013,9,7,16
2013,9,6,15
2013,2,0,2
2013,6,2,8
2013,6,0,6
2013,6,2,8
2013,9,8,17
2013,7,3,10
2013,7,6,13
2013,6,4,10
2013,5,4,9
2013,5,4,9
2013,8,3,11
2013,4,2,6
2013,5,2,7
2013,10,1,11
2013,5,1,6
2013,3,1,4
2013,4,2,6
2013,7,3,10
2013,6,5,11
2013,7,2,9
2013,3,1,4
2013,3,1,4
2013,4,0,4
2013,7,5,12
2013,6,5,11
2013,7,6,13
2013,7,4,11
2013,4,3,7
2013,6,1,7
2013,2,0,2
2013,4,1,5
2013,3,1,4
2013,7,6,13
2013,2,1,3
2013,7,0,7
2013,4,0,4
2013,5,4,9
2013,6,4,10
2013,7,3,10
2013,9,3,12
2013,2,17,19
2013,2,0,2
2013,7,6,13
2013,4,2,6
2013,2,0,2
2013,5,4,9
2013,8,1,9
2013,9,10,19
2013,5,1,6
2013,8,1,9
2013,8,4,12
2013,9,4,13
2013,7,4,11
2013,4,2,6
2013,8,3,11
2013,9,0,9
2013,6,5,11
2013,10,1,11
2013,5,4,9
2013,2,14,16
2013,6,2,8
2013,5,1,6
2013,4,3,7
2013,4,3,7
2013,2,10,12
2013,6,5,11
2013,9,2,11
2013,7,4,11
2013,7,3,10
2013,2,1,3
2013,9,2,11
2013,5,0,5
2013,6,2,8
2013,8,7,15
2013,4,3,7
2013,6,1,7
2013,2,1,3
2013,5,4,9
2013,1,0,1
2013,2,0,2
2013,7,6,13
2013,5,3,8
2013,6,3,9
2013,1,0,1
2013,4,1,5
2013,5,1,6
2013,6,2,8
2013,6,4,10
2013,5,3,8
2013,8,15,23
2013,5,4,9
2013,7,2,9
2013,4,3,7
2013,3,2,5
2013,3,1,4
2013,3,2,5
2013,4,1,5
2013,6,3,9
2013,2,1,3
2013,1,0,1
2013,4,3,7
2013,4,10,14
2013,3,1,4
2013,2,1,3
2013,6,2,8
2013,5,3,8
2013,9,2,11
2013,3,1,4
2013,6,5,11
2013,3,2,5
2013,6,3,9
2013,5,4,9
2013,5,4,9
2013,3,2,5
2013,5,0,5
2013,7,5,12
2013,4,3,7
2013,4,10,14
2013,4,2,6
2013,6,11,17
2013,5,4,9
2013,9,6,15
2013,7,3,10
2013,6,3,9
2013,8,2,10
2013,3,0,3
2013,6,3,9
2013,7,3,10
2013,3,1,4
2013,3,2,5
2013,3,2,5
2013,7,13,20
2013,7,6,13
2013,8,7,15
2013,3,2,5
2013,7,1,8
2013,8,5,13
2013,2,11,13
2013,4,3,7
2013,10,1,11
2013,3,0,3
2013,8,7,15
2013,8,2,10
2013,4,2,6
2013,4,12,16
2013,3,0,3
2013,5,1,6
2013,4,3,7
2013,7,12,19
2013,4,2,6
2013,5,3,8
2013,6,0,6
2013,3,2,5
2013,6,1,7
2013,5,1,6
2013,8,2,10
2013,4,2,6
2013,2,1,3
2013,4,11,15
2013,10,1,11
2013,9,1,10
2013,1,0,1
2013,7,0,7
2013,7,2,9
2013,6,2,8
2013,3,10,13
2013,5,1,6
2013,5,1,6
2013,6,3,9
2013,6,2,8
2013,2,0,2
2013,3,2,5
2013,9,4,13
2013,6,2,8
2013,2,0,2
2013,6,2,8
2013,4,2,6
2013,4,3,7
2013,6,5,11
2013,6,2,8
2013,4,3,7
2013,4,10,14
2013,5,3,8
2013,6,10,16
2013,9,5,14
2013,5,3,8
2013,8,4,12
2013,6,3,9
2013,7,5,12
2013,3,1,4
2013,4,0,4
2013,9,4,13
2013,2,12,14
2013,6,2,8
2013,4,10,14
2013,3,1,4
2013,4,2,6
2013,9,2,11
2013,3,11,14
2013,5,4,9
2013,8,6,14
2013,5,3,8
2013,3,2,5
2013,7,1,8
2013,6,2,8
2013,5,2,7
2013,4,3,7
2013,4,10,14
2013,3,0,3
2013,8,5,13
2013,12,10,22
2013,3,2,5
2013,6,3,9
2013,9,10,19
2013,9,2,11
2013,3,2,5
2013,5,0,5
2013,2,1,3
2013,5,3,8
2013,5,4,9
2013,6,5,11
2013,7,6,13
2013,2,1,3
2013,9,12,21
2013,3,1,4
2013,6,10,16
2013,8,2,10
2013,5,4,9
2013,2,10,12
2013,1,0,1
2013,5,12,17
2013,7,2,9
2013,2,1,3
2013,10,0,10
2013,4,2,6
2013,2,1,3
2013,6,4,10
2013,7,2,9
2013,6,2,8
2013,5,2,7
2013,3,1,4
2013,4,3,7
2013,6,0,6
2013,5,0,5
2013,2,1,3
2013,5,1,6
2013,4,3,7
2013,3,2,5
2013,1,0,1
2013,4,13,17
2013,4,2,6
2013,8,11,19
2013,5,1,6
2013,6,4,10
2013,6,4,10
2013,8,10,18
2013,5,1,6
2013,6,5,11
2013,5,1,6
2013,3,1,4
2013,4,3,7
2013,4,2,6
2013,8,0,8
2013,9,2,11
2013,7,5,12
2013,12,0,12
2013,5,4,9
2013,3,2,5
2013,3,1,4
2013,5,1,6
2013,5,4,9
2013,7,3,10
2013,7,3,10
2013,5,2,7
2013,4,0,4
2013,5,4,9
2013,2,10,12
2013,4,2,6
2013,1,0,1
2013,4,3,7
2013,7,1,8
2013,8,3,11
2013,6,3,9
2013,6,2,8
2013,7,11,18
2013,4,1,5
2013,3,1,4
2013,3,0,3
2013,9,2,11
2013,7,4,11
2013,1,0,1
2013,5,3,8
2013,2,1,3
2013,3,1,4
2013,4,3,7
2013,3,12,15
2013,7,6,13
2013,5,4,9
2013,4,2,6
2013,6,12,18
2013,5,2,7
2013,8,1,9
2013,4,3,7
2013,7,4,11
2013,6,0,6
2013,6,5,11
2013,5,2,7
2013,7,0,7
2013,2,1,3
2013,7,5,12
2013,9,5,14
2013,5,0,5
2013,9,4,13
2013,6,10,16
2013,5,2,7
2013,4,10,14
2013,7,4,11
2013,2,1,3
2013,5,2,7
2013,3,2,5
2013,5,11,16
2013,7,0,7
2013,5,3,8
2013,5,2,7
2013,6,0,6
2013,5,2,7
2013,6,5,11
2013,4,3,7
2013,6,5,11
2013,5,3,8
2013,6,5,11
2013,6,5,11
2013,5,3,8
2013,5,4,9
2013,6,1,7
2013,6,2,8
2013,5,2,7
2013,5,3,8
2013,5,4,9
2013,4,2,6
2013,4,3,7
2013,7,3,10
2013,8,3,11
2013,6,5,11
2013,6,1,7
2013,5,3,8
2013,5,4,9
2013,9,3,12
2013,7,0,7
2013,4,2,6
2013,6,5,11
2013,3,2,5
2013,6,3,9
2013,8,7,15
2013,6,3,9
2013,2,1,3
2013,4,1,5
2013,9,0,9
2013,6,10,16
2013,9,3,12
2013,6,2,8
2013,3,1,4
2013,8,2,10
2013,1,0,1
2013,2,1,3
2013,4,1,5
2013,3,0,3
2013,6,5,11
2013,2,1,3
2013,6,3,9
2013,6,1,7
2013,7,6,13
2013,7,6,13
2013,9,3,12
2013,4,3,7
2013,3,0,3
2013,9,6,15
2013,9,3,12
2013,5,2,7
2013,6,3,9
2013,3,1,4
2013,4,1,5
2013,9,4,13
2013,4,3,7
2013,5,3,8
2013,3,2,5
2013,9,6,15
2013,5,3,8
2013,3,2,5
2013,3,11,14
2013,2,0,2
2013,8,3,11
2013,7,1,8
2013,7,5,12
2013,5,2,7
2013,8,6,14
2013,3,1,4
2013,9,2,11
2013,1,0,1
2013,7,1,8
2013,5,2,7
2013,4,2,6
2013,9,5,14
2013,6,3,9
2013,3,2,5
2013,7,5,12
2013,7,2,9
2013,9,2,11
2013,7,5,12
2013,5,1,6
2013,3,0,3
2013,4,1,5
2013,3,0,3
2013,8,5,13
2013,6,0,6
2013,4,3,7
2013,7,2,9
2013,2,0,2
2013,2,1,3
2013,3,10,13
2013,4,12,16
2013,5,0,5
2013,7,6,13
2013,8,1,9
2013,5,4,9
2013,11,1,12
2013,4,3,7
2013,4,3,7
2013,2,0,2
2013,4,3,7
2013,8,0,8
2013,7,1,8
2013,4,1,5
2013,5,4,9
2013,6,3,9
2013,4,2,6
2013,8,4,12
2013,3,11,14
2013,7,2,9
2013,6,11,17
2013,10,0,10
2013,3,0,3
2013,2,0,2
2013,7,5,12
2013,5,4,9
2013,7,4,11
2013,4,2,6
2013,3,1,4
2013,2,1,3
2013,7,2,9
2013,3,0,3
2013,2,1,3
2013,2,10,12
2013,7,4,11
2013,7,2,9
2013,4,2,6
2013,7,1,8
2013,4,3,7
2013,5,4,9
2013,5,17,22
2013,5,4,9
2013,10,1,11
2013,4,1,5
2013,3,0,3
2013,9,7,16
2013,4,3,7
2013,4,3,7
2013,7,3,10
2013,7,4,11
2013,2,1,3
2013,7,6,13
2013,3,2,5
2013,8,6,14
2013,5,0,5
2013,3,2,5
2013,4,12,16
2013,3,0,3
2013,7,11,18
2013,4,1,5
2013,6,2,8
2013,6,1,7
2013,6,4,10
2013,6,1,7
2013,7,5,12
2013,4,0,4
2013,3,10,13
2013,10,1,11
2013,6,3,9
2013,5,4,9
2013,6,5,11
2013,5,2,7
2013,3,1,4
2013,7,3,10
2013,5,0,5
2013,5,1,6
2013,6,1,7
2013,8,12,20
2013,3,1,4
2013,4,3,7
2013,2,0,2
2013,9,2,11
2013,9,10,19
2013,7,5,12
2013,4,2,6
2013,2,1,3
2013,5,4,9
2013,4,1,5
2013,2,1,3
2013,6,1,7
2013,5,10,15
2013,9,5,14
2013,7,2,9
2013,4,1,5
2013,6,2,8
2013,4,2,6
2013,4,2,6
2013,6,4,10
2013,7,2,9
2013,2,1,3
2013,4,3,7
2013,2,1,3
2013,3,1,4
2013,8,0,8
2013,4,3,7
2013,4,3,7
2013,6,2,8
2013,5,10,15
2013,4,2,6
2013,4,1,5
2013,4,11,15
2013,8,7,15
2013,4,1,5
2013,2,0,2
2013,8,1,9
2013,9,1,10
2013,8,4,12
2013,2,1,3
2013,7,10,17
2013,6,4,10
2013,7,0,7
2013,5,4,9
2013,4,3,7
2013,6,10,16
2013,6,2,8
2013,3,2,5
2013,5,4,9
2013,6,1,7
2013,7,6,13
2013,3,2,5
2013,8,10,18
2013,6,3,9
2013,3,2,5
2013,7,5,12
2013,2,12,14
2013,8,3,11
2013,3,2,5
2013,5,3,8
2013,5,4,9
2013,3,2,5
2013,9,2,11
2013,6,4,10
2013,8,2,10
2013,3,2,5
2013,4,0,4
2013,8,3,11
2013,5,2,7
2013,9,5,14
2013,2,1,3
2013,5,1,6
2013,3,2,5
2013,8,6,14
2013,10,1,11
2013,4,3,7
2013,5,1,6
2013,5,2,7
2013,8,12,20
2013,5,3,8
2013,6,1,7
2013,2,1,3
2013,5,2,7
2013,5,4,9
2013,6,5,11
2013,5,4,9
2013,3,2,5
2013,2,1,3
2013,3,2,5
2013,10,0,10
2013,10,1,11
2013,3,1,4
2013,5,2,7
2013,6,0,6
2013,2,0,2
2013,4,3,7
2013,2,1,3
2013,8,7,15
2013,2,1,3
2013,5,4,9
2013,4,0,4
2013,6,3,9
2013,3,2,5
2013,3,0,3
2013,2,1,3
2013,7,2,9
2013,8,0,8
2013,6,2,8
2013,6,5,11
2013,5,4,9
2013,6,0,6
2013,7,6,13
2013,5,10,15
2013,4,3,7
2013,7,13,20
2013,6,3,9
2013,5,2,7
2013,4,0,4
2013,5,3,8
2013,6,4,10
2013,5,3,8
2013,6,1,7
2013,6,5,11
2013,3,0,3
2013,6,3,9
2013,5,1,6
2013,2,0,2
2013,5,2,7
2013,5,4,9
2013,7,2,9
2013,5,2,7
2013,4,3,7
2013,2,10,12
2013,6,3,9
2013,4,1,5
2013,5,3,8
2013,7,2,9
2013,3,11,14
2013,3,2,5
2013,2,1,3
2013,4,1,5
2013,2,1,3
2013,5,1,6
2013,4,2,6
2013,5,4,9
2013,5,3,8
2013,5,2,7
2013,8,7,15
2013,2,0,2
2013,3,2,5
2013,3,2,5
2013,4,3,7
2013,6,1,7
2013,5,1,6
2013,3,1,4
2013,4,0,4
2013,4,3,7
2013,5,2,7
2013,10,1,11
2013,7,5,12
2013,4,2,6
2013,5,4,9
2013,4,2,6
2013,6,2,8
2013,8,3,11
2013,1,0,1
2013,3,1,4
2013,5,3,8
2013,6,2,8
2013,2,1,3
2013,6,3,9
2013,3,13,16
2013,3,1,4
2013,7,4,11
2013,6,4,10
2013,6,0,6
2013,6,2,8
2013,4,2,6
2013,4,1,5
2013,9,4,13
2013,5,2,7
2013,9,10,19
2013,4,3,7
2013,5,3,8
2013,4,3,7
2013,7,4,11
2013,8,4,12
2013,8,3,11
2013,6,3,9
2013,2,1,3
2013,6,1,7
2013,4,3,7
2013,5,1,6
2013,5,2,7
2013,5,11,16
2013,3,1,4
2013,5,1,6
2013,6,10,16
2013,9,1,10
2013,2,0,2
2013,6,2,8
2013,4,3,7
2013,5,2,7
2013,6,3,9
2013,6,3,9
2013,6,4,10
2013,7,6,13
2013,2,1,3
2013,6,1,7
2013,4,3,7
2013,4,3,7
2013,8,7,15
2013,3,10,13
2013,3,2,5
2013,2,0,2
2013,7,5,12
2013,8,7,15
2013,6,1,7
2013,7,5,12
2013,2,1,3
2013,4,2,6
2013,4,2,6
2013,7,1,8
2013,9,10,19
2013,4,2,6
2013,6,14,20
2013,5,3,8
2013,7,5,12
2013,7,6,13
2013,7,4,11
2013,3,1,4
2013,8,0,8
2013,3,1,4
2013,6,3,9
2013,7,2,9
2013,2,1,3
2013,5,13,18
2013,7,6,13
2013,5,2,7
2013,3,1,4
2013,4,3,7
2013,4,1,5
2013,6,3,9
2013,4,11,15
2013,5,4,9
2013,8,14,22
2013,5,13,18
2013,4,3,7
2013,6,5,11
2013,4,2,6
2013,9,3,12
2013,4,3,7
2013,7,3,10
2013,6,2,8
2013,9,4,13
2013,5,1,6
2013,7,5,12
2013,4,3,7
2013,5,3,8
2013,3,0,3
2013,7,4,11
2013,4,3,7
2013,4,3,7
2013,4,2,6
2013,5,3,8
2013,5,4,9
2013,8,5,13
2013,5,0,5
2013,7,5,12
2013,4,2,6
2013,3,0,3
2013,3,2,5
2013,7,3,10
2013,7,4,11
2013,3,2,5
2013,3,1,4
2013,6,4,10
2013,7,2,9
2013,3,1,4
2013,2,0,2
2013,3,2,5
2013,3,0,3
2013,4,3,7
2013,7,5,12
2013,19,10,29
2013,9,8,17
2013,4,1,5
2013,4,2,6
2013,16,1,17
2013,9,2,11
2013,9,3,12
2013,6,4,10
2013,6,1,7
2013,3,10,13
2013,5,4,9
2013,6,3,9
2013,4,0,4
2013,5,11,16
2013,3,11,14
2013,6,2,8
2013,4,3,7
2013,2,1,3
2013,7,2,9
2013,4,3,7
2013,7,1,8
2013,6,2,8
2013,5,1,6
2013,7,1,8
2013,2,1,3
2013,5,3,8
2013,4,3,7
2013,6,4,10
2013,6,2,8
2013,4,2,6
2013,5,4,9
2013,4,0,4
2013,5,2,7
2013,3,1,4
2013,6,1,7
2013,6,2,8
2013,9,8,17
2013,2,13,15
2013,7,5,12
2013,2,1,3
2013,7,6,13
2013,3,1,4
2013,3,2,5
2013,8,1,9
2013,12,0,12
2013,4,0,4
2013,4,10,14
2013,5,4,9
2013,8,3,11
2013,5,10,15
2013,5,1,6
2013,3,11,14
2013,4,1,5
2013,5,2,7
2013,3,0,3
2013,8,0,8
2013,8,0,8
2013,6,5,11
2013,7,3,10
2013,9,1,10
2013,8,7,15
2013,3,1,4
2013,9,2,11
2013,7,6,13
2013,4,0,4
2013,2,12,14
2013,6,3,9
2013,2,1,3
2013,4,2,6
2013,3,2,5
2013,8,10,18
2013,4,1,5
2013,6,5,11
2013,3,2,5
2013,5,3,8
2013,3,1,4
2013,6,5,11
2013,4,2,6
2013,6,2,8
2013,4,1,5
2013,6,5,11
2013,4,3,7
2013,8,2,10
2013,3,2,5
2013,9,5,14
2013,7,5,12
2013,7,10,17
2013,9,5,14
2013,5,4,9
2013,1,0,1
2013,6,4,10
2013,5,4,9
2013,11,1,12
2013,8,5,13
2013,6,2,8
2013,5,0,5
2013,6,2,8
2013,4,2,6
2013,7,0,7
2013,6,3,9
2013,5,12,17
2013,3,2,5
2013,5,4,9
2013,2,10,12
2013,4,1,5
2013,8,3,11
2013,5,10,15
2013,4,0,4
2013,8,5,13
2013,9,7,16
2013,11,1,12
2013,4,1,5
2013,4,13,17
2013,9,4,13
2013,4,3,7
2013,7,6,13
2013,5,4,9
2013,4,13,17
2013,4,2,6
2013,5,4,9
2013,3,0,3
2013,9,5,14
2013,6,0,6
2013,5,4,9
2013,3,0,3
2013,6,1,7
2013,4,3,7
2013,3,1,4
2013,9,6,15
2013,4,10,14
2013,2,1,3
2013,2,1,3
2013,7,3,10
2013,4,1,5
2013,3,2,5
2013,3,1,4
2013,5,4,9
2013,5,11,16
2013,7,11,18
2013,6,1,7
2013,8,5,13
2013,8,2,10
2013,4,2,6
2013,7,1,8
2013,4,3,7
2013,5,1,6
2013,3,2,5
2013,2,1,3
2013,4,2,6
2013,4,11,15
2013,4,3,7
2013,7,4,11
2013,6,1,7
2013,8,4,12
2013,7,2,9
2013,3,0,3
2013,4,11,15
2013,6,4,10
2013,2,0,2
2013,3,1,4
2013,4,2,6
2013,2,1,3
2013,2,1,3
2013,8,11,19
2013,6,10,16
2013,9,5,14
2013,4,1,5
2013,7,5,12
2013,6,1,7
2013,2,13,15
2013,5,4,9
2013,8,5,13
2013,6,2,8
2013,6,2,8
2013,8,1,9
2013,5,1,6
2013,5,0,5
2013,5,4,9
2013,4,11,15
2013,7,2,9
2013,5,4,9
2013,4,3,7
2013,5,3,8
2013,6,5,11
2013,3,1,4
2013,3,0,3
2013,4,2,6
2013,6,3,9
2013,6,1,7
2013,8,4,12
2013,3,1,4
2013,4,2,6
2013,8,7,15
2013,4,3,7
2013,2,1,3
2013,4,2,6
2013,8,5,13
2013,3,2,5
2013,3,0,3
2013,7,2,9
2013,3,0,3
2013,8,3,11
2013,2,0,2
2013,4,2,6
2013,3,2,5
2013,10,1,11
2013,8,3,11
2013,2,1,3
2013,5,4,9
2013,5,2,7
2013,7,3,10
2013,6,4,10
2013,5,3,8
2013,7,1,8
2013,1,0,1
2013,2,1,3
2013,4,1,5
2013,3,0,3
2013,5,4,9
2013,2,1,3
2013,4,2,6
2013,9,0,9
2013,6,0,6
2013,4,3,7
2013,5,1,6
2013,8,4,12
2013,7,4,11
2013,6,10,16
2013,6,4,10
2013,5,0,5
2013,3,1,4
2013,5,2,7
2013,4,10,14
2013,3,2,5
2013,4,3,7
2013,4,2,6
2013,10,1,11
2013,4,3,7
2013,5,0,5
2013,4,1,5
2013,4,2,6
2013,6,4,10
2013,5,3,8
2013,3,1,4
2013,7,10,17
2013,1,0,1
2013,2,0,2
2013,3,2,5
2013,8,13,21
2013,2,0,2
2013,9,6,15
2013,3,1,4
2013,8,5,13
2013,3,2,5
2013,2,0,2
2013,5,2,7
2013,6,10,16
2013,5,4,9
2013,9,3,12
2013,4,2,6
2013,6,5,11
2013,6,0,6
2013,3,2,5
2013,5,4,9
2013,4,3,7
2013,5,3,8
2013,7,4,11
2013,4,3,7
2013,3,1,4
2013,6,0,6
2013,8,7,15
2013,3,1,4
2013,3,2,5
2013,4,3,7
2013,5,12,17
2013,4,1,5
2013,1,0,1
2013,7,1,8
2013,5,0,5
2013,3,1,4
2013,3,2,5
2013,4,2,6
2013,4,3,7
2013,9,2,11
2013,4,3,7
2013,4,2,6
2013,3,0,3
2013,7,3,10
2013,3,1,4
2013,4,3,7
2013,9,2,11
2013,5,3,8
2013,2,1,3
2013,2,1,3
2013,11,0,11
2013,3,0,3
2013,5,14,19
2013,6,5,11
2013,3,10,13
2013,4,10,14
2013,6,2,8
2013,6,2,8
2013,4,2,6
2013,5,4,9
2013,3,2,5
2013,6,2,8
2013,4,1,5
2013,4,3,7
2013,9,3,12
2013,5,3,8
2013,4,1,5
2013,5,4,9
2013,9,10,19
2013,5,1,6
2013,1,0,1
2013,7,6,13
2013,5,1,6
2013,6,2,8
2013,2,1,3
2013,4,3,7
2013,4,3,7
2013,3,1,4
2013,8,2,10
2013,10,1,11
2013,8,3,11
2013,3,11,14
2013,3,1,4
2013,8,3,11
2013,4,2,6
2013,3,1,4
2013,7,4,11
2013,5,3,8
2013,7,1,8
2013,5,2,7
2013,8,10,18
2013,7,4,11
2013,8,3,11
2013,8,2,10
2013,3,1,4
2013,2,0,2
2013,4,0,4
2013,9,7,16
2013,10,0,10
2013,4,1,5
2013,6,0,6
2013,5,1,6
2013,8,11,19
2013,8,3,11
2013,2,1,3
2013,2,1,3
2013,2,0,2
2013,6,10,16
2013,6,4,10
2013,3,2,5
2013,3,2,5
2013,6,12,18
2013,11,0,11
2013,2,1,3
2013,3,12,15
2013,2,0,2
2013,7,3,10
2013,1,0,1
2013,1,0,1
2013,7,5,12
2013,10,0,10
2013,4,1,5
2013,7,4,11
2013,1,0,1
2013,3,1,4
2013,4,0,4
2013,1,0,1
2013,8,6,14
2013,4,1,5
2013,1,0,1
2013,5,2,7
2013,5,0,5
2013,4,2,6
2013,6,0,6
2013,6,5,11
2013,4,12,16
2013,1,0,1
2013,3,2,5
2013,6,5,11
2013,6,10,16
2013,6,4,10
2013,2,1,3
2013,2,1,3
2013,14,1,15
2013,9,8,17
2013,2,1,3
2013,5,0,5
2013,3,2,5
2013,6,5,11
2013,9,4,13
2013,9,2,11
2013,2,1,3
2013,4,3,7
2013,3,11,14
2013,4,3,7
2013,8,2,10
2013,6,5,11
2013,3,2,5
2013,7,4,11
2013,5,1,6
2013,3,2,5
2013,4,2,6
2013,7,2,9
2013,5,0,5
2013,7,3,10
2013,2,1,3
2013,6,0,6
2013,4,2,6
2013,5,2,7
2013,14,11,25
2013,9,0,9
2013,11,0,11
2013,5,4,9
2013,6,1,7
2013,6,5,11
2013,11,1,12
2013,3,0,3
2013,3,2,5
2013,4,3,7
2013,5,2,7
2013,9,2,11
2013,5,4,9
2013,4,1,5
2013,7,0,7
2013,2,1,3
2013,8,2,10
2013,2,11,13
2013,6,3,9
2013,8,7,15
2013,6,4,10
2013,6,1,7
2013,3,0,3
2013,7,2,9
2013,2,1,3
2013,13,0,13
2013,7,1,8
2013,7,5,12
2013,8,11,19
2013,7,6,13
2013,6,2,8
2013,3,13,16
2013,2,1,3
2013,10,0,10
2013,4,1,5
2013,4,3,7
2013,4,2,6
2013,8,3,11
2013,6,4,10
2013,4,2,6
2013,7,2,9
2013,4,1,5
2013,7,3,10
2013,8,4,12
2013,5,2,7
2013,3,0,3
2013,8,3,11
2013,3,0,3
2013,4,3,7
2013,3,0,3
2013,6,4,10
2013,4,3,7
2013,4,2,6
2013,5,4,9
2013,5,2,7
2013,3,0,3
2013,2,1,3
2013,6,5,11
2013,3,2,5
2013,4,0,4
2013,1,0,1
2013,2,15,17
2013,3,2,5
2013,2,0,2
2013,8,5,13
2013,3,2,5
2013,6,2,8
2013,4,0,4
2013,4,1,5
2013,5,1,6
2013,6,3,9
2013,4,3,7
2013,5,2,7
2013,8,1,9
2013,4,2,6
2013,2,0,2
2013,13,0,13
2013,3,1,4
2013,4,2,6
2013,3,2,5
2013,3,2,5
2013,8,3,11
2013,6,1,7
2013,3,2,5
2013,3,1,4
2013,5,1,6
2013,15,10,25
2013,7,0,7
2013,3,2,5
2013,9,8,17
2013,4,3,7
2013,4,1,5
2013,7,2,9
2013,3,1,4
2013,5,1,6
2013,2,1,3
2013,3,10,13
2013,9,8,17
2013,6,5,11
2013,6,5,11
2013,6,5,11
2013,7,5,12
2013,5,2,7
2013,5,0,5
2013,5,2,7
2013,4,2,6
2013,3,10,13
2013,9,7,16
2013,6,1,7
2013,4,13,17
2013,6,3,9
2013,3,10,13
2013,5,1,6
2013,2,1,3
2013,12,1,13
2013,5,4,9
2013,4,1,5
2013,5,1,6
2013,5,4,9
2013,5,0,5
2013,7,5,12
2013,3,2,5
2013,7,2,9
2013,5,2,7
2013,10,1,11
2013,9,5,14
2013,9,6,15
2013,7,6,13
2013,4,3,7
2013,5,10,15
2013,5,2,7
2013,3,0,3
2013,6,14,20
2013,9,2,11
2013,4,1,5
2013,1,0,1
2013,5,4,9
2013,3,1,4
2013,7,2,9
2013,6,4,10
2013,5,4,9
2013,5,3,8
2013,5,0,5
2013,9,3,12
2013,10,0,10
2013,3,2,5
2013,6,5,11
2013,5,4,9
2013,8,5,13
2013,9,5,14
2013,9,4,13
2013,5,2,7
2013,3,2,5
2013,6,5,11
2013,3,2,5
2013,6,1,7
2013,4,3,7
2013,8,2,10
2013,5,4,9
2013,2,0,2
2013,2,10,12
2013,8,4,12
2013,6,4,10
2013,6,0,6
2013,7,6,13
2013,5,1,6
2013,6,2,8
2013,2,0,2
2013,2,14,16
2013,2,1,3
2013,6,2,8
2013,4,2,6
2013,3,0,3
2013,2,1,3
2013,5,1,6
2013,4,3,7
2013,3,1,4
2013,4,3,7
2013,6,4,10
2013,7,5,12
2013,1,0,1
2013,4,2,6
2013,5,2,7
2013,7,14,21
2013,5,4,9
2013,4,3,7
2013,5,4,9
2013,5,1,6
2013,4,2,6
2013,4,2,6
2013,5,4,9
2013,6,3,9
2013,6,4,10
2013,5,0,5
2013,4,2,6
2013,5,2,7
2013,5,4,9
2013,9,8,17
2013,3,11,14
2013,2,1,3
2013,5,1,6
2013,5,4,9
2013,5,4,9
2013,4,3,7
2013,6,5,11
2013,4,1,5
2013,2,1,3
2013,4,3,7
2013,8,4,12
2013,5,0,5
2013,4,1,5
2013,6,5,11
2013,7,1,8
2013,2,1,3
2013,4,3,7
2013,8,2,10
2013,3,2,5
2013,6,3,9
2013,3,10,13
2013,7,0,7
2013,2,1,3
2013,3,0,3
2013,14,10,24
2013,7,6,13
2013,5,2,7
2013,3,2,5
2013,4,0,4
2013,6,2,8
2013,5,2,7
2013,5,4,9
2013,3,1,4
2013,6,5,11
2013,8,7,15
2013,8,4,12
2013,6,1,7
2013,4,0,4
2013,6,5,11
2013,6,4,10
2013,2,0,2
2013,8,5,13
2013,7,1,8
2013,5,0,5
2013,5,15,20
2013,8,2,10
2013,6,2,8
2013,3,15,18
2013,7,5,12
2013,2,1,3
2013,7,2,9
2013,9,6,15
2013,6,1,7
2013,6,3,9
2013,6,5,11
2013,9,1,10
2013,5,2,7
2013,7,3,10
2013,3,2,5
2013,4,2,6
2013,4,3,7
2013,2,1,3
2013,4,3,7
2013,5,2,7
2013,4,3,7
2013,11,1,12
2013,5,3,8
2013,6,2,8
2013,8,5,13
2013,6,1,7
2013,2,1,3
2013,5,4,9
2013,3,1,4
2013,7,0,7
2013,5,16,21
2013,4,1,5
2013,7,4,11
2013,4,2,6
2013,5,2,7
2013,6,3,9
2013,2,0,2
2013,6,4,10
2013,6,3,9
2013,8,4,12
2013,3,2,5
2013,5,3,8
2013,7,4,11
2013,5,3,8
2013,8,1,9
2013,3,2,5
2013,4,2,6
2013,3,1,4
2013,4,2,6
2013,6,11,17
2013,7,10,17
2013,7,1,8
2013,5,2,7
2013,4,1,5
2013,8,6,14
2013,4,2,6
2013,4,1,5
2013,5,3,8
2013,4,3,7
2013,2,1,3
2013,12,1,13
2013,5,4,9
2013,5,4,9
2013,2,1,3
2013,7,6,13
2013,4,3,7
2013,6,0,6
2013,5,3,8
2013,5,4,9
2013,5,10,15
2013,6,2,8
2013,9,7,16
2013,5,11,16
2013,6,4,10
2013,5,1,6
2013,4,12,16
2013,11,10,21
2013,2,0,2
2013,3,2,5
2013,6,1,7
2013,4,3,7
2013,8,6,14
2013,2,0,2
2013,3,1,4
2013,3,1,4
2013,7,2,9
2013,2,1,3
2013,3,2,5
2013,6,3,9
2013,7,2,9
2013,8,5,13
2013,7,2,9
2013,4,2,6
2013,3,0,3
2013,3,0,3
2013,7,12,19
2013,3,2,5
2013,5,1,6
2013,6,3,9
2013,6,2,8
2013,4,2,6
2013,3,10,13
2013,5,2,7
2013,3,1,4
2013,3,1,4
2013,2,1,3
2013,6,4,10
2013,8,1,9
2013,4,3,7
2013,3,11,14
2013,9,5,14
2013,3,2,5
2013,7,1,8
2013,4,0,4
2013,5,2,7
2013,3,2,5
2013,6,1,7
2013,8,10,18
2013,6,1,7
2013,8,6,14
2013,11,1,12
2013,6,2,8
2013,2,1,3
2013,8,3,11
2013,8,6,14
2013,5,2,7
2013,9,10,19
2013,2,0,2
2013,2,13,15
2013,4,3,7
2013,5,3,8
2013,6,3,9
2013,3,2,5
2013,6,1,7
2013,5,0,5
2013,7,6,13
2013,4,3,7
2013,6,1,7
2013,6,5,11
2013,7,1,8
2013,2,1,3
2013,5,1,6
2013,3,2,5
2013,4,3,7
2013,6,1,7
2013,5,4,9
2013,4,14,18
2013,4,0,4
2013,8,1,9
2013,6,2,8
2013,7,1,8
2013,4,12,16
2013,10,0,10
2013,4,1,5
2013,7,2,9
2013,4,3,7
2013,3,1,4
2013,3,2,5
2013,7,6,13
2013,3,2,5
2013,3,1,4
2013,3,11,14
2013,4,0,4
2013,2,0,2
2013,9,0,9
2013,1,0,1
2013,2,1,3
2013,4,3,7
2013,6,5,11
2013,9,6,15
2013,7,2,9
2013,7,1,8
2013,9,2,11
2013,5,0,5
2013,8,5,13
2013,4,3,7
2013,5,0,5
2013,3,2,5
2013,3,2,5
2013,3,2,5
2013,4,3,7
2013,5,4,9
2013,7,2,9
2013,4,3,7
2013,8,3,11
2013,5,10,15
2013,3,1,4
2013,2,1,3
2013,6,5,11
2013,2,0,2
2013,2,1,3
2013,7,1,8
2013,2,1,3
2013,4,2,6
2013,3,11,14
2013,8,2,10
2013,7,0,7
2013,7,6,13
2013,7,1,8
2013,7,4,11
2013,4,0,4
2013,2,0,2
2013,2,1,3
2013,5,3,8
2013,7,3,10
2013,5,1,6
2013,7,2,9
2013,4,2,6
2013,5,0,5
2013,6,5,11
2013,2,11,13
2013,4,1,5
2013,5,13,18
2013,3,0,3
2013,4,3,7
2013,7,2,9
2013,7,2,9
2013,8,10,18
2013,6,10,16
2013,3,1,4
2013,5,2,7
2013,9,1,10
2013,4,2,6
2013,3,2,5
2013,4,1,5
2013,7,1,8
2013,4,10,14
2013,3,1,4
2013,2,1,3
2013,6,2,8
2013,1,0,1
2013,4,3,7
2013,7,4,11
2013,9,6,15
2013,4,3,7
2013,4,3,7
2013,6,4,10
2013,5,1,6
2013,9,6,15
2013,3,2,5
2013,3,1,4
2013,4,3,7
2013,5,2,7
2013,4,20,24
2013,9,7,16
2013,5,4,9
2013,6,4,10
2013,7,5,12
2013,6,5,11
2013,6,4,10
2013,9,3,12
2013,6,5,11
2013,4,11,15
2013,3,2,5
2013,5,13,18
2013,6,2,8
2013,3,1,4
2013,6,2,8
2013,7,6,13
2013,9,8,17
2013,3,2,5
2013,4,2,6
2013,6,5,11
2013,4,0,4
2013,8,5,13
2013,3,2,5
2013,8,1,9
2013,2,16,18
2013,7,0,7
2013,6,5,11
2013,8,12,20
2013,7,5,12
2013,2,1,3
2013,4,3,7
2013,6,4,10
2013,3,0,3
2013,8,12,20
2013,8,3,11
2013,4,3,7
2013,5,3,8
2013,4,3,7
2013,9,4,13
2013,4,3,7
2013,9,2,11
2013,2,11,13
2013,9,13,22
2013,2,1,3
2013,6,5,11
2013,2,1,3
2013,6,2,8
2013,2,1,3
2013,5,0,5
2013,4,3,7
2013,4,2,6
2013,3,1,4
2013,3,2,5
2013,2,1,3
2013,5,2,7
2013,6,4,10
2013,2,0,2
2013,4,3,7
2013,7,2,9
2013,3,2,5
2013,5,2,7
2013,4,1,5
2013,3,2,5
2013,9,2,11
2013,4,2,6
2013,5,1,6
2013,2,0,2
2013,4,3,7
2013,8,1,9
2013,5,2,7
2013,6,3,9
2013,9,0,9
2013,6,4,10
2013,3,2,5
2013,1,0,1
2013,7,5,12
2013,9,1,10
2013,9,1,10
2013,6,3,9
2013,5,3,8
2013,4,3,7
2013,4,3,7
2013,6,3,9
2013,8,2,10
2013,2,13,15
2013,9,8,17
2013,4,2,6
2013,2,0,2
2013,5,4,9
2013,6,12,18
2013,5,4,9
2013,1,0,1
2013,6,0,6
2013,6,2,8
2013,4,1,5
2013,5,2,7
2013,3,18,21
2013,3,0,3
2013,4,2,6
2013,6,1,7
2013,4,3,7
2013,5,1,6
2013,7,3,10
2013,7,5,12
2013,5,4,9
2013,6,5,11
2013,3,14,17
2013,3,2,5
2013,6,1,7
2013,8,2,10
2013,7,2,9
2013,5,10,15
2013,3,1,4
2013,5,3,8
2013,4,3,7
2013,4,3,7
2013,7,5,12
2013,4,3,7
2013,8,4,12
2013,3,1,4
2013,6,3,9
2013,9,7,16
2013,4,2,6
2013,5,1,6
2013,3,0,3
2013,4,3,7
2013,5,4,9
2013,2,1,3
2013,9,8,17
2013,5,3,8
2013,6,1,7
2013,9,2,11
2013,2,1,3
2013,5,1,6
2013,8,1,9
2013,1,0,1
2013,6,2,8
2013,3,19,22
2013,7,3,10
2013,7,0,7
2013,3,0,3
2013,3,1,4
2013,2,1,3
2013,4,1,5
2013,1,0,1
2013,4,3,7
2013,5,4,9
2013,8,2,10
2013,4,0,4
2013,9,2,11
2013,7,1,8
2013,3,2,5
2013,2,1,3
2013,4,3,7
2013,6,5,11
2013,6,4,10
2013,1,0,1
2013,3,2,5
2013,2,12,14
2013,5,1,6
2013,3,1,4
2013,2,11,13
2013,2,1,3
2013,12,1,13
2013,6,2,8
2013,4,2,6
2013,6,1,7
2013,7,1,8
2013,6,1,7
2013,12,1,13
2013,2,12,14
2013,2,0,2
2013,6,2,8
2013,9,3,12
2013,3,2,5
2013,4,3,7
2013,4,11,15
2013,6,2,8
2013,10,0,10
2013,5,3,8
2013,4,3,7
2013,8,5,13
2013,2,1,3
2013,6,4,10
2013,5,2,7
2013,7,1,8
2013,2,0,2
2013,6,5,11
2013,4,0,4
2013,9,4,13
2013,5,3,8
2013,4,3,7
2013,4,3,7
2013,8,0,8
2013,6,5,11
2013,7,2,9
2013,7,0,7
2013,5,4,9
2013,5,4,9
2013,4,3,7
2013,3,2,5
2013,4,3,7
2013,4,3,7
2013,5,2,7
2013,7,6,13
2013,3,1,4
2013,2,1,3
2013,7,6,13
2013,5,4,9
2013,5,1,6
2013,2,1,3
2013,8,6,14
2013,10,1,11
2013,8,2,10
2013,6,2,8
2013,3,2,5
2013,3,2,5
2013,6,3,9
2013,9,5,14
2013,2,1,3
2013,9,4,13
2013,5,12,17
2013,2,1,3
2013,7,6,13
2013,5,1,6
2013,11,0,11
2013,6,4,10
2013,6,5,11
2013,2,0,2
2013,5,4,9
2013,8,0,8
2013,6,5,11
2013,4,2,6
2013,3,1,4
2013,4,1,5
2013,7,2,9
2013,7,6,13
2013,3,1,4
2013,7,2,9
2013,6,0,6
2013,9,1,10
2013,5,4,9
2013,4,2,6
2013,4,0,4
2013,5,1,6
2013,3,2,5
2013,5,2,7
2013,5,2,7
2013,9,2,11
2013,9,13,22
2013,6,3,9
2013,4,0,4
2013,6,4,10
2013,2,1,3
2013,7,11,18
2013,4,3,7
2013,3,11,14
2013,1,0,1
2013,3,1,4
2013,4,2,6
2013,5,4,9
2013,5,10,15
2013,5,0,5
2013,3,2,5
2013,2,1,3
2013,3,2,5
2013,4,0,4
2013,4,3,7
2013,4,1,5
2013,6,5,11
2013,4,3,7
2013,5,4,9
2013,12,0,12
2013,3,0,3
2013,3,2,5
2013,3,2,5
2013,8,2,10
2013,4,2,6
2013,5,4,9
2013,8,3,11
2013,2,1,3
2013,4,2,6
2013,7,0,7
2013,2,1,3
2013,4,0,4
2013,2,1,3
2013,2,0,2
2013,3,2,5
2013,3,1,4
2013,4,0,4
2013,9,5,14
2013,4,2,6
2013,1,0,1
2013,7,2,9
2013,5,15,20
2013,3,2,5
2013,1,0,1
2013,8,3,11
2013,2,12,14
2013,6,0,6
2013,6,4,10
2013,4,1,5
2013,7,3,10
2013,7,1,8
2013,3,2,5
2013,3,2,5
2013,6,5,11
2013,4,0,4
2013,4,2,6
2013,3,2,5
2013,3,2,5
2013,6,5,11
2013,8,4,12
2013,1,0,1
2013,3,12,15
2013,6,1,7
2013,4,1,5
2013,3,2,5
2013,11,0,11
2013,3,2,5
2013,6,12,18
2013,4,2,6
2013,8,2,10
2013,7,3,10
2013,7,0,7
2013,5,3,8
2013,6,3,9
2013,2,0,2
2013,5,4,9
2013,6,5,11
2013,6,5,11
2013,8,3,11
2013,2,1,3
2013,1,0,1
2013,2,1,3
2013,5,1,6
2013,4,2,6
2013,7,5,12
2013,9,3,12
2013,6,2,8
2013,7,4,11
2013,7,2,9
2013,3,2,5
2013,5,12,17
2013,7,6,13
2013,4,1,5
2013,4,2,6
2013,5,1,6
2013,2,1,3
2013,1,0,1
2013,5,1,6
2013,3,2,5
2013,9,0,9
2013,7,6,13
2013,4,0,4
2013,6,2,8
2013,7,6,13
2013,5,2,7
2013,6,2,8
2013,4,0,4
2013,6,1,7
2013,9,1,10
2013,4,3,7
2013,2,12,14
2013,3,2,5
2013,7,1,8
2013,7,4,11
2013,1,0,1
2013,6,13,19
2013,5,3,8
2013,6,3,9
2013,4,3,7
2013,2,1,3
2013,5,4,9
2013,8,6,14
2013,3,1,4
2013,6,1,7
2013,3,0,3
2013,3,2,5
2013,1,0,1
2013,1,0,1
2013,6,5,11
2013,3,0,3
2013,1,0,1
2013,4,2,6
2013,7,3,10
2013,6,4,10
2013,4,3,7
2013,9,0,9
2013,5,2,7
2013,8,1,9
2013,4,2,6
2013,5,4,9
2013,4,2,6
2013,3,1,4
2013,6,1,7
2014,3,1,4
2014,7,5,12
2014,3,1,4
2014,3,10,13
2014,9,8,17
2014,2,1,3
2014,5,3,8
2014,1,0,1
2014,4,3,7
2014,10,1,11
2014,2,0,2
2014,9,7,16
2014,2,0,2
2014,1,0,1
2014,9,2,11
2014,14,10,24
2014,8,3,11
2014,5,4,9
2014,6,2,8
2014,4,3,7
2014,5,2,7
2014,3,2,5
2014,4,2,6
2014,3,2,5
2014,8,2,10
2014,2,0,2
2014,6,2,8
2014,7,6,13
2014,1,0,1
2014,2,1,3
2014,3,1,4
2014,6,5,11
2014,1,0,1
2014,5,1,6
2014,6,1,7
2014,6,4,10
2014,4,3,7
2014,5,1,6
2014,3,0,3
2014,4,3,7
2014,8,5,13
2014,4,3,7
2014,9,10,19
2014,7,6,13
2014,4,2,6
2014,8,5,13
2014,8,2,10
2014,3,2,5
2014,3,2,5
2014,7,2,9
2014,6,2,8
2014,7,2,9
2014,7,2,9
2014,2,12,14
2014,4,10,14
2014,11,1,12
2014,7,5,12
2014,8,4,12
2014,8,2,10
2014,4,3,7
2014,2,12,14
2014,8,1,9
2014,7,3,10
2014,2,1,3
2014,7,6,13
2014,2,0,2
2014,7,3,10
2014,9,4,13
2014,7,6,13
2014,5,1,6
2014,4,3,7
2014,7,2,9
2014,5,0,5
2014,6,3,9
2014,3,1,4
2014,6,1,7
2014,5,4,9
2014,4,0,4
2014,6,2,8
2014,4,0,4
2014,8,3,11
2014,7,10,17
2014,5,3,8
2014,3,1,4
2014,7,4,11
2014,5,1,6
2014,6,2,8
2014,4,2,6
2014,2,1,3
2014,6,3,9
2014,2,1,3
2014,3,0,3
2014,6,4,10
2014,2,1,3
2014,5,1,6
2014,8,1,9
2014,9,1,10
2014,4,2,6
2014,8,3,11
2014,4,2,6
2014,5,3,8
2014,4,0,4
2014,7,10,17
2014,7,6,13
2014,8,6,14
2014,3,15,18
2014,1,0,1
2014,3,2,5
2014,5,14,19
2014,4,10,14
2014,5,3,8
2014,7,3,10
2014,7,5,12
2014,5,2,7
2014,5,0,5
2014,4,3,7
2014,4,2,6
2014,7,5,12
2014,2,0,2
2014,2,1,3
2014,4,10,14
2014,7,3,10
2014,7,6,13
2014,7,4,11
2014,5,4,9
2014,9,4,13
2014,2,0,2
2014,7,3,10
2014,4,0,4
2014,7,3,10
2014,7,10,17
2014,6,4,10
2014,7,3,10
2014,5,4,9
2014,6,1,7
2014,4,1,5
2014,6,2,8
2014,6,5,11
2014,6,4,10
2014,7,1,8
2014,5,4,9
2014,6,0,6
2014,7,6,13
2014,2,0,2
2014,9,6,15
2014,2,1,3
2014,4,2,6
2014,10,1,11
2014,4,2,6
2014,6,3,9
2014,6,0,6
2014,6,4,10
2014,6,5,11
2014,6,3,9
2014,1,0,1
2014,7,6,13
2014,8,5,13
2014,6,3,9
2014,2,1,3
2014,6,12,18
2014,1,0,1
2014,3,2,5
2014,7,1,8
2014,7,4,11
2014,5,4,9
2014,6,2,8
2014,3,1,4
2014,1,0,1
2014,4,10,14
2014,6,5,11
2014,2,14,16
2014,8,6,14
2014,2,10,12
2014,3,11,14
2014,4,3,7
2014,4,12,16
2014,4,1,5
2014,4,3,7
2014,3,2,5
2014,4,3,7
2014,5,1,6
2014,3,0,3
2014,5,4,9
2014,6,4,10
2014,1,0,1
2014,3,2,5
2014,7,3,10
2014,7,1,8
2014,8,7,15
2014,9,2,11
2014,4,0,4
2014,9,6,15
2014,5,4,9
2014,7,1,8
2014,9,10,19
2014,9,0,9
2014,2,1,3
2014,7,5,12
2014,4,2,6
2014,2,11,13
2014,6,1,7
2014,9,3,12
2014,3,2,5
2014,3,2,5
2014,5,0,5
2014,5,4,9
2014,5,2,7
2014,3,0,3
2014,6,4,10
2014,4,0,4
2014,3,2,5
2014,6,4,10
2014,6,3,9
2014,5,1,6
2014,3,0,3
2014,2,0,2
2014,1,0,1
2014,4,2,6
2014,2,1,3
2014,3,2,5
2014,3,1,4
2014,7,5,12
2014,5,1,6
2014,7,0,7
2014,9,5,14
2014,1,0,1
2014,2,11,13
2014,3,1,4
2014,2,1,3
2014,2,10,12
2014,8,6,14
2014,8,0,8
2014,8,4,12
2014,4,1,5
2014,3,2,5
2014,12,1,13
2014,6,11,17
2014,5,0,5
2014,4,2,6
2014,8,4,12
2014,6,0,6
2014,3,11,14
2014,5,3,8
2014,2,1,3
2014,5,11,16
2014,12,0,12
2014,3,1,4
2014,4,2,6
2014,8,4,12
2014,5,0,5
2014,3,1,4
2014,5,2,7
2014,5,4,9
2014,8,6,14
2014,7,0,7
2014,7,5,12
2014,4,3,7
2014,8,7,15
2014,3,1,4
2014,16,1,17
2014,6,3,9
2014,4,3,7
2014,6,5,11
2014,8,2,10
2014,6,4,10
2014,9,10,19
2014,2,1,3
2014,8,3,11
2014,4,1,5
2014,3,2,5
2014,4,3,7
2014,4,1,5
2014,3,2,5
2014,4,3,7
2014,5,1,6
2014,2,16,18
2014,3,2,5
2014,4,2,6
2014,7,6,13
2014,5,1,6
2014,4,3,7
2014,8,2,10
2014,3,1,4
2014,7,0,7
2014,4,3,7
2014,2,0,2
2014,4,3,7
2014,6,5,11
2014,7,2,9
2014,4,2,6
2014,1,0,1
2014,9,3,12
2014,9,2,11
2014,8,2,10
2014,2,1,3
2014,8,6,14
2014,3,2,5
2014,2,1,3
2014,3,0,3
2014,5,4,9
2014,4,1,5
2014,5,2,7
2014,7,3,10
2014,9,3,12
2014,7,2,9
2014,3,1,4
2014,5,1,6
2014,7,5,12
2014,5,3,8
2014,12,10,22
2014,6,4,10
2014,5,2,7
2014,5,2,7
2014,3,2,5
2014,3,0,3
2014,5,2,7
2014,5,3,8
2014,6,4,10
2014,8,10,18
2014,5,4,9
2014,5,14,19
2014,5,2,7
2014,5,1,6
2014,7,4,11
2014,10,1,11
2014,7,3,10
2014,4,1,5
2014,2,1,3
2014,9,7,16
2014,4,11,15
2014,4,3,7
2014,5,4,9
2014,5,4,9
2014,5,0,5
2014,9,6,15
2014,5,12,17
2014,5,4,9
2014,5,2,7
2014,6,10,16
2014,13,1,14
2014,4,3,7
2014,6,5,11
2014,5,1,6
2014,1,0,1
2014,8,1,9
2014,11,1,12
2014,6,5,11
2014,4,1,5
2014,3,2,5
2014,4,0,4
2014,7,6,13
2014,6,3,9
2014,5,3,8
2014,5,3,8
2014,4,3,7
2014,7,6,13
2014,6,3,9
2014,5,3,8
2014,6,1,7
2014,7,6,13
2014,4,0,4
2014,2,0,2
2014,1,0,1
2014,9,3,12
2014,9,2,11
2014,5,1,6
2014,6,1,7
2014,4,0,4
2014,3,2,5
2014,4,0,4
2014,6,5,11
2014,4,1,5
2014,7,0,7
2014,7,1,8
2014,4,2,6
2014,6,3,9
2014,8,5,13
2014,7,3,10
2014,6,4,10
2014,5,3,8
2014,4,0,4
2014,6,4,10
2014,5,4,9
2014,7,4,11
2014,4,3,7
2014,3,2,5
2014,4,3,7
2014,7,10,17
2014,9,0,9
2014,6,3,9
2014,6,1,7
2014,6,0,6
2014,5,4,9
2014,9,3,12
2014,7,1,8
2014,5,4,9
2014,5,1,6
2014,9,4,13
2014,7,0,7
2014,4,2,6
2014,9,3,12
2014,6,4,10
2014,3,2,5
2014,9,3,12
2014,12,1,13
2014,5,1,6
2014,6,5,11
2014,2,1,3
2014,6,5,11
2014,8,3,11
2014,7,4,11
2014,7,3,10
2014,5,4,9
2014,9,4,13
2014,4,3,7
2014,4,2,6
2014,5,2,7
2014,2,1,3
2014,7,1,8
2014,6,5,11
2014,2,0,2
2014,5,12,17
2014,3,10,13
2014,5,4,9
2014,8,2,10
2014,6,3,9
2014,3,0,3
2014,5,10,15
2014,5,3,8
2014,6,5,11
2014,2,0,2
2014,5,3,8
2014,3,1,4
2014,6,3,9
2014,3,0,3
2014,6,2,8
2014,2,0,2
2014,11,10,21
2014,9,8,17
2014,9,2,11
2014,9,7,16
2014,6,1,7
2014,9,3,12
2014,7,2,9
2014,8,6,14
2014,4,3,7
2014,3,14,17
2014,4,1,5
2014,3,2,5
2014,5,4,9
2014,4,3,7
2014,4,3,7
2014,5,1,6
2014,8,7,15
2014,9,4,13
2014,5,4,9
2014,5,2,7
2014,5,1,6
2014,1,0,1
2014,7,2,9
2014,4,3,7
2014,4,1,5
2014,4,3,7
2014,3,1,4
2014,1,0,1
2014,8,2,10
2014,2,0,2
2014,4,3,7
2014,8,3,11
2014,4,2,6
2014,3,0,3
2014,11,10,21
2014,6,5,11
2014,4,0,4
2014,4,3,7
2014,2,1,3
2014,4,3,7
2014,5,1,6
2014,4,2,6
2014,12,1,13
2014,4,11,15
2014,3,0,3
2014,7,5,12
2014,8,3,11
2014,6,5,11
2014,2,1,3
2014,3,1,4
2014,5,3,8
2014,8,3,11
2014,9,2,11
2014,7,1,8
2014,4,3,7
2014,8,3,11
2014,4,3,7
2014,3,2,5
2014,1,0,1
2014,3,2,5
2014,6,4,10
2014,2,0,2
2014,4,3,7
2014,8,0,8
2014,4,3,7
2014,9,2,11
2014,10,0,10
2014,3,2,5
2014,5,12,17
2014,9,4,13
2014,6,2,8
2014,3,1,4
2014,3,1,4
2014,1,0,1
2014,3,1,4
2014,5,0,5
2014,6,12,18
2014,3,2,5
2014,4,3,7
2014,9,3,12
2014,4,3,7
2014,2,1,3
2014,3,1,4
2014,5,3,8
2014,3,2,5
2014,8,0,8
2014,6,4,10
2014,10,1,11
2014,6,1,7
2014,6,3,9
2014,8,0,8
2014,4,3,7
2014,2,0,2
2014,5,4,9
2014,4,3,7
2014,2,11,13
2014,9,3,12
2014,6,2,8
2014,5,4,9
2014,5,4,9
2014,4,3,7
2014,4,3,7
2014,9,3,12
2014,3,1,4
2014,7,1,8
2014,8,3,11
2014,5,3,8
2014,5,2,7
2014,5,2,7
2014,5,1,6
2014,4,1,5
2014,4,3,7
2014,7,4,11
2014,6,5,11
2014,5,4,9
2014,9,1,10
2014,6,5,11
2014,5,4,9
2014,9,7,16
2014,6,5,11
2014,5,2,7
2014,9,3,12
2014,6,5,11
2014,4,1,5
2014,4,0,4
2014,6,5,11
2014,9,7,16
2014,5,4,9
2014,5,12,17
2014,4,2,6
2014,5,17,22
2014,7,3,10
2014,3,1,4
2014,4,1,5
2014,2,1,3
2014,8,0,8
2014,5,1,6
2014,7,1,8
2014,5,2,7
2014,8,6,14
2014,7,12,19
2014,11,0,11
2014,4,3,7
2014,2,1,3
2014,5,0,5
2014,4,3,7
2014,5,4,9
2014,5,1,6
2014,7,5,12
2014,5,4,9
2014,3,2,5
2014,3,13,16
2014,4,1,5
2014,9,4,13
2014,4,0,4
2014,4,2,6
2014,3,0,3
2014,2,0,2
2014,4,10,14
2014,4,15,19
2014,6,5,11
2014,5,0,5
2014,6,1,7
2014,2,1,3
2014,4,3,7
2014,4,3,7
2014,1,0,1
2014,6,4,10
2014,5,3,8
2014,4,2,6
2014,3,0,3
2014,7,0,7
2014,1,0,1
2014,4,3,7
2014,11,1,12
2014,3,1,4
2014,7,2,9
2014,4,0,4
2014,5,4,9
2014,3,0,3
2014,7,5,12
2014,5,2,7
2014,2,0,2
2014,5,2,7
2014,6,0,6
2014,7,18,25
2014,6,1,7
2014,3,0,3
2014,6,2,8
2014,8,5,13
2014,6,5,11
2014,1,0,1
2014,4,3,7
2014,7,1,8
2014,12,1,13
2014,5,0,5
2014,4,1,5
2014,4,2,6
2014,5,2,7
2014,6,2,8
2014,5,3,8
2014,6,2,8
2014,4,2,6
2014,3,13,16
2014,8,6,14
2014,8,2,10
2014,8,6,14
2014,6,2,8
2014,4,3,7
2014,5,3,8
2014,8,3,11
2014,4,1,5
2014,6,5,11
2014,6,2,8
2014,6,3,9
2014,5,2,7
2014,9,3,12
2014,5,4,9
2014,7,6,13
2014,4,3,7
2014,9,3,12
2014,5,0,5
2014,7,4,11
2014,6,1,7
2014,6,2,8
2014,5,4,9
2014,7,6,13
2014,6,5,11
2014,9,4,13
2014,9,2,11
2014,5,3,8
2014,5,0,5
2014,3,0,3
2014,6,2,8
2014,9,4,13
2014,2,1,3
2014,6,1,7
2014,6,4,10
2014,4,2,6
2014,11,10,21
2014,5,1,6
2014,3,1,4
2014,5,14,19
2014,4,3,7
2014,9,8,17
2014,2,0,2
2014,3,2,5
2014,3,2,5
2014,4,3,7
2014,2,1,3
2014,5,4,9
2014,8,7,15
2014,7,2,9
2014,3,2,5
2014,4,2,6
2014,9,2,11
2014,4,3,7
2014,5,3,8
2014,3,1,4
2014,5,1,6
2014,3,1,4
2014,4,2,6
2014,5,2,7
2014,6,1,7
2014,3,2,5
2014,8,4,12
2014,6,5,11
2014,5,3,8
2014,7,2,9
2014,9,5,14
2014,2,0,2
2014,4,3,7
2014,11,1,12
2014,6,1,7
2014,6,2,8
2014,1,0,1
2014,3,2,5
2014,7,4,11
2014,3,1,4
2014,9,0,9
2014,4,3,7
2014,6,3,9
2014,2,12,14
2014,2,1,3
2014,3,2,5
2014,5,3,8
2014,3,2,5
2014,3,2,5
2014,9,4,13
2014,2,1,3
2014,6,5,11
2014,5,2,7
2014,4,3,7
2014,7,0,7
2014,4,2,6
2014,7,1,8
2014,4,0,4
2014,4,12,16
2014,7,1,8
2014,2,1,3
2014,4,2,6
2014,6,0,6
2014,5,2,7
2014,4,3,7
2014,4,1,5
2014,8,1,9
2014,8,5,13
2014,3,1,4
2014,7,5,12
2014,8,6,14
2014,6,2,8
2014,9,2,11
2014,4,3,7
2014,7,6,13
2014,7,2,9
2014,5,3,8
2014,10,0,10
2014,9,0,9
2014,5,1,6
2014,8,4,12
2014,6,4,10
2014,5,10,15
2014,3,2,5
2014,4,3,7
2014,6,3,9
2014,2,1,3
2014,3,0,3
2014,6,3,9
2014,7,6,13
2014,4,3,7
2014,4,2,6
2014,6,5,11
2014,6,2,8
2014,6,4,10
2014,4,0,4
2014,6,0,6
2014,9,6,15
2014,6,12,18
2014,4,0,4
2014,3,2,5
2014,9,3,12
2014,3,2,5
2014,8,3,11
2014,1,0,1
2014,5,0,5
2014,3,1,4
2014,6,3,9
2014,3,1,4
2014,5,0,5
2014,7,4,11
2014,3,2,5
2014,8,5,13
2014,4,0,4
2014,4,3,7
2014,3,1,4
2014,6,3,9
2014,5,4,9
2014,5,4,9
2014,4,1,5
2014,7,5,12
2014,6,5,11
2014,8,6,14
2014,6,4,10
2014,3,2,5
2014,4,1,5
2014,5,2,7
2014,2,1,3
2014,2,1,3
2014,3,2,5
2014,5,11,16
2014,6,1,7
2014,9,5,14
2014,6,5,11
2014,6,3,9
2014,9,4,13
2014,6,1,7
2014,9,2,11
2014,5,0,5
2014,7,1,8
2014,4,2,6
2014,7,6,13
2014,4,1,5
2014,2,12,14
2014,9,5,14
2014,8,0,8
2014,3,1,4
2014,3,11,14
2014,5,4,9
2014,3,2,5
2014,2,0,2
2014,2,12,14
2014,2,10,12
2014,4,3,7
2014,4,0,4
2014,4,1,5
2014,6,4,10
2014,9,4,13
2014,5,3,8
2014,4,2,6
2014,9,0,9
2014,7,2,9
2014,6,3,9
2014,4,3,7
2014,4,0,4
2014,8,0,8
2014,4,0,4
2014,2,0,2
2014,3,2,5
2014,5,2,7
2014,3,1,4
2014,6,2,8
2014,2,10,12
2014,2,11,13
2014,3,10,13
2014,6,0,6
2014,7,5,12
2014,2,1,3
2014,8,3,11
2014,5,3,8
2014,4,2,6
2014,5,3,8
2014,7,2,9
2014,4,1,5
2014,1,0,1
2014,6,4,10
2014,5,2,7
2014,4,1,5
2014,8,7,15
2014,8,3,11
2014,7,0,7
2014,2,0,2
2014,5,4,9
2014,3,2,5
2014,7,4,11
2014,8,16,24
2014,8,2,10
2014,4,0,4
2014,5,2,7
2014,2,1,3
2014,6,4,10
2014,7,4,11
2014,3,2,5
2014,5,4,9
2014,6,5,11
2014,8,4,12
2014,7,4,11
2014,6,1,7
2014,7,12,19
2014,7,3,10
2014,8,5,13
2014,3,2,5
2014,8,5,13
2014,2,1,3
2014,6,11,17
2014,8,6,14
2014,4,2,6
2014,8,4,12
2014,5,2,7
2014,4,3,7
2014,5,3,8
2014,8,0,8
2014,7,2,9
2014,6,2,8
2014,4,2,6
2014,5,4,9
2014,5,15,20
2014,6,0,6
2014,4,2,6
2014,4,0,4
2014,6,4,10
2014,3,1,4
2014,6,5,11
2014,4,3,7
2014,6,3,9
2014,5,2,7
2014,6,5,11
2014,5,4,9
2014,8,6,14
2014,8,4,12
2014,8,0,8
2014,9,3,12
2014,4,3,7
2014,5,4,9
2014,7,4,11
2014,8,3,11
2014,5,0,5
2014,4,2,6
2014,6,5,11
2014,11,1,12
2014,4,3,7
2014,4,1,5
2014,6,1,7
2014,5,3,8
2014,2,1,3
2014,5,14,19
2014,1,0,1
2014,6,0,6
2014,6,4,10
2014,5,0,5
2014,3,2,5
2014,5,0,5
2014,4,1,5
2014,4,3,7
2014,4,0,4
2014,6,5,11
2014,6,2,8
2014,3,1,4
2014,6,2,8
2014,9,2,11
2014,3,0,3
2014,7,17,24
2014,5,4,9
2014,2,1,3
2014,4,1,5
2014,1,0,1
2014,6,1,7
2014,13,10,23
2014,9,5,14
2014,6,2,8
2014,5,2,7
2014,7,3,10
2014,3,2,5
2014,2,1,3
2014,1,0,1
2014,8,5,13
2014,4,0,4
2014,7,1,8
2014,6,0,6
2014,8,2,10
2014,5,0,5
2014,8,2,10
2014,5,1,6
2014,4,1,5
2014,3,1,4
2014,3,0,3
2014,4,2,6
2014,4,2,6
2014,6,2,8
2014,6,3,9
2014,6,0,6
2014,7,2,9
2014,4,2,6
2014,5,2,7
2014,4,0,4
2014,4,1,5
2014,3,10,13
2014,5,4,9
2014,5,1,6
2014,7,3,10
2014,4,0,4
2014,6,3,9
2014,7,1,8
2014,4,3,7
2014,4,0,4
2014,3,10,13
2014,7,2,9
2014,2,0,2
2014,6,1,7
2014,4,3,7
2014,8,6,14
2014,6,5,11
2014,6,2,8
2014,7,0,7
2014,2,1,3
2014,1,0,1
2014,7,4,11
2014,1,0,1
2014,6,11,17
2014,3,2,5
2014,3,2,5
2014,9,1,10
2014,9,12,21
2014,7,3,10
2014,6,4,10
2014,8,6,14
2014,4,2,6
2014,5,0,5
2014,5,1,6
2014,7,4,11
2014,4,3,7
2014,5,4,9
2014,4,1,5
2014,7,3,10
2014,5,2,7
2014,3,2,5
2014,6,3,9
2014,4,3,7
2014,4,3,7
2014,6,3,9
2014,3,2,5
2014,4,13,17
2014,3,1,4
2014,5,10,15
2014,3,0,3
2014,5,1,6
2014,8,7,15
2014,5,2,7
2014,9,3,12
2014,6,1,7
2014,1,0,1
2014,4,3,7
2014,8,11,19
2014,6,1,7
2014,5,4,9
2014,8,14,22
2014,5,1,6
2014,6,2,8
2014,5,4,9
2014,7,5,12
2014,5,2,7
2014,2,1,3
2014,8,2,10
2014,9,3,12
2014,4,11,15
2014,4,2,6
2014,6,5,11
2014,3,1,4
2014,6,10,16
2014,6,5,11
2014,6,1,7
2014,5,2,7
2014,7,5,12
2014,6,5,11
2014,4,3,7
2014,5,10,15
2014,2,1,3
2014,7,6,13
2014,2,1,3
2014,8,0,8
2014,6,1,7
2014,7,3,10
2014,4,2,6
2014,4,11,15
2014,2,1,3
2014,3,2,5
2014,2,0,2
2014,6,5,11
2014,4,1,5
2014,5,3,8
2014,2,1,3
2014,1,0,1
2014,4,2,6
2014,6,4,10
2014,4,2,6
2014,4,3,7
2014,4,1,5
2014,4,1,5
2014,5,0,5
2014,3,0,3
2014,7,3,10
2014,4,1,5
2014,6,3,9
2014,9,14,23
2014,6,4,10
2014,13,10,23
2014,7,5,12
2014,3,2,5
2014,5,4,9
2014,5,3,8
2014,4,3,7
2014,6,5,11
2014,5,1,6
2014,3,1,4
2014,6,4,10
2014,3,2,5
2014,6,4,10
2014,5,3,8
2014,11,1,12
2014,5,4,9
2014,9,4,13
2014,2,1,3
2014,4,0,4
2014,4,3,7
2014,6,1,7
2014,2,1,3
2014,4,2,6
2014,4,1,5
2014,8,0,8
2014,3,0,3
2014,5,2,7
2014,4,1,5
2014,2,1,3
2014,4,3,7
2014,4,10,14
2014,6,5,11
2014,2,1,3
2014,5,11,16
2014,6,5,11
2014,8,0,8
2014,7,6,13
2014,2,1,3
2014,5,3,8
2014,5,2,7
2014,4,1,5
2014,6,4,10
2014,6,1,7
2014,8,0,8
2014,5,3,8
2014,3,0,3
2014,4,0,4
2014,3,12,15
2014,6,0,6
2014,8,1,9
2014,8,3,11
2014,8,6,14
2014,9,8,17
2014,4,2,6
2014,7,3,10
2014,5,10,15
2014,3,2,5
2014,2,0,2
2014,4,2,6
2014,10,1,11
2014,7,4,11
2014,8,2,10
2014,7,2,9
2014,6,5,11
2014,8,2,10
2014,7,6,13
2014,6,2,8
2014,6,1,7
2014,5,4,9
2014,4,1,5
2014,9,6,15
2014,4,0,4
2014,5,4,9
2014,9,2,11
2014,8,5,13
2014,3,2,5
2014,5,4,9
2014,4,0,4
2014,5,1,6
2014,8,6,14
2014,5,3,8
2014,6,4,10
2014,5,3,8
2014,6,1,7
2014,1,0,1
2014,7,4,11
2014,5,3,8
2014,5,2,7
2014,3,1,4
2014,6,0,6
2014,7,0,7
2014,5,2,7
2014,4,1,5
2014,7,2,9
2014,4,3,7
2014,8,6,14
2014,3,1,4
2014,9,5,14
2014,3,2,5
2014,6,0,6
2014,4,2,6
2014,3,2,5
2014,2,1,3
2014,3,2,5
2014,6,2,8
2014,5,4,9
2014,5,4,9
2014,5,4,9
2014,3,0,3
2014,7,2,9
2014,4,3,7
2014,6,2,8
2014,9,1,10
2014,7,6,13
2014,7,4,11
2014,2,1,3
2014,3,10,13
2014,5,1,6
2014,5,3,8
2014,3,1,4
2014,5,0,5
2014,7,3,10
2014,5,0,5
2014,4,3,7
2014,7,12,19
2014,6,4,10
2014,5,4,9
2014,6,0,6
2014,4,3,7
2014,4,10,14
2014,8,5,13
2014,3,2,5
2014,5,2,7
2014,2,1,3
2014,3,0,3
2014,4,0,4
2014,3,2,5
2014,4,0,4
2014,5,3,8
2014,7,1,8
2014,2,0,2
2014,5,4,9
2014,4,10,14
2014,1,0,1
2014,6,1,7
2014,4,3,7
2014,1,0,1
2014,7,3,10
2014,5,4,9
2014,8,3,11
2014,2,1,3
2014,8,4,12
2014,7,5,12
2014,3,0,3
2014,2,13,15
2014,3,10,13
2014,5,4,9
2014,2,10,12
2014,2,1,3
2014,3,2,5
2014,8,2,10
2014,5,0,5
2014,4,1,5
2014,7,1,8
2014,3,1,4
2014,6,4,10
2014,9,16,25
2014,3,2,5
2014,9,3,12
2014,5,2,7
2014,5,4,9
2014,5,0,5
2014,4,0,4
2014,6,3,9
2014,5,1,6
2014,3,0,3
2014,2,0,2
2014,7,4,11
2014,4,3,7
2014,5,2,7
2014,5,2,7
2014,3,2,5
2014,8,1,9
2014,5,4,9
2014,7,4,11
2014,4,1,5
2014,2,10,12
2014,7,2,9
2014,7,6,13
2014,5,2,7
2014,7,1,8
2014,4,2,6
2014,7,1,8
2014,9,0,9
2014,6,3,9
2014,6,5,11
2014,6,5,11
2014,1,0,1
2014,8,2,10
2014,2,0,2
2014,3,2,5
2014,7,2,9
2014,5,11,16
2014,4,10,14
2014,3,2,5
2014,7,4,11
2014,3,2,5
2014,1,0,1
2014,7,3,10
2014,8,7,15
2014,7,2,9
2014,2,1,3
2014,5,3,8
2014,5,1,6
2014,3,2,5
2014,5,3,8
2014,6,5,11
2014,13,0,13
2014,6,1,7
2014,3,1,4
2014,7,6,13
2014,1,0,1
2014,4,2,6
2014,4,1,5
2014,8,2,10
2014,7,3,10
2014,9,7,16
2014,8,4,12
2014,4,2,6
2014,6,2,8
2014,5,3,8
2014,8,4,12
2014,2,1,3
2014,5,2,7
2014,9,1,10
2014,4,0,4
2014,9,3,12
2014,5,3,8
2014,6,1,7
2014,3,2,5
2014,4,3,7
2014,5,0,5
2014,2,0,2
2014,2,0,2
2014,6,0,6
2014,7,12,19
2014,8,2,10
2014,4,0,4
2014,2,1,3
2014,8,3,11
2014,4,2,6
2014,6,5,11
2014,5,3,8
2014,2,1,3
2014,5,14,19
2014,9,7,16
2014,8,3,11
2014,6,1,7
2014,2,0,2
2014,5,4,9
2014,4,3,7
2014,8,3,11
2014,8,7,15
2014,4,3,7
2014,6,2,8
2014,5,4,9
2014,4,1,5
2014,5,4,9
2014,6,3,9
2014,4,1,5
2014,4,1,5
2014,4,1,5
2014,8,1,9
2014,5,2,7
2014,5,2,7
2014,5,4,9
2014,8,4,12
2014,4,3,7
2014,4,3,7
2014,6,4,10
2014,9,3,12
2014,4,16,20
2014,2,1,3
2014,9,1,10
2014,3,1,4
2014,4,2,6
2014,6,1,7
2014,9,1,10
2014,6,15,21
2014,3,2,5
2014,5,4,9
2014,6,5,11
2014,7,4,11
2014,6,2,8
2014,8,3,11
2014,2,1,3
2014,6,3,9
2014,7,6,13
2014,7,1,8
2014,6,2,8
2014,3,2,5
2014,5,0,5
2014,8,5,13
2014,3,0,3
2014,3,0,3
2014,6,11,17
2014,6,5,11
2014,6,2,8
2014,9,3,12
2014,3,2,5
2014,5,1,6
2014,1,0,1
2014,2,10,12
2014,5,4,9
2014,5,3,8
2014,6,2,8
2014,2,0,2
2014,3,10,13
2014,5,2,7
2014,3,1,4
2014,7,10,17
2014,6,3,9
2014,3,2,5
2014,5,13,18
2014,11,0,11
2014,5,2,7
2014,1,0,1
2014,2,11,13
2014,9,1,10
2014,3,10,13
2014,4,1,5
2014,8,4,12
2014,3,0,3
2014,7,10,17
2014,3,2,5
2014,5,4,9
2014,6,4,10
2014,5,4,9
2014,3,2,5
2014,9,3,12
2014,9,1,10
2014,6,2,8
2014,4,3,7
2014,5,4,9
2014,4,2,6
2014,5,4,9
2014,3,2,5
2014,5,1,6
2014,4,2,6
2014,3,2,5
2014,9,3,12
2014,2,1,3
2014,2,1,3
2014,4,3,7
2014,6,2,8
2014,5,2,7
2014,5,3,8
2014,5,1,6
2014,7,1,8
2014,8,4,12
2014,3,2,5
2014,6,0,6
2014,4,2,6
2014,4,1,5
2014,8,3,11
2014,6,5,11
2014,3,2,5
2014,8,2,10
2014,6,0,6
2014,7,11,18
2014,5,1,6
2014,3,2,5
2014,5,3,8
2014,3,2,5
2014,2,10,12
2014,5,3,8
2014,2,1,3
2014,4,3,7
2014,9,6,15
2014,5,4,9
2014,4,2,6
2014,4,3,7
2014,3,1,4
2014,3,1,4
2014,7,2,9
2014,5,2,7
2014,4,3,7
2014,4,2,6
2014,7,4,11
2014,5,2,7
2014,5,2,7
2014,14,1,15
2014,4,2,6
2014,5,4,9
2014,6,5,11
2014,7,1,8
2014,6,0,6
2014,7,4,11
2014,4,3,7
2014,8,2,10
2014,2,1,3
2014,3,2,5
2014,9,6,15
2014,7,12,19
2014,3,1,4
2014,7,2,9
2014,7,3,10
2014,3,2,5
2014,5,11,16
2014,6,1,7
2014,2,1,3
2014,8,3,11
2014,6,4,10
2014,5,1,6
2014,3,1,4
2014,2,1,3
2014,9,7,16
2014,3,1,4
2014,6,1,7
2014,3,2,5
2014,3,0,3
2014,6,4,10
2014,6,4,10
2014,3,2,5
2014,3,13,16
2014,2,1,3
2014,9,1,10
2014,5,2,7
2014,4,2,6
2014,13,1,14
2014,2,1,3
2014,4,0,4
2014,8,0,8
2014,2,1,3
2014,5,2,7
2014,7,6,13
2014,4,1,5
2014,8,1,9
2014,2,0,2
2014,6,4,10
2014,3,2,5
2014,9,5,14
2014,6,4,10
2014,9,5,14
2014,2,1,3
2014,8,1,9
2014,6,4,10
2014,4,1,5
2014,4,0,4
2014,5,3,8
2014,6,3,9
2014,1,0,1
2014,8,1,9
2014,7,3,10
2014,7,5,12
2014,5,2,7
2014,7,0,7
2014,6,4,10
2014,6,10,16
2014,4,3,7
2014,5,0,5
2014,3,0,3
2014,5,1,6
2014,2,1,3
2014,8,3,11
2014,1,0,1
2014,4,2,6
2014,7,5,12
2014,4,2,6
2014,3,10,13
2014,2,0,2
2014,4,3,7
2014,5,4,9
2014,4,2,6
2014,3,2,5
2014,4,3,7
2014,3,2,5
2014,9,3,12
2014,2,0,2
2014,14,1,15
2014,4,1,5
2014,2,1,3
2014,7,3,10
2014,7,6,13
2014,7,1,8
2014,5,0,5
2014,2,1,3
2014,4,2,6
2014,7,6,13
2014,4,2,6
2014,4,3,7
2014,3,0,3
2014,5,2,7
2014,4,11,15
2014,7,4,11
2014,2,1,3
2014,8,4,12
2014,3,0,3
2014,6,0,6
2014,3,1,4
2014,3,1,4
2014,5,1,6
2014,12,11,23
2014,4,3,7
2014,6,1,7
2014,6,4,10
2014,5,4,9
2014,2,0,2
2014,7,2,9
2014,8,1,9
2014,3,2,5
2014,3,2,5
2014,4,3,7
2014,2,11,13
2014,12,1,13
2014,7,5,12
2014,5,0,5
2014,3,2,5
2014,7,4,11
2014,1,0,1
2014,3,1,4
2014,6,5,11
2014,7,4,11
2014,6,5,11
2014,6,3,9
2014,2,1,3
2014,3,1,4
2014,6,2,8
2014,4,10,14
2014,9,4,13
2014,2,1,3
2014,4,3,7
2014,8,10,18
2014,2,12,14
2014,4,2,6
2014,3,1,4
2014,8,2,10
2014,5,2,7
2014,5,1,6
2014,1,0,1
2014,10,1,11
2014,7,4,11
2014,5,3,8
2014,2,1,3
2014,8,3,11
2014,6,3,9
2014,6,4,10
2014,8,6,14
2014,2,0,2
2014,5,11,16
2014,8,2,10
2014,5,2,7
2014,2,1,3
2014,4,2,6
2014,8,3,11
2014,3,2,5
2014,9,7,16
2014,3,10,13
2014,11,0,11
2014,3,2,5
2014,1,0,1
2014,8,7,15
2014,3,16,19
2014,4,3,7
2014,4,0,4
2014,6,1,7
2014,7,3,10
2014,7,3,10
2014,9,0,9
2014,4,2,6
2014,4,3,7
2014,3,2,5
2014,7,5,12
2014,4,0,4
2014,5,3,8
2014,7,1,8
2014,5,0,5
2014,2,1,3
2014,4,3,7
2014,3,2,5
2014,7,3,10
2014,2,12,14
2014,16,0,16
2014,9,2,11
2014,6,5,11
2014,5,4,9
2014,4,3,7
2014,3,1,4
2014,4,3,7
2014,3,0,3
2014,2,1,3
2014,6,3,9
2014,4,2,6
2014,3,2,5
2014,9,3,12
2014,6,1,7
2014,2,1,3
2014,4,3,7
2014,3,1,4
2014,8,3,11
2014,4,13,17
2014,7,4,11
2014,5,4,9
2014,5,1,6
2014,7,3,10
2014,3,10,13
2014,7,3,10
2014,7,3,10
2014,2,1,3
2014,5,1,6
2014,7,1,8
2014,7,0,7
2014,6,2,8
2014,4,0,4
2014,6,2,8
2014,3,1,4
2014,1,0,1
2014,3,0,3
2014,6,5,11
2014,7,2,9
2014,3,13,16
2014,5,2,7
2014,2,1,3
2014,5,3,8
2014,4,2,6
2014,5,3,8
2014,7,6,13
2014,2,12,14
2014,4,3,7
2014,2,1,3
2014,4,3,7
2014,4,2,6
2014,9,3,12
2014,6,10,16
2014,6,5,11
2014,5,4,9
2014,2,1,3
2014,4,1,5
2014,5,4,9
2014,5,4,9
2014,4,14,18
2014,4,1,5
2014,3,10,13
2014,4,0,4
2014,4,3,7
2014,8,3,11
2014,5,0,5
2014,4,1,5
2014,3,0,3
2014,9,4,13
2014,2,1,3
2014,2,1,3
2014,2,1,3
2014,3,2,5
2014,3,1,4
2014,5,3,8
2014,3,1,4
2014,8,3,11
2014,3,2,5
2014,7,2,9
2014,6,2,8
2014,7,4,11
2014,5,1,6
2014,4,1,5
2014,6,1,7
2014,7,6,13
2014,8,2,10
2014,4,2,6
2014,6,5,11
2014,6,2,8
2014,3,11,14
2014,3,1,4
2014,4,2,6
2014,3,2,5
2014,6,5,11
2014,5,3,8
2014,6,11,17
2014,4,3,7
2014,11,1,12
2014,7,0,7
2014,7,2,9
2014,4,2,6
2014,3,0,3
2014,3,2,5
2014,4,10,14
2014,3,11,14
2014,3,0,3
2014,7,1,8
2014,4,2,6
2014,4,1,5
2014,6,3,9
2014,3,2,5
2014,3,2,5
2014,4,3,7
2014,3,2,5
2014,5,3,8
2014,4,2,6
2014,5,4,9
2014,3,2,5
2014,1,0,1
2014,8,4,12
2014,3,1,4
2014,3,0,3
2014,5,2,7
2014,3,2,5
2014,5,3,8
2014,2,0,2
2014,7,1,8
2014,10,1,11
2014,6,4,10
2014,9,4,13
2014,6,2,8
2014,7,3,10
2014,5,2,7
2014,7,3,10
2014,5,4,9
2014,4,1,5
2014,4,3,7
2014,6,3,9
2014,7,2,9
2014,5,3,8
2014,5,11,16
2014,2,1,3
2014,3,2,5
2014,7,2,9
2014,6,3,9
2014,3,2,5
2014,6,5,11
2014,3,2,5
2014,5,3,8
2014,4,2,6
2014,5,0,5
2014,5,4,9
2014,5,4,9
2014,4,3,7
2014,7,10,17
2014,6,3,9
2014,6,0,6
2014,4,2,6
2014,3,2,5
2014,2,1,3
2014,4,1,5
2014,7,3,10
2014,6,5,11
2014,9,5,14
2014,3,2,5
2014,5,4,9
2014,4,3,7
2014,4,3,7
2014,8,1,9
2014,7,5,12
2014,4,1,5
2014,9,10,19
2014,5,10,15
2014,8,1,9
2014,7,2,9
2014,3,10,13
2014,6,12,18
2014,2,1,3
2014,5,2,7
2014,7,6,13
2014,4,2,6
2014,3,2,5
2014,6,5,11
2014,4,2,6
2014,8,2,10
2014,6,4,10
2014,4,1,5
2014,4,1,5
2014,7,3,10
2014,6,5,11
2014,5,4,9
2014,4,3,7
2014,5,1,6
2014,2,1,3
2014,7,4,11
2014,8,6,14
2014,4,3,7
2014,6,1,7
2014,7,5,12
2014,7,4,11
2014,6,2,8
2014,5,2,7
2014,3,11,14
2014,5,4,9
2014,8,6,14
2014,8,1,9
2014,8,3,11
2014,4,3,7
2014,8,3,11
2014,5,2,7
2014,4,1,5
2014,5,4,9
2014,9,5,14
2014,5,0,5
2014,5,2,7
2014,8,5,13
2014,4,3,7
2014,3,2,5
2014,7,3,10
2014,6,0,6
2014,3,2,5
2014,2,0,2
2014,5,3,8
2014,8,0,8
2014,2,1,3
2014,4,1,5
2014,3,0,3
2014,1,0,1
2014,1,0,1
2014,5,1,6
2014,5,3,8
2014,4,1,5
2014,3,1,4
2014,5,1,6
2014,5,13,18
2014,6,2,8
2014,8,3,11
2014,6,20,26
2014,4,3,7
2014,5,3,8
2014,5,4,9
2014,6,3,9
2014,8,0,8
2014,3,10,13
2014,5,2,7
2014,7,3,10
2014,7,2,9
2014,1,0,1
2014,3,2,5
2014,5,4,9
2014,7,4,11
2014,2,10,12
2014,4,12,16
2014,8,6,14
2014,5,3,8
2014,2,1,3
2014,6,5,11
2014,6,3,9
2014,5,4,9
2014,6,2,8
2014,7,4,11
2014,8,6,14
2014,2,1,3
2014,5,3,8
2014,3,1,4
2014,7,4,11
2014,3,11,14
2014,4,3,7
2014,4,13,17
2014,7,4,11
2014,9,4,13
2014,7,1,8
2014,3,1,4
2014,2,1,3
2014,6,14,20
2014,7,1,8
2014,9,1,10
2014,8,2,10
2014,8,1,9
2014,3,2,5
2014,3,2,5
2014,10,1,11
2014,2,0,2
2014,3,2,5
2014,4,3,7
2014,8,2,10
2014,9,5,14
2014,4,2,6
2014,8,6,14
2014,3,0,3
2014,5,2,7
2014,4,2,6
2014,2,1,3
2014,3,2,5
2014,4,3,7
2014,5,2,7
2014,4,1,5
2014,5,0,5
2014,3,0,3
2014,7,11,18
2014,6,1,7
2014,3,1,4
2014,3,1,4
2014,3,2,5
2014,7,5,12
2014,8,4,12
2014,5,4,9
2014,6,1,7
2014,3,2,5
2014,8,4,12
2014,3,1,4
2014,3,2,5
2014,4,12,16
2014,4,2,6
2014,5,2,7
2014,4,3,7
2014,5,4,9
2014,3,2,5
2014,7,2,9
2014,3,2,5
2014,4,2,6
2014,5,11,16
2014,6,1,7
2014,4,1,5
2014,4,0,4
2014,5,2,7
2014,5,2,7
2014,9,1,10
2014,7,1,8
2014,6,13,19
2014,6,1,7
2014,4,1,5
2014,2,1,3
2014,3,2,5
2014,8,3,11
2014,2,13,15
2014,7,2,9
2014,8,4,12
2014,6,3,9
2014,2,0,2
2014,2,0,2
2014,4,0,4
2014,3,2,5
2014,6,3,9
2014,8,4,12
2014,2,0,2
2014,3,2,5
2014,7,2,9
2014,3,2,5
2014,2,1,3
2014,3,1,4
2014,3,1,4
2014,5,1,6
2014,2,13,15
2014,7,0,7
2014,2,0,2
2014,8,1,9
2014,6,2,8
2014,1,0,1
2014,8,12,20
2014,6,2,8
2014,3,2,5
2014,4,3,7
2014,6,5,11
2014,3,2,5
2014,7,1,8
2014,5,3,8
2014,5,15,20
2014,9,6,15
2014,3,0,3
2014,4,3,7
2014,7,0,7
2014,6,4,10
2014,4,2,6
2014,12,1,13
2014,9,10,19
2014,4,3,7
2014,6,4,10
2014,9,6,15
2014,6,1,7
2014,3,1,4
2014,5,4,9
2014,4,3,7
2014,4,0,4
2014,5,4,9
2014,7,1,8
2014,4,2,6
2014,7,12,19
2014,8,3,11
2014,2,1,3
2014,4,1,5
2014,8,6,14
2014,6,3,9
2014,9,4,13
2014,6,5,11
2014,2,1,3
2014,6,4,10
2014,8,2,10
2014,7,4,11
2014,6,0,6
2014,6,2,8
2014,7,0,7
2014,9,2,11
2014,4,1,5
2014,4,1,5
2014,8,5,13
2014,4,3,7
2014,4,11,15
2014,5,1,6
2014,2,1,3
2014,6,1,7
2014,1,0,1
2014,7,4,11
2014,9,7,16
2014,4,11,15
2014,3,2,5
2014,5,4,9
2014,5,4,9
2014,5,1,6
2014,1,0,1
2014,2,10,12
2014,9,8,17
2014,5,3,8
2014,5,14,19
2014,2,1,3
2014,3,0,3
2014,8,2,10
2014,2,1,3
2014,3,11,14
2014,6,2,8
2014,7,6,13
2014,1,0,1
2014,4,3,7
2014,3,0,3
2014,7,5,12
2014,9,8,17
2014,4,3,7
2014,5,0,5
2014,2,1,3
2014,3,1,4
2014,7,6,13
2014,5,4,9
2014,5,2,7
2014,4,3,7
2014,5,3,8
2014,8,5,13
2014,6,2,8
2014,4,3,7
2014,3,2,5
2014,4,2,6
2014,3,1,4
2014,3,1,4
2014,4,10,14
2014,4,3,7
2014,2,0,2
2014,6,0,6
2014,6,1,7
2014,7,2,9
2014,4,0,4
2014,9,1,10
2014,4,14,18
2014,2,0,2
2014,4,3,7
2014,7,5,12
2014,1,0,1
2014,3,2,5
2014,4,0,4
2014,5,4,9
2014,5,0,5
2014,3,12,15
2014,9,5,14
2014,9,4,13
2014,6,4,10
2014,3,2,5
2014,6,4,10
2014,4,1,5
2014,8,0,8
2014,2,1,3
2014,4,1,5
2014,2,11,13
2014,9,5,14
2014,4,3,7
2014,4,2,6
2014,6,3,9
2014,6,3,9
2014,4,3,7
2014,2,0,2
2014,4,3,7
2014,2,1,3
2014,5,1,6
2014,9,3,12
2014,9,2,11
2014,6,4,10
2014,6,10,16
2014,2,1,3
2014,4,2,6
2014,3,0,3
2014,4,0,4
2014,4,1,5
2014,8,5,13
2014,2,0,2
2014,6,3,9
2014,5,2,7
2014,5,0,5
2014,8,1,9
2014,11,1,12
2014,6,2,8
2014,1,0,1
2014,1,0,1
2014,8,2,10
2014,2,0,2
2014,6,3,9
2014,4,2,6
2014,5,4,9
2014,6,2,8
2014,4,1,5
2014,6,2,8
2014,7,3,10
2014,3,11,14
2014,6,5,11
2014,2,1,3
2014,5,0,5
2014,7,2,9
2014,4,2,6
2014,3,2,5
2014,4,3,7
2014,3,1,4
2014,7,3,10
2014,4,2,6
2014,9,0,9
2014,5,1,6
2014,2,1,3
2014,1,0,1
2014,5,2,7
2014,4,10,14
2014,3,2,5
2014,5,1,6
2014,7,6,13
2014,5,4,9
2014,7,1,8
2014,5,1,6
2014,3,10,13
2014,2,1,3
2014,6,4,10
2014,3,2,5
2014,17,0,17
2014,5,4,9
2014,3,2,5
2014,6,3,9
2014,6,1,7
2014,8,6,14
2014,3,2,5
2014,6,4,10
2014,6,4,10
2014,8,4,12
2014,9,2,11
2014,3,0,3
2014,5,4,9
2014,7,3,10
2014,4,0,4
2014,4,2,6
2014,4,1,5
2014,3,10,13
2014,6,5,11
2014,8,1,9
2014,6,2,8
2014,4,2,6
2014,5,2,7
2014,1,0,1
2014,3,11,14
2014,3,1,4
2014,4,3,7
2014,8,6,14
2014,6,5,11
2014,1,0,1
2014,1,0,1
2014,2,13,15
2014,2,1,3
2014,3,0,3
2014,8,2,10
2014,7,0,7
2014,4,10,14
2014,4,2,6
2014,7,5,12
2014,4,3,7
2014,9,1,10
2014,6,3,9
2014,4,0,4
2014,5,4,9
2014,3,2,5
2014,6,1,7
2014,5,0,5
2014,4,2,6
2014,3,1,4
2014,6,1,7
2014,3,1,4
2014,2,16,18
2014,2,0,2
2014,6,2,8
2014,8,4,12
2014,4,3,7
2014,6,1,7
2014,9,1,10
2014,5,2,7
2014,2,0,2
2014,3,2,5
2014,3,1,4
2014,8,4,12
2014,7,6,13
2014,2,1,3
2014,6,2,8
2014,3,2,5
2014,7,2,9
2014,3,2,5
2014,7,3,10
2014,3,2,5
2014,3,12,15
2014,5,0,5
2014,5,3,8
2014,5,14,19
2014,3,15,18
2014,5,10,15
2014,10,1,11
2014,3,2,5
2014,5,4,9
2014,5,3,8
2014,3,1,4
2014,4,2,6
2014,5,0,5
2014,2,1,3
2014,4,3,7
2014,8,5,13
2014,4,2,6
2014,7,2,9
2014,8,7,15
2014,5,1,6
2014,10,1,11
2014,3,2,5
2014,3,2,5
2014,7,3,10
2014,6,3,9
2014,3,0,3
2014,1,0,1
2014,3,2,5
2014,8,4,12
2014,3,1,4
2014,2,1,3
2014,2,10,12
2014,3,2,5
2014,8,5,13
2014,8,3,11
2014,8,3,11
2014,5,2,7
2014,2,1,3
2014,7,2,9
2014,5,2,7
2014,8,6,14
2014,1,0,1
2014,8,2,10
2014,7,2,9
2014,5,10,15
2014,1,0,1
2014,8,0,8
2014,2,0,2
2014,2,0,2
2014,5,2,7
2014,6,2,8
2014,5,0,5
2014,8,4,12
2014,1,0,1
2014,4,3,7
2014,4,14,18
2014,3,2,5
2014,6,2,8
2014,4,3,7
2014,3,1,4
2014,7,1,8
2014,4,3,7
2014,4,2,6
2014,2,0,2
2014,6,3,9
2014,5,4,9
2014,2,0,2
2014,3,2,5
2014,2,1,3
2014,2,10,12
2014,4,2,6
2014,6,2,8
2014,3,11,14
2014,3,1,4
2014,5,0,5
2014,6,4,10
2014,6,1,7
2014,9,1,10
2014,2,1,3
2014,2,1,3
2014,9,5,14
2014,5,4,9
2014,4,3,7
2014,5,1,6
2014,1,0,1
2014,10,1,11
2014,11,1,12
2014,6,3,9
2014,5,3,8
2014,4,2,6
2014,6,4,10
2014,6,5,11
2014,9,8,17
2014,2,1,3
2014,7,5,12
2014,7,4,11
2014,3,0,3
2014,7,6,13
2014,3,2,5
2014,3,1,4
2014,3,1,4
2014,1,0,1
2014,4,11,15
2014,7,4,11
2014,6,4,10
2014,3,1,4
2014,5,4,9
2014,4,3,7
2014,4,1,5
2014,6,2,8
2014,4,2,6
2014,4,0,4
2014,7,15,22
2014,5,2,7
2014,4,10,14
2014,5,4,9
2014,6,10,16
2014,2,0,2
2014,3,12,15
2014,6,5,11
2014,2,1,3
2014,2,1,3
2014,4,2,6
2014,2,1,3
2014,3,1,4
2014,5,4,9
2014,4,2,6
2014,5,1,6
2014,1,0,1
2014,9,5,14
2014,6,4,10
2014,4,1,5
2014,7,2,9
2014,3,0,3
2014,5,10,15
2014,5,2,7
2014,8,3,11
2014,2,1,3
2014,4,1,5
2014,9,3,12
2014,4,0,4
2014,1,0,1
2014,1,0,1
2014,9,8,17
2014,8,0,8
2014,3,2,5
2014,3,12,15
2014,4,1,5
2014,7,6,13
2014,9,10,19
2014,3,2,5
2014,3,2,5
2014,2,1,3
2014,2,1,3
2014,8,3,11
2014,4,1,5
2014,3,1,4
2014,3,2,5
2014,3,2,5
2014,8,6,14
2014,6,4,10
2014,3,0,3
2014,5,4,9
2014,2,1,3
2014,5,4,9
2014,2,1,3
2014,6,4,10
2014,6,3,9
2014,7,1,8
2014,7,2,9
2014,3,2,5
2014,4,11,15
2014,5,0,5
2014,10,0,10
2014,3,2,5
2015,3,0,3
2015,5,4,9
2015,5,2,7
2015,4,0,4
2015,2,0,2
2015,10,1,11
2015,6,3,9
2015,2,1,3
2015,10,0,10
2015,6,1,7
2015,8,0,8
2015,8,0,8
2015,4,1,5
2015,6,2,8
2015,3,1,4
2015,7,6,13
2015,7,3,10
2015,2,12,14
2015,5,2,7
2015,3,1,4
2015,2,0,2
2015,6,5,11
2015,5,2,7
2015,2,0,2
2015,5,4,9
2015,11,0,11
2015,2,0,2
2015,7,5,12
2015,7,4,11
2015,2,0,2
2015,5,4,9
2015,4,3,7
2015,10,0,10
2015,4,2,6
2015,5,3,8
2015,2,0,2
2015,2,1,3
2015,3,2,5
2015,7,1,8
2015,5,1,6
2015,4,1,5
2015,6,3,9
2015,10,1,11
2015,6,2,8
2015,1,0,1
2015,6,3,9
2015,4,2,6
2015,4,3,7
2015,5,3,8
2015,5,12,17
2015,6,0,6
2015,5,4,9
2015,8,4,12
2015,5,1,6
2015,9,10,19
2015,6,2,8
2015,6,5,11
2015,12,0,12
2015,4,1,5
2015,1,0,1
2015,5,1,6
2015,6,4,10
2015,6,0,6
2015,5,3,8
2015,7,1,8
2015,5,4,9
2015,4,1,5
2015,9,6,15
2015,9,5,14
2015,2,0,2
2015,6,0,6
2015,8,4,12
2015,5,4,9
2015,3,2,5
2015,2,10,12
2015,6,2,8
2015,9,2,11
2015,7,4,11
2015,4,3,7
2015,7,10,17
2015,6,2,8
2015,7,5,12
2015,8,5,13
2015,6,5,11
2015,8,5,13
2015,2,10,12
2015,4,14,18
2015,8,7,15
2015,4,3,7
2015,6,4,10
2015,6,4,10
2015,3,2,5
2015,6,5,11
2015,9,4,13
2015,7,6,13
2015,8,1,9
2015,6,5,11
2015,3,12,15
2015,2,0,2
2015,5,4,9
2015,8,4,12
2015,2,0,2
2015,5,4,9
2015,6,3,9
2015,2,1,3
2015,8,2,10
2015,4,3,7
2015,8,7,15
2015,3,2,5
2015,4,1,5
2015,4,0,4
2015,6,5,11
2015,6,5,11
2015,2,0,2
2015,5,1,6
2015,4,1,5
2015,8,2,10
2015,3,2,5
2015,6,2,8
2015,7,5,12
2015,5,10,15
2015,5,0,5
2015,4,2,6
2015,6,1,7
2015,5,2,7
2015,3,1,4
2015,6,1,7
2015,1,0,1
2015,3,2,5
2015,4,2,6
2015,4,2,6
2015,2,10,12
2015,7,12,19
2015,8,5,13
2015,7,5,12
2015,7,6,13
2015,4,0,4
2015,4,2,6
2015,5,2,7
2015,3,2,5
2015,5,4,9
2015,2,1,3
2015,6,3,9
2015,6,4,10
2015,7,3,10
2015,3,2,5
2015,4,1,5
2015,6,3,9
2015,3,1,4
2015,9,0,9
2015,6,1,7
2015,5,4,9
2015,8,7,15
2015,7,2,9
2015,4,1,5
2015,7,6,13
2015,3,12,15
2015,4,0,4
2015,5,0,5
2015,6,3,9
2015,4,2,6
2015,5,4,9
2015,6,2,8
2015,3,1,4
2015,4,1,5
2015,5,2,7
2015,9,0,9
2015,6,5,11
2015,5,3,8
2015,8,3,11
2015,5,2,7
2015,9,1,10
2015,4,3,7
2015,4,2,6
2015,7,0,7
2015,7,2,9
2015,7,6,13
2015,5,2,7
2015,11,10,21
2015,5,1,6
2015,2,1,3
2015,5,3,8
2015,5,2,7
2015,4,1,5
2015,6,3,9
2015,7,1,8
2015,4,3,7
2015,3,14,17
2015,2,1,3
2015,7,1,8
2015,6,1,7
2015,5,2,7
2015,7,5,12
2015,14,1,15
2015,7,1,8
2015,6,2,8
2015,7,6,13
2015,5,2,7
2015,6,5,11
2015,16,10,26
2015,7,1,8
2015,7,3,10
2015,9,8,17
2015,6,3,9
2015,6,2,8
2015,1,0,1
2015,6,13,19
2015,2,1,3
2015,9,2,11
2015,8,5,13
2015,6,0,6
2015,5,4,9
2015,4,13,17
2015,3,0,3
2015,2,1,3
2015,3,2,5
2015,6,1,7
2015,4,3,7
2015,3,2,5
2015,3,2,5
2015,7,5,12
2015,4,2,6
2015,7,5,12
2015,2,0,2
2015,3,2,5
2015,2,1,3
2015,2,1,3
2015,4,2,6
2015,6,3,9
2015,9,1,10
2015,5,4,9
2015,3,2,5
2015,2,1,3
2015,7,6,13
2015,4,1,5
2015,3,2,5
2015,4,1,5
2015,7,5,12
2015,3,2,5
2015,7,3,10
2015,6,4,10
2015,13,1,14
2015,3,2,5
2015,3,0,3
2015,6,1,7
2015,5,4,9
2015,1,0,1
2015,3,0,3
2015,2,0,2
2015,3,12,15
2015,4,1,5
2015,2,1,3
2015,5,4,9
2015,5,4,9
2015,4,1,5
2015,8,0,8
2015,5,3,8
2015,8,2,10
2015,9,3,12
2015,5,2,7
2015,8,11,19
2015,8,5,13
2015,4,2,6
2015,5,4,9
2015,8,0,8
2015,7,18,25
2015,5,3,8
2015,5,2,7
2015,8,6,14
2015,6,2,8
2015,6,3,9
2015,6,4,10
2015,7,6,13
2015,5,4,9
2015,3,1,4
2015,4,2,6
2015,5,1,6
2015,5,4,9
2015,8,4,12
2015,6,5,11
2015,4,0,4
2015,9,6,15
2015,6,2,8
2015,8,3,11
2015,3,1,4
2015,5,4,9
2015,4,1,5
2015,9,4,13
2015,4,1,5
2015,3,1,4
2015,5,12,17
2015,13,12,25
2015,8,11,19
2015,6,2,8
2015,4,2,6
2015,5,11,16
2015,2,1,3
2015,4,3,7
2015,3,2,5
2015,4,2,6
2015,6,2,8
2015,3,14,17
2015,5,11,16
2015,2,1,3
2015,9,1,10
2015,4,13,17
2015,8,2,10
2015,4,1,5
2015,8,1,9
2015,8,3,11
2015,7,5,12
2015,7,3,10
2015,7,3,10
2015,7,10,17
2015,3,2,5
2015,6,3,9
2015,7,2,9
2015,5,2,7
2015,5,2,7
2015,5,1,6
2015,5,1,6
2015,3,2,5
2015,8,1,9
2015,2,12,14
2015,8,2,10
2015,6,5,11
2015,9,3,12
2015,4,3,7
2015,3,2,5
2015,1,0,1
2015,9,4,13
2015,4,3,7
2015,4,1,5
2015,8,0,8
2015,4,3,7
2015,1,0,1
2015,4,0,4
2015,3,14,17
2015,3,2,5
2015,2,1,3
2015,2,0,2
2015,7,5,12
2015,8,4,12
2015,4,2,6
2015,6,1,7
2015,4,11,15
2015,4,11,15
2015,2,1,3
2015,6,4,10
2015,7,0,7
2015,5,3,8
2015,1,0,1
2015,4,2,6
2015,5,4,9
2015,2,1,3
2015,4,0,4
2015,8,7,15
2015,5,0,5
2015,8,5,13
2015,5,3,8
2015,7,10,17
2015,7,6,13
2015,6,4,10
2015,1,0,1
2015,6,2,8
2015,3,13,16
2015,1,0,1
2015,8,6,14
2015,5,0,5
2015,3,2,5
2015,4,2,6
2015,7,1,8
2015,3,2,5
2015,5,2,7
2015,5,1,6
2015,2,1,3
2015,4,3,7
2015,8,7,15
2015,2,0,2
2015,9,10,19
2015,3,1,4
2015,6,4,10
2015,5,4,9
2015,9,0,9
2015,2,0,2
2015,5,2,7
2015,7,1,8
2015,5,3,8
2015,8,2,10
2015,2,1,3
2015,3,2,5
2015,7,1,8
2015,6,0,6
2015,7,4,11
2015,6,3,9
2015,2,1,3
2015,4,3,7
2015,7,5,12
2015,5,3,8
2015,7,6,13
2015,7,13,20
2015,5,1,6
2015,3,11,14
2015,3,10,13
2015,6,3,9
2015,13,0,13
2015,5,1,6
2015,3,0,3
2015,9,1,10
2015,6,5,11
2015,5,1,6
2015,7,5,12
2015,3,2,5
2015,11,0,11
2015,4,1,5
2015,7,4,11
2015,4,14,18
2015,6,5,11
2015,4,3,7
2015,7,2,9
2015,7,2,9
2015,5,1,6
2015,5,4,9
2015,2,0,2
2015,6,5,11
2015,9,3,12
2015,2,1,3
2015,6,5,11
2015,7,6,13
2015,5,4,9
2015,3,1,4
2015,8,5,13
2015,4,3,7
2015,6,0,6
2015,8,2,10
2015,7,0,7
2015,9,2,11
2015,6,5,11
2015,6,4,10
2015,4,10,14
2015,8,2,10
2015,7,4,11
2015,6,2,8
2015,4,12,16
2015,6,2,8
2015,3,2,5
2015,7,5,12
2015,7,2,9
2015,6,2,8
2015,7,2,9
2015,7,1,8
2015,8,6,14
2015,3,1,4
2015,2,1,3
2015,4,3,7
2015,8,2,10
2015,9,5,14
2015,2,1,3
2015,3,2,5
2015,6,2,8
2015,7,4,11
2015,4,3,7
2015,4,3,7
2015,3,2,5
2015,2,1,3
2015,6,3,9
2015,5,4,9
2015,11,1,12
2015,5,2,7
2015,4,3,7
2015,2,1,3
2015,5,3,8
2015,7,10,17
2015,5,4,9
2015,4,3,7
2015,5,11,16
2015,8,2,10
2015,5,2,7
2015,6,14,20
2015,2,10,12
2015,6,1,7
2015,4,3,7
2015,8,3,11
2015,2,1,3
2015,8,1,9
2015,11,1,12
2015,4,2,6
2015,9,2,11
2015,7,2,9
2015,4,11,15
2015,4,2,6
2015,7,6,13
2015,2,1,3
2015,9,6,15
2015,6,1,7
2015,2,1,3
2015,5,1,6
2015,2,0,2
2015,6,2,8
2015,4,3,7
2015,5,4,9
2015,4,2,6
2015,2,0,2
2015,3,2,5
2015,4,2,6
2015,3,2,5
2015,5,2,7
2015,6,5,11
2015,4,3,7
2015,2,1,3
2015,13,1,14
2015,6,4,10
2015,5,4,9
2015,4,2,6
2015,8,3,11
2015,2,1,3
2015,6,1,7
2015,6,3,9
2015,3,1,4
2015,11,10,21
2015,2,10,12
2015,8,4,12
2015,12,1,13
2015,6,4,10
2015,5,3,8
2015,3,2,5
2015,7,0,7
2015,7,6,13
2015,4,3,7
2015,10,0,10
2015,2,1,3
2015,4,10,14
2015,8,3,11
2015,6,1,7
2015,4,1,5
2015,2,11,13
2015,6,5,11
2015,5,1,6
2015,7,1,8
2015,5,3,8
2015,6,4,10
2015,14,1,15
2015,4,3,7
2015,7,5,12
2015,4,1,5
2015,4,2,6
2015,4,3,7
2015,8,10,18
2015,3,0,3
2015,3,0,3
2015,9,8,17
2015,4,2,6
2015,6,0,6
2015,1,0,1
2015,6,0,6
2015,3,11,14
2015,5,1,6
2015,7,3,10
2015,6,0,6
2015,5,10,15
2015,5,0,5
2015,2,1,3
2015,5,1,6
2015,2,1,3
2015,4,3,7
2015,3,2,5
2015,2,1,3
2015,3,2,5
2015,2,1,3
2015,6,10,16
2015,5,3,8
2015,9,4,13
2015,4,3,7
2015,3,1,4
2015,6,5,11
2015,8,1,9
2015,6,4,10
2015,3,0,3
2015,4,2,6
2015,2,10,12
2015,8,5,13
2015,4,3,7
2015,2,0,2
2015,3,2,5
2015,8,6,14
2015,2,1,3
2015,4,2,6
2015,2,1,3
2015,4,3,7
2015,4,2,6
2015,5,2,7
2015,6,1,7
2015,7,1,8
2015,6,1,7
2015,9,0,9
2015,4,3,7
2015,3,2,5
2015,4,0,4
2015,4,3,7
2015,3,2,5
2015,10,1,11
2015,5,4,9
2015,3,1,4
2015,5,2,7
2015,7,3,10
2015,6,5,11
2015,7,6,13
2015,5,0,5
2015,3,0,3
2015,4,0,4
2015,3,0,3
2015,8,4,12
2015,5,4,9
2015,11,0,11
2015,5,12,17
2015,3,2,5
2015,7,3,10
2015,8,11,19
2015,6,2,8
2015,5,0,5
2015,2,1,3
2015,8,5,13
2015,9,10,19
2015,4,1,5
2015,5,2,7
2015,4,3,7
2015,2,1,3
2015,9,6,15
2015,3,2,5
2015,8,3,11
2015,4,3,7
2015,2,1,3
2015,8,10,18
2015,5,3,8
2015,3,2,5
2015,3,2,5
2015,2,0,2
2015,1,0,1
2015,4,15,19
2015,8,2,10
2015,5,0,5
2015,3,2,5
2015,8,1,9
2015,4,3,7
2015,2,1,3
2015,6,1,7
2015,8,1,9
2015,5,2,7
2015,2,11,13
2015,8,10,18
2015,6,1,7
2015,3,11,14
2015,5,2,7
2015,5,2,7
2015,9,1,10
2015,7,2,9
2015,8,2,10
2015,4,1,5
2015,4,3,7
2015,4,3,7
2015,2,1,3
2015,5,4,9
2015,8,10,18
2015,6,3,9
2015,8,4,12
2015,7,2,9
2015,14,1,15
2015,6,3,9
2015,4,0,4
2015,4,2,6
2015,3,2,5
2015,4,1,5
2015,6,0,6
2015,4,0,4
2015,4,1,5
2015,3,2,5
2015,2,1,3
2015,4,3,7
2015,8,0,8
2015,6,3,9
2015,2,1,3
2015,5,1,6
2015,5,4,9
2015,1,0,1
2015,5,1,6
2015,6,4,10
2015,7,6,13
2015,9,10,19
2015,5,4,9
2015,5,4,9
2015,3,0,3
2015,6,4,10
2015,3,12,15
2015,3,2,5
2015,3,1,4
2015,6,4,10
2015,4,2,6
2015,7,0,7
2015,3,2,5
2015,5,2,7
2015,4,3,7
2015,3,0,3
2015,5,3,8
2015,2,12,14
2015,3,2,5
2015,6,3,9
2015,5,4,9
2015,5,11,16
2015,5,3,8
2015,7,0,7
2015,5,1,6
2015,2,0,2
2015,2,1,3
2015,8,4,12
2015,5,2,7
2015,6,3,9
2015,7,5,12
2015,6,4,10
2015,4,3,7
2015,6,2,8
2015,4,1,5
2015,6,2,8
2015,2,1,3
2015,4,2,6
2015,3,0,3
2015,7,4,11
2015,8,6,14
2015,3,0,3
2015,8,5,13
2015,3,0,3
2015,7,3,10
2015,3,2,5
2015,9,5,14
2015,5,3,8
2015,5,2,7
2015,5,2,7
2015,4,3,7
2015,8,0,8
2015,5,1,6
2015,8,0,8
2015,4,2,6
2015,9,5,14
2015,2,1,3
2015,8,2,10
2015,6,0,6
2015,7,6,13
2015,6,5,11
2015,4,3,7
2015,3,0,3
2015,4,1,5
2015,7,1,8
2015,6,3,9
2015,7,5,12
2015,3,1,4
2015,4,3,7
2015,7,3,10
2015,8,1,9
2015,4,11,15
2015,5,2,7
2015,5,1,6
2015,7,0,7
2015,7,2,9
2015,4,3,7
2015,1,0,1
2015,6,1,7
2015,7,6,13
2015,1,0,1
2015,6,3,9
2015,9,8,17
2015,5,3,8
2015,6,4,10
2015,2,1,3
2015,5,2,7
2015,5,4,9
2015,7,2,9
2015,5,3,8
2015,7,4,11
2015,1,0,1
2015,2,15,17
2015,2,0,2
2015,7,3,10
2015,6,5,11
2015,9,8,17
2015,6,3,9
2015,2,0,2
2015,7,6,13
2015,6,1,7
2015,3,1,4
2015,4,2,6
2015,7,3,10
2015,5,4,9
2015,7,3,10
2015,3,1,4
2015,5,2,7
2015,7,4,11
2015,9,2,11
2015,8,0,8
2015,6,2,8
2015,8,4,12
2015,7,5,12
2015,3,2,5
2015,6,2,8
2015,7,1,8
2015,6,4,10
2015,2,1,3
2015,2,1,3
2015,2,1,3
2015,7,2,9
2015,8,10,18
2015,4,2,6
2015,4,3,7
2015,6,2,8
2015,5,2,7
2015,6,2,8
2015,4,0,4
2015,2,1,3
2015,5,10,15
2015,8,7,15
2015,5,4,9
2015,1,0,1
2015,6,2,8
2015,7,5,12
2015,2,1,3
2015,5,4,9
2015,4,2,6
2015,7,1,8
2015,9,7,16
2015,2,1,3
2015,5,10,15
2015,4,2,6
2015,2,0,2
2015,4,2,6
2015,8,2,10
2015,7,5,12
2015,2,1,3
2015,7,2,9
2015,4,2,6
2015,6,3,9
2015,3,0,3
2015,7,4,11
2015,6,4,10
2015,4,0,4
2015,7,3,10
2015,3,2,5
2015,4,3,7
2015,4,2,6
2015,2,0,2
2015,6,2,8
2015,6,4,10
2015,3,1,4
2015,7,6,13
2015,6,3,9
2015,5,3,8
2015,3,1,4
2015,6,4,10
2015,3,11,14
2015,9,3,12
2015,3,1,4
2015,2,0,2
2015,3,11,14
2015,6,5,11
2015,1,0,1
2015,4,2,6
2015,2,11,13
2015,3,2,5
2015,4,3,7
2015,6,0,6
2015,3,1,4
2015,2,0,2
2015,6,1,7
2015,5,0,5
2015,2,1,3
2015,4,1,5
2015,8,2,10
2015,4,3,7
2015,4,1,5
2015,5,2,7
2015,4,1,5
2015,5,2,7
2015,9,3,12
2015,4,2,6
2015,3,12,15
2015,7,6,13
2015,7,2,9
2015,5,4,9
2015,8,5,13
2015,5,4,9
2015,2,0,2
2015,4,2,6
2015,7,2,9
2015,6,4,10
2015,6,5,11
2015,6,3,9
2015,6,0,6
2015,6,0,6
2015,6,5,11
2015,5,4,9
2015,7,0,7
2015,6,2,8
2015,5,4,9
2015,3,11,14
2015,13,10,23
2015,5,4,9
2015,4,0,4
2015,10,0,10
2015,5,1,6
2015,8,4,12
2015,5,3,8
2015,1,0,1
2015,4,3,7
2015,1,0,1
2015,4,0,4
2015,7,5,12
2015,6,2,8
2015,1,0,1
2015,9,4,13
2015,5,4,9
2015,4,3,7
2015,5,4,9
2015,8,1,9
2015,4,1,5
2015,7,2,9
2015,5,3,8
2015,4,3,7
2015,2,1,3
2015,4,2,6
2015,3,2,5
2015,5,4,9
2015,7,11,18
2015,8,1,9
2015,5,3,8
2015,5,13,18
2015,2,1,3
2015,8,1,9
2015,13,0,13
2015,4,1,5
2015,4,0,4
2015,8,10,18
2015,1,0,1
2015,4,2,6
2015,4,0,4
2015,2,1,3
2015,4,3,7
2015,7,3,10
2015,4,0,4
2015,4,2,6
2015,6,0,6
2015,6,3,9
2015,2,1,3
2015,8,5,13
2015,4,3,7
2015,11,0,11
2015,9,1,10
2015,5,1,6
2015,3,2,5
2015,6,1,7
2015,4,1,5
2015,4,1,5
2015,3,19,22
2015,9,4,13
2015,6,0,6
2015,5,2,7
2015,8,5,13
2015,2,12,14
2015,7,2,9
2015,3,2,5
2015,3,0,3
2015,6,5,11
2015,6,2,8
2015,3,2,5
2015,4,16,20
2015,3,2,5
2015,3,2,5
2015,5,2,7
2015,3,2,5
2015,8,4,12
2015,17,0,17
2015,8,4,12
2015,2,10,12
2015,5,3,8
2015,3,1,4
2015,2,1,3
2015,2,16,18
2015,6,4,10
2015,2,0,2
2015,8,0,8
2015,5,0,5
2015,7,1,8
2015,5,2,7
2015,3,2,5
2015,4,3,7
2015,8,4,12
2015,3,2,5
2015,1,0,1
2015,2,1,3
2015,9,4,13
2015,3,1,4
2015,2,1,3
2015,7,0,7
2015,7,1,8
2015,5,3,8
2015,4,2,6
2015,2,1,3
2015,2,1,3
2015,5,0,5
2015,4,1,5
2015,9,5,14
2015,7,3,10
2015,9,5,14
2015,7,2,9
2015,7,2,9
2015,7,12,19
2015,4,12,16
2015,5,2,7
2015,5,4,9
2015,4,1,5
2015,8,1,9
2015,6,4,10
2015,3,2,5
2015,5,0,5
2015,4,1,5
2015,5,1,6
2015,7,4,11
2015,6,2,8
2015,4,1,5
2015,3,14,17
2015,4,1,5
2015,10,1,11
2015,6,3,9
2015,5,3,8
2015,6,0,6
2015,7,2,9
2015,1,0,1
2015,3,2,5
2015,5,2,7
2015,1,0,1
2015,4,10,14
2015,2,13,15
2015,2,10,12
2015,8,0,8
2015,4,12,16
2015,3,2,5
2015,9,2,11
2015,6,2,8
2015,9,13,22
2015,9,2,11
2015,4,3,7
2015,4,2,6
2015,8,5,13
2015,2,13,15
2015,8,11,19
2015,4,1,5
2015,8,5,13
2015,3,13,16
2015,6,4,10
2015,1,0,1
2015,7,3,10
2015,5,10,15
2015,4,3,7
2015,3,2,5
2015,6,2,8
2015,6,11,17
2015,7,6,13
2015,7,0,7
2015,3,2,5
2015,4,3,7
2015,8,6,14
2015,3,1,4
2015,2,1,3
2015,5,1,6
2015,5,2,7
2015,8,2,10
2015,8,7,15
2015,6,1,7
2015,4,1,5
2015,6,1,7
2015,2,10,12
2015,5,2,7
2015,8,2,10
2015,6,0,6
2015,1,0,1
2015,8,2,10
2015,2,1,3
2015,8,6,14
2015,4,0,4
2015,6,4,10
2015,8,7,15
2015,4,0,4
2015,5,1,6
2015,2,0,2
2015,5,4,9
2015,8,13,21
2015,6,3,9
2015,7,0,7
2015,3,1,4
2015,4,3,7
2015,5,4,9
2015,3,2,5
2015,7,1,8
2015,4,10,14
2015,2,1,3
2015,5,2,7
2015,5,2,7
2015,3,2,5
2015,4,2,6
2015,8,6,14
2015,3,2,5
2015,4,3,7
2015,2,12,14
2015,4,2,6
2015,9,6,15
2015,3,2,5
2015,5,2,7
2015,2,1,3
2015,3,2,5
2015,8,4,12
2015,7,2,9
2015,7,5,12
2015,8,1,9
2015,4,1,5
2015,4,0,4
2015,3,2,5
2015,4,0,4
2015,8,0,8
2015,5,4,9
2015,3,1,4
2015,2,0,2
2015,5,3,8
2015,7,2,9
2015,5,3,8
2015,3,2,5
2015,8,5,13
2015,2,1,3
2015,6,4,10
2015,6,3,9
2015,4,1,5
2015,5,3,8
2015,3,2,5
2015,4,1,5
2015,6,10,16
2015,8,1,9
2015,7,11,18
2015,6,1,7
2015,7,1,8
2015,7,4,11
2015,7,1,8
2015,3,1,4
2015,2,1,3
2015,6,4,10
2015,6,1,7
2015,8,6,14
2015,8,5,13
2015,5,4,9
2015,4,0,4
2015,5,3,8
2015,1,0,1
2015,2,1,3
2015,4,3,7
2015,5,0,5
2015,2,1,3
2015,6,2,8
2015,4,3,7
2015,3,1,4
2015,4,3,7
2015,4,1,5
2015,4,2,6
2015,2,1,3
2015,9,3,12
2015,6,5,11
2015,6,5,11
2015,2,0,2
2015,4,1,5
2015,9,5,14
2015,7,0,7
2015,7,1,8
2015,8,1,9
2015,2,11,13
2015,8,1,9
2015,2,1,3
2015,2,0,2
2015,8,4,12
2015,2,0,2
2015,5,4,9
2015,6,1,7
2015,4,0,4
2015,8,7,15
2015,5,3,8
2015,5,4,9
2015,6,12,18
2015,4,3,7
2015,2,1,3
2015,8,12,20
2015,1,0,1
2015,2,1,3
2015,12,1,13
2015,8,6,14
2015,3,2,5
2015,2,1,3
2015,7,5,12
2015,9,5,14
2015,5,2,7
2015,2,1,3
2015,8,2,10
2015,2,1,3
2015,7,3,10
2015,9,5,14
2015,6,1,7
2015,3,2,5
2015,7,2,9
2015,7,3,10
2015,8,3,11
2015,5,3,8
2015,4,3,7
2015,3,2,5
2015,2,0,2
2015,1,0,1
2015,2,1,3
2015,13,0,13
2015,9,3,12
2015,6,4,10
2015,4,0,4
2015,5,4,9
2015,9,1,10
2015,2,0,2
2015,6,1,7
2015,5,10,15
2015,3,2,5
2015,8,0,8
2015,8,1,9
2015,2,1,3
2015,5,3,8
2015,3,1,4
2015,6,12,18
2015,3,1,4
2015,4,2,6
2015,6,0,6
2015,9,4,13
2015,7,10,17
2015,5,3,8
2015,4,2,6
2015,2,1,3
2015,5,12,17
2015,3,0,3
2015,3,2,5
2015,4,3,7
2015,2,1,3
2015,7,4,11
2015,5,3,8
2015,2,0,2
2015,2,10,12
2015,9,5,14
2015,7,1,8
2015,7,2,9
2015,4,3,7
2015,8,3,11
2015,4,3,7
2015,3,2,5
2015,7,6,13
2015,3,0,3
2015,4,2,6
2015,5,0,5
2015,6,3,9
2015,7,6,13
2015,6,5,11
2015,4,2,6
2015,3,2,5
2015,9,7,16
2015,5,0,5
2015,6,5,11
2015,5,3,8
2015,5,4,9
2015,5,2,7
2015,5,4,9
2015,4,1,5
2015,7,4,11
2015,2,0,2
2015,3,1,4
2015,5,3,8
2015,8,3,11
2015,6,0,6
2015,2,0,2
2015,4,2,6
2015,6,2,8
2015,4,1,5
2015,7,2,9
2015,3,2,5
2015,5,1,6
2015,1,0,1
2015,5,1,6
2015,5,3,8
2015,3,0,3
2015,3,2,5
2015,1,0,1
2015,8,6,14
2015,4,2,6
2015,5,2,7
2015,7,3,10
2015,2,15,17
2015,3,1,4
2015,4,3,7
2015,7,4,11
2015,5,3,8
2015,5,1,6
2015,5,4,9
2015,3,2,5
2015,6,2,8
2015,7,1,8
2015,3,14,17
2015,9,5,14
2015,4,2,6
2015,6,5,11
2015,5,0,5
2015,8,5,13
2015,3,0,3
2015,6,5,11
2015,3,2,5
2015,8,6,14
2015,3,1,4
2015,2,0,2
2015,3,11,14
2015,11,10,21
2015,4,3,7
2015,8,1,9
2015,7,1,8
2015,5,3,8
2015,6,5,11
2015,3,10,13
2015,4,2,6
2015,4,3,7
2015,2,1,3
2015,1,0,1
2015,6,5,11
2015,4,2,6
2015,4,2,6
2015,2,0,2
2015,6,1,7
2015,7,3,10
2015,3,2,5
2015,4,1,5
2015,4,3,7
2015,5,0,5
2015,6,3,9
2015,4,2,6
2015,3,2,5
2015,6,2,8
2015,5,3,8
2015,3,0,3
2015,8,4,12
2015,4,0,4
2015,7,6,13
2015,9,4,13
2015,3,0,3
2015,7,6,13
2015,8,5,13
2015,4,3,7
2015,3,2,5
2015,3,1,4
2015,5,4,9
2015,2,12,14
2015,3,2,5
2015,4,2,6
2015,2,1,3
2015,4,1,5
2015,4,1,5
2015,5,3,8
2015,9,3,12
2015,10,0,10
2015,6,1,7
2015,2,1,3
2015,14,1,15
2015,8,7,15
2015,3,1,4
2015,4,0,4
2015,5,0,5
2015,11,1,12
2015,7,3,10
2015,3,1,4
2015,7,5,12
2015,5,4,9
2015,8,7,15
2015,5,4,9
2015,7,10,17
2015,5,3,8
2015,4,2,6
2015,7,2,9
2015,7,0,7
2015,3,0,3
2015,4,3,7
2015,8,5,13
2015,5,4,9
2015,9,0,9
2015,9,11,20
2015,8,3,11
2015,3,1,4
2015,8,1,9
2015,3,2,5
2015,7,1,8
2015,1,0,1
2015,9,3,12
2015,7,2,9
2015,5,2,7
2015,5,3,8
2015,3,1,4
2015,3,2,5
2015,9,1,10
2015,6,5,11
2015,8,10,18
2015,9,4,13
2015,4,2,6
2015,5,1,6
2015,7,5,12
2015,4,3,7
2015,4,3,7
2015,5,4,9
2015,7,1,8
2015,4,3,7
2015,3,0,3
2015,8,3,11
2015,8,1,9
2015,3,2,5
2015,5,4,9
2015,9,3,12
2015,3,0,3
2015,5,2,7
2015,7,3,10
2015,4,0,4
2015,4,3,7
2015,4,2,6
2015,2,1,3
2015,2,1,3
2015,5,3,8
2015,6,0,6
2015,6,5,11
2015,4,0,4
2015,10,1,11
2015,7,2,9
2015,7,5,12
2015,3,1,4
2015,5,2,7
2015,9,3,12
2015,4,2,6
2015,3,1,4
2015,7,6,13
2015,2,0,2
2015,5,1,6
2015,5,0,5
2015,3,10,13
2015,5,2,7
2015,2,1,3
2015,8,5,13
2015,2,15,17
2015,9,3,12
2015,3,1,4
2015,8,6,14
2015,2,1,3
2015,1,0,1
2015,5,1,6
2015,7,13,20
2015,3,0,3
2015,11,1,12
2015,5,11,16
2015,2,1,3
2015,7,17,24
2015,5,1,6
2015,7,2,9
2015,3,2,5
2015,3,1,4
2015,3,2,5
2015,6,5,11
2015,4,3,7
2015,3,2,5
2015,5,2,7
2015,2,1,3
2015,8,10,18
2015,9,8,17
2015,9,4,13
2015,4,3,7
2015,4,2,6
2015,4,1,5
2015,5,2,7
2015,6,2,8
2015,7,3,10
2015,9,4,13
2015,7,2,9
2015,2,1,3
2015,5,10,15
2015,2,0,2
2015,4,1,5
2015,8,7,15
2015,4,0,4
2015,8,4,12
2015,5,2,7
2015,4,0,4
2015,2,10,12
2015,5,21,26
2015,3,2,5
2015,2,0,2
2015,9,2,11
2015,3,2,5
2015,12,1,13
2015,6,3,9
2015,7,10,17
2015,7,2,9
2015,4,10,14
2015,7,3,10
2015,8,2,10
2015,5,0,5
2015,1,0,1
2015,2,1,3
2015,5,2,7
2015,8,2,10
2015,9,8,17
2015,8,2,10
2015,5,15,20
2015,3,0,3
2015,1,0,1
2015,5,2,7
2015,9,5,14
2015,8,7,15
2015,3,1,4
2015,4,1,5
2015,9,8,17
2015,7,6,13
2015,5,2,7
2015,8,7,15
2015,7,5,12
2015,6,13,19
2015,5,4,9
2015,6,4,10
2015,5,3,8
2015,8,3,11
2015,4,1,5
2015,6,1,7
2015,2,1,3
2015,2,1,3
2015,9,3,12
2015,7,0,7
2015,6,3,9
2015,7,6,13
2015,6,2,8
2015,7,11,18
2015,8,2,10
2015,4,3,7
2015,9,2,11
2015,3,1,4
2015,5,3,8
2015,4,2,6
2015,3,2,5
2015,3,2,5
2015,5,1,6
2015,2,12,14
2015,6,2,8
2015,9,7,16
2015,7,6,13
2015,6,1,7
2015,4,3,7
2015,3,12,15
2015,3,0,3
2015,4,1,5
2015,5,3,8
2015,5,2,7
2015,4,3,7
2015,4,1,5
2015,5,2,7
2015,2,1,3
2015,6,2,8
2015,3,2,5
2015,2,1,3
2015,5,2,7
2015,5,4,9
2015,9,8,17
2015,5,4,9
2015,8,7,15
2015,12,1,13
2015,5,13,18
2015,9,2,11
2015,9,12,21
2015,5,1,6
2015,6,4,10
2015,2,0,2
2015,8,3,11
2015,3,11,14
2015,3,2,5
2015,4,10,14
2015,5,1,6
2015,5,1,6
2015,4,1,5
2015,3,13,16
2015,5,0,5
2015,6,2,8
2015,5,0,5
2015,4,3,7
2015,3,1,4
2015,5,4,9
2015,4,3,7
2015,6,1,7
2015,6,5,11
2015,4,3,7
2015,7,5,12
2015,2,1,3
2015,8,6,14
2015,8,5,13
2015,2,1,3
2015,7,3,10
2015,4,3,7
2015,7,5,12
2015,4,3,7
2015,9,7,16
2015,4,11,15
2015,9,8,17
2015,5,4,9
2015,3,0,3
2015,8,6,14
2015,10,1,11
2015,2,1,3
2015,5,4,9
2015,8,10,18
2015,9,3,12
2015,8,3,11
2015,8,4,12
2015,2,0,2
2015,6,3,9
2015,7,3,10
2015,9,10,19
2015,7,2,9
2015,3,2,5
2015,6,0,6
2015,2,1,3
2015,3,1,4
2015,5,4,9
2015,4,3,7
2015,4,3,7
2015,4,3,7
2015,5,4,9
2015,5,0,5
2015,4,1,5
2015,7,2,9
2015,8,6,14
2015,4,17,21
2015,7,6,13
2015,7,6,13
2015,3,0,3
2015,6,0,6
2015,2,1,3
2015,6,5,11
2015,4,2,6
2015,3,11,14
2015,5,4,9
2015,6,1,7
2015,5,4,9
2015,4,3,7
2015,4,1,5
2015,2,0,2
2015,8,1,9
2015,7,2,9
2015,5,4,9
2015,5,4,9
2015,2,0,2
2015,5,4,9
2015,6,13,19
2015,5,3,8
2015,4,2,6
2015,4,3,7
2015,6,4,10
2015,3,13,16
2015,8,2,10
2015,4,0,4
2015,8,3,11
2015,4,2,6
2015,2,1,3
2015,3,2,5
2015,13,1,14
2015,3,0,3
2015,6,3,9
2015,5,4,9
2015,6,1,7
2015,5,0,5
2015,5,4,9
2015,3,2,5
2015,4,0,4
2015,6,11,17
2015,6,5,11
2015,3,1,4
2015,4,3,7
2015,2,0,2
2015,4,2,6
2015,7,6,13
2015,3,2,5
2015,3,2,5
2015,2,1,3
2015,7,4,11
2015,3,0,3
2015,6,14,20
2015,11,1,12
2015,3,0,3
2015,7,3,10
2015,3,0,3
2015,2,0,2
2015,4,2,6
2015,9,6,15
2015,3,10,13
2015,9,2,11
2015,8,6,14
2015,7,6,13
2015,3,10,13
2015,6,5,11
2015,3,12,15
2015,3,1,4
2015,5,10,15
2015,4,2,6
2015,3,2,5
2015,8,6,14
2015,15,1,16
2015,6,5,11
2015,9,5,14
2015,5,1,6
2015,4,1,5
2015,5,3,8
2015,3,1,4
2015,6,1,7
2015,3,2,5
2015,8,5,13
2015,3,1,4
2015,5,3,8
2015,4,3,7
2015,8,4,12
2015,4,3,7
2015,22,10,32
2015,6,3,9
2015,7,5,12
2015,4,2,6
2015,9,4,13
2015,8,3,11
2015,4,2,6
2015,4,1,5
2015,5,3,8
2015,6,12,18
2015,6,2,8
2015,4,12,16
2015,4,1,5
2015,2,1,3
2015,2,18,20
2015,8,10,18
2015,3,1,4
2015,5,0,5
2015,6,5,11
2015,4,3,7
2015,2,1,3
2015,6,1,7
2015,4,1,5
2015,8,1,9
2015,5,0,5
2015,6,4,10
2015,5,3,8
2015,3,1,4
2015,2,1,3
2015,4,2,6
2015,8,2,10
2015,9,2,11
2015,6,2,8
2015,8,7,15
2015,4,1,5
2015,5,3,8
2015,2,1,3
2015,4,3,7
2015,5,3,8
2015,5,3,8
2015,9,1,10
2015,8,10,18
2015,3,1,4
2015,6,15,21
2015,3,2,5
2015,9,6,15
2015,8,4,12
2015,5,4,9
2015,8,5,13
2015,9,8,17
2015,9,0,9
2015,2,0,2
2015,3,2,5
2015,1,0,1
2015,5,4,9
2015,6,4,10
2015,8,15,23
2015,4,3,7
2015,4,1,5
2015,3,2,5
2015,8,7,15
2015,4,3,7
2015,5,2,7
2015,7,4,11
2015,4,1,5
2015,3,2,5
2015,4,3,7
2015,7,2,9
2015,8,2,10
2015,2,15,17
2015,4,1,5
2015,7,1,8
2015,5,4,9
2015,3,2,5
2015,4,0,4
2015,1,0,1
2015,9,7,16
2015,3,2,5
2015,4,0,4
2015,9,2,11
2015,4,3,7
2015,7,2,9
2015,5,3,8
2015,6,3,9
2015,9,14,23
2015,2,0,2
2015,3,0,3
2015,7,1,8
2015,7,3,10
2015,2,1,3
2015,6,4,10
2015,9,3,12
2015,4,11,15
2015,3,10,13
2015,3,15,18
2015,3,2,5
2015,6,3,9
2015,9,7,16
2015,7,11,18
2015,9,14,23
2015,5,3,8
2015,3,1,4
2015,4,2,6
2015,6,2,8
2015,5,4,9
2015,3,2,5
2015,8,0,8
2015,6,3,9
2015,6,1,7
2015,5,12,17
2015,4,3,7
2015,8,6,14
2015,9,3,12
2015,4,0,4
2015,5,1,6
2015,4,2,6
2015,3,2,5
2015,2,0,2
2015,4,3,7
2015,8,2,10
2015,5,2,7
2015,3,10,13
2015,8,6,14
2015,9,5,14
2015,5,3,8
2015,5,3,8
2015,5,4,9
2015,2,1,3
2015,5,12,17
2015,8,3,11
2015,5,2,7
2015,1,0,1
2015,7,16,23
2015,5,11,16
2015,9,1,10
2015,5,1,6
2015,5,4,9
2015,5,1,6
2015,6,11,17
2015,8,7,15
2015,3,2,5
2015,5,2,7
2015,15,1,16
2015,6,5,11
2015,6,5,11
2015,8,5,13
2015,7,11,18
2015,6,5,11
2015,8,3,11
2015,3,1,4
2015,6,3,9
2015,3,0,3
2015,7,4,11
2015,6,2,8
2015,5,0,5
2015,8,5,13
2015,7,2,9
2015,6,2,8
2015,9,4,13
2015,8,2,10
2015,4,2,6
2015,5,3,8
2015,4,12,16
2015,6,5,11
2015,5,3,8
2015,4,2,6
2015,1,0,1
2015,2,0,2
2015,5,3,8
2015,2,1,3
2015,9,5,14
2015,9,1,10
2015,5,4,9
2015,4,1,5
2015,4,2,6
2015,6,4,10
2015,4,15,19
2015,2,0,2
2015,3,1,4
2015,4,1,5
2015,5,0,5
2015,3,0,3
2015,6,4,10
2015,7,1,8
2015,5,3,8
2015,5,4,9
2015,3,2,5
2015,4,1,5
2015,5,3,8
2015,4,3,7
2015,3,2,5
2015,3,1,4
2015,7,6,13
2015,8,3,11
2015,5,2,7
2015,9,12,21
2015,4,1,5
2015,3,1,4
2015,4,3,7
2015,4,3,7
2015,6,0,6
2015,6,3,9
2015,4,3,7
2015,15,1,16
2015,5,1,6
2015,7,4,11
2015,6,20,26
2015,6,5,11
2015,9,2,11
2015,2,0,2
2015,4,1,5
2015,7,5,12
2015,5,4,9
2015,9,4,13
2015,5,0,5
2015,7,5,12
2015,3,2,5
2015,6,0,6
2015,9,2,11
2015,7,4,11
2015,4,0,4
2015,6,3,9
2015,4,3,7
2015,6,13,19
2015,5,4,9
2015,8,3,11
2015,5,4,9
2015,3,1,4
2015,5,11,16
2015,7,0,7
2015,8,5,13
2015,4,2,6
2015,7,1,8
2015,2,11,13
2015,3,1,4
2015,5,4,9
2015,6,4,10
2015,5,3,8
2015,7,5,12
2015,6,5,11
2015,2,1,3
2015,7,4,11
2015,8,6,14
2015,8,14,22
2015,6,2,8
2015,8,6,14
2015,8,5,13
2015,5,3,8
2015,7,3,10
2015,7,6,13
2015,8,13,21
2015,7,4,11
2015,9,4,13
2015,8,3,11
2015,12,1,13
2015,2,1,3
2015,9,4,13
2015,3,0,3
2015,9,4,13
2015,9,4,13
2015,4,3,7
2015,4,3,7
2015,5,1,6
2015,3,11,14
2015,7,15,22
2015,5,3,8
2015,6,4,10
2015,7,10,17
2015,15,1,16
2015,5,2,7
2015,7,5,12
2015,5,14,19
2015,2,1,3
2015,8,1,9
2015,8,0,8
2015,12,1,13
2015,6,5,11
2015,5,2,7
2015,8,11,19
2015,8,4,12
2015,9,3,12
2015,2,10,12
2015,5,2,7
2015,2,1,3
2015,9,2,11
2015,2,0,2
2015,8,6,14
2015,7,3,10
2015,7,3,10
2015,6,0,6
2015,3,2,5
2015,6,1,7
2015,7,0,7
2015,3,2,5
2015,8,3,11
2015,2,0,2
2015,4,1,5
2015,5,1,6
2015,8,2,10
2015,7,0,7
2015,6,2,8
2015,6,4,10
2015,6,3,9
2015,7,4,11
2015,4,0,4
2015,8,5,13
2015,7,5,12
2015,4,3,7
2015,6,4,10
2015,3,2,5
2015,5,1,6
2015,7,1,8
2015,4,10,14
2015,8,4,12
2015,7,5,12
2015,6,1,7
2015,4,11,15
2015,3,2,5
2015,3,1,4
2015,5,4,9
2015,6,2,8
2015,9,1,10
2015,8,6,14
2015,9,10,19
2015,7,2,9
2015,6,4,10
2015,3,0,3
2015,9,0,9
2015,8,5,13
2015,6,4,10
2015,6,2,8
2015,5,1,6
2015,7,4,11
2015,7,3,10
2015,8,7,15
2015,4,2,6
2015,6,4,10
2015,2,1,3
2015,4,0,4
2015,5,0,5
2015,2,1,3
2015,9,6,15
2015,8,5,13
2015,8,7,15
2015,3,2,5
2015,2,1,3
2015,4,10,14
2015,6,4,10
2015,5,4,9
2015,8,0,8
2015,3,2,5
2015,5,2,7
2015,5,3,8
2015,5,11,16
2015,8,1,9
2015,4,11,15
2015,6,0,6
2015,4,3,7
2015,5,3,8
2015,7,2,9
2015,11,0,11
2015,7,5,12
2015,6,4,10
2015,4,3,7
2015,5,0,5
2015,3,2,5
2015,4,12,16
2015,5,1,6
2015,8,14,22
2015,6,2,8
2015,4,2,6
2015,2,1,3
2015,5,11,16
2015,5,1,6
2015,7,3,10
2015,6,3,9
2015,4,2,6
2015,9,1,10
2015,8,4,12
2015,4,0,4
2015,3,2,5
2015,9,5,14
2015,6,4,10
2015,6,14,20
2015,8,2,10
2015,5,1,6
2015,2,0,2
2015,9,5,14
2015,7,10,17
2015,7,5,12
2015,2,10,12
2015,7,2,9
2015,8,0,8
2015,4,10,14
2015,5,3,8
2015,5,3,8
2015,4,3,7
2015,7,10,17
2015,8,2,10
2015,7,0,7
2015,9,2,11
2015,7,2,9
2015,9,2,11
2015,5,0,5
2015,5,0,5
2015,7,4,11
2015,7,6,13
2015,3,2,5
2015,3,10,13
2015,2,0,2
2015,4,12,16
2015,3,10,13
2015,2,0,2
2015,8,7,15
2015,8,3,11
2015,4,1,5
2015,7,1,8
2015,4,3,7
2015,8,7,15
2015,10,1,11
2015,5,3,8
2015,4,1,5
2015,5,3,8
2015,6,4,10
2015,3,2,5
2015,6,5,11
2015,6,17,23
2015,2,0,2
2015,5,4,9
2015,3,1,4
2015,5,4,9
2015,9,3,12
2015,4,0,4
2015,5,4,9
2015,2,1,3
2015,4,3,7
2015,9,8,17
2015,6,3,9
2015,6,5,11
2015,4,3,7
2015,9,1,10
2015,10,1,11
2015,9,4,13
2015,5,1,6
2015,2,0,2
2015,5,4,9
2015,7,4,11
2015,6,0,6
2015,2,12,14
2015,3,2,5
2015,3,1,4
2015,5,3,8
2015,3,1,4
2015,3,14,17
2015,5,0,5
2015,4,2,6
2015,8,4,12
2015,6,3,9
2015,8,11,19
2015,9,6,15
2015,4,3,7
2015,8,2,10
2015,6,4,10
2015,2,1,3
2015,8,3,11
2015,12,1,13
2015,7,4,11
2015,5,4,9
2015,4,3,7
2015,6,2,8
2015,5,3,8
2015,5,1,6
2015,2,0,2
2015,8,6,14
2015,3,1,4
2015,6,1,7
2015,5,4,9
2015,2,1,3
2015,5,4,9
2015,4,3,7
2015,2,10,12
2015,6,5,11
2015,6,10,16
2015,3,2,5
2015,9,7,16
2015,4,3,7
2015,5,2,7
2015,5,0,5
2015,6,0,6
2015,2,1,3
2015,10,1,11
2015,7,6,13
2015,5,2,7
2015,2,1,3
2015,4,3,7
2015,6,3,9
2015,4,10,14
2015,3,10,13
2015,5,1,6
2015,4,3,7
2015,8,4,12
2015,8,1,9
2015,2,11,13
2015,5,1,6
2015,7,6,13
2015,9,2,11
2015,4,3,7
2015,3,13,16
2015,8,7,15
2015,9,5,14
2015,9,3,12
2015,2,0,2
2015,3,2,5
2015,6,3,9
2015,8,4,12
2015,4,0,4
2015,2,1,3
2015,4,2,6
2015,5,2,7
2015,4,0,4
2015,6,3,9
2015,2,1,3
2015,4,3,7
2015,2,11,13
2015,8,0,8
2015,6,2,8
2015,3,1,4
2015,6,2,8
2015,8,6,14
2015,4,2,6
2015,3,1,4
2015,6,4,10
2015,4,1,5
2015,6,2,8
2015,4,1,5
2015,7,13,20
2015,7,4,11
2015,6,5,11
2015,4,3,7
2015,4,1,5
2015,4,3,7
2015,4,2,6
2015,6,3,9
2015,3,10,13
2015,5,4,9
2015,2,10,12
2015,4,0,4
2015,4,3,7
2015,4,2,6
2015,6,4,10
2015,5,4,9
2015,4,10,14
2015,6,3,9
2015,1,0,1
2015,6,3,9
2015,3,2,5
2015,8,1,9
2015,5,4,9
2015,7,3,10
2015,5,4,9
2015,8,4,12
2015,7,0,7
2015,3,2,5
2015,5,12,17
2015,7,4,11
2015,6,4,10
2015,6,2,8
2015,6,0,6
2015,12,11,23
2015,5,2,7
2015,5,4,9
2015,6,3,9
2015,4,3,7
2015,5,3,8
2015,8,2,10
2015,3,2,5
2015,8,0,8
2015,4,0,4
2015,2,10,12
2015,8,6,14
2015,6,2,8
2015,9,7,16
2015,9,5,14
2015,6,2,8
2015,2,1,3
2015,14,10,24
2015,3,0,3
2015,5,1,6
2015,8,10,18
2015,2,1,3
2015,3,2,5
2015,2,0,2
2015,4,0,4
2015,8,1,9
2015,5,12,17
2015,7,1,8
2015,4,2,6
2015,3,0,3
2015,9,5,14
2015,6,1,7
2015,5,4,9
2015,4,2,6
2015,8,4,12
2015,5,4,9
2015,5,12,17
2015,5,4,9
2015,4,3,7
2015,1,0,1
2015,4,2,6
2015,5,1,6
2015,3,0,3
2015,3,2,5
2015,3,2,5
2015,7,4,11
2015,5,1,6
2015,8,1,9
2015,4,3,7
2015,2,1,3
2015,4,2,6
2015,4,1,5
2015,4,10,14
2015,4,3,7
2015,4,3,7
2015,6,4,10
2015,8,0,8
2015,4,2,6
2015,7,6,13
2015,8,7,15
2015,3,1,4
2015,2,0,2
2015,2,15,17
2015,8,1,9
2015,5,3,8
2015,3,10,13
2015,7,1,8
2015,2,10,12
2015,9,5,14
2015,7,5,12
2015,8,2,10
2015,11,1,12
2015,5,0,5
2015,7,6,13
2015,5,0,5
2015,6,4,10
2015,6,2,8
2015,8,6,14
2015,3,0,3
2015,6,4,10
2015,6,4,10
2015,5,3,8
2015,4,2,6
2015,4,1,5
2015,3,0,3
2015,3,1,4
2015,3,2,5
2015,4,1,5
2015,5,3,8
2015,5,21,26
2015,4,0,4
2015,2,1,3
2015,8,2,10
2015,6,2,8
2015,6,1,7
2015,3,1,4
2015,6,4,10
2015,4,2,6
2015,9,3,12
2015,8,4,12
2015,2,1,3
2015,6,2,8
2015,9,2,11
2015,4,3,7
2015,4,3,7
2015,2,0,2
2015,2,1,3
2015,1,0,1
2015,5,1,6
2015,3,1,4
2015,2,0,2
2015,7,6,13
2015,5,2,7
2015,3,1,4
2015,7,5,12
2015,3,2,5
2015,4,3,7
2015,11,10,21
2015,5,3,8
2015,6,0,6
2015,2,0,2
2015,9,4,13
2015,6,0,6
2015,3,1,4
2015,6,3,9
2015,3,1,4
2015,6,1,7
2015,1,0,1
2015,7,2,9
2015,4,0,4
2015,3,2,5
2015,7,3,10
2015,3,12,15
2015,9,2,11
2015,3,0,3
2015,4,0,4
2015,5,2,7
2015,5,3,8
2015,5,4,9
2015,3,1,4
2015,4,0,4
2015,6,4,10
2015,5,2,7
2015,6,3,9
2015,4,2,6
2015,5,1,6
2015,8,6,14
2015,9,6,15
2015,7,13,20
2015,8,4,12
2015,6,4,10
2015,3,1,4
2015,7,2,9
2015,6,3,9
2015,3,2,5
2015,5,0,5
2015,6,3,9
2015,4,2,6
2015,4,1,5
2015,8,11,19
2015,5,2,7
2015,2,14,16
2015,8,3,11
2015,7,1,8
2015,4,3,7
2015,5,4,9
2015,7,1,8
2015,9,3,12
2015,5,3,8
2015,7,2,9
2016,4,3,7
2016,4,1,5
2016,5,3,8
2016,9,0,9
2016,5,10,15
2016,4,3,7
2016,3,2,5
2016,6,2,8
2016,3,12,15
2016,4,3,7
2016,15,0,15
2016,5,3,8
2016,3,2,5
2016,6,1,7
2016,6,11,17
2016,6,2,8
2016,2,0,2
2016,8,7,15
2016,2,1,3
2016,5,3,8
2016,5,4,9
2016,6,5,11
2016,3,0,3
2016,3,2,5
2016,2,10,12
2016,4,3,7
2016,3,1,4
2016,4,2,6
2016,3,2,5
2016,7,6,13
2016,7,3,10
2016,4,3,7
2016,6,16,22
2016,2,1,3
2016,5,1,6
2016,7,0,7
2016,5,3,8
2016,9,5,14
2016,4,3,7
2016,6,14,20
2016,4,2,6
2016,6,10,16
2016,8,5,13
2016,6,1,7
2016,6,12,18
2016,6,4,10
2016,7,3,10
2016,3,2,5
2016,7,4,11
2016,6,1,7
2016,7,1,8
2016,6,5,11
2016,6,13,19
2016,4,0,4
2016,4,3,7
2016,6,4,10
2016,7,2,9
2016,3,2,5
2016,3,2,5
2016,8,7,15
2016,4,1,5
2016,4,2,6
2016,2,12,14
2016,7,3,10
2016,5,1,6
2016,3,16,19
2016,8,4,12
2016,7,0,7
2016,6,4,10
2016,1,0,1
2016,6,1,7
2016,3,2,5
2016,8,4,12
2016,3,1,4
2016,7,3,10
2016,7,12,19
2016,5,3,8
2016,2,1,3
2016,6,3,9
2016,4,3,7
2016,3,2,5
2016,5,2,7
2016,2,1,3
2016,9,6,15
2016,3,0,3
2016,4,2,6
2016,9,7,16
2016,5,3,8
2016,7,4,11
2016,8,2,10
2016,4,1,5
2016,3,10,13
2016,4,1,5
2016,4,3,7
2016,7,3,10
2016,10,1,11
2016,6,4,10
2016,9,5,14
2016,7,2,9
2016,8,2,10
2016,3,2,5
2016,4,2,6
2016,2,1,3
2016,5,4,9
2016,3,0,3
2016,8,0,8
2016,5,1,6
2016,3,2,5
2016,2,1,3
2016,4,2,6
2016,9,2,11
2016,6,10,16
2016,4,2,6
2016,3,1,4
2016,3,0,3
2016,2,1,3
2016,5,1,6
2016,2,1,3
2016,7,3,10
2016,4,2,6
2016,6,4,10
2016,4,1,5
2016,7,2,9
2016,3,0,3
2016,8,1,9
2016,6,11,17
2016,6,2,8
2016,5,2,7
2016,3,1,4
2016,3,0,3
2016,7,4,11
2016,7,0,7
2016,6,0,6
2016,6,3,9
2016,4,2,6
2016,6,2,8
2016,5,3,8
2016,6,1,7
2016,6,5,11
2016,1,0,1
2016,7,3,10
2016,6,3,9
2016,5,4,9
2016,7,1,8
2016,4,2,6
2016,9,1,10
2016,8,4,12
2016,3,2,5
2016,3,14,17
2016,1,0,1
2016,5,11,16
2016,4,2,6
2016,6,2,8
2016,7,5,12
2016,5,3,8
2016,4,3,7
2016,6,4,10
2016,6,4,10
2016,3,2,5
2016,5,3,8
2016,8,1,9
2016,5,0,5
2016,5,3,8
2016,9,8,17
2016,7,2,9
2016,8,4,12
2016,5,3,8
2016,2,0,2
2016,6,0,6
2016,5,4,9
2016,3,1,4
2016,6,5,11
2016,3,2,5
2016,4,3,7
2016,3,2,5
2016,3,2,5
2016,9,3,12
2016,7,3,10
2016,4,3,7
2016,3,2,5
2016,4,3,7
2016,7,0,7
2016,5,1,6
2016,6,1,7
2016,7,4,11
2016,5,2,7
2016,9,7,16
2016,5,0,5
2016,8,1,9
2016,4,3,7
2016,3,0,3
2016,5,0,5
2016,4,3,7
2016,3,2,5
2016,8,6,14
2016,7,0,7
2016,6,5,11
2016,3,2,5
2016,11,1,12
2016,5,4,9
2016,3,0,3
2016,2,1,3
2016,7,5,12
2016,5,3,8
2016,4,3,7
2016,7,3,10
2016,2,1,3
2016,6,5,11
2016,2,1,3
2016,3,2,5
2016,3,1,4
2016,5,10,15
2016,5,2,7
2016,5,4,9
2016,8,2,10
2016,2,1,3
2016,5,3,8
2016,2,1,3
2016,2,1,3
2016,3,2,5
2016,8,12,20
2016,3,2,5
2016,16,0,16
2016,7,10,17
2016,4,0,4
2016,5,1,6
2016,8,1,9
2016,7,3,10
2016,11,1,12
2016,6,2,8
2016,7,4,11
2016,5,2,7
2016,8,7,15
2016,6,3,9
2016,5,0,5
2016,8,1,9
2016,7,5,12
2016,2,1,3
2016,6,2,8
2016,4,2,6
2016,5,2,7
2016,6,3,9
2016,4,1,5
2016,8,1,9
2016,8,5,13
2016,8,4,12
2016,4,2,6
2016,7,1,8
2016,8,2,10
2016,4,3,7
2016,5,13,18
2016,4,1,5
2016,10,1,11
2016,8,3,11
2016,8,3,11
2016,6,10,16
2016,3,2,5
2016,2,11,13
2016,7,2,9
2016,9,3,12
2016,2,0,2
2016,9,4,13
2016,12,10,22
2016,3,2,5
2016,4,1,5
2016,9,0,9
2016,12,10,22
2016,6,3,9
2016,7,5,12
2016,6,1,7
2016,8,5,13
2016,8,1,9
2016,8,5,13
2016,5,4,9
2016,6,3,9
2016,6,5,11
2016,6,1,7
2016,7,12,19
2016,1,0,1
2016,6,1,7
2016,7,3,10
2016,3,2,5
2016,4,3,7
2016,5,3,8
2016,3,2,5
2016,5,4,9
2016,2,0,2
2016,3,1,4
2016,7,5,12
2016,9,4,13
2016,8,2,10
2016,4,11,15
2016,4,3,7
2016,9,4,13
2016,5,1,6
2016,6,3,9
2016,6,5,11
2016,4,3,7
2016,11,1,12
2016,1,0,1
2016,3,1,4
2016,10,1,11
2016,10,1,11
2016,4,3,7
2016,4,2,6
2016,4,11,15
2016,9,4,13
2016,9,8,17
2016,9,4,13
2016,2,0,2
2016,6,5,11
2016,5,2,7
2016,7,4,11
2016,9,13,22
2016,3,1,4
2016,3,2,5
2016,4,0,4
2016,3,0,3
2016,3,0,3
2016,2,10,12
2016,5,3,8
2016,7,2,9
2016,7,3,10
2016,5,3,8
2016,3,0,3
2016,9,0,9
2016,6,3,9
2016,4,2,6
2016,6,1,7
2016,5,1,6
2016,6,3,9
2016,9,2,11
2016,13,1,14
2016,7,4,11
2016,4,3,7
2016,4,1,5
2016,1,0,1
2016,5,4,9
2016,6,1,7
2016,4,2,6
2016,5,2,7
2016,8,7,15
2016,8,0,8
2016,5,2,7
2016,7,5,12
2016,4,1,5
2016,6,5,11
2016,2,0,2
2016,4,3,7
2016,5,1,6
2016,6,0,6
2016,6,1,7
2016,4,3,7
2016,7,2,9
2016,6,3,9
2016,7,1,8
2016,8,7,15
2016,4,3,7
2016,1,0,1
2016,5,14,19
2016,6,5,11
2016,6,1,7
2016,2,1,3
2016,2,1,3
2016,6,5,11
2016,4,1,5
2016,6,1,7
2016,5,1,6
2016,9,6,15
2016,9,6,15
2016,6,2,8
2016,2,0,2
2016,8,5,13
2016,4,1,5
2016,4,3,7
2016,7,2,9
2016,2,1,3
2016,3,10,13
2016,2,1,3
2016,4,1,5
2016,4,1,5
2016,3,1,4
2016,7,3,10
2016,6,4,10
2016,7,6,13
2016,7,4,11
2016,5,4,9
2016,3,0,3
2016,8,2,10
2016,7,1,8
2016,6,3,9
2016,1,0,1
2016,5,10,15
2016,3,1,4
2016,7,0,7
2016,5,2,7
2016,7,4,11
2016,4,0,4
2016,4,16,20
2016,2,13,15
2016,4,3,7
2016,7,3,10
2016,8,0,8
2016,9,8,17
2016,6,2,8
2016,2,0,2
2016,5,4,9
2016,8,5,13
2016,4,3,7
2016,1,0,1
2016,7,3,10
2016,5,2,7
2016,9,5,14
2016,9,4,13
2016,6,3,9
2016,4,0,4
2016,5,3,8
2016,7,17,24
2016,4,0,4
2016,2,12,14
2016,5,2,7
2016,7,2,9
2016,4,10,14
2016,8,6,14
2016,5,1,6
2016,7,1,8
2016,5,1,6
2016,6,3,9
2016,6,4,10
2016,3,2,5
2016,2,0,2
2016,6,4,10
2016,4,2,6
2016,5,2,7
2016,4,2,6
2016,4,2,6
2016,8,4,12
2016,5,2,7
2016,7,2,9
2016,8,5,13
2016,7,13,20
2016,7,0,7
2016,5,10,15
2016,3,2,5
2016,4,3,7
2016,8,2,10
2016,6,3,9
2016,2,1,3
2016,6,4,10
2016,6,2,8
2016,3,1,4
2016,5,3,8
2016,3,11,14
2016,3,1,4
2016,4,3,7
2016,5,4,9
2016,5,4,9
2016,8,3,11
2016,5,1,6
2016,6,5,11
2016,5,1,6
2016,4,3,7
2016,2,0,2
2016,5,10,15
2016,4,2,6
2016,7,14,21
2016,3,2,5
2016,5,10,15
2016,7,1,8
2016,4,2,6
2016,4,1,5
2016,6,3,9
2016,5,2,7
2016,3,1,4
2016,8,4,12
2016,5,4,9
2016,8,1,9
2016,3,2,5
2016,5,13,18
2016,8,7,15
2016,5,1,6
2016,4,0,4
2016,3,2,5
2016,2,10,12
2016,5,3,8
2016,7,10,17
2016,6,4,10
2016,4,0,4
2016,13,11,24
2016,5,4,9
2016,5,2,7
2016,5,1,6
2016,3,13,16
2016,7,4,11
2016,1,0,1
2016,5,4,9
2016,8,7,15
2016,5,3,8
2016,4,3,7
2016,3,2,5
2016,9,2,11
2016,7,3,10
2016,6,5,11
2016,5,4,9
2016,6,5,11
2016,3,2,5
2016,12,10,22
2016,4,2,6
2016,7,4,11
2016,7,5,12
2016,11,1,12
2016,5,0,5
2016,3,0,3
2016,7,3,10
2016,3,1,4
2016,1,0,1
2016,7,6,13
2016,9,4,13
2016,7,6,13
2016,5,2,7
2016,5,1,6
2016,8,4,12
2016,1,0,1
2016,7,1,8
2016,3,2,5
2016,7,6,13
2016,6,3,9
2016,5,0,5
2016,5,3,8
2016,5,3,8
2016,9,3,12
2016,6,5,11
2016,8,2,10
2016,6,3,9
2016,7,4,11
2016,5,0,5
2016,5,3,8
2016,8,7,15
2016,2,1,3
2016,4,3,7
2016,9,7,16
2016,6,0,6
2016,6,5,11
2016,6,4,10
2016,7,1,8
2016,2,1,3
2016,6,5,11
2016,9,10,19
2016,2,1,3
2016,5,1,6
2016,4,3,7
2016,4,2,6
2016,5,2,7
2016,3,2,5
2016,7,5,12
2016,9,4,13
2016,3,0,3
2016,7,6,13
2016,7,6,13
2016,5,1,6
2016,2,12,14
2016,6,15,21
2016,8,10,18
2016,7,6,13
2016,3,1,4
2016,5,3,8
2016,8,5,13
2016,2,13,15
2016,5,3,8
2016,10,0,10
2016,6,5,11
2016,13,1,14
2016,7,2,9
2016,8,4,12
2016,5,1,6
2016,4,2,6
2016,2,0,2
2016,8,5,13
2016,3,1,4
2016,9,12,21
2016,5,1,6
2016,3,1,4
2016,2,12,14
2016,8,1,9
2016,4,2,6
2016,5,2,7
2016,5,3,8
2016,8,7,15
2016,6,3,9
2016,3,2,5
2016,5,2,7
2016,2,1,3
2016,7,1,8
2016,8,1,9
2016,4,2,6
2016,3,1,4
2016,2,1,3
2016,2,0,2
2016,6,3,9
2016,7,4,11
2016,7,2,9
2016,2,1,3
2016,7,2,9
2016,5,3,8
2016,3,2,5
2016,9,1,10
2016,4,1,5
2016,8,2,10
2016,3,1,4
2016,7,13,20
2016,9,4,13
2016,4,2,6
2016,4,1,5
2016,8,3,11
2016,7,5,12
2016,2,1,3
2016,4,1,5
2016,9,3,12
2016,3,2,5
2016,8,3,11
2016,7,1,8
2016,2,1,3
2016,7,6,13
2016,8,1,9
2016,7,11,18
2016,3,1,4
2016,9,1,10
2016,2,1,3
2016,4,0,4
2016,5,4,9
2016,2,1,3
2016,3,2,5
2016,5,3,8
2016,5,4,9
2016,5,1,6
2016,2,0,2
2016,5,1,6
2016,3,2,5
2016,5,3,8
2016,6,2,8
2016,2,10,12
2016,5,2,7
2016,3,2,5
2016,5,4,9
2016,9,4,13
2016,9,2,11
2016,8,2,10
2016,3,1,4
2016,3,1,4
2016,5,4,9
2016,5,0,5
2016,9,5,14
2016,1,0,1
2016,7,2,9
2016,7,6,13
2016,5,1,6
2016,5,4,9
2016,1,0,1
2016,7,6,13
2016,4,10,14
2016,6,3,9
2016,5,0,5
2016,1,0,1
2016,4,3,7
2016,2,0,2
2016,7,1,8
2016,2,1,3
2016,8,3,11
2016,6,2,8
2016,3,1,4
2016,3,2,5
2016,8,2,10
2016,4,3,7
2016,7,4,11
2016,6,0,6
2016,12,1,13
2016,6,5,11
2016,8,2,10
2016,3,12,15
2016,4,1,5
2016,7,4,11
2016,3,2,5
2016,3,10,13
2016,4,3,7
2016,8,5,13
2016,4,3,7
2016,3,1,4
2016,7,5,12
2016,8,4,12
2016,5,4,9
2016,3,13,16
2016,4,3,7
2016,9,8,17
2016,4,3,7
2016,9,15,24
2016,2,0,2
2016,6,2,8
2016,8,2,10
2016,4,2,6
2016,3,1,4
2016,8,3,11
2016,9,1,10
2016,2,1,3
2016,7,2,9
2016,3,10,13
2016,4,2,6
2016,6,2,8
2016,6,4,10
2016,5,2,7
2016,7,5,12
2016,9,5,14
2016,6,5,11
2016,4,1,5
2016,7,2,9
2016,4,1,5
2016,9,1,10
2016,7,5,12
2016,6,2,8
2016,4,2,6
2016,8,7,15
2016,7,2,9
2016,4,1,5
2016,4,11,15
2016,5,10,15
2016,8,7,15
2016,7,6,13
2016,9,1,10
2016,3,12,15
2016,6,5,11
2016,9,5,14
2016,5,2,7
2016,9,10,19
2016,9,4,13
2016,8,6,14
2016,6,3,9
2016,7,3,10
2016,7,2,9
2016,6,4,10
2016,8,3,11
2016,5,4,9
2016,5,4,9
2016,4,2,6
2016,4,2,6
2016,5,4,9
2016,2,1,3
2016,6,2,8
2016,5,3,8
2016,2,10,12
2016,5,1,6
2016,8,3,11
2016,5,3,8
2016,7,2,9
2016,2,0,2
2016,9,2,11
2016,8,11,19
2016,6,2,8
2016,10,0,10
2016,6,0,6
2016,1,0,1
2016,3,2,5
2016,4,3,7
2016,9,3,12
2016,4,2,6
2016,9,11,20
2016,8,5,13
2016,4,0,4
2016,6,2,8
2016,5,0,5
2016,7,3,10
2016,4,17,21
2016,5,10,15
2016,3,1,4
2016,3,10,13
2016,6,4,10
2016,7,4,11
2016,5,1,6
2016,4,16,20
2016,4,1,5
2016,3,0,3
2016,5,4,9
2016,9,13,22
2016,2,1,3
2016,5,4,9
2016,7,2,9
2016,5,4,9
2016,6,3,9
2016,3,2,5
2016,3,1,4
2016,2,1,3
2016,5,1,6
2016,7,2,9
2016,6,14,20
2016,7,0,7
2016,6,0,6
2016,7,12,19
2016,7,2,9
2016,5,4,9
2016,4,11,15
2016,5,4,9
2016,3,0,3
2016,4,3,7
2016,6,4,10
2016,4,1,5
2016,16,13,29
2016,6,5,11
2016,5,2,7
2016,6,0,6
2016,7,2,9
2016,6,1,7
2016,3,10,13
2016,2,12,14
2016,4,2,6
2016,6,2,8
2016,4,2,6
2016,6,3,9
2016,9,2,11
2016,4,0,4
2016,5,1,6
2016,7,3,10
2016,8,6,14
2016,6,4,10
2016,5,3,8
2016,6,3,9
2016,7,1,8
2016,7,4,11
2016,6,5,11
2016,4,0,4
2016,6,4,10
2016,7,4,11
2016,6,3,9
2016,8,7,15
2016,4,3,7
2016,7,4,11
2016,4,10,14
2016,3,1,4
2016,5,4,9
2016,3,2,5
2016,9,10,19
2016,7,0,7
2016,5,2,7
2016,5,2,7
2016,6,12,18
2016,1,0,1
2016,7,5,12
2016,8,1,9
2016,5,4,9
2016,3,10,13
2016,6,3,9
2016,3,2,5
2016,6,4,10
2016,4,1,5
2016,11,0,11
2016,6,1,7
2016,5,2,7
2016,6,4,10
2016,7,2,9
2016,3,1,4
2016,6,5,11
2016,5,0,5
2016,9,1,10
2016,5,10,15
2016,7,6,13
2016,3,2,5
2016,4,3,7
2016,5,4,9
2016,6,4,10
2016,6,3,9
2016,3,2,5
2016,3,1,4
2016,3,1,4
2016,4,3,7
2016,7,1,8
2016,5,3,8
2016,4,3,7
2016,6,3,9
2016,4,0,4
2016,4,11,15
2016,7,12,19
2016,7,2,9
2016,1,0,1
2016,4,0,4
2016,7,5,12
2016,6,12,18
2016,8,1,9
2016,6,5,11
2016,4,2,6
2016,5,0,5
2016,2,1,3
2016,3,1,4
2016,3,1,4
2016,3,2,5
2016,5,11,16
2016,5,2,7
2016,3,10,13
2016,6,3,9
2016,5,3,8
2016,5,3,8
2016,6,5,11
2016,6,2,8
2016,8,6,14
2016,5,1,6
2016,7,5,12
2016,2,1,3
2016,7,5,12
2016,2,1,3
2016,8,1,9
2016,4,0,4
2016,9,3,12
2016,7,5,12
2016,3,2,5
2016,4,3,7
2016,4,3,7
2016,9,6,15
2016,4,3,7
2016,5,3,8
2016,8,2,10
2016,4,1,5
2016,2,1,3
2016,5,3,8
2016,7,4,11
2016,4,15,19
2016,6,1,7
2016,5,1,6
2016,2,1,3
2016,5,4,9
2016,4,3,7
2016,6,11,17
2016,8,0,8
2016,8,3,11
2016,6,0,6
2016,2,13,15
2016,3,1,4
2016,6,1,7
2016,2,1,3
2016,5,3,8
2016,7,4,11
2016,4,1,5
2016,8,3,11
2016,6,4,10
2016,2,1,3
2016,5,0,5
2016,9,10,19
2016,5,4,9
2016,9,4,13
2016,3,2,5
2016,9,8,17
2016,9,10,19
2016,2,1,3
2016,5,14,19
2016,4,13,17
2016,5,11,16
2016,7,0,7
2016,4,1,5
2016,5,4,9
2016,7,4,11
2016,3,1,4
2016,3,2,5
2016,8,11,19
2016,13,10,23
2016,3,2,5
2016,4,0,4
2016,6,10,16
2016,5,2,7
2016,3,2,5
2016,5,2,7
2016,8,7,15
2016,3,11,14
2016,4,3,7
2016,2,10,12
2016,3,2,5
2016,9,8,17
2016,6,4,10
2016,5,3,8
2016,6,3,9
2016,9,4,13
2016,2,11,13
2016,7,5,12
2016,7,2,9
2016,6,3,9
2016,10,1,11
2016,4,1,5
2016,3,2,5
2016,5,4,9
2016,7,2,9
2016,5,1,6
2016,4,10,14
2016,8,6,14
2016,4,1,5
2016,6,4,10
2016,5,1,6
2016,2,13,15
2016,8,5,13
2016,6,4,10
2016,3,13,16
2016,8,4,12
2016,6,0,6
2016,3,2,5
2016,4,2,6
2016,3,10,13
2016,3,2,5
2016,5,1,6
2016,8,2,10
2016,5,1,6
2016,3,2,5
2016,2,10,12
2016,7,5,12
2016,1,0,1
2016,5,1,6
2016,4,2,6
2016,6,2,8
2016,4,3,7
2016,2,13,15
2016,5,4,9
2016,5,16,21
2016,6,10,16
2016,9,6,15
2016,7,6,13
2016,4,3,7
2016,7,1,8
2016,4,1,5
2016,7,3,10
2016,4,3,7
2016,6,4,10
2016,6,11,17
2016,2,1,3
2016,5,10,15
2016,3,2,5
2016,6,0,6
2016,2,1,3
2016,2,1,3
2016,3,0,3
2016,7,4,11
2016,6,0,6
2016,2,0,2
2016,5,1,6
2016,6,3,9
2016,5,4,9
2016,5,1,6
2016,3,1,4
2016,3,2,5
2016,7,4,11
2016,8,7,15
2016,7,10,17
2016,4,1,5
2016,5,3,8
2016,3,1,4
2016,1,0,1
2016,4,3,7
2016,7,10,17
2016,3,1,4
2016,4,3,7
2016,6,0,6
2016,4,2,6
2016,3,2,5
2016,3,2,5
2016,3,2,5
2016,14,10,24
2016,8,4,12
2016,2,1,3
2016,5,3,8
2016,4,15,19
2016,8,2,10
2016,4,2,6
2016,7,2,9
2016,8,6,14
2016,7,2,9
2016,6,1,7
2016,5,1,6
2016,3,2,5
2016,4,3,7
2016,3,0,3
2016,6,5,11
2016,9,8,17
2016,4,3,7
2016,4,2,6
2016,7,6,13
2016,6,4,10
2016,5,2,7
2016,5,4,9
2016,4,3,7
2016,8,7,15
2016,7,4,11
2016,7,6,13
2016,5,4,9
2016,4,2,6
2016,7,3,10
2016,5,3,8
2016,7,4,11
2016,8,6,14
2016,6,3,9
2016,3,2,5
2016,4,13,17
2016,9,10,19
2016,7,5,12
2016,4,13,17
2016,5,4,9
2016,5,3,8
2016,5,3,8
2016,8,6,14
2016,4,3,7
2016,5,4,9
2016,8,7,15
2016,7,3,10
2016,1,0,1
2016,5,0,5
2016,8,6,14
2016,8,10,18
2016,3,0,3
2016,6,11,17
2016,6,0,6
2016,5,13,18
2016,9,6,15
2016,6,5,11
2016,2,1,3
2016,6,1,7
2016,5,4,9
2016,3,2,5
2016,3,10,13
2016,7,6,13
2016,5,2,7
2016,5,12,17
2016,5,2,7
2016,3,0,3
2016,9,7,16
2016,9,3,12
2016,6,1,7
2016,6,1,7
2016,3,2,5
2016,7,1,8
2016,4,3,7
2016,6,11,17
2016,8,7,15
2016,6,2,8
2016,4,2,6
2016,8,0,8
2016,8,3,11
2016,8,11,19
2016,9,5,14
2016,6,2,8
2016,9,6,15
2016,5,4,9
2016,8,3,11
2016,7,13,20
2016,4,11,15
2016,7,1,8
2016,4,3,7
2016,5,3,8
2016,4,0,4
2016,7,2,9
2016,9,14,23
2016,7,5,12
2016,8,4,12
2016,6,5,11
2016,7,1,8
2016,7,11,18
2016,5,2,7
2016,13,11,24
2016,8,2,10
2016,5,0,5
2016,4,10,14
2016,9,8,17
2016,3,0,3
2016,9,6,15
2016,9,2,11
2016,5,3,8
2016,3,10,13
2016,7,0,7
2016,9,7,16
2016,7,1,8
2016,6,12,18
2016,8,1,9
2016,3,2,5
2016,4,0,4
2016,4,2,6
2016,8,5,13
2016,6,5,11
2016,8,1,9
2016,2,1,3
2016,4,3,7
2016,6,12,18
2016,5,3,8
2016,4,2,6
2016,7,10,17
2016,4,1,5
2016,4,13,17
2016,6,4,10
2016,7,5,12
2016,5,4,9
2016,5,0,5
2016,5,0,5
2016,3,2,5
2016,2,10,12
2016,7,3,10
2016,4,3,7
2016,7,6,13
2016,5,2,7
2016,7,1,8
2016,2,10,12
2016,2,1,3
2016,3,2,5
2016,6,5,11
2016,9,1,10
2016,21,2,23
2016,7,6,13
2016,6,1,7
2016,5,17,22
2016,4,3,7
2016,4,2,6
2016,6,2,8
2016,2,1,3
2016,6,12,18
2016,3,0,3
2016,3,2,5
2016,9,6,15
2016,9,4,13
2016,5,4,9
2016,5,2,7
2016,5,10,15
2016,4,1,5
2016,4,1,5
2016,5,4,9
2016,3,14,17
2016,6,3,9
2016,7,2,9
2016,6,3,9
2016,9,4,13
2016,9,8,17
2016,5,1,6
2016,17,1,18
2016,12,1,13
2016,8,4,12
2016,5,12,17
2016,8,2,10
2016,4,10,14
2016,5,3,8
2016,2,1,3
2016,7,5,12
2016,3,1,4
2016,8,6,14
2016,8,2,10
2016,3,1,4
2016,4,2,6
2016,4,2,6
2016,6,2,8
2016,1,0,1
2016,7,5,12
2016,7,2,9
2016,9,0,9
2016,9,5,14
2016,12,1,13
2016,5,2,7
2016,4,1,5
2016,4,11,15
2016,5,2,7
2016,5,1,6
2016,7,3,10
2016,5,2,7
2016,5,13,18
2016,8,3,11
2016,5,2,7
2016,6,13,19
2016,6,11,17
2016,5,0,5
2016,5,3,8
2016,2,12,14
2016,9,8,17
2016,6,4,10
2016,4,0,4
2016,4,2,6
2016,4,3,7
2016,5,1,6
2016,7,5,12
2016,7,2,9
2016,4,2,6
2016,7,4,11
2016,4,3,7
2016,5,4,9
2016,2,11,13
2016,3,1,4
2016,4,3,7
2016,6,0,6
2016,9,7,16
2016,5,1,6
2016,5,1,6
2016,10,1,11
2016,5,4,9
2016,9,5,14
2016,6,5,11
2016,8,11,19
2016,2,10,12
2016,5,3,8
2016,9,10,19
2016,3,2,5
2016,6,10,16
2016,3,1,4
2016,4,3,7
2016,3,1,4
2016,8,4,12
2016,6,2,8
2016,6,5,11
2016,6,0,6
2016,3,2,5
2016,4,1,5
2016,5,4,9
2016,7,6,13
2016,8,3,11
2016,3,2,5
2016,5,3,8
2016,4,3,7
2016,4,2,6
2016,8,1,9
2016,6,1,7
2016,6,12,18
2016,4,2,6
2016,8,6,14
2016,3,2,5
2016,4,2,6
2016,4,0,4
2016,2,0,2
2016,7,11,18
2016,3,10,13
2016,2,1,3
2016,8,5,13
2016,3,1,4
2016,7,3,10
2016,5,1,6
2016,3,2,5
2016,6,5,11
2016,4,0,4
2016,5,15,20
2016,6,1,7
2016,7,0,7
2016,7,13,20
2016,2,11,13
2016,6,0,6
2016,5,4,9
2016,4,2,6
2016,5,2,7
2016,5,3,8
2016,8,7,15
2016,5,3,8
2016,4,1,5
2016,7,3,10
2016,7,6,13
2016,4,3,7
2016,5,1,6
2016,1,0,1
2016,2,1,3
2016,4,3,7
2016,3,1,4
2016,9,1,10
2016,8,4,12
2016,5,4,9
2016,5,2,7
2016,5,4,9
2016,4,2,6
2016,7,6,13
2016,1,0,1
2016,5,0,5
2016,2,1,3
2016,6,0,6
2016,8,1,9
2016,6,5,11
2016,1,0,1
2016,4,1,5
2016,1,0,1
2016,4,2,6
2016,6,1,7
2016,3,1,4
2016,5,3,8
2016,5,0,5
2016,5,3,8
2016,8,1,9
2016,6,3,9
2016,5,2,7
2016,2,1,3
2016,9,5,14
2016,5,1,6
2016,8,2,10
2016,7,4,11
2016,1,0,1
2016,7,3,10
2016,2,1,3
2016,7,4,11
2016,3,2,5
2016,4,3,7
2016,2,10,12
2016,8,6,14
2016,5,1,6
2016,4,0,4
2016,2,1,3
2016,5,4,9
2016,10,1,11
2016,6,2,8
2016,7,3,10
2016,7,1,8
2016,4,3,7
2016,2,1,3
2016,3,2,5
2016,6,1,7
2016,8,4,12
2016,7,4,11
2016,4,10,14
2016,7,11,18
2016,6,2,8
2016,6,3,9
2016,3,11,14
2016,4,1,5
2016,4,11,15
2016,5,0,5
2016,7,0,7
2016,4,1,5
2016,9,5,14
2016,6,5,11
2016,4,2,6
2016,3,2,5
2016,8,1,9
2016,2,13,15
2016,2,1,3
2016,7,3,10
2016,4,1,5
2016,7,3,10
2016,9,3,12
2016,5,3,8
2016,6,5,11
2016,6,3,9
2016,5,1,6
2016,2,1,3
2016,7,5,12
2016,6,2,8
2016,4,3,7
2016,2,1,3
2016,3,1,4
2016,5,3,8
2016,5,2,7
2016,3,2,5
2016,1,0,1
2016,4,0,4
2016,4,3,7
2016,2,1,3
2016,5,3,8
2016,5,2,7
2016,9,11,20
2016,4,3,7
2016,6,1,7
2016,8,4,12
2016,7,2,9
2016,7,4,11
2016,7,2,9
2016,6,1,7
2016,2,1,3
2016,4,3,7
2016,7,4,11
2016,7,2,9
2016,5,14,19
2016,3,2,5
2016,5,3,8
2016,8,7,15
2016,5,4,9
2016,9,8,17
2016,7,2,9
2016,3,13,16
2016,2,1,3
2016,3,0,3
2016,6,5,11
2016,5,2,7
2016,3,2,5
2016,5,4,9
2016,9,6,15
2016,2,0,2
2016,6,10,16
2016,3,2,5
2016,4,2,6
2016,5,4,9
2016,2,1,3
2016,6,2,8
2016,4,0,4
2016,7,2,9
2016,7,5,12
2016,7,6,13
2016,4,2,6
2016,6,3,9
2016,9,8,17
2016,3,0,3
2016,7,6,13
2016,6,3,9
2016,13,0,13
2016,3,2,5
2016,5,0,5
2016,9,4,13
2016,2,0,2
2016,3,2,5
2016,3,1,4
2016,7,4,11
2016,9,7,16
2016,6,3,9
2016,7,6,13
2016,3,1,4
2016,4,3,7
2016,8,1,9
2016,4,1,5
2016,4,1,5
2016,7,5,12
2016,3,1,4
2016,11,1,12
2016,8,1,9
2016,9,7,16
2016,5,4,9
2016,10,1,11
2016,2,1,3
2016,6,4,10
2016,8,4,12
2016,2,1,3
2016,7,5,12
2016,3,1,4
2016,5,4,9
2016,6,4,10
2016,6,2,8
2016,2,1,3
2016,4,2,6
2016,3,2,5
2016,6,2,8
2016,2,1,3
2016,12,1,13
2016,5,3,8
2016,6,14,20
2016,9,7,16
2016,6,11,17
2016,3,1,4
2016,2,1,3
2016,6,1,7
2016,6,0,6
2016,4,1,5
2016,5,1,6
2016,8,3,11
2016,6,5,11
2016,5,2,7
2016,9,5,14
2016,4,1,5
2016,6,3,9
2016,3,2,5
2016,4,2,6
2016,11,0,11
2016,5,3,8
2016,6,5,11
2016,7,2,9
2016,2,1,3
2016,5,3,8
2016,6,3,9
2016,2,1,3
2016,9,1,10
2016,5,3,8
2016,2,1,3
2016,7,6,13
2016,8,0,8
2016,11,0,11
2016,3,14,17
2016,5,4,9
2016,4,2,6
2016,6,4,10
2016,6,4,10
2016,3,2,5
2016,3,1,4
2016,5,3,8
2016,5,3,8
2016,6,2,8
2016,14,1,15
2016,5,0,5
2016,5,12,17
2016,2,1,3
2016,6,5,11
2016,7,3,10
2016,2,1,3
2016,3,0,3
2016,5,4,9
2016,4,10,14
2016,5,3,8
2016,5,1,6
2016,3,2,5
2016,7,5,12
2016,6,10,16
2016,7,3,10
2016,5,11,16
2016,2,1,3
2016,7,1,8
2016,8,13,21
2016,3,2,5
2016,5,4,9
2016,3,2,5
2016,8,6,14
2016,8,3,11
2016,8,4,12
2016,3,2,5
2016,5,4,9
2016,5,4,9
2016,5,13,18
2016,2,12,14
2016,2,1,3
2016,3,1,4
2016,9,5,14
2016,5,4,9
2016,3,12,15
2016,3,1,4
2016,12,0,12
2016,8,6,14
2016,5,2,7
2016,5,3,8
2016,7,0,7
2016,9,2,11
2016,4,2,6
2016,6,3,9
2016,4,1,5
2016,4,1,5
2016,3,2,5
2016,3,2,5
2016,3,2,5
2016,3,2,5
2016,7,5,12
2016,5,3,8
2016,4,3,7
2016,5,0,5
2016,4,3,7
2016,9,0,9
2016,7,13,20
2016,7,2,9
2016,3,2,5
2016,5,4,9
2016,6,4,10
2016,1,0,1
2016,6,2,8
2016,5,1,6
2016,6,15,21
2016,4,2,6
2016,6,12,18
2016,6,5,11
2016,3,2,5
2016,4,2,6
2016,3,0,3
2016,5,2,7
2016,4,0,4
2016,5,3,8
2016,9,7,16
2016,8,6,14
2016,5,13,18
2016,7,3,10
2016,7,1,8
2016,9,3,12
2016,2,10,12
2016,7,10,17
2016,3,1,4
2016,5,3,8
2016,7,1,8
2016,8,5,13
2016,3,2,5
2016,3,1,4
2016,7,3,10
2016,6,5,11
2016,3,1,4
2016,6,3,9
2016,6,3,9
2016,1,0,1
2016,4,3,7
2016,9,4,13
2016,8,7,15
2016,4,3,7
2016,3,1,4
2016,3,2,5
2016,3,0,3
2016,5,4,9
2016,7,5,12
2016,5,3,8
2016,5,1,6
2016,7,5,12
2016,7,5,12
2016,9,3,12
2016,2,0,2
2016,2,1,3
2016,7,5,12
2016,5,3,8
2016,2,1,3
2016,6,4,10
2016,6,5,11
2016,7,4,11
2016,9,2,11
2016,3,1,4
2016,9,4,13
2016,3,1,4
2016,3,2,5
2016,6,2,8
2016,1,0,1
2016,4,3,7
2016,3,2,5
2016,1,0,1
2016,4,0,4
2016,3,1,4
2016,3,2,5
2016,5,4,9
2016,7,0,7
2016,7,4,11
2016,4,2,6
2016,4,3,7
2016,4,14,18
2016,2,1,3
2016,3,11,14
2016,7,15,22
2016,2,10,12
2016,9,0,9
2016,9,6,15
2016,4,0,4
2016,9,12,21
2016,9,4,13
2016,2,13,15
2016,3,13,16
2016,5,1,6
2016,4,2,6
2016,7,4,11
2016,7,3,10
2016,6,3,9
2016,8,6,14
2016,6,3,9
2016,6,10,16
2016,5,2,7
2016,8,5,13
2016,5,3,8
2016,8,5,13
2016,6,3,9
2016,8,4,12
2016,5,1,6
2016,8,4,12
2016,8,7,15
2016,5,11,16
2016,5,3,8
2016,8,4,12
2016,3,2,5
2016,4,3,7
2016,6,3,9
2016,6,2,8
2016,2,0,2
2016,4,2,6
2016,7,6,13
2016,2,16,18
2016,6,4,10
2016,5,4,9
2016,3,11,14
2016,5,4,9
2016,7,3,10
2016,4,11,15
2016,3,12,15
2016,5,1,6
2016,8,4,12
2016,7,6,13
2016,8,7,15
2016,7,0,7
2016,9,2,11
2016,9,1,10
2016,3,2,5
2016,6,10,16
2016,6,3,9
2016,3,2,5
2016,5,4,9
2016,3,1,4
2016,1,0,1
2016,8,5,13
2016,8,2,10
2016,5,2,7
2016,7,6,13
2016,7,5,12
2016,4,2,6
2016,5,3,8
2016,4,0,4
2016,4,1,5
2016,6,3,9
2016,3,1,4
2016,6,2,8
2016,6,1,7
2016,8,5,13
2016,6,12,18
2016,5,15,20
2016,4,3,7
2016,15,1,16
2016,5,4,9
2016,4,3,7
2016,5,13,18
2016,3,10,13
2016,8,1,9
2016,6,1,7
2016,3,2,5
2016,7,10,17
2016,12,10,22
2016,4,1,5
2016,8,2,10
2016,7,4,11
2016,7,2,9
2016,6,5,11
2016,2,0,2
2016,6,2,8
2016,6,4,10
2016,8,2,10
2016,5,13,18
2016,9,6,15
2016,5,4,9
2016,5,4,9
2016,4,3,7
2016,8,1,9
2016,5,4,9
2016,9,8,17
2016,7,10,17
2016,7,0,7
2016,7,6,13
2016,8,15,23
2016,9,0,9
2016,9,2,11
2016,3,2,5
2016,7,6,13
2016,2,10,12
2016,5,4,9
2016,4,3,7
2016,6,5,11
2016,7,4,11
2016,7,6,13
2016,8,1,9
2016,6,2,8
2016,5,1,6
2016,9,11,20
2016,2,12,14
2016,6,2,8
2016,11,1,12
2016,6,5,11
2016,9,2,11
2016,3,2,5
2016,10,0,10
2016,4,2,6
2016,3,1,4
2016,2,1,3
2016,8,2,10
2016,9,5,14
2016,8,2,10
2016,2,0,2
2016,7,6,13
2016,5,3,8
2016,4,2,6
2016,4,0,4
2016,3,2,5
2016,4,11,15
2016,5,10,15
2016,2,1,3
2016,9,0,9
2016,3,2,5
2016,9,1,10
2016,7,6,13
2016,2,0,2
2016,8,4,12
2016,9,8,17
2016,4,3,7
2016,9,18,27
2016,4,2,6
2016,1,0,1
2016,3,1,4
2016,5,1,6
2016,7,5,12
2016,6,2,8
2016,7,4,11
2016,8,1,9
2016,9,1,10
2016,3,0,3
2016,9,5,14
2016,1,0,1
2016,6,4,10
2016,8,3,11
2016,9,1,10
2016,7,1,8
2016,5,3,8
2016,5,1,6
2016,7,4,11
2016,2,1,3
2016,7,2,9
2016,9,10,19
2016,5,3,8
2016,6,5,11
2016,1,0,1
2016,3,0,3
2016,7,1,8
2016,9,4,13
2016,5,1,6
2016,5,4,9
2016,6,3,9
2016,5,0,5
2016,8,1,9
2016,4,3,7
2016,8,2,10
2016,8,10,18
2016,3,1,4
2016,7,6,13
2016,4,0,4
2016,5,2,7
2016,3,2,5
2016,8,5,13
2016,6,10,16
2016,2,1,3
2016,9,0,9
2016,6,3,9
2016,4,0,4
2016,4,3,7
2016,6,3,9
2016,3,1,4
2016,4,2,6
2016,5,4,9
2016,6,4,10
2016,7,6,13
2016,5,3,8
2016,4,14,18
2016,9,4,13
2016,7,0,7
2016,3,1,4
2016,12,1,13
2016,8,15,23
2016,8,5,13
2016,13,0,13
2016,8,3,11
2016,9,3,12
2016,3,2,5
2016,6,2,8
2016,3,2,5
2016,1,0,1
2016,9,6,15
2016,5,13,18
2016,12,1,13
2016,3,1,4
2016,3,2,5
2016,7,0,7
2016,8,7,15
2016,9,4,13
2016,2,11,13
2016,4,10,14
2016,4,1,5
2016,5,0,5
2016,4,10,14
2016,1,0,1
2016,3,1,4
2016,3,1,4
2016,5,0,5
2016,5,1,6
2016,4,13,17
2016,7,4,11
2016,2,1,3
2016,9,6,15
2016,5,3,8
2016,9,2,11
2016,5,1,6
2016,9,4,13
2016,8,7,15
2016,1,0,1
2016,8,1,9
2016,4,3,7
2016,6,0,6
2016,8,5,13
2016,6,5,11
2016,2,1,3
2016,4,0,4
2016,6,3,9
2016,4,2,6
2016,7,3,10
2016,5,3,8
2016,4,3,7
2016,3,0,3
2016,5,4,9
2016,8,4,12
2016,3,1,4
2016,5,4,9
2016,2,1,3
2016,7,4,11
2016,3,2,5
2016,4,3,7
2016,8,7,15
2016,3,0,3
2016,8,1,9
2016,5,3,8
2016,8,6,14
2016,6,5,11
2016,8,4,12
2016,7,0,7
2016,8,10,18
2016,3,2,5
2016,4,3,7
2016,5,4,9
2016,3,1,4
2016,5,2,7
2016,2,1,3
2016,4,2,6
2016,14,1,15
2016,9,6,15
2016,5,4,9
2016,8,5,13
2016,6,4,10
2016,8,0,8
2016,2,1,3
2016,3,2,5
2016,6,2,8
2016,7,14,21
2016,7,6,13
2016,4,2,6
2016,4,11,15
2016,4,1,5
2016,2,16,18
2016,8,4,12
2016,1,0,1
2016,8,11,19
2016,8,3,11
2016,8,10,18
2016,2,0,2
2016,3,2,5
2016,9,1,10
2016,8,3,11
2016,9,4,13
2016,5,2,7
2016,5,1,6
2016,3,11,14
2016,3,1,4
2016,2,11,13
2016,6,4,10
2016,7,4,11
2016,3,10,13
2016,7,5,12
2016,4,12,16
2016,5,2,7
2016,3,2,5
2016,5,2,7
2016,6,5,11
2016,8,5,13
2016,6,5,11
2016,7,4,11
2016,13,11,24
2016,5,1,6
2016,1,0,1
2016,2,0,2
2016,10,0,10
2016,4,2,6
2016,5,3,8
2016,7,6,13
2016,5,3,8
2016,5,0,5
2016,6,2,8
2016,6,0,6
2016,2,10,12
2016,6,2,8
2016,7,2,9
2016,5,11,16
2016,5,3,8
2016,7,10,17
2016,6,12,18
2016,2,1,3
2016,6,14,20
2016,7,3,10
2016,6,4,10
2016,2,0,2
2016,5,3,8
2016,4,3,7
2016,3,2,5
2016,5,2,7
2016,4,3,7
2016,5,12,17
2016,3,10,13
2016,7,6,13
2016,3,2,5
2016,9,7,16
2016,5,1,6
2016,7,10,17
2016,2,11,13
2016,9,7,16
2016,7,4,11
2016,6,3,9
2016,6,5,11
2016,6,5,11
2016,3,1,4
2016,6,0,6
2016,2,1,3
2016,6,5,11
2016,2,0,2
2016,4,1,5
2016,4,3,7
2016,7,2,9
2016,8,3,11
2016,7,6,13
2016,5,4,9
2016,7,10,17
2016,5,4,9
2016,4,1,5
2016,14,1,15
2016,6,3,9
2016,5,12,17
2016,4,1,5
2016,2,1,3
2016,7,6,13
2016,6,4,10
2016,7,2,9
2016,4,3,7
2016,2,0,2
2016,4,1,5
2016,5,4,9
2016,7,5,12
2016,3,2,5
2016,4,3,7
2016,4,1,5
2016,4,3,7
2016,3,13,16
2016,5,4,9
2016,8,5,13
2016,3,11,14
2016,4,3,7
2016,6,5,11
2016,3,11,14
2016,2,1,3
2016,5,0,5
2016,2,1,3
2016,5,1,6
2016,3,14,17
2016,8,7,15
2016,6,3,9
2016,5,1,6
2016,3,2,5
2016,3,0,3
2016,3,2,5
2016,5,3,8
2016,3,10,13
2016,2,0,2
2016,3,1,4
2016,9,5,14
2016,3,0,3
2016,7,1,8
2016,4,2,6
2016,3,2,5
2016,8,0,8
2016,3,2,5
2016,2,1,3
2016,8,11,19
2016,3,2,5
2016,8,1,9
2016,9,12,21
2016,7,12,19
2016,2,12,14
2016,4,11,15
2016,3,0,3
2016,4,2,6
2016,4,3,7
2016,3,16,19
2016,8,2,10
2016,6,2,8
2016,4,0,4
2016,4,1,5
2016,3,2,5
2016,8,1,9
2016,8,0,8
2016,4,11,15
2016,7,5,12
2016,6,3,9
2016,8,1,9
2016,6,4,10
2016,8,1,9
2016,3,2,5
2016,5,4,9
2016,3,0,3
2016,5,3,8
2016,6,4,10
2016,4,2,6
2016,6,2,8
2016,4,3,7
2016,2,1,3
2016,6,11,17
2016,7,5,12
2016,1,0,1
2016,6,1,7
2016,7,0,7
2016,9,6,15
2016,8,4,12
2016,8,0,8
2016,2,0,2
2016,6,2,8
2016,3,1,4
2016,7,0,7
2016,8,1,9
2016,1,0,1
2016,7,2,9
2016,7,3,10
2016,7,6,13
2016,7,5,12
2016,2,1,3
2016,5,4,9
2016,5,1,6
2016,5,14,19
2016,2,15,17
2016,6,2,8
2016,5,0,5
2016,3,2,5
2016,7,2,9
2016,5,4,9
2016,7,4,11
2016,5,4,9
2016,9,7,16
2016,4,11,15
2016,8,7,15
2016,7,4,11
2016,3,0,3
2016,4,3,7
2016,6,0,6
2016,8,2,10
2016,7,6,13
2016,6,1,7
2016,6,2,8
2016,7,3,10
2016,5,2,7
2016,6,5,11
2016,3,11,14
2016,4,10,14
2016,7,3,10
2016,1,0,1
2016,8,0,8
2016,3,2,5
2016,3,2,5
2016,8,0,8
2016,2,1,3
2016,3,2,5
2016,2,11,13
2016,4,0,4
2016,9,10,19
2016,6,2,8
2016,2,1,3
2016,5,4,9
2016,3,1,4
2016,7,4,11
2016,9,5,14
2016,6,3,9
2016,3,10,13
2016,3,2,5
2016,5,4,9
2016,7,3,10
2016,3,0,3
2016,5,2,7
2016,5,2,7
2016,5,2,7
2016,5,3,8
2016,8,3,11
2016,2,1,3
2016,4,3,7
2016,7,3,10
2016,4,2,6
2016,3,2,5
2016,3,2,5
2016,3,2,5
2016,5,2,7
2016,6,1,7
2016,2,1,3
2016,5,10,15
2016,2,0,2
2016,1,0,1
2016,6,3,9
2016,8,1,9
2016,5,4,9
2016,2,1,3
2016,7,6,13
2016,5,2,7
2016,2,10,12
2016,5,3,8
2016,5,4,9
2016,5,1,6
2016,9,2,11
2016,4,3,7
2016,11,1,12
2016,9,3,12
2016,8,3,11
2016,4,1,5
2016,4,3,7
2016,6,5,11
2016,8,3,11
2016,3,2,5
2016,2,1,3
2016,5,11,16
2016,5,4,9
2016,5,3,8
2016,5,2,7
2016,2,0,2
2016,7,4,11
2016,6,3,9
2016,3,1,4
2016,9,2,11
2016,4,2,6
2016,9,8,17
2016,2,1,3
2016,2,0,2
2016,3,2,5
2016,5,0,5
2016,4,10,14
2016,8,3,11
2016,6,10,16
2016,5,2,7
2016,3,2,5
2016,5,4,9
2016,10,1,11
2016,5,10,15
2016,3,0,3
2016,6,5,11
2016,7,2,9
2016,2,1,3
2016,9,0,9
2016,6,1,7
2016,4,10,14
2016,8,1,9
2016,7,4,11
2016,4,10,14
2016,14,1,15
2016,6,4,10
2016,6,1,7
2016,3,2,5
2016,8,10,18
2016,5,0,5
2016,6,1,7
2016,9,6,15
2016,6,4,10
2016,3,0,3
2016,2,1,3
2016,3,1,4
2016,3,0,3
2016,9,12,21
2016,4,1,5
2016,4,3,7
2016,4,2,6
2016,4,3,7
2016,17,0,17
2016,7,1,8
2016,7,10,17
2016,4,3,7
2016,3,2,5
2016,4,3,7
2016,2,1,3
2016,7,1,8
2016,7,4,11
2016,4,3,7
2016,7,3,10
2016,2,12,14
2016,2,15,17
2016,8,3,11
2016,7,5,12
2016,4,14,18
2016,8,1,9
2016,7,6,13
2016,6,13,19
2016,12,0,12
2016,8,4,12
2016,4,3,7
2016,12,1,13
2016,6,4,10
2016,6,4,10
2016,7,1,8
2016,3,12,15
2016,5,12,17
2016,6,4,10
2016,5,1,6
2016,4,2,6
2016,8,6,14
2016,2,12,14
2016,1,0,1
2016,6,3,9
2016,4,12,16
2016,5,2,7
2016,5,2,7
2016,5,3,8
2016,8,4,12
2016,6,5,11
2016,2,0,2
2016,2,1,3
2016,8,5,13
2016,3,2,5
2016,3,0,3
2016,5,2,7
2016,5,3,8
2016,7,6,13
2016,5,1,6
2016,1,1,2
2016,9,4,13
2016,3,2,5
2016,7,2,9
2016,4,3,7
2016,4,0,4
2016,5,3,8
2016,7,1,8
2016,5,3,8
2016,6,2,8
2016,5,3,8
2016,7,3,10
2016,7,3,10
2016,4,1,5
2016,7,2,9
2016,8,1,9
2016,5,1,6
2016,5,1,6
2016,9,3,12
2016,7,0,7
2016,3,1,4
2016,7,4,11
2016,3,0,3
2016,9,5,14
2016,5,3,8
2016,4,3,7
2016,6,0,6
2016,7,4,11
2016,4,3,7
2016,6,3,9
2016,7,3,10
2016,5,3,8
2016,9,8,17
2016,3,0,3
2016,4,3,7
2016,4,1,5
2016,2,1,3
2016,8,1,9
2016,3,2,5
2016,1,0,1
2016,2,1,3
2016,6,3,9
2016,7,4,11
2016,6,4,10
2016,3,2,5
2016,5,2,7
2016,5,2,7
2016,3,2,5
2016,7,1,8
2016,4,10,14
2016,6,4,10
2016,7,10,17
2016,5,2,7
2016,3,0,3
2016,5,4,9
2016,10,1,11
2016,1,0,1
2016,6,0,6
2016,5,3,8
2016,4,3,7
2016,5,2,7
2016,7,6,13
2016,5,2,7
2016,4,3,7
2016,8,3,11
2016,6,5,11
2016,6,5,11
2016,6,5,11
2016,4,3,7
2016,2,0,2
2016,8,4,12
2016,2,1,3
2016,1,0,1
2016,4,2,6
2016,6,0,6
2016,5,1,6
2016,2,10,12
2016,3,0,3
2016,8,4,12
2016,5,0,5
2016,6,0,6
2016,5,1,6
2016,1,0,1
2016,7,2,9
2016,3,2,5
2016,9,3,12
2016,8,7,15
2017,6,5,11
2017,4,3,7
2017,7,3,10
2017,3,2,5
2017,5,3,8
2017,4,3,7
2017,3,0,3
2017,3,14,17
2017,7,5,12
2017,7,1,8
2017,6,0,6
2017,4,2,6
2017,8,5,13
2017,4,2,6
2017,8,4,12
2017,6,3,9
2017,2,1,3
2017,4,0,4
2017,6,5,11
2017,7,6,13
2017,2,1,3
2017,5,0,5
2017,4,3,7
2017,8,6,14
2017,3,1,4
2017,3,0,3
2017,2,0,2
2017,5,3,8
2017,3,1,4
2017,6,1,7
2017,9,1,10
2017,3,1,4
2017,5,0,5
2017,4,1,5
2017,9,6,15
2017,6,4,10
2017,9,3,12
2017,2,11,13
2017,7,4,11
2017,4,2,6
2017,2,10,12
2017,2,1,3
2017,5,3,8
2017,6,2,8
2017,5,1,6
2017,6,4,10
2017,5,2,7
2017,4,3,7
2017,5,1,6
2017,7,3,10
2017,6,5,11
2017,3,1,4
2017,2,1,3
2017,6,5,11
2017,5,1,6
2017,2,1,3
2017,7,2,9
2017,7,6,13
2017,5,4,9
2017,7,6,13
2017,2,0,2
2017,8,10,18
2017,5,10,15
2017,5,4,9
2017,2,11,13
2017,5,4,9
2017,6,2,8
2017,4,2,6
2017,4,1,5
2017,7,3,10
2017,6,11,17
2017,8,1,9
2017,3,17,20
2017,6,4,10
2017,2,1,3
2017,4,10,14
2017,3,2,5
2017,6,1,7
2017,9,10,19
2017,3,2,5
2017,7,3,10
2017,4,1,5
2017,6,10,16
2017,7,5,12
2017,5,4,9
2017,7,4,11
2017,5,2,7
2017,4,3,7
2017,6,5,11
2017,5,3,8
2017,8,0,8
2017,7,2,9
2017,8,1,9
2017,3,2,5
2017,5,3,8
2017,2,1,3
2017,2,0,2
2017,8,1,9
2017,4,3,7
2017,7,1,8
2017,6,0,6
2017,4,1,5
2017,6,14,20
2017,6,5,11
2017,8,1,9
2017,2,1,3
2017,3,2,5
2017,2,1,3
2017,8,4,12
2017,4,14,18
2017,6,2,8
2017,7,5,12
2017,4,3,7
2017,4,3,7
2017,8,3,11
2017,8,3,11
2017,5,12,17
2017,2,0,2
2017,2,1,3
2017,6,0,6
2017,5,3,8
2017,8,3,11
2017,5,4,9
2017,8,4,12
2017,5,4,9
2017,9,2,11
2017,5,10,15
2017,6,2,8
2017,2,0,2
2017,6,1,7
2017,8,3,11
2017,4,3,7
2017,4,0,4
2017,5,1,6
2017,4,10,14
2017,5,11,16
2017,3,1,4
2017,9,8,17
2017,3,2,5
2017,3,1,4
2017,2,1,3
2017,5,2,7
2017,5,10,15
2017,4,2,6
2017,4,10,14
2017,7,6,13
2017,7,1,8
2017,7,1,8
2017,3,2,5
2017,2,1,3
2017,4,3,7
2017,7,2,9
2017,2,1,3
2017,8,2,10
2017,6,4,10
2017,3,2,5
2017,4,2,6
2017,2,1,3
2017,8,7,15
2017,7,5,12
2017,6,13,19
2017,3,2,5
2017,8,4,12
2017,5,4,9
2017,6,0,6
2017,3,2,5
2017,6,10,16
2017,5,0,5
2017,5,0,5
2017,2,1,3
2017,4,2,6
2017,9,2,11
2017,7,5,12
2017,6,1,7
2017,4,2,6
2017,4,1,5
2017,1,0,1
2017,3,1,4
2017,4,2,6
2017,3,1,4
2017,9,3,12
2017,8,7,15
2017,4,3,7
2017,4,11,15
2017,6,4,10
2017,5,4,9
2017,4,3,7
2017,6,3,9
2017,3,0,3
2017,4,2,6
2017,3,1,4
2017,7,4,11
2017,7,0,7
2017,6,1,7
2017,2,1,3
2017,3,1,4
2017,9,7,16
2017,9,3,12
2017,5,2,7
2017,2,1,3
2017,4,3,7
2017,4,11,15
2017,4,1,5
2017,6,2,8
2017,4,2,6
2017,2,11,13
2017,5,0,5
2017,2,1,3
2017,5,1,6
2017,8,7,15
2017,4,14,18
2017,7,4,11
2017,2,0,2
2017,5,1,6
2017,2,0,2
2017,4,2,6
2017,9,1,10
2017,5,4,9
2017,9,1,10
2017,1,0,1
2017,5,10,15
2017,2,1,3
2017,8,7,15
2017,3,0,3
2017,3,2,5
2017,2,1,3
2017,2,1,3
2017,7,5,12
2017,6,2,8
2017,6,4,10
2017,9,6,15
2017,4,1,5
2017,8,1,9
2017,1,0,1
2017,4,1,5
2017,8,7,15
2017,5,13,18
2017,2,0,2
2017,3,0,3
2017,6,5,11
2017,6,5,11
2017,6,3,9
2017,6,3,9
2017,4,3,7
2017,3,1,4
2017,4,3,7
2017,6,3,9
2017,5,3,8
2017,6,3,9
2017,6,2,8
2017,5,4,9
2017,5,11,16
2017,4,2,6
2017,7,0,7
2017,8,12,20
2017,3,12,15
2017,4,1,5
2017,5,4,9
2017,3,1,4
2017,4,3,7
2017,4,3,7
2017,5,11,16
2017,6,3,9
2017,6,3,9
2017,2,1,3
2017,6,2,8
2017,6,2,8
2017,6,2,8
2017,6,2,8
2017,7,5,12
2017,8,0,8
2017,6,4,10
2017,4,13,17
2017,6,3,9
2017,11,1,12
2017,5,2,7
2017,2,1,3
2017,7,3,10
2017,6,4,10
2017,5,2,7
2017,2,1,3
2017,7,6,13
2017,6,3,9
2017,12,1,13
2017,8,4,12
2017,7,11,18
2017,3,14,17
2017,2,1,3
2017,3,2,5
2017,2,1,3
2017,9,3,12
2017,2,0,2
2017,5,10,15
2017,4,2,6
2017,15,12,27
2017,9,19,28
2017,9,1,10
2017,1,0,1
2017,2,1,3
2017,6,5,11
2017,8,1,9
2017,8,5,13
2017,8,5,13
2017,5,4,9
2017,3,1,4
2017,5,2,7
2017,7,6,13
2017,4,11,15
2017,8,0,8
2017,9,4,13
2017,8,2,10
2017,7,4,11
2017,6,5,11
2017,4,3,7
2017,3,14,17
2017,2,1,3
2017,6,2,8
2017,3,0,3
2017,4,3,7
2017,5,16,21
2017,2,1,3
2017,7,5,12
2017,3,2,5
2017,5,1,6
2017,8,4,12
2017,6,4,10
2017,3,1,4
2017,5,4,9
2017,3,1,4
2017,7,3,10
2017,9,4,13
2017,6,4,10
2017,5,3,8
2017,2,12,14
2017,8,10,18
2017,14,11,25
2017,4,3,7
2017,7,5,12
2017,6,3,9
2017,7,4,11
2017,7,5,12
2017,7,6,13
2017,7,4,11
2017,4,3,7
2017,6,4,10
2017,2,1,3
2017,6,5,11
2017,4,0,4
2017,3,11,14
2017,4,12,16
2017,4,12,16
2017,6,3,9
2017,4,1,5
2017,5,3,8
2017,2,0,2
2017,6,2,8
2017,4,12,16
2017,7,3,10
2017,7,2,9
2017,7,5,12
2017,5,3,8
2017,3,10,13
2017,4,3,7
2017,7,4,11
2017,5,2,7
2017,5,4,9
2017,5,2,7
2017,3,1,4
2017,5,23,28
2017,7,5,12
2017,5,2,7
2017,2,10,12
2017,4,3,7
2017,7,1,8
2017,6,2,8
2017,6,1,7
2017,4,3,7
2017,4,2,6
2017,7,1,8
2017,7,5,12
2017,9,7,16
2017,5,2,7
2017,8,3,11
2017,3,12,15
2017,5,2,7
2017,8,7,15
2017,6,0,6
2017,5,13,18
2017,3,1,4
2017,9,1,10
2017,5,11,16
2017,6,2,8
2017,6,4,10
2017,2,1,3
2017,6,3,9
2017,5,16,21
2017,4,2,6
2017,5,4,9
2017,7,2,9
2017,3,2,5
2017,10,1,11
2017,6,1,7
2017,4,1,5
2017,7,4,11
2017,8,6,14
2017,3,11,14
2017,8,7,15
2017,6,10,16
2017,2,1,3
2017,8,3,11
2017,5,4,9
2017,4,2,6
2017,4,10,14
2017,8,3,11
2017,8,5,13
2017,3,2,5
2017,3,11,14
2017,5,4,9
2017,5,1,6
2017,4,2,6
2017,7,6,13
2017,10,0,10
2017,4,2,6
2017,3,2,5
2017,3,13,16
2017,6,3,9
2017,3,1,4
2017,4,3,7
2017,8,7,15
2017,7,2,9
2017,4,2,6
2017,4,0,4
2017,8,2,10
2017,3,1,4
2017,8,4,12
2017,2,1,3
2017,5,3,8
2017,6,5,11
2017,6,11,17
2017,2,14,16
2017,9,1,10
2017,3,1,4
2017,11,1,12
2017,3,11,14
2017,6,5,11
2017,6,2,8
2017,2,1,3
2017,2,10,12
2017,8,2,10
2017,6,1,7
2017,5,3,8
2017,6,4,10
2017,4,0,4
2017,5,4,9
2017,4,0,4
2017,5,2,7
2017,1,0,1
2017,6,17,23
2017,7,0,7
2017,8,6,14
2017,6,5,11
2017,6,2,8
2017,4,3,7
2017,2,1,3
2017,6,4,10
2017,4,10,14
2017,12,1,13
2017,9,4,13
2017,4,3,7
2017,3,2,5
2017,5,1,6
2017,7,3,10
2017,4,2,6
2017,7,3,10
2017,5,4,9
2017,7,2,9
2017,5,3,8
2017,4,10,14
2017,8,1,9
2017,8,3,11
2017,4,3,7
2017,6,5,11
2017,7,11,18
2017,6,1,7
2017,7,3,10
2017,9,10,19
2017,11,0,11
2017,7,6,13
2017,6,0,6
2017,7,1,8
2017,3,0,3
2017,4,2,6
2017,5,2,7
2017,7,5,12
2017,7,4,11
2017,6,5,11
2017,3,1,4
2017,6,11,17
2017,12,1,13
2017,4,3,7
2017,8,7,15
2017,7,6,13
2017,7,1,8
2017,2,1,3
2017,7,6,13
2017,7,10,17
2017,4,1,5
2017,3,2,5
2017,3,2,5
2017,6,0,6
2017,5,2,7
2017,7,2,9
2017,7,0,7
2017,4,11,15
2017,5,4,9
2017,6,3,9
2017,1,0,1
2017,6,2,8
2017,3,2,5
2017,8,4,12
2017,7,4,11
2017,5,1,6
2017,3,2,5
2017,3,2,5
2017,5,2,7
2017,4,0,4
2017,4,3,7
2017,4,3,7
2017,6,3,9
2017,5,4,9
2017,4,1,5
2017,4,0,4
2017,4,3,7
2017,3,1,4
2017,4,11,15
2017,3,1,4
2017,5,3,8
2017,6,5,11
2017,7,2,9
2017,6,4,10
2017,4,1,5
2017,6,4,10
2017,2,11,13
2017,9,3,12
2017,8,3,11
2017,9,6,15
2017,9,8,17
2017,3,1,4
2017,9,11,20
2017,6,11,17
2017,7,10,17
2017,8,3,11
2017,5,0,5
2017,6,4,10
2017,3,2,5
2017,4,3,7
2017,6,5,11
2017,5,3,8
2017,7,3,10
2017,8,7,15
2017,7,2,9
2017,6,5,11
2017,6,5,11
2017,8,4,12
2017,6,10,16
2017,7,6,13
2017,5,4,9
2017,9,5,14
2017,6,4,10
2017,13,11,24
2017,7,1,8
2017,2,12,14
2017,7,3,10
2017,8,4,12
2017,6,2,8
2017,9,6,15
2017,2,1,3
2017,6,3,9
2017,5,1,6
2017,9,5,14
2017,8,12,20
2017,5,4,9
2017,8,4,12
2017,7,5,12
2017,7,4,11
2017,5,4,9
2017,7,11,18
2017,3,0,3
2017,6,1,7
2017,3,1,4
2017,4,0,4
2017,6,1,7
2017,5,4,9
2017,9,3,12
2017,9,0,9
2017,9,5,14
2017,6,5,11
2017,5,1,6
2017,7,2,9
2017,5,1,6
2017,2,0,2
2017,8,3,11
2017,4,10,14
2017,4,2,6
2017,5,4,9
2017,8,4,12
2017,7,4,11
2017,5,3,8
2017,6,3,9
2017,6,12,18
2017,5,3,8
2017,5,3,8
2017,7,2,9
2017,4,3,7
2017,3,0,3
2017,3,2,5
2017,7,2,9
2017,10,1,11
2017,2,1,3
2017,6,5,11
2017,5,4,9
2017,5,2,7
2017,7,5,12
2017,8,12,20
2017,9,3,12
2017,3,0,3
2017,6,10,16
2017,7,5,12
2017,8,3,11
2017,6,3,9
2017,9,1,10
2017,16,1,17
2017,3,1,4
2017,9,5,14
2017,3,2,5
2017,3,1,4
2017,6,13,19
2017,6,4,10
2017,5,2,7
2017,8,6,14
2017,6,3,9
2017,6,4,10
2017,8,4,12
2017,5,12,17
2017,3,12,15
2017,1,0,1
2017,5,1,6
2017,8,1,9
2017,8,3,11
2017,3,2,5
2017,5,1,6
2017,5,2,7
2017,7,14,21
2017,6,4,10
2017,5,1,6
2017,1,0,1
2017,4,2,6
2017,8,1,9
2017,3,2,5
2017,5,4,9
2017,6,5,11
2017,2,0,2
2017,6,11,17
2017,4,1,5
2017,8,7,15
2017,6,2,8
2017,2,1,3
2017,4,3,7
2017,6,2,8
2017,9,3,12
2017,9,11,20
2017,8,2,10
2017,4,0,4
2017,10,1,11
2017,8,6,14
2017,5,12,17
2017,4,3,7
2017,9,4,13
2017,5,4,9
2017,4,3,7
2017,6,3,9
2017,6,1,7
2017,8,4,12
2017,3,0,3
2017,6,5,11
2017,4,1,5
2017,7,2,9
2017,5,2,7
2017,5,1,6
2017,9,4,13
2017,6,2,8
2017,5,1,6
2017,7,6,13
2017,7,3,10
2017,4,0,4
2017,4,3,7
2017,2,1,3
2017,4,0,4
2017,4,2,6
2017,3,0,3
2017,8,2,10
2017,6,4,10
2017,10,0,10
2017,2,0,2
2017,4,0,4
2017,8,5,13
2017,4,2,6
2017,5,2,7
2017,4,1,5
2017,5,2,7
2017,8,1,9
2017,2,0,2
2017,7,6,13
2017,5,1,6
2017,6,0,6
2017,3,0,3
2017,4,3,7
2017,5,2,7
2017,3,0,3
2017,5,2,7
2017,5,0,5
2017,5,2,7
2017,6,1,7
2017,5,3,8
2017,3,2,5
2017,4,3,7
2017,5,4,9
2017,6,3,9
2017,3,1,4
2017,3,0,3
2017,5,0,5
2017,7,3,10
2017,10,1,11
2017,8,4,12
2017,8,4,12
2017,9,4,13
2017,9,2,11
2017,9,5,14
2017,8,6,14
2017,9,5,14
2017,8,4,12
2017,7,2,9
2017,7,1,8
2017,3,1,4
2017,5,3,8
2017,6,3,9
2017,3,2,5
2017,5,4,9
2017,5,3,8
2017,6,5,11
2017,7,10,17
2017,4,1,5
2017,8,16,24
2017,4,2,6
2017,4,3,7
2017,5,2,7
2017,3,0,3
2017,5,1,6
2017,8,10,18
2017,2,17,19
2017,9,3,12
2017,8,3,11
2017,7,13,20
2017,9,4,13
2017,4,10,14
2017,1,0,1
2017,7,2,9
2017,7,2,9
2017,5,4,9
2017,3,0,3
2017,6,2,8
2017,6,3,9
2017,9,4,13
2017,9,5,14
2017,6,4,10
2017,2,1,3
2017,4,10,14
2017,4,1,5
2017,3,1,4
2017,6,5,11
2017,2,10,12
2017,6,17,23
2017,7,1,8
2017,6,5,11
2017,2,1,3
2017,5,0,5
2017,3,1,4
2017,2,1,3
2017,7,5,12
2017,5,4,9
2017,4,2,6
2017,7,5,12
2017,8,0,8
2017,3,2,5
2017,2,1,3
2017,6,3,9
2017,2,0,2
2017,2,12,14
2017,5,11,16
2017,3,2,5
2017,3,2,5
2017,3,2,5
2017,5,15,20
2017,4,0,4
2017,7,5,12
2017,2,1,3
2017,7,12,19
2017,3,13,16
2017,10,0,10
2017,8,5,13
2017,4,12,16
2017,7,1,8
2017,7,5,12
2017,7,2,9
2017,5,2,7
2017,5,3,8
2017,6,5,11
2017,10,1,11
2017,5,12,17
2017,3,0,3
2017,8,10,18
2017,4,2,6
2017,4,10,14
2017,5,3,8
2017,10,1,11
2017,9,2,11
2017,6,5,11
2017,7,0,7
2017,3,2,5
2017,7,3,10
2017,7,6,13
2017,8,13,21
2017,7,4,11
2017,8,0,8
2017,6,5,11
2017,3,0,3
2017,11,1,12
2017,11,10,21
2017,9,7,16
2017,3,1,4
2017,7,1,8
2017,7,2,9
2017,3,2,5
2017,4,11,15
2017,3,1,4
2017,4,2,6
2017,7,3,10
2017,4,2,6
2017,7,2,9
2017,5,3,8
2017,2,10,12
2017,3,1,4
2017,6,5,11
2017,2,10,12
2017,13,1,14
2017,3,11,14
2017,5,3,8
2017,9,7,16
2017,2,1,3
2017,5,2,7
2017,5,4,9
2017,4,1,5
2017,3,12,15
2017,4,2,6
2017,8,10,18
2017,7,4,11
2017,14,1,15
2017,9,6,15
2017,6,5,11
2017,6,4,10
2017,8,1,9
2017,4,0,4
2017,7,5,12
2017,2,1,3
2017,6,3,9
2017,8,0,8
2017,7,5,12
2017,6,5,11
2017,3,1,4
2017,4,3,7
2017,3,15,18
2017,3,1,4
2017,4,1,5
2017,5,2,7
2017,4,11,15
2017,6,1,7
2017,9,5,14
2017,9,1,10
2017,7,1,8
2017,2,1,3
2017,7,5,12
2017,6,1,7
2017,8,6,14
2017,3,2,5
2017,5,3,8
2017,5,3,8
2017,7,3,10
2017,9,4,13
2017,7,2,9
2017,8,2,10
2017,7,12,19
2017,6,3,9
2017,4,2,6
2017,4,0,4
2017,3,2,5
2017,4,13,17
2017,5,2,7
2017,3,2,5
2017,6,1,7
2017,8,1,9
2017,3,11,14
2017,9,1,10
2017,5,3,8
2017,3,1,4
2017,5,4,9
2017,3,16,19
2017,7,6,13
2017,6,12,18
2017,4,2,6
2017,3,2,5
2017,7,0,7
2017,6,5,11
2017,7,2,9
2017,6,3,9
2017,11,1,12
2017,2,1,3
2017,8,3,11
2017,7,5,12
2017,4,2,6
2017,6,12,18
2017,9,7,16
2017,3,14,17
2017,3,1,4
2017,8,3,11
2017,4,0,4
2017,8,13,21
2017,6,5,11
2017,5,4,9
2017,5,1,6
2017,5,3,8
2017,6,5,11
2017,7,10,17
2017,6,1,7
2017,3,14,17
2017,6,1,7
2017,7,2,9
2017,9,3,12
2017,11,10,21
2017,3,2,5
2017,4,3,7
2017,6,1,7
2017,7,5,12
2017,7,6,13
2017,4,2,6
2017,8,1,9
2017,7,20,27
2017,3,14,17
2017,5,2,7
2017,6,2,8
2017,8,1,9
2017,6,0,6
2017,8,5,13
2017,8,1,9
2017,5,10,15
2017,7,5,12
2017,6,10,16
2017,6,4,10
2017,2,1,3
2017,2,13,15
2017,6,11,17
2017,6,4,10
2017,9,4,13
2017,7,3,10
2017,5,1,6
2017,4,2,6
2017,7,2,9
2017,7,6,13
2017,7,6,13
2017,2,13,15
2017,7,2,9
2017,5,2,7
2017,5,12,17
2017,9,10,19
2017,5,3,8
2017,6,2,8
2017,8,3,11
2017,8,7,15
2017,1,0,1
2017,6,4,10
2017,3,1,4
2017,5,0,5
2017,2,11,13
2017,3,1,4
2017,8,10,18
2017,4,13,17
2017,2,1,3
2017,6,5,11
2017,8,1,9
2017,7,2,9
2017,7,6,13
2017,5,4,9
2017,9,5,14
2017,4,10,14
2017,4,11,15
2017,9,0,9
2017,8,7,15
2017,7,15,22
2017,2,10,12
2017,5,1,6
2017,3,2,5
2017,7,1,8
2017,7,5,12
2017,9,3,12
2017,6,2,8
2017,7,4,11
2017,5,2,7
2017,5,1,6
2017,4,3,7
2017,4,10,14
2017,5,2,7
2017,7,3,10
2017,5,4,9
2017,8,5,13
2017,8,7,15
2017,7,5,12
2017,9,1,10
2017,6,5,11
2017,2,1,3
2017,5,2,7
2017,5,1,6
2017,4,3,7
2017,5,4,9
2017,7,1,8
2017,7,3,10
2017,7,3,10
2017,9,0,9
2017,12,0,12
2017,3,2,5
2017,4,2,6
2017,6,10,16
2017,8,7,15
2017,8,1,9
2017,4,1,5
2017,6,2,8
2017,7,3,10
2017,7,6,13
2017,6,3,9
2017,6,5,11
2017,4,0,4
2017,4,3,7
2017,8,3,11
2017,12,0,12
2017,3,12,15
2017,7,3,10
2017,9,7,16
2017,8,3,11
2017,8,4,12
2017,8,1,9
2017,5,4,9
2017,6,5,11
2017,6,1,7
2017,5,3,8
2017,5,1,6
2017,3,2,5
2017,5,16,21
2017,6,4,10
2017,8,2,10
2017,2,1,3
2017,4,3,7
2017,4,2,6
2017,8,4,12
2017,5,1,6
2017,7,6,13
2017,7,5,12
2017,8,3,11
2017,7,5,12
2017,12,11,23
2017,6,3,9
2017,3,10,13
2017,6,3,9
2017,11,1,12
2017,4,2,6
2017,9,0,9
2017,5,10,15
2017,9,12,21
2017,5,1,6
2017,9,6,15
2017,4,11,15
2017,6,1,7
2017,5,4,9
2017,9,4,13
2017,3,0,3
2017,5,0,5
2017,5,4,9
2017,6,1,7
2017,2,0,2
2017,2,1,3
2017,1,0,1
2017,3,13,16
2017,4,11,15
2017,4,3,7
2017,5,15,20
2017,6,5,11
2017,9,2,11
2017,3,1,4
2017,6,3,9
2017,2,10,12
2017,4,2,6
2017,3,2,5
2017,4,0,4
2017,5,3,8
2017,8,1,9
2017,7,3,10
2017,5,2,7
2017,5,2,7
2017,7,3,10
2017,8,3,11
2017,3,18,21
2017,2,1,3
2017,7,0,7
2017,4,2,6
2017,5,3,8
2017,4,0,4
2017,8,2,10
2017,6,12,18
2017,4,2,6
2017,7,6,13
2017,7,5,12
2017,8,2,10
2017,8,2,10
2017,8,4,12
2017,8,5,13
2017,6,2,8
2017,6,1,7
2017,4,1,5
2017,6,5,11
2017,9,15,24
2017,4,0,4
2017,9,2,11
2017,8,2,10
2017,5,4,9
2017,6,5,11
2017,9,2,11
2017,4,3,7
2017,8,6,14
2017,2,1,3
2017,5,3,8
2017,6,4,10
2017,4,0,4
2017,6,3,9
2017,4,2,6
2017,3,0,3
2017,8,2,10
2017,4,3,7
2017,3,1,4
2017,6,1,7
2017,3,2,5
2017,4,3,7
2017,4,1,5
2017,3,12,15
2017,4,3,7
2017,5,3,8
2017,8,2,10
2017,8,11,19
2017,8,0,8
2017,6,2,8
2017,7,4,11
2017,5,4,9
2017,5,3,8
2017,4,0,4
2017,8,4,12
2017,6,2,8
2017,4,10,14
2017,6,3,9
2017,4,3,7
2017,3,11,14
2017,5,1,6
2017,7,3,10
2017,6,1,7
2017,6,3,9
2017,4,0,4
2017,6,0,6
2017,2,0,2
2017,5,4,9
2017,10,0,10
2017,6,3,9
2017,6,4,10
2017,8,7,15
2017,5,0,5
2017,4,13,17
2017,8,1,9
2017,3,2,5
2017,2,1,3
2017,3,1,4
2017,5,13,18
2017,4,10,14
2017,8,1,9
2017,7,4,11
2017,4,0,4
2017,6,2,8
2017,3,10,13
2017,4,10,14
2017,5,3,8
2017,7,4,11
2017,4,1,5
2017,7,6,13
2017,6,11,17
2017,5,10,15
2017,8,4,12
2017,7,6,13
2017,4,3,7
2017,2,1,3
2017,8,0,8
2017,2,1,3
2017,7,1,8
2017,5,3,8
2017,4,3,7
2017,7,1,8
2017,6,5,11
2017,6,2,8
2017,8,11,19
2017,8,1,9
2017,6,2,8
2017,3,10,13
2017,7,1,8
2017,4,3,7
2017,5,3,8
2017,5,3,8
2017,7,2,9
2017,15,1,16
2017,5,3,8
2017,8,1,9
2017,9,5,14
2017,6,3,9
2017,7,2,9
2017,4,0,4
2017,3,1,4
2017,6,14,20
2017,7,5,12
2017,3,2,5
2017,4,16,20
2017,6,5,11
2017,1,0,1
2017,8,1,9
2017,5,3,8
2017,4,3,7
2017,6,2,8
2017,5,4,9
2017,4,1,5
2017,7,6,13
2017,3,0,3
2017,7,3,10
2017,5,2,7
2017,4,11,15
2017,4,11,15
2017,4,10,14
2017,7,3,10
2017,6,2,8
2017,5,3,8
2017,5,4,9
2017,1,0,1
2017,4,0,4
2017,2,1,3
2017,7,6,13
2017,7,4,11
2017,5,2,7
2017,9,6,15
2017,9,6,15
2017,8,2,10
2017,2,11,13
2017,2,11,13
2017,6,3,9
2017,6,2,8
2017,5,4,9
2017,6,4,10
2017,6,3,9
2017,7,4,11
2017,4,3,7
2017,4,1,5
2017,7,4,11
2017,5,2,7
2017,6,3,9
2017,6,1,7
2017,2,11,13
2017,4,12,16
2017,4,1,5
2017,9,6,15
2017,9,4,13
2017,4,3,7
2017,7,2,9
2017,6,1,7
2017,6,5,11
2017,8,3,11
2017,10,0,10
2017,2,12,14
2017,5,4,9
2017,7,0,7
2017,4,2,6
2017,4,0,4
2017,5,4,9
2017,5,4,9
2017,5,1,6
2017,5,3,8
2017,2,1,3
2017,4,3,7
2017,5,4,9
2017,4,1,5
2017,1,0,1
2017,5,2,7
2017,7,2,9
2017,13,0,13
2017,2,1,3
2017,3,14,17
2017,5,3,8
2017,10,0,10
2017,5,2,7
2017,5,11,16
2017,5,3,8
2017,7,1,8
2017,4,0,4
2017,8,10,18
2017,6,0,6
2017,5,3,8
2017,3,0,3
2017,19,1,20
2017,5,10,15
2017,2,1,3
2017,4,3,7
2017,9,8,17
2017,5,4,9
2017,4,2,6
2017,5,0,5
2017,7,2,9
2017,5,10,15
2017,5,3,8
2017,6,4,10
2017,9,6,15
2017,2,14,16
2017,5,0,5
2017,5,2,7
2017,5,4,9
2017,6,3,9
2017,8,5,13
2017,3,10,13
2017,4,1,5
2017,4,3,7
2017,7,10,17
2017,11,1,12
2017,4,2,6
2017,1,0,1
2017,7,1,8
2017,3,2,5
2017,9,3,12
2017,5,3,8
2017,4,0,4
2017,5,3,8
2017,4,3,7
2017,7,1,8
2017,8,0,8
2017,3,0,3
2017,3,0,3
2017,7,6,13
2017,4,14,18
2017,6,5,11
2017,5,3,8
2017,4,3,7
2017,3,2,5
2017,5,2,7
2017,4,13,17
2017,7,3,10
2017,4,3,7
2017,7,1,8
2017,4,3,7
2017,3,1,4
2017,4,3,7
2017,6,1,7
2017,9,6,15
2017,9,7,16
2017,2,10,12
2017,6,5,11
2017,4,2,6
2017,6,3,9
2017,3,2,5
2017,4,2,6
2017,5,3,8
2017,4,3,7
2017,5,1,6
2017,12,1,13
2017,5,4,9
2017,1,0,1
2017,2,11,13
2017,9,7,16
2017,6,2,8
2017,9,3,12
2017,5,2,7
2017,6,3,9
2017,5,0,5
2017,4,3,7
2017,4,3,7
2017,2,1,3
2017,7,0,7
2017,8,2,10
2017,2,10,12
2017,5,1,6
2017,9,1,10
2017,4,3,7
2017,4,18,22
2017,4,1,5
2017,4,3,7
2017,3,10,13
2017,6,1,7
2017,7,3,10
2017,7,2,9
2017,3,2,5
2017,5,4,9
2017,9,7,16
2017,8,6,14
2017,2,12,14
2017,4,16,20
2017,6,3,9
2017,3,2,5
2017,4,2,6
2017,4,1,5
2017,5,2,7
2017,6,2,8
2017,6,5,11
2017,8,7,15
2017,4,11,15
2017,3,1,4
2017,3,13,16
2017,5,13,18
2017,7,6,13
2017,3,12,15
2017,6,3,9
2017,7,5,12
2017,6,1,7
2017,5,1,6
2017,9,12,21
2017,4,3,7
2017,7,3,10
2017,4,3,7
2017,8,4,12
2017,3,2,5
2017,5,4,9
2017,2,1,3
2017,7,3,10
2017,7,2,9
2017,6,2,8
2017,6,5,11
2017,6,5,11
2017,9,8,17
2017,6,5,11
2017,5,4,9
2017,4,3,7
2017,3,2,5
2017,6,2,8
2017,9,7,16
2017,5,3,8
2017,6,3,9
2017,8,1,9
2017,3,13,16
2017,5,4,9
2017,5,4,9
2017,9,6,15
2017,3,2,5
2017,6,3,9
2017,6,4,10
2017,5,2,7
2017,6,5,11
2017,2,10,12
2017,3,1,4
2017,6,2,8
2017,5,3,8
2017,6,4,10
2017,4,13,17
2017,5,3,8
2017,4,0,4
2017,3,10,13
2017,8,2,10
2017,5,0,5
2017,4,0,4
2017,4,2,6
2017,8,3,11
2017,7,2,9
2017,7,11,18
2017,3,1,4
2017,6,2,8
2017,4,2,6
2017,5,0,5
2017,6,5,11
2017,6,5,11
2017,3,11,14
2017,3,2,5
2017,5,4,9
2017,4,10,14
2017,4,1,5
2017,8,0,8
2017,3,10,13
2017,8,3,11
2017,4,10,14
2017,2,16,18
2017,6,5,11
2017,9,5,14
2017,9,0,9
2017,6,3,9
2017,4,0,4
2017,2,1,3
2017,5,10,15
2017,5,1,6
2017,22,10,32
2017,3,2,5
2017,8,5,13
2017,6,3,9
2017,2,1,3
2017,4,1,5
2017,6,5,11
2017,7,5,12
2017,4,0,4
2017,8,4,12
2017,2,15,17
2017,4,2,6
2017,9,3,12
2017,6,5,11
2017,6,4,10
2017,7,4,11
2017,2,1,3
2017,6,1,7
2017,6,3,9
2017,3,10,13
2017,3,2,5
2017,7,5,12
2017,1,0,1
2017,8,2,10
2017,7,2,9
2017,9,8,17
2017,5,4,9
2017,5,3,8
2017,2,1,3
2017,7,3,10
2017,2,1,3
2017,5,4,9
2017,5,4,9
2017,4,3,7
2017,4,2,6
2017,3,2,5
2017,7,1,8
2017,4,0,4
2017,6,5,11
2017,4,2,6
2017,5,3,8
2017,3,1,4
2017,13,1,14
2017,3,2,5
2017,6,4,10
2017,4,2,6
2017,5,3,8
2017,6,5,11
2017,2,1,3
2017,7,1,8
2017,9,1,10
2017,3,2,5
2017,6,10,16
2017,11,10,21
2017,6,10,16
2017,3,1,4
2017,2,1,3
2017,6,2,8
2017,7,6,13
2017,7,14,21
2017,1,0,1
2017,7,3,10
2017,8,5,13
2017,7,6,13
2017,6,4,10
2017,7,1,8
2017,3,2,5
2017,7,2,9
2017,12,10,22
2017,8,4,12
2017,4,16,20
2017,5,4,9
2017,6,4,10
2017,7,6,13
2017,3,2,5
2017,4,3,7
2017,4,10,14
2017,9,1,10
2017,3,0,3
2017,8,7,15
2017,7,0,7
2017,5,3,8
2017,6,0,6
2017,5,1,6
2017,3,0,3
2017,5,10,15
2017,3,0,3
2017,7,0,7
2017,5,4,9
2017,2,0,2
2017,5,2,7
2017,5,2,7
2017,6,1,7
2017,5,1,6
2017,5,4,9
2017,7,4,11
2017,7,5,12
2017,9,5,14
2017,8,10,18
2017,5,1,6
2017,5,4,9
2017,5,3,8
2017,6,4,10
2017,2,1,3
2017,4,1,5
2017,6,0,6
2017,2,11,13
2017,8,6,14
2017,5,3,8
2017,5,2,7
2017,3,2,5
2017,4,2,6
2017,3,2,5
2017,7,2,9
2017,4,3,7
2017,7,16,23
2017,5,2,7
2017,8,4,12
2017,6,0,6
2017,6,10,16
2017,2,1,3
2017,2,0,2
2017,5,0,5
2017,7,2,9
2017,5,2,7
2017,4,1,5
2017,7,4,11
2017,4,1,5
2017,2,1,3
2017,8,5,13
2017,4,3,7
2017,4,1,5
2017,7,4,11
2017,5,2,7
2017,5,4,9
2017,3,0,3
2017,11,10,21
2017,4,1,5
2017,3,12,15
2017,6,3,9
2017,9,4,13
2017,4,13,17
2017,8,1,9
2017,3,2,5
2017,7,6,13
2017,8,7,15
2017,9,1,10
2017,6,5,11
2017,8,0,8
2017,5,4,9
2017,6,3,9
2017,2,1,3
2017,6,2,8
2017,3,11,14
2017,3,11,14
2017,5,4,9
2017,3,0,3
2017,5,3,8
2017,3,2,5
2017,3,2,5
2017,6,3,9
2017,5,2,7
2017,8,5,13
2017,7,3,10
2017,4,1,5
2017,3,10,13
2017,4,11,15
2017,5,4,9
2017,7,6,13
2017,6,3,9
2017,6,3,9
2017,2,0,2
2017,4,2,6
2017,7,3,10
2017,5,1,6
2017,3,2,5
2017,3,2,5
2017,7,1,8
2017,8,3,11
2017,3,2,5
2017,10,0,10
2017,4,0,4
2017,5,1,6
2017,6,3,9
2017,3,1,4
2017,8,5,13
2017,8,2,10
2017,5,11,16
2017,10,1,11
2017,8,6,14
2017,3,2,5
2017,3,10,13
2017,7,5,12
2017,7,2,9
2017,7,2,9
2017,10,0,10
2017,6,3,9
2017,8,6,14
2017,4,1,5
2017,4,0,4
2017,3,2,5
2017,8,3,11
2017,6,3,9
2017,9,4,13
2017,4,3,7
2017,6,3,9
2017,11,10,21
2017,5,4,9
2017,5,4,9
2017,7,6,13
2017,6,5,11
2017,8,5,13
2017,5,0,5
2017,6,4,10
2017,4,2,6
2017,6,2,8
2017,5,4,9
2017,12,11,23
2017,6,3,9
2017,4,3,7
2017,6,5,11
2017,5,10,15
2017,5,12,17
2017,3,1,4
2017,6,3,9
2017,6,5,11
2017,3,0,3
2017,8,3,11
2017,7,2,9
2017,3,1,4
2017,7,2,9
2017,6,14,20
2017,6,4,10
2017,6,4,10
2017,5,3,8
2017,7,4,11
2017,3,2,5
2017,9,3,12
2017,6,2,8
2017,4,2,6
2017,6,3,9
2017,4,3,7
2017,2,1,3
2017,7,1,8
2017,4,2,6
2017,6,2,8
2017,2,0,2
2017,7,3,10
2017,5,15,20
2017,3,0,3
2017,8,3,11
2017,4,2,6
2017,6,2,8
2017,7,4,11
2017,3,11,14
2017,6,2,8
2017,2,1,3
2017,9,4,13
2017,4,10,14
2017,2,1,3
2017,4,3,7
2017,6,1,7
2017,9,4,13
2017,3,1,4
2017,8,1,9
2017,5,4,9
2017,8,10,18
2017,8,4,12
2017,3,1,4
2017,4,10,14
2017,6,4,10
2017,3,1,4
2017,5,4,9
2017,7,6,13
2017,2,17,19
2017,9,5,14
2017,5,4,9
2017,8,1,9
2017,7,6,13
2017,5,3,8
2017,7,6,13
2017,3,0,3
2017,7,6,13
2017,6,12,18
2017,3,2,5
2017,3,2,5
2017,13,10,23
2017,4,10,14
2017,4,0,4
2017,9,3,12
2017,4,2,6
2017,7,5,12
2017,7,11,18
2017,2,1,3
2017,5,4,9
2017,9,8,17
2017,5,3,8
2017,5,3,8
2017,9,7,16
2017,9,6,15
2017,7,4,11
2017,8,4,12
2017,8,5,13
2017,3,1,4
2017,10,1,11
2017,3,10,13
2017,3,1,4
2017,11,10,21
2017,7,1,8
2017,2,10,12
2017,7,1,8
2017,4,3,7
2017,8,11,19
2017,5,1,6
2017,4,3,7
2017,4,3,7
2017,6,3,9
2017,3,0,3
2017,3,0,3
2017,5,0,5
2017,5,0,5
2017,8,1,9
2017,6,4,10
2017,3,1,4
2017,9,12,21
2017,7,6,13
2017,7,17,24
2017,8,1,9
2017,5,4,9
2017,5,1,6
2017,6,5,11
2017,8,4,12
2017,6,1,7
2017,3,2,5
2017,7,4,11
2017,5,12,17
2017,6,4,10
2017,6,3,9
2017,4,1,5
2017,5,2,7
2017,3,0,3
2017,3,2,5
2017,5,3,8
2017,6,5,11
2017,7,3,10
2017,7,6,13
2017,2,10,12
2017,5,4,9
2017,3,2,5
2017,6,5,11
2017,2,0,2
2017,10,1,11
2017,4,0,4
2017,6,4,10
2017,4,1,5
2017,9,13,22
2017,9,1,10
2017,4,13,17
2017,4,3,7
2017,3,2,5
2017,7,4,11
2017,8,12,20
2017,7,4,11
2017,8,5,13
2017,4,3,7
2017,4,12,16
2017,6,5,11
2017,7,5,12
2017,9,6,15
2017,8,7,15
2017,4,3,7
2017,9,3,12
2017,6,1,7
2017,2,10,12
2017,6,1,7
2017,6,4,10
2017,4,2,6
2017,8,0,8
2017,1,0,1
2017,4,2,6
2017,6,2,8
2017,7,6,13
2017,3,0,3
2017,5,1,6
2017,4,2,6
2017,6,13,19
2017,6,10,16
2017,5,4,9
2017,3,2,5
2017,3,2,5
2017,9,8,17
2017,5,2,7
2017,4,3,7
2017,2,0,2
2017,2,1,3
2017,4,3,7
2017,5,2,7
2017,3,16,19
2017,3,2,5
2017,9,5,14
2017,4,0,4
2017,3,1,4
2017,8,6,14
2017,2,1,3
2017,3,1,4
2017,7,1,8
2017,7,3,10
2017,6,1,7
2017,4,2,6
2017,7,6,13
2017,2,1,3
2017,7,6,13
2017,7,0,7
2017,6,3,9
2017,1,0,1
2017,4,0,4
2017,3,0,3
2017,2,1,3
2017,6,3,9
2017,8,3,11
2017,2,17,19
2017,6,4,10
2017,9,10,19
2017,9,4,13
2017,7,5,12
2017,11,0,11
2017,3,0,3
2017,2,1,3
2017,7,1,8
2017,5,2,7
2017,12,0,12
2017,3,2,5
2017,6,2,8
2017,10,1,11
2017,8,3,11
2017,6,3,9
2017,3,2,5
2017,7,2,9
2017,6,5,11
2017,5,4,9
2017,3,1,4
2017,7,6,13
2017,6,1,7
2017,4,3,7
2017,12,0,12
2017,6,2,8
2017,6,1,7
2017,3,0,3
2017,6,5,11
2017,2,11,13
2017,8,2,10
2017,7,6,13
2017,4,0,4
2017,4,1,5
2017,4,14,18
2017,7,3,10
2017,2,12,14
2017,6,2,8
2017,2,10,12
2017,6,4,10
2017,6,3,9
2017,3,0,3
2017,8,3,11
2017,8,10,18
2017,6,4,10
2017,8,7,15
2017,3,17,20
2017,2,0,2
2017,6,2,8
2017,8,1,9
2017,5,3,8
2017,6,5,11
2017,11,1,12
2017,2,1,3
2017,9,4,13
2017,9,1,10
2017,5,2,7
2017,5,0,5
2017,7,1,8
2017,4,0,4
2017,8,1,9
2017,8,11,19
2017,6,2,8
2017,7,2,9
2017,5,1,6
2017,3,2,5
2017,6,3,9
2017,5,4,9
2017,6,2,8
2017,5,2,7
2017,1,0,1
2017,3,1,4
2017,2,0,2
2017,9,5,14
2017,3,2,5
2017,10,0,10
2017,2,1,3
2017,1,0,1
2017,7,6,13
2017,4,1,5
2017,7,3,10
2017,1,0,1
2017,3,2,5
2017,6,11,17
2017,9,10,19
2017,7,2,9
2017,5,4,9
2017,14,12,26
2017,6,2,8
2017,5,2,7
2017,8,12,20
2017,4,1,5
2017,9,10,19
2017,3,2,5
2017,17,0,17
2017,5,1,6
2017,5,0,5
2017,6,5,11
2017,7,2,9
2017,7,6,13
2017,2,1,3
2017,7,4,11
2017,5,4,9
2017,6,2,8
2017,5,1,6
2017,5,1,6
2017,11,1,12
2017,8,6,14
2017,3,1,4
2017,7,2,9
2017,5,4,9
2017,9,2,11
2017,3,1,4
2017,6,4,10
2017,2,10,12
2017,7,3,10
2017,7,6,13
2017,8,2,10
2017,7,4,11
2017,4,10,14
2017,5,3,8
2017,5,4,9
2017,4,3,7
2017,7,6,13
2017,13,0,13
2017,7,2,9
2017,7,11,18
2017,9,11,20
2017,12,0,12
2017,2,0,2
2017,6,2,8
2017,4,11,15
2017,7,6,13
2017,3,2,5
2017,9,4,13
2017,9,3,12
2017,9,6,15
2017,2,13,15
2017,3,1,4
2017,2,1,3
2017,9,1,10
2017,8,7,15
2017,4,3,7
2017,8,4,12
2017,3,1,4
2017,2,1,3
2017,8,12,20
2017,5,4,9
2017,6,1,7
2017,5,1,6
2017,7,1,8
2017,3,11,14
2017,2,13,15
2017,3,1,4
2017,8,1,9
2017,6,3,9
2017,3,1,4
2017,1,0,1
2017,3,1,4
2017,5,3,8
2017,6,10,16
2017,6,5,11
2017,9,1,10
2017,2,11,13
2017,4,2,6
2017,9,1,10
2017,7,2,9
2017,8,2,10
2017,3,0,3
2017,4,3,7
2017,6,10,16
2017,7,1,8
2017,9,3,12
2017,9,2,11
2017,2,0,2
2017,5,0,5
2017,8,5,13
2017,5,4,9
2017,5,1,6
2017,9,8,17
2017,4,3,7
2017,4,1,5
2017,5,11,16
2017,5,4,9
2017,11,10,21
2017,8,7,15
2017,6,5,11
2017,9,0,9
2017,13,1,14
2017,2,15,17
2017,4,2,6
2017,5,2,7
2017,6,5,11
2017,6,1,7
2017,11,1,12
2017,4,11,15
2017,8,1,9
2017,4,3,7
2017,3,1,4
2017,5,4,9
2017,5,4,9
2017,3,2,5
2017,8,10,18
2017,4,1,5
2017,8,1,9
2017,3,1,4
2017,3,2,5
2017,3,11,14
2017,8,1,9
2017,5,10,15
2017,2,10,12
2017,5,3,8
2017,7,0,7
2017,7,16,23
2017,8,2,10
2017,3,2,5
2017,5,4,9
2017,11,0,11
2017,3,11,14
2017,7,0,7
2017,8,6,14
2017,5,1,6
2017,5,3,8
2017,4,3,7
2017,1,0,1
2017,4,2,6
2017,11,1,12
2017,8,3,11
2017,2,0,2
2017,4,3,7
2017,5,2,7
2017,16,0,16
2017,9,8,17
2017,5,3,8
2017,4,13,17
2017,2,1,3
2017,3,10,13
2017,3,2,5
2017,8,0,8
2017,9,1,10
2017,8,2,10
2017,7,3,10
2017,5,17,22
2017,5,3,8
2017,5,3,8
2017,8,2,10
2017,3,1,4
2017,8,1,9
2017,4,1,5
2017,6,0,6
2017,3,2,5
2017,8,1,9
2017,2,1,3
2017,8,2,10
2017,5,2,7
2017,7,0,7
2017,6,2,8
2017,6,14,20
2017,3,2,5
2017,7,17,24
2017,3,2,5
2017,5,13,18
2017,10,0,10
2017,5,2,7
2017,4,10,14
2017,5,2,7
2017,7,6,13
2017,3,2,5
2017,8,2,10
2017,4,2,6
2017,4,3,7
2017,6,1,7
2017,3,2,5
2017,5,2,7
2017,2,10,12
2017,4,3,7
2017,8,2,10
2017,4,0,4
2017,3,2,5
2017,6,13,19
2017,7,0,7
2017,2,0,2
2017,7,3,10
2017,4,1,5
2017,2,1,3
2017,8,4,12
2017,16,0,16
2017,4,10,14
2017,8,6,14
2017,7,4,11
2017,7,2,9
2017,9,3,12
2017,5,3,8
2017,2,0,2
2017,3,1,4
2017,3,2,5
2017,4,2,6
2017,5,1,6
2017,4,3,7
2017,5,2,7
2017,3,2,5
2017,4,3,7
2017,12,0,12
2017,7,1,8
2017,3,10,13
2017,7,13,20
2017,6,4,10
2017,6,3,9
2017,7,2,9
2017,3,2,5
2017,7,1,8
2017,8,10,18
2017,8,3,11
2017,13,1,14
2017,2,1,3
2017,4,3,7
2017,3,0,3
2017,4,2,6
2017,6,3,9
2017,4,2,6
2017,1,0,1
2017,8,7,15
2017,9,8,17
2017,3,1,4
2017,5,4,9
2017,5,2,7
2017,6,2,8
2017,1,0,1
2017,6,2,8
2017,3,1,4
2017,4,3,7
2017,2,1,3
2017,5,2,7
2017,6,5,11
2017,7,3,10
2017,9,0,9
2017,9,2,11
2017,3,2,5
2017,4,3,7
2017,9,2,11
2017,3,11,14
2017,7,5,12
2017,6,4,10
2017,7,13,20
2017,8,6,14
2017,4,0,4
2017,8,1,9
2017,5,15,20
2017,4,1,5
2017,3,2,5
2017,3,1,4
2017,8,5,13
2017,12,1,13
2017,3,1,4
2017,5,3,8
2017,5,4,9
2017,3,0,3
2017,4,2,6
2017,1,0,1
2017,13,11,24
2017,7,2,9
2017,8,3,11
2017,7,6,13
2017,5,4,9
2017,7,3,10
2017,3,0,3
2017,4,2,6
2017,5,4,9
2017,7,6,13
2017,4,1,5
2017,4,3,7
2017,4,1,5
2017,3,1,4
2017,8,1,9
2017,6,12,18
2017,4,2,6
2017,9,6,15
2017,8,2,10
2017,5,0,5
2017,4,10,14
2017,6,2,8
2017,2,1,3
2017,4,3,7
2017,4,3,7
2017,1,0,1
2017,6,11,17
2017,5,0,5
2017,4,11,15
2017,5,1,6
2017,3,2,5
2017,2,0,2
2017,9,4,13
2017,8,1,9
2017,5,4,9
2017,4,10,14
2017,7,5,12
2017,3,1,4
2017,5,0,5
2017,3,2,5
2017,8,1,9
2017,4,1,5
2017,8,4,12
2017,4,2,6
2017,9,5,14
2017,9,2,11
2017,6,4,10
2017,4,2,6
2017,5,4,9
2017,9,3,12
2017,3,11,14
2017,9,2,11
2017,3,2,5
2017,7,1,8
2017,3,1,4
2017,2,10,12
2017,2,11,13
2017,4,11,15
2017,9,4,13
2017,9,3,12
2017,8,6,14
2017,6,0,6
2017,2,1,3
2017,9,2,11
2017,7,6,13
2017,6,1,7
2017,4,3,7
2017,6,3,9
2017,4,1,5
2017,10,1,11
2017,8,7,15
2017,3,14,17
2017,4,3,7
2017,7,10,17
2017,6,4,10
2017,4,2,6
2017,9,15,24
2017,7,4,11
2017,10,0,10
2017,6,0,6
2017,6,1,7
2017,7,1,8
2017,6,5,11
2017,7,5,12
2017,5,3,8
2017,5,1,6
2017,2,12,14
2017,2,12,14
2017,5,4,9
2017,5,2,7
2017,4,1,5
2017,7,1,8
2017,4,3,7
2017,9,6,15
2017,2,1,3
2017,4,1,5
2017,5,4,9
2017,6,5,11
2017,3,2,5
2017,5,4,9
2017,10,1,11
2017,9,1,10
2017,2,1,3
2017,6,5,11
2017,6,3,9
2017,4,0,4
2017,6,2,8
2017,8,0,8
2017,5,3,8
2017,7,0,7
2017,5,3,8
2017,6,1,7
2017,6,4,10
2017,6,3,9
2017,9,0,9
2017,2,1,3
2017,5,3,8
2017,4,3,7
2017,2,10,12
2017,3,2,5
2017,2,1,3
2017,7,4,11
2017,3,2,5
2017,7,6,13
2017,4,3,7
2017,8,4,12
2017,4,1,5
2017,6,2,8
2017,4,3,7
2017,3,1,4
2017,3,1,4
2017,6,3,9
2017,2,14,16
2017,8,5,13
2017,5,1,6
2017,2,1,3
2017,11,0,11
2017,5,4,9
2017,6,1,7
2017,6,0,6
2017,5,2,7
2017,8,11,19
2017,8,4,12
2017,8,11,19
2017,4,0,4
2017,8,2,10
2017,9,8,17
2017,8,2,10
2017,9,5,14
2017,3,0,3
2017,8,5,13
2017,6,3,9
2017,3,10,13
2017,1,0,1
2017,3,1,4
2017,5,4,9
2017,2,1,3
2017,7,3,10
2017,5,0,5
2017,5,2,7
2017,9,8,17
2017,2,1,3
2017,2,1,3
2017,5,2,7
2017,4,1,5
2017,8,1,9
2017,6,1,7
2017,6,4,10
2017,3,2,5
2017,5,0,5
2017,11,1,12
2017,7,1,8
2017,4,0,4
2017,3,1,4
2017,7,6,13
2017,5,3,8
2017,6,2,8
2017,13,12,25
2017,3,1,4
2017,5,1,6
